2731429 2731443
1154288 2966047
3008618 3008631
3291585 3291598
3506587 3506600
2873338 3533506
3537683 3537696
3568308 3568321
3667281 3667294
3693047 3693060
3693069 3693082
3724990 3725003
3747911 3747924
3760677 3760690
823560 3784950
70489 3786808
3787025 3787038
3787092 3787105
3788831 3788844
3790308 3790321
3803134 3803147
3803174 3803187
3818975 3818988
4035694 4035708
4035793 4035806
4036304 4036317
4036549 4036562
747504 4036601
4036685 4036698
4037532 4037545
4038388 4038401
4041661 4041674
4064515 4064528
4066453 4066466
4114544 4114557
257425 4121808
4132033 4132046
4176909 4176922
4177503 4177516
4177727 4177740
4180405 4180418
615094 4189529
4195787 4195800
4232808 4232821
4232900 4232913
4232824 4245232
4258243 4258256
4258358 4258371
4258694 4258707
4266404 4266417
4279042 4279055
4265059 4282699
4442311 4442324
4479935 4479948
4554395 4554408
4570939 4570952
4588053 4588066
4595454 4595467
4609802 4609815
883521 4611511
4669041 4669054
4676631 4676644
4697519 4697532
4711668 4711681
4712775 4712788
4712823 4712836
4712849 4712862
4703851 4726995
4727016 4727029
4730971 4730984
4734525 4734538
4743916 4743929
4744345 4744358
4745520 4745533
4747146 4747159
4748989 4749002
4753670 4753683
4783031 4783044
4791542 4791555
4791565 4791578
4791613 4791626
4791669 4791682
4367395 4792612
4806035 4806048
4816242 4816255
4836576 4836589
4836596 4836609
4836620 4836633
4841912 4848274
4712846 4848295
4853649 4853662
4879471 4879484
4898600 4898613
4898677 4898690
4903490 4903503
4906995 4907008
3185740 4907590
4911115 4911128
4911196 4911209
4911388 4911401
4911432 4911445
4911453 4911466
4911472 4911485
4913002 4913015
4913067 4913080
4913327 4913340
4913349 4913362
4913372 4913385
4913393 4913406
4913411 4913424
4913428 4913441
4913447 4913460
4968235 4968248
4975273 4975286
309198 4975307
4991828 4991841
1954762 4994076
5009932 5009945
820630 5021943
5030258 5030271
5032795 5032808
5038497 5038510
5042091 5042104
5047832 5047845
4806053 5068300
93404 5076575
5082452 5082465
5086981 5086994
5088934 5088947
5106555 5106568
5106675 5106688
4114564 5115775
5117679 5117692
5117701 5117714
1442037 5117733
5187805 5187818
5197513 5197526
5198863 5198876
5207105 5207118
5215387 5215400
5215637 5215650
5217550 5217563
5224895 5224908
5382093 5382106
5382122 5382135
3264871 5468850
5526561 5526574
5581799 5581812
705043 5585949
5586052 5586065
5600950 5600963
5602781 5602794
5602801 5602819
3533242 5602839
5603486 5603499
5610013 5610026
5613947 5613960
5614779 5614792
5615288 5615301
5617072 5617085
5618007 5618020
5625973 5625986
5680763 5680776
4991846 5751384
5799665 5799678
5840121 5840134
5850428 5850441
4966163 5853056
5859231 5859244
5859294 5859307
5860189 5860202
5862555 5862568
5864791 5864804
5870469 5870482
5870506 5870519
5870731 5870744
5873706 5873719
830874 5874787
5876073 5876086
5968977 5968990
5974232 5974245
5974453 5974466
5974481 5974494
5974504 5974517
5974590 5974603
5981867 5981880
5982033 5982046
5917622 5984031
5986355 5986368
5987733 5987746
4165987 5988393
5989956 5989969
5991121 5991134
5991322 5991335
1991126 5998564
5998908 5998921
6005289 6005302
6047121 6047134
6288305 6288318
6293586 6293599
6308904 6308917
3409206 6317839
6326973 6326986
4177523 6348245
6349819 6349832
6351658 6351671
6364143 6364156
6364170 6364183
6364190 6364203
6376173 6376186
6385335 6385348
2774952 6386518
6394567 6394580
6397103 6397116
6397726 6397739
6398835 6398848
6398854 6398867
6405651 6405664
6415637 6415650
6416984 6416997
6417561 6417574
6418052 6418065
4476450 6423513
6423524 6423537
6423554 6423567
6424455 6424468
6427862 6427875
6432304 6432317
6432355 6432368
393568 6441543
6441598 6441611
6455712 6455725
6455797 6455810
6461560 6461573
6510693 6510706
6518243 6518256
6529687 6529700
6538509 6538522
6542193 6542206
6542263 6542276
4791560 6553299
6553874 6553887
6554930 6554943
4041679 6695883
6700831 6700844
6704256 6704269
6708153 6708166
6709054 6709067
5615310 6709114
2894975 6712129
6718775 6718788
6724210 6724223
6743852 6743865
6441618 6744501
6746042 6746055
6746836 6746849
6749588 6749601
6782212 6782225
6783513 6783526
6785357 6785370
6786114 6786127
6786136 6786149
6845821 6845834
6849562 6849575
6849641 6849654
6849663 6849676
6849684 6849697
6865108 6865121
6888215 6888228
6894035 6894048
6922448 6922461
6922510 6922523
6922530 6922544
6922562 6922575
6976140 6976153
7002030 7002043
7002069 7002082
7006687 7006700
7042961 7042974
7043013 7043026
7077505 7077518
7079429 7079442
7080898 7080911
7081029 7081042
7082576 7082589
7086072 7086085
7086093 7086111
7086096 7086128
7092741 7092754
7092790 7092803
7093063 7093076
7093612 7093625
7095437 7095450
7096678 7096691
7096834 7096847
7100241 7100254
7100321 7100334
7101133 7101146
7102240 7102253
7104042 7104055
7108797 7108810
7108819 7108832
7112717 7112730
385663 7113753
7117418 7117431
7117923 7117936
7117946 7118019
7118176 7118189
7165882 7165895
7169018 7169031
7171420 7171433
1358163 7175386
7165903 7178541
7181377 7181390
7183838 7183851
7189856 7189869
7190921 7190934
7192440 7192453
7196758 7196771
7198793 7198806
3785440 7284612
7289100 7289113
7289265 7289278
7289815 7289828
7291241 7291254
7297916 7297929
1776908 7298161
7298179 7298192
7306112 7306125
7306161 7306174
726363 7308526
7314972 7314985
7315802 7315815
7316409 7316422
7317969 7317982
7321412 7321425
7339576 7339589
7340020 7340033
7340108 7340121
7340153 7340166
7340174 7340187
7342612 7342625
7342647 7342660
7343623 7343636
5613969 7346124
4862945 7347354
7354868 7354881
7354931 7354944
7485624 7485637
7485643 7485656
7485661 7485674
7487869 7487882
7489248 7489261
7505535 7505548
7510459 7510472
7527014 7527027
593596 7552263
7563131 7563144
1470088 7585217
7611277 7611290
7614394 7614407
7614727 7614740
7615281 7615294
4747162 7617274
7618553 7618566
7620959 7620972
7620979 7620992
7620999 7621012
7621944 7621957
7622642 7622655
7639935 7639948
7641766 7641779
7642970 7642983
7689084 7689097
7689105 7689118
7689138 7689151
7689161 7689174
7691350 7691363
7693437 7693450
7693487 7693500
7697931 7697944
7697965 7697978
7698268 7698281
7701093 7701106
7715497 7715510
7118194 7721390
7739555 7739568
7754050 7754063
7755852 7755865
7775099 7775112
7775122 7775135
7775146 7775159
7778395 7778408
7788854 7788867
7791620 7791633
7798978 7798991
7801814 7801827
7808302 7808315
7813864 7813877
7815846 7815859
7816742 7816755
7825615 7825628
7827905 7827918
7827927 7827940
7825638 7837009
7851650 7851663
7886369 7886382
7891164 7891177
7893037 7893050
7893072 7893085
7893176 7893189
7905724 7905737
7905827 7905840
7905859 7905872
1777813 7911329
7919855 7919868
7919947 7919960
7924901 7924914
7930858 7930871
7930881 7930894
7930945 7930958
7931475 7931488
7931608 7931621
7931734 7931747
7931804 7931817
7102263 7932339
7939763 7939776
7941093 7941106
7943704 7943717
7943757 7943770
7943787 7943800
7943827 7943840
7948397 7948410
7950363 7950376
7950385 7950398
7952866 7952879
1524209 7953593
7954117 7954130
6922550 7954156
7954166 7954179
449402 7967747
7967756 7967769
3533243 7967792
7967962 7967975
7972037 7972050
7972062 7972075
7972127 7972140
7972258 7972271
7972286 7972299
7983818 7983831
7984652 7984665
1442423 7984681
7984708 7984721
7989984 7989997
7990036 7990049
7995222 7995235
7995240 7995253
7995277 7995290
63944 7995319
7995439 7995452
7995495 7995508
8007888 8007901
8007910 8007923
288281 8007940
8016625 8016638
8016684 8016697
8016848 8016861
8016962 8016975
8017016 8017029
1006611 8048050
8076303 8076316
8076516 8076529
63945 8080265
8085571 8085584
8086815 8086828
8089933 8089946
8089957 8089970
8090086 8090099
1819251 8093592
8098386 8098399
8104821 8104834
8108358 8108371
8108899 8108912
70490 10322531
7340126 10332494
20157 10333447
3803190 10359924
10624336 10624349
6397774 10662374
10904195 10904208
6841320 11015590
11019598 11019611
4479952 11027880
6785124 11028802
1378129 11030794
5591285 11031063
10265902 11031085
4903909 11043028
4270171 11043055
11043074 11043087
1816796 11057343
909789 11067500
11147934 11147947
11161284 11161297
11161304 11161317
11165349 11165362
8492583 11167829
11167896 11167909
11031067 11178429
11189600 11189613
11206081 11206094
11211685 11211698
11213526 11213539
6288324 11221620
3673022 11221659
9547614 11223015
8767479 11226422
11228249 11228262
2590379 11232601
11252979 11252992
7972277 11257276
11257282 11257295
11257299 11257312
11257958 11257971
10336102 11258561
4191809 11260987
11270248 11270261
11482860 11482873
11489569 11489582
83163 11489738
11489769 11489782
8355941 11489821
466424 11490028
11490998 11491011
9817916 11491076
11491085 11491098
3661730 11491573
11495686 11495699
8854713 11503329
6841334 11503839
11491583 11515752
11515794 11515807
11595739 11595752
11618549 11618562
10750186 11618583
11619043 11619056
1489701 11619273
11619897 11619910
8139062 11631512
11631932 11631945
6051150 11643935
11692936 11692949
11692980 11692993
3787047 11695982
7972276 11705054
11491078 11741640
11880921 11880934
9817914 11893613
11964080 11964093
11964101 11964114
4570957 11969099
11966615 11969116
11977477 11977490
11989730 11990350
12004361 12004374
12006204 12006217
10943499 12011735
6841134 12011755
12011932 12011945
12011948 12011961
12012846 12012859
12013064 12026005
12041239 12041252
12125833 12125846
12126398 12126411
4743933 12137392
12137397 12137410
12158394 12158407
11027919 12162022
12172286 12172299
12177928 12177941
1131394 12184820
12184826 12184851
12194138 12194151
12218570 12218583
6455814 12219261
12219268 12219281
4836641 12219336
12230528 12230541
12232857 12232870
123661 12252485
4898423 12264739
4910270 12275821
7837763 12276248
12277662 12277675
12277746 12277759
33777 12278163
10788805 12281086
12283030 12283043
12284408 12284421
12285369 12285382
12288243 12288256
12288268 12288281
8137113 12288346
12288363 12288376
1266842 12288521
4911469 12288569
4913084 12289845
12290066 12290079
12290086 12290099
722786 12290118
12290124 12290137
12290141 12290154
12290160 12290173
12290191 12290204
3403583 12290220
12342188 12342201
5082471 12359046
5076578 12383536
12383543 12383556
8914020 12399486
12399572 12399585
7943805 12399630
12407498 12407511
12431844 12431857
5082472 12437197
8767480 12442676
722788 12446668
2341865 12460863
12461076 12461089
6656128 12470976
12470986 12470999
12471006 12471019
12293424 12471058
12532863 12532876
5196767 12533667
12541568 12541581
6399000 12551301
7912318 12706461
12126416 12706506
12707160 12707173
7343641 12783241
26460 12850504
798637 12868389
6332398 12891106
12892223 12892236
12895766 12895779
12906732 12906745
12907417 12907430
7002045 12907696
12908190 12908203
12908713 12908726
5987275 12913513
12913583 12913596
12914582 12914595
5990914 12918364
12571281 12918735
7942423 12920517
9439413 12920603
12920609 12920622
12927122 12927135
1082476 12951418
9157823 12979953
12980480 12980493
12980640 12980653
12982321 12982334
12987198 12987211
8112821 12997669
13043046 13043059
8282827 13054116
8282826 13054134
13054735 13054748
11270378 13088677
13111458 13111471
8873553 13124779
7741434 13147813
8282828 13150099
13151190 13151203
504678 13154646
162382 13155928
13159750 13159763
13159784 13159797
13159804 13159817
13160921 13160934
7314961 13160971
1389216 13250582
5974472 13251046
8854719 13251132
13252949 13252962
13256271 13256284
13256289 13256305
13263022 13266065
5874010 13266351
11169084 13266547
13266559 13266572
7893089 13273205
7775139 13273554
13273564 13273577
13273586 13273599
13288395 13288408
11027917 13305419
5870752 13382471
13386753 13386766
5620030 13510830
13543290 13543303
13543641 13543654
13548271 13548284
13548387 13548400
13553962 13553975
13565050 13565063
13569219 13569232
13573449 13573462
13573470 13573483
6364208 13595196
13606870 13606883
13606891 13606904
13606943 13606956
13606985 13606998
13607004 13607017
4067649 13607037
13607080 13607093
13622669 13622682
13623245 13623258
9333205 13624138
13625342 13625355
13625994 13626007
13635332 13635345
13635597 13635610
13637680 13637693
7002088 13638293
3056502 13642827
2968746 13656418
3264868 13656440
6397743 13658741
6397745 13661817
6397744 13661843
8687468 13661982
6424231 13662550
99157 13665680
13667327 13667340
8138483 13669766
13670316 13670329
13670449 13670462
13691358 13691371
13691379 13691392
13691458 13691471
13691520 13691533
8553573 13697056
6553896 13697970
13743972 13743985
13755709 13755722
10838662 13755773
13766428 13766441
13770273 13770286
5665503 13773880
13776664 13776677
6542282 13778544
13783072 13783085
13783110 13783123
13321940 13784747
13927149 13927162
13927487 13927500
13929723 13929736
13619669 13930797
6718791 13934207
13935059 13935072
11600892 13935586
13251052 13936599
13936725 13936738
13940976 13940989
6715907 13959570
11027926 13959792
13961426 13961439
7883235 13962868
13963887 13963900
13964211 13964224
13965230 13965243
13965248 13965261
13977898 13977911
13979508 13979521
7972055 13979543
13995686 13995699
10379467 13996391
14013722 14013735
13998065 14031433
8384639 14033763
14058368 14058381
14068949 14068962
4744943 14096424
14123195 14123208
11165371 14130196
14164958 14164971
14126894 14177177
14195166 14195179
2508908 14195321
8108923 14195352
14200218 14200231
14200260 14200273
14218609 14218622
14233176 14233189
14267184 14267197
7081135 14268451
8757402 14268575
14268595 14268608
14268938 14268951
14269007 14269020
6981598 14270343
14276719 14276732
14277562 14277575
14277779 14277792
14277831 14277844
8796909 14279213
14279418 14279431
14279510 14279523
721128 14280872
14281492 14281505
7095433 14281626
3264873 14287094
10467892 14287643
14279957 14288034
14288250 14288263
14293109 14293122
7126609 14296599
7104294 14297848
14300421 14300434
7117943 14302869
7117945 14302895
1165710 14307971
14316033 14316046
9253504 14316069
7794425 14326688
10049362 14337715
14344919 14344932
14318468 14344983
14346120 14346133
14346148 14346161
14348549 14348562
3264875 14348849
5864811 14350316
7002046 14356691
9638783 14356718
1358164 14357832
14360061 14360074
14366214 14366227
14372191 14372204
7183860 14373718
14377517 14377530
14459431 14459444
7089741 14463559
7942043 14465459
14467099 14467112
7298587 14475310
7289835 14475413
3506607 14475498
14483045 14483058
7308615 14484565
4169229 14484590
14485520 14485533
14487367 14487380
14491418 14491431
7321431 14496058
14512487 14512500
14512908 14512921
14513563 14513576
14518126 14518139
7308532 14642441
14649038 14649051
14656544 14656557
7527035 14662472
14670401 14670414
14677867 14677880
7618990 14678339
10432343 14684434
14687699 14687712
14739990 14740003
14769566 14769579
4747163 14771788
14775471 14775484
14775490 14775503
14775910 14775923
14777896 14777909
14784596 14784609
14791483 14791496
7643511 14794929
14785552 14798278
7340128 14834055
14834065 14834078
14838269 14838282
10987620 14839850
14839885 14839898
3788854 14841861
7697986 14842664
14842913 14842926
14844989 14845002
6845842 14845506
10132551 14845525
14856443 14856456
14859089 14859102
14864193 14864206
14864303 14864316
14867153 14867166
14846739 14867914
14877668 14877681
14877688 14877701
14881096 14881109
14881155 14881168
14891510 14891523
14898093 14898106
14900985 14900998
7777666 14916383
14120334 14924032
14935855 14935868
14937648 14937661
14943557 14943570
7810867 14946479
14950377 14950390
14951564 14951577
9117574 14953168
9275393 14960226
11489745 14960253
6441554 14960297
14971633 14971646
9027972 14979352
14994261 14994274
7117436 15018067
15019873 15019886
15026182 15026195
15026793 15026806
15037291 15037304
7814295 15037320
15038743 15038756
15061223 15061236
15061242 15061256
7931114 15061682
15061691 15061704
7932750 15061725
15062082 15062095
15062353 15062366
15062433 15062446
7939322 15069893
15071259 15071272
15077648 15077661
14013741 15079650
15079691 15079704
15079723 15079736
15086160 15086173
7944796 15096827
15072781 15096845
15101141 15101154
15109046 15109059
15113023 15113036
15123080 15123093
15123120 15123133
5207126 15123276
9129453 15123296
15134538 15134551
15134556 15134569
15134574 15134588
911591 15143024
15109065 15148982
2429516 15149047
15171123 15171136
15200943 15200956
15200966 15200979
15200987 15201000
15211816 15211829
15214601 15214614
15214622 15214635
8089980 15214742
8089981 15214763
15218732 15218745
7104298 15218767
15228498 15228511
2731450 17284717
7108837 17292827
10696409 17318029
1396152 17743737
5672850 17786222
16693201 17843621
17900949 17900962
6785121 17907863
2873337 17917383
15071999 17937982
17942396 17942409
17948635 17948648
6415654 17950549
6510712 17966629
18029239 18029252
14520324 18056276
1781147 18072924
5672853 18078429
18078591 18078604
18094655 18094668
6397748 18124602
7883208 18124688
4479951 18124709
18132902 18132915
2829881 18132934
18133617 18133630
14932103 18134684
15440185 18152338
16125571 18154154
18066003 18155592
16203357 18167800
594163 18185434
18372118 18372131
18372455 18372468
11491576 18381120
18382053 18382066
4903907 18382091
18382778 18382791
8862314 18394139
18405376 18405389
12909042 18408232
18416364 18416377
18420569 18420582
18441127 18441140
381219 18455217
10750185 18501807
18502235 18502248
6922465 18502446
18502955 18502968
4641643 18502987
18502993 18503006
63468 18503961
18513215 18513228
18514426 18514439
9817915 18543193
13927506 18546414
4232825 18560801
18560806 18560819
18571812 18571825
725997 18571847
18572031 18572044
18572247 18572260
18575515 18575528
18579152 18579165
11491584 18586112
6433168 18640427
8163553 18678632
18739651 18739664
18744266 18744279
18755514 18755527
1534128 18759406
4482210 18765066
18827620 18827633
18828915 18828928
11491079 18838518
1810045 18842694
15072761 18855453
18855459 18855472
6695218 18857114
18869017 18869030
18869084 18869097
18829386 18874469
10580040 18874690
18874698 18874711
16085480 18950916
15557718 18959419
18970769 18970782
18984630 18984643
11491577 18991975
18993459 18993472
18993837 18993850
18993884 18993897
3818992 18994178
18995948 18995961
19000975 19000988
19007610 19007623
12148310 19013874
19013902 19013915
10583393 19025857
19031083 19031096
19032112 19032125
19042595 19042608
13962872 19043340
19070884 19070897
1049851 19071021
8602564 19082061
19104628 19104641
19104866 19104879
11027912 19112063
19114692 19114705
13160277 19125659
19125668 19125681
19126057 19126070
8386833 19126886
8173435 19127245
19127306 19127319
19133784 19133797
302699 19136661
19136687 19136700
4745875 19136823
8914017 19136848
19138360 19138373
19138377 19138390
310882 19138414
19200366 19200379
18863432 19200420
7721396 19215033
19233071 19233084
19237653 19237666
8914019 19239035
12460960 19240837
19267938 19267951
5042110 19268123
19270189 19270202
19278682 19278695
8144766 19297597
4114563 19305349
5082473 19306917
17925363 19306949
19306957 19306970
19306980 19306993
19307011 19307024
7693536 19307047
19308549 19308562
9987511 19389964
5990878 19390153
1056641 19391046
8137110 19585124
19647175 19647188
14364908 19694531
19695115 19695128
18185437 19695793
13110855 19698003
19698664 19698677
19701290 19701303
19112067 19703340
19711061 19711074
1314410 19713286
1314409 19713306
19723589 19723602
19366482 19723953
19728345 19728358
5582597 19781334
19781341 19781354
19781360 19783339
10390329 19783667
10390328 19783693
19784334 19784347
19848254 19848267
19924013 19924026
19935153 19935166
1181040 19935287
231069 19937822
19940603 19940616
1581718 19940722
19942043 19942056
19942060 19942074
19942356 19942369
19942379 19942392
14300440 19942583
6518263 19952784
19952789 19952802
19953041 19953054
10549322 19953076
20036732 20036745
19366481 20036983
5974250 20037037
20037146 20037159
20037243 20037256
17483498 20037273
20037329 20037342
20042344 20042357
20037346 20042383
5982053 20043872
13262369 20047907
20048881 20048894
20051835 20051848
20052872 20052885
7755871 20058254
20058826 20058839
7788871 20059319
20059700 20059713
7883212 20059964
20060363 20060376
20163744 20163757
11577878 20167595
11962153 20189212
20281396 20281409
6304208 20309631
13543658 20313585
17439579 20314099
7526783 20317660
6308922 20322360
6308921 20322378
20322639 20322652
6427879 20331630
7760118 20333275
15975878 20335172
20337533 20337546
13607095 20361795
20373048 20373061
14512506 20373078
6427880 20373096
8177733 20391563
20393420 20393433
20393471 20393484
17931888 20403178
20403479 20403492
7926196 20403755
8917031 20403780
14916315 20404624
4745877 20405182
12892242 20405203
20410797 20410810
20410834 20410847
4038407 20411192
63936 20413072
7866080 20413657
5602800 20417477
20417589 20417602
7810551 20420326
6964829 20420352
722789 20420888
20420905 20420918
20421174 20421187
9798011 20426130
1985654 20426174
1613731 20426192
8981880 20426939
6432320 20426955
20426960 20426973
20426979 20426992
13635616 20428904
20428952 20428965
20429615 20429628
20429765 20429778
6427878 20429796
3788253 20431357
7527033 20433076
6441616 20442020
20453775 20453788
6418074 20458322
1317460 20503010
7693576 20505402
20517412 20517425
26453 20542483
14221487 20544167
7196957 20668200
15071907 20689150
6718792 20689260
11027927 20710867
11583847 20713870
5382113 20713932
13963906 20714843
20717353 20717366
6765164 20730353
20738235 20738248
20745712 20745725
10379468 20747524
20750725 20750738
14013740 20762356
14013738 20764382
6349818 20766123
20806475 20806488
20806495 20806508
20806512 20806525
20843767 20843780
20843812 20843825
20843854 20843867
20866882 20866895
20867755 20867768
13704835 20937972
20938711 20938724
616549 20939587
20939592 20939605
20940854 20940867
20934631 20961245
9432821 21004653
21006346 21006359
21007269 21007282
10359930 21007302
6407020 21007683
7086092 21010197
8398361 21014859
15016595 21014887
21014963 21014976
15072774 21015013
21015050 21015063
7621963 21015202
4265060 21019339
7096702 21020377
7116192 21023260
18181520 21027570
14293417 21030503
8127058 21030993
21033158 21033171
21033876 21033889
21035082 21035095
18064693 21035896
10987619 21038419
21045388 21045401
16319578 21065513
7149249 21068749
2022970 21072984
7183812 21073408
10987618 21073825
21074116 21074129
2306903 21077823
6555871 21077842
7117434 21078006
14899643 21080577
14775928 21080596
21082103 21082116
7170821 21089189
5581819 21092014
21092020 21092033
21094755 21094768
16734277 21099275
21104720 21104733
12906752 21105116
21109524 21109537
21114141 21114154
21114207 21114220
21191021 21191034
21205502 21205515
21205528 21205541
930168 21206951
20466737 21216118
21217099 21217112
21220949 21220962
14481806 21222565
14844682 21224381
7340038 21224615
21233477 21233490
21242068 21242081
21245567 21245580
21245590 21245603
21246109 21246122
7918888 21246141
21249182 21249195
21253213 21253226
21254199 21254212
21287839 21287852
1561336 21354382
14867172 21358510
7473221 21359319
7760159 21371240
21374104 21374117
21374123 21374136
7527032 21374156
10442199 21378720
8737693 21383220
8650603 21387230
14662478 21387247
4479953 21389173
14664958 21389768
21402652 21402665
4975293 21408549
21392791 21424374
10359931 21439744
7618989 21442117
17927885 21488914
21490628 21490641
21492790 21492803
21496423 21496436
7002090 21496588
21497562 21497575
21497712 21497725
4041680 21498161
21500056 21500069
7935663 21501243
5602805 21508453
14785551 21517286
21550019 21550032
12094518 21552103
21558226 21558239
21558770 21558783
21569388 21569401
1777800 21569421
16169285 21570702
21570938 21570951
21582016 21582029
21592064 21592077
16417012 21595518
14839762 21595580
1814341 21599910
21602408 21602421
21602430 21602443
21611127 21611140
21611607 21611620
21612937 21612950
15540867 21617825
439257 21618025
14914003 21626720
21626728 21626741
21628908 21628921
18744286 21635173
21636285 21636298
7618992 21636324
14938320 21648910
21649387 21649400
21663420 21663433
15710972 21670147
21671849 21671862
21663439 21671883
21681250 21681263
5588830 21682485
1640503 21687074
21694067 21694080
21694585 21694598
1116943 21697246
21697628 21697641
7858137 21699864
21711288 21711301
21663194 21712382
35674 21715817
21728023 21728036
7891186 21732484
9389882 21734293
7813885 21739093
21745074 21745087
7920035 21759283
21699872 21759311
7932149 21768492
15295427 21768751
21746517 21776568
21785341 21785354
63941 21785411
21785426 21785439
7940650 21788499
21789102 21789115
7972145 21806471
21817930 21817943
13514401 21822609
21827482 21827495
18124694 21827512
4453251 21827534
21827541 21827554
5207125 21827728
3211646 21827743
21827746 21827759
19883474 21838203
12232878 21838222
21838230 21838243
7990001 21838265
1435962 21845903
21846230 21846243
5870490 21867699
8552570 21872994
7298166 21876255
26239 21885926
21903193 21903206
17088596 21907246
8089568 21914343
21914703 21914716
8076689 21918254
21918863 21918876
21923374 21923387
16445319 21923407
8090143 21929700
21914859 21931014
324148 23883179
14362367 23914467
2966050 24066658
325156 24087417
594164 24150117
6841339 24154072
1305410 24154091
11634956 24157756
20156 24184964
7941078 24196230
17690295 24489777
24503171 24503184
8342858 24503328
24010739 24510625
15253542 24510808
7016974 24525817
20750742 24552632
11207952 24572383
24588144 24588157
17942415 24602372
24612969 24612982
8778401 24617294
3284231 24618468
14844680 24628293
274918 24635651
1322065 24645405
7883206 24649058
24658537 24658550
13473521 24669816
24670690 24670703
24678703 24678716
13638594 24678733
24678739 24678752
5603789 24719201
8854712 24878344
721582 24918724
4913410 24926513
24926719 24926732
24926779 24926792
12707178 24927336
21949610 24927612
8877112 24938695
12997675 24949767
3409969 24958023
8275571 24966693
2829605 24966980
14510632 24966997
8854716 25009124
25045959 25045972
24649063 25046544
7972279 25059504
11491581 25086293
25098735 25098748
15004338 25105636
13273558 25128757
12158410 25133036
25151179 25151192
15050841 25164611
14085687 25213648
4442331 25261138
25277218 25277231
25277233 25277249
13247479 25289709
11880940 25293500
1810048 25369196
1810047 25369214
2463813 25393909
5038513 25398806
25399640 25399653
7919225 25411935
4479970 25471964
4853668 25472103
25480429 25480442
25484714 25484727
25497449 25497462
24490656 25499315
5502284 25503182
25510329 25510342
25513014 25513027
4749006 25515873
7954135 25541252
12179021 25549520
4836640 25586873
7693430 25588911
4712845 25596029
13141663 25599591
4913389 25600550
5603780 25600585
5982052 25621684
25640475 25640488
25640964 25640977
12278117 25642063
25647592 25647605
13639502 25647781
13577284 25647802
11257871 25648152
8685902 25650473
34227 25651356
1966133 25651372
25651529 25651542
14164976 25651576
25652379 25652392
6976156 25653113
8314959 25653129
21084507 25653145
8119153 25653161
373969 25714645
9059082 25714675
4961775 25719106
6326990 25720624
25732486 25732499
20224106 25754397
5032812 25757993
33691 25760146
25760716 25776038
14899157 25776057
16971679 25780216
25647366 25782311
17709975 25786567
1499248 25789023
60135 25792000
5968369 25794747
17088606 25798742
8112826 25808509
1092889 25817707
1442038 25817731
21753290 25817749
22002194 25817765
25817770 25817783
6397770 25817832
13508374 25817855
25831206 25831219
5874132 25871474
25880210 25880223
13927507 25881688
15868258 25890806
11491580 25895718
8137112 25902806
25902811 25902826
1456157 26016698
26016707 26016720
26154116 26154129
13667342 26154524
25547471 26174032
8398360 26177399
26177800 26177813
11534084 26177994
8137114 26189781
26189822 26189835
12915107 26197527
26200036 26200049
16982317 26200480
8710653 26202398
5618947 26204582
8480183 26205379
20328361 26254543
19937828 26255033
26257776 26257789
13107104 26321637
26355154 26355167
8732639 26357146
26395149 26395162
19885426 26403871
26403900 26403913
26410188 26410201
8320234 26412812
26413522 26413535
24483211 26420834
23306946 26420850
13617785 26421665
20459192 26496237
63937 26502018
12275823 26507245
26510705 26510718
26510724 26510737
13697158 26513517
13380824 26513880
26514341 26514354
26514581 26514594
15264161 26515015
10446138 26522472
7913797 26522626
6005305 26526704
24037427 26563909
19697142 26563986
26737650 26737663
6288325 26764940
23545295 26768325
20309912 26773452
3264869 26775741
6385352 26776755
12359052 26780276
13638780 26781827
26788402 26788415
12783246 26790055
15411041 26801538
26809039 26809052
6849680 26809550
26810591 26810604
26810667 26810680
6553894 26814612
2737128 26823886
10862740 26823948
26824031 26824044
4368059 26833749
26834334 26834347
13622689 26838253
26838419 26838432
22912138 26839347
19366490 26841242
17555317 26850498
9055875 26850533
26853267 26853280
6398968 26854028
4745876 26854742
18863429 26857282
13648161 26862199
21111981 26862269
19713292 26862289
3461863 26862868
20059325 26866419
21205545 26866779
26866807 26866820
26867818 26867831
19366491 26868108
26869482 26869495
16545841 26869520
6417614 26869651
2743636 26869927
6423545 26874631
15284357 26875359
2812703 26875417
7197003 26875434
20413075 26875804
7967773 26877532
26877749 26877762
26882492 26882505
6553895 26888263
20441216 26888916
26889838 26889851
8553574 26904739
26905489 26905502
6462324 26905548
26957429 26957442
2010958 26958046
10452513 26962434
26962507 26962520
13766447 26972380
21996681 26972430
26981697 26981710
5615309 26982497
63938 26982527
22787547 26986778
6529708 27108485
15957570 27113287
27114084 27114097
27127960 27127973
7918909 27129750
5117751 27130091
14838232 27145174
27151010 27151023
19017105 27151131
13962873 27151231
27151245 27151258
27170031 27170044
6781435 27185622
22827521 27212287
13998005 27219280
6841235 27221492
7942045 27221514
21785358 27243710
14200279 27243727
27252739 27252752
10980997 27253778
6402858 27276044
27298935 27298948
27301795 27301808
15819082 27301826
27301868 27301881
4801009 27338643
9164503 27388459
9135499 27388751
4669140 27391430
27402130 27402143
27434521 27434534
5613968 27435716
15514407 27435899
7082790 27437148
19143219 27437229
27437400 27437413
21099281 27437612
7086090 27440098
7086095 27440114
27441263 27441276
27445062 27445075
2516754 27446644
27446661 27446674
7096699 27447078
7096700 27447607
2777989 27448386
7196995 27448632
1913594 27451034
2834100 27457372
8398362 27462716
1315016 27466626
27459124 27468509
7117944 27468999
7106525 27472438
14295683 27475224
15359999 27483986
2966516 27501891
14357836 27505888
27511529 27511542
14512505 27520645
7315821 27521082
27522392 27522405
14360998 27522711
19374651 27525343
27526169 27526182
7954133 27526492
14838340 27528043
6386524 27528762
27528816 27528829
27532976 27532989
6386525 27533643
7289834 27538515
27617221 27617234
12342206 27623881
27623907 27623920
27627197 27627210
7284943 27630243
27630289 27630302
7298165 27635878
7306088 27638320
7760792 27638353
16703052 27638483
24952184 27640689
21929703 27647094
2118161 27652225
5214987 27666835
1317461 27673756
12231685 27674655
19926869 27677317
27709606 27709619
7438715 27747935
7527034 27776207
27796237 27796250
7495068 27796878
8737691 27801189
7807889 27812935
7006706 27826272
27673761 27826370
11015599 27829264
27076780 27846642
14769584 27855260
1470087 27880104
27905572 27905585
27908866 27908879
4747165 27910882
11851818 27911596
19199467 27914505
4041682 27914522
14776378 27914877
13755730 27922929
7642988 27931610
19231792 27963467
27963474 27963487
21554174 27963508
15072772 27963524
7689179 27963542
7689180 27963558
27964181 27964194
15174517 27964305
14815005 27964327
4794853 27964941
27966248 27966261
27967042 27967055
27974299 27974312
1033330 27974755
27977471 27977484
13755731 27983606
7715516 27986929
27991793 27991806
13159803 27991859
27994278 27994291
15045526 28004172
28011957 28011970
28020076 28020089
21583386 28022049
7736255 28024281
7761207 28025107
14769583 28029225
28038095 28038108
7777803 28040619
28047732 28047745
2850055 28052187
28057746 28057759
9385018 28057781
7801856 28058318
28064795 28072110
6402715 28072131
6441553 28078952
14971694 28090131
28095068 28095081
1764271 28097594
28103777 28103790
21701694 28110109
7939780 28124278
28135993 28136006
7942307 28142312
4215769 28142406
21569407 28144719
15026201 28155552
28166314 28166327
13607097 28174671
10134941 28175255
28175340 28175353
12276252 28175377
10129113 28180958
28182770 28182783
15061732 28185887
28189429 28189442
24931753 28194402
7954188 28194885
63942 28197607
28207897 28207910
28207920 28207933
7944862 28207956
431701 28222472
7990000 28226905
28047749 28231977
28232028 28232041
28250006 28250019
15745870 28255834
28271258 28271271
21891227 28307446
28308563 28308576
28310440 28310453
8068458 28311068
21907250 28312382
262016 28315018
21900139 28318017
22507127 28318037
28318045 28318058
20041176 28321398
7104295 28321960
28326159 28326172
28327036 28327049
10003780 28327065
7967984 28329431
16880315 28334983
3110146 30209189
4834965 30209248
4270174 30465274
16048067 30467800
5981885 30470094
4747052 30506876
18514443 30594736
1131395 30632713
7972274 30632758
1443755 30698058
26421021 30782892
15440848 30804726
5672855 30807297
16365898 30822308
19069478 30822332
2873340 30824940
29621729 30826153
13649509 30831280
17942416 30899563
9817584 30914701
18504182 30918039
30922719 30922732
23487325 30926795
3693084 30931614
11223018 30974858
22150003 30974875
24052488 30974892
30976090 30976103
17471566 30982434
22825876 30998548
7485679 30998715
21984812 31000345
11257279 31000869
8649351 31025420
1289034 31217065
16474042 31217212
31217233 31217246
7884947 31217442
31217731 31217744
31218249 31218262
8136969 31219069
1652087 31229385
10049340 31240657
4913369 31274104
8529432 31275157
8112825 31314417
31314442 31314455
31331276 31331289
21554133 31331925
7740600 31331941
28008427 31332330
31333085 31333098
12281343 31339208
19953223 31373604
8163546 31402719
17099978 31404910
26710627 31436513
5832071 31463861
13638597 31564024
12920625 31573439
4853667 31577130
16977039 31641052
15500168 31643804
8163548 31664721
31681894 31681907
7197421 31703975
25409270 31708414
7196999 31753234
14287649 31753396
14465463 31784479
13606886 31792308
31792334 31792347
31792642 31792655
31793067 31793080
24471113 31794146
31794653 31794666
22607590 31815849
6114979 31827461
25586810 31867073
8807310 31874573
12437769 31897383
2390268 31916524
35839 31916660
31917176 31917189
6990433 31918070
31918441 31918454
21787954 31921336
29976788 31921356
10788806 31921381
8751451 31923023
31923985 31923998
25646960 31924407
16459635 31924452
31927366 31927379
12288261 31927396
31927484 31927497
12162027 31929152
398795 31929170
31929177 31929190
31929193 31929206
1007581 31929223
31973995 31974008
16177431 31999019
32000442 32000455
28991127 32010090
5030273 32014449
3020973 32016554
5038515 32021004
5198882 32048668
9227826 32048829
8981879 32049427
21957372 32050830
12331733 32056062
1613730 32063458
2098623 32084848
32084857 32084870
32084876 32084889
32084903 32084916
10662380 32084933
21111986 32084955
15971470 32084986
27528835 32159098
10662382 32159290
32159857 32159870
19366478 32165257
14293127 32168354
32168358 32168373
5229523 32168390
32269678 32269691
2834290 32270194
5038516 32354209
12850507 32383354
14326695 32419482
705044 32419689
10371904 32419779
20929239 32431003
8854718 32432309
5602802 32432667
5602804 32432684
5611219 32440132
5126985 32444205
6841128 32444647
547842 32447204
7928573 32479825
6440459 32486658
7690926 32493720
32495931 32495944
7942221 32502657
12980657 32503579
26357243 32554949
12908729 32586606
13046520 32592117
6398994 32595181
32629897 32631065
19139587 32640738
32645797 32645810
32646146 32646159
32647303 32647316
31463864 32648071
32651426 32651439
28370505 32652675
32655449 32655462
19366480 32655479
5991341 32655496
13266235 32726359
26454 32730000
15836345 32730332
8854720 32730413
32734832 32734845
8144767 32735974
21313376 32739633
32740202 32740215
11027915 32743463
32743861 32743874
26514597 32743938
4029166 32744659
4577065 32750041
32750072 32750085
26514938 32751368
20033187 32751794
32751805 32751818
32849673 32849686
18637236 32915373
21694602 32938564
32959277 32959290
32966333 32966346
32986960 32986973
23727788 32989759
12987216 32991989
26513885 32998413
6542281 32998431
8884809 33008419
15123136 33018933
8108922 33021532
431700 33021549
19366483 33032173
20373082 33034970
33045371 33045384
14971665 33045410
23149532 33045432
33045448 33045461
826079 33045498
24924257 33047690
20381814 33053243
26456 33058337
30370235 33059759
19366484 33059854
19366485 33060258
19366489 33062226
20393438 33064033
23579176 33064071
7113758 33073286
8239294 33074553
11012712 33080380
28928863 33082444
31708418 33087658
7206559 33087677
22994571 33087716
6418073 33087942
5581818 33087961
20420814 33089407
28928864 33089481
13656426 33091602
12783247 33094388
33095068 33095081
20427566 33095728
14838300 33097863
24052487 33101601
4041678 33107724
33107731 33107744
33108187 33108200
6441617 33108984
22474559 33118697
26858391 33118719
33118750 33118763
33118805 33118818
8775336 33118837
28508493 33118858
13693882 33121074
256911 33121117
33123174 33123187
11027928 33123630
26905507 33123958
8775337 33125458
33167344 33167357
6376193 33172670
13752285 33176453
18444123 33205603
8491646 33208136
13915100 33322401
10788523 33322449
10788524 33325262
20695277 33334188
29127907 33341423
21112444 33341569
33343003 33343016
13615426 33343558
26981656 33346811
6441619 33364718
14164975 33366574
14838304 33366933
9055978 33367105
33382828 33382841
6781437 33398508
33399125 33399138
6764047 33400171
13979639 33402288
33422967 33422980
14861525 33453680
20428969 33464844
6912111 33500705
33508081 33508094
13595200 33508147
33584824 33584837
29699967 33589972
33597308 33597321
33390622 33597343
28165287 33597384
7919209 33608204
33625470 33625483
33640964 33640977
11027925 33641099
28184609 33642566
24708327 33642615
12006220 33642639
33650008 33650021
7563150 33650079
33651919 33651932
33653101 33653114
14999139 33653258
14268458 33654267
9816669 33660148
14290978 33662491
18752341 33664965
7098498 33665016
21025830 33666553
33666768 33666781
33667089 33667102
33667571 33667584
7101060 33668289
21560325 33668871
33669213 33669226
2396571 33669611
14346137 33669709
33669782 33669795
33674736 33674749
17008867 33694998
33703930 33703943
33713883 33713896
22388430 33716380
33725598 33725611
21094773 33726056
15773647 33726478
2340065 33729678
21725203 33730496
27526184 33730527
14316050 33731570
14372210 33732971
24502848 33735103
33726841 33738001
2850054 33738049
33742112 33742125
33745269 33745282
3785441 33823094
14467115 33826606
33829583 33829596
21206919 33834212
16467848 33834247
7306181 33834266
8357725 33834635
21778771 33846043
33849345 33849358
33836723 33849379
22625210 33849398
22367733 33850466
2118160 33850661
1523419 33868418
10362445 33868928
30150725 33869433
7341882 33869589
27672860 33874021
7394812 33892169
4697171 33975745
4697172 33975767
33977215 33977228
14650446 33988316
14649056 33991334
33991343 33991356
8737692 34000021
34000029 34000042
8737694 34000061
7487332 34000461
10332500 34004511
15525270 34012142
20458329 34024950
7527036 34029833
7494642 34040804
15046035 34048272
7610991 34102995
34106463 34106476
15174516 34111796
1756086 34112230
9084214 34112515
7622660 34113014
27926154 34123061
7618991 34125727
34131196 34131209
18449131 34157523
34157542 34157555
12094520 34159549
7696596 34163948
34164286 34164299
3788853 34164800
7697984 34165469
34165476 34165489
14839761 34168078
4208522 34168101
21923390 34182565
34187222 34187235
34187242 34187255
2470616 34189136
34189143 34189156
34203350 34203363
17351580 34215486
17351581 34215504
21643553 34216003
34216075 34216088
29967220 34221047
34209647 34221107
14904943 34221130
7778413 34229322
7775986 34230075
7777651 34231658
7618994 34238725
14927221 34240048
23164525 34241683
23038299 34243151
29131743 34248467
14939343 34249350
28061169 34251299
5974524 34253620
34253966 34253979
14939551 34257669
13553983 34258136
32062739 34263517
6441552 34268419
21636302 34279746
7847152 34288351
7847241 34288391
7837768 34296930
21684862 34298034
10726119 34305059
14999853 34305877
28133518 34318394
21699871 34323990
7893584 34331874
28998946 34331890
34331898 34331911
34332033 34332046
16600865 34332109
21745648 34342663
15850495 34343598
34343643 34343656
7918883 34353479
7919983 34354499
22756914 34354566
15061241 34362182
7933370 34362636
22530428 34362670
28883849 34362807
7885072 34363400
28166336 34371479
34371493 34371506
7948498 34377170
21783977 34377566
21778319 34382754
15072220 34382773
5087003 34395286
34399429 34399442
34399449 34399462
7972146 34399516
63943 34409506
9716916 34414047
9716918 34414066
9716920 34418715
7912080 34418734
34418740 34418753
28058843 34418784
34418928 34418941
34418944 34418957
583278 34428404
33035641 34428423
34436105 34436118
34441893 34441906
34465246 34465259
15799489 34465276
34483105 34483118
21901550 34486164
33712574 34486245
8048053 34490349
15193568 34496253
34496889 34496902
21907251 34499669
22824029 34500882
9194559 34501339
16486669 34503768
8089956 34503786
21900871 34503804
34503810 34503823
28305050 34503931
34507598 34507611
20036750 34516599
19030566 34518270
2731447 36343974
21957367 36344450
878186 36350584
36423806 36423819
2966049 36513571
15289490 36802015
28579432 36877882
123660 36904450
8112823 36908599
3264867 36909010
35275 36929098
25157773 36932557
21243846 36951605
15433551 36989260
27521972 36989336
34348673 37017318
37021101 37021114
33083843 37032382
30966413 37037351
28818597 37037643
13927168 37050447
22006632 37051389
37071195 37071208
37072879 37072892
15724382 37072909
28390574 37079422
1974792 37079441
7893192 37083520
13252966 37098624
7972278 37100244
14980128 37101965
5603791 37123816
37123866 37123879
2898106 37128563
7883230 37129166
8727914 37314146
6121556 37314412
241580 37315158
10332498 37316611
11503333 37326118
4803494 37326168
37337410 37337423
21753297 37337441
37347905 37347918
8854714 37347935
6701143 37354187
8137109 37371031
7615298 37371070
6879590 37405496
7808432 37408414
34486251 37408466
8255088 37418340
11619062 37425212
37425408 37425421
1720964 37425618
37427032 37427045
8136971 37428850
7293035 37486413
34349034 37486430
37487729 37487742
2839128 37498634
21112000 37508189
13118315 37647448
11961845 37723978
29621730 37725198
34887076 37725713
37726419 37726432
9913536 37765900
6851556 37766019
19130474 37776000
33608210 37788122
7693416 37835565
16513890 37843379
18024974 37848120
11692998 37848925
30588856 37853776
25471109 37853803
37853831 37853844
1395911 37859406
12342207 37862682
726076 37866290
21111984 37872331
7337523 37872372
8016864 37872390
6398005 37873571
12290105 37874197
13508437 37875368
24471112 37875487
8907957 37877574
7291259 37896379
22827516 37907859
15886526 37909516
12184825 37913046
32085152 37917856
4759263 37921419
4816261 37928044
4820377 37928189
5210068 37951378
5207214 37951398
31414987 37952226
638832 37955086
12281328 37994327
9333656 37994531
4899158 37994941
28629406 37997734
37999068 37999081
12283475 37999139
38000071 38000084
25647607 38001562
23320417 38001821
11491578 38002709
34538489 38005203
5987277 38005219
15873049 38005234
38005237 38005250
4911406 38005389
6879612 38006952
38006957 38006970
38006977 38006990
23320187 38007006
381186 38007022
28516884 38007037
38007040 38007053
8152148 38007072
15439595 38046401
16265638 38074734
22496432 38075146
23275 38084293
19366476 38091212
4232752 38096726
10932951 38096754
8914021 38096810
38098650 38098663
59853 38113438
6366849 38122233
38122239 38122252
7912590 38129937
7810561 38136658
38140622 38140635
19297721 38148903
3302388 38153132
29984753 38157407
4885455 38157426
22642156 38157454
5197531 38214688
38228872 38228885
8163549 38229220
19366477 38229902
14838287 38234394
34349886 38234511
8923369 38328014
38328042 38328055
6840746 38371246
38396229 38396242
38461689 38461702
37371037 38463117
25723535 38465813
27435903 38465846
1314411 38466020
3520345 38466043
22187598 38477315
34168107 38478653
1314408 38478913
12918370 38487840
38488031 38488044
38492637 38492650
7693636 38531111
515832 38544729
28693872 38551995
38633682 38633695
32419784 38664635
36408913 38666455
6743872 38667663
6415634 38667679
8885682 38677405
15991248 38679462
1581719 38680970
32643260 38682750
11027913 38685845
3533234 38686010
21949613 38686043
47631 38687003
7104293 38695051
4081715 38695070
19952807 38695087
15957586 38696321
5076579 38718635
26916781 38720436
40919 38720489
13697190 38763910
5974251 38765417
13638335 38765451
30735979 38767856
13255904 38767875
38770219 38770232
38771386 38771399
5991342 38774927
6398151 38775579
38775587 38775600
38776516 38776529
38777921 38777934
11027914 38777989
38784599 38784612
10446136 38785876
10446137 38785893
7340127 38785955
20459190 38786223
32751800 38786632
11027916 38798194
2323482 38834770
28078913 38845684
32966350 38945859
33711081 38970048
27235193 38989848
27932798 38989866
1975081 39014107
39019111 39019124
19071027 39025938
39029756 39029769
26778764 39035492
7918886 39035535
33000685 39035551
21354388 39037143
1543224 39039046
39042621 39042634
15411040 39049601
34322956 39058446
28008425 39060920
10668920 39071046
39071050 39071063
26824046 39071137
15868464 39072307
26458 39080998
9132595 39087043
6397742 39087663
4714609 39088630
17324851 39098428
16440536 39099694
9755496 39100076
6420539 39104718
3520346 39110354
6413524 39110373
19940727 39111773
34372333 39111808
17365025 39111826
26869171 39112941
7950402 39113454
21931020 39113471
9046819 39113632
28928865 39117540
4081716 39118347
15275952 39119759
39119830 39119843
39119986 39119999
28928866 39125302
15658301 39125680
15016865 39132350
11027923 39141324
13694029 39143682
39144091 39144104
29105798 39145541
11668732 39145599
6376194 39188834
16719206 39188888
39194302 39194315
7180293 39194350
6518262 39202547
33202928 39218466
5193258 39226604
33322406 39340430
6696144 39340457
39345965 39345978
13927508 39346025
16129250 39352808
4195810 39361732
39365101 39365114
39382198 39382211
722790 39397464
9119397 39408191
16057446 39415716
27186434 39416303
8666302 39418826
8432053 39425072
35294861 39448099
39462195 39462208
27165414 39466278
9541624 39475255
39475640 39475653
15415652 39479917
39500071 39500084
4217360 39500359
20798901 39501041
39521486 39521499
39553582 39553595
16270938 39557366
7086097 39584602
21572421 39608763
15975492 39610337
15922518 39613364
9432822 39644458
21656515 39645780
21007288 39646946
7002089 39647157
6553897 39647867
12783248 39652598
5117700 39654508
10923528 39654739
16789724 39654814
39655739 39655752
39656331 39656344
7092757 39656370
33654949 39656636
7096701 39657975
16011382 39659193
39660160 39660173
2344202 39663026
425796 39663164
7100256 39663196
14286377 39663293
7932343 39667631
39669277 39669290
39669649 39669662
15632039 39671937
39672551 39672564
39673563 39673576
14271125 39673697
1993218 39674499
39675025 39675038
39676381 39676394
14302350 39677300
33672764 39677318
14308058 39682520
7489265 39696995
3264874 39697713
13755729 39698503
2022971 39709271
2470615 39716546
7117435 39716647
28207959 39720143
21094772 39729290
39732606 39732619
34178041 39733630
9060769 39734744
3441111 39737061
21205519 39745157
18537808 39748709
8152205 39785066
14459465 39822847
14372211 39828717
14372212 39828748
14467116 39829090
39822167 39835152
26862276 39836832
15214617 39838146
19320985 39839051
39844898 39844911
5581822 39845341
7689103 39845892
28184735 39851009
4791561 39852642
39475658 39861664
39871302 39871315
39875078 39875091
7304180 39879118
7354949 39881933
7354948 39881982
23317114 39882915
39910150 39910163
4180423 39918932
39975604 39975617
39982857 39982870
14916509 39994284
34001753 39997425
15050843 39999454
10332499 40001797
11757175 40017365
19886957 40022884
40025806 40025819
14687719 40026392
11043059 40035761
16745937 40099827
15655055 40102484
22453084 40102814
7810628 40109475
10759105 40117283
7642990 40124181
27967603 40124307
14899660 40150416
15039289 40151333
40151353 40151366
12094519 40153122
53083 40153262
12706469 40153615
16210944 40158694
7698614 40159393
14844816 40160745
14844885 40160922
14839463 40161452
40169307 40169320
14864321 40177037
29282165 40180151
34164302 40180223
30859667 40182153
35273680 40182169
40188737 40188750
16268874 40188768
7941042 40196170
21592307 40208021
34456347 40208902
8710466 40208980
4791562 40213698
7775067 40221248
28018168 40221286
8406480 40229407
7618993 40230402
34247963 40237501
9229039 40238110
7801105 40238128
21649447 40239045
28062001 40242260
7810866 40246117
15459339 40248005
9087209 40248219
8098403 40248708
14922925 40249380
474582 40252411
14916389 40252428
34577182 40252447
28311071 40258976
3052219 40258992
8875042 40260595
40282161 40282174
7806947 40282197
15072609 40282215
28090824 40284084
14972345 40284102
21728041 40313917
15232574 40321748
1141520 40321773
15037533 40332491
7943807 40333493
23194512 40333511
34187241 40333647
15039259 40334016
7906411 40334067
34362608 40350842
16493396 40351308
28177032 40351327
40351790 40351803
32735980 40352033
40352124 40352137
28566414 40355478
40359896 40359909
29066720 40360298
40365687 40365700
21786093 40367128
40367736 40367749
22744786 40370643
7954189 40370664
1007651 40370688
40370790 40370803
12177947 40373341
21648917 40373366
1435961 40383175
2270902 40387142
8317043 40391014
21952548 40393206
9475977 40396638
19071029 40400879
9716919 40400928
10325661 40400966
1907726 40405423
19112068 40405442
40405466 40405479
40360196 40417688
2952975 40422091
15174518 40422299
40441077 40441090
27253784 40443916
15799488 40451498
2725464 40476086
9275394 40476113
40477996 40478009
40484874 40484887
19112069 40485990
7297521 40486007
34295163 40486372
35653206 40488837
7104297 40492758
7104299 40492777
22438255 40499080
12184855 40499106
40500021 40500034
28331599 40502300
7316683 42287677
14050610 42288533
229840 42289161
17709973 42315461
13160280 42452142
5868907 42524066
1305409 42528779
7972275 42672227
16934104 42693272
8964754 42762777
1681882 42780091
33726342 42809920
90820 42809939
8112822 42811047
3264866 42827267
7815863 42831461
3264870 42831714
19130481 42837013
8112824 42838753
11043058 42840910
8226905 42866741
13649511 42907621
16779528 42907940
20280555 42949161
21688341 42952925
11223017 42959362
8875142 42964172
38965558 42969457
43000860 43000873
8807309 43019370
15728361 43023437
28544177 43023922
8854711 43042426
3818197 43044380
10453910 43046994
8152750 43233937
5603787 43233957
8136968 43234204
43234342 43234355
5088949 43234525
43234907 43234920
31924002 43235679
26889855 43236165
11503332 43245790
6841322 43256978
43267461 43267474
4906968 43272739
6539262 43272759
39466054 43278787
8854715 43282765
33477379 43288355
18441144 43288859
1489702 43289739
14377533 43293643
10467893 43295645
43343647 43343660
18441143 43343812
25044359 43344167
6410630 43345412
43351430 43351443
16111419 43373195
11491582 43380959
4232823 43393221
15971868 43403852
23802710 43403872
24927340 43442051
400849 43465273
43469192 43469205
7906337 43491487
20832504 43501627
33688 43501917
15051160 43560292
22002196 43560809
4066470 43650287
17495612 43660621
1991125 43661161
15798232 43672023
42631892 43678389
10845455 43678596
21949609 43678702
43679300 43679313
4747164 43682222
21903209 43728004
43758203 43758216
6208905 43763592
4038408 43763648
2731449 43773097
3734814 43776636
43781622 43781635
28340582 43781735
15455780 43783109
98732 43783125
1843117 43791300
22327900 43802538
2390266 43809426
23195340 43810987
4789380 43854116
6379270 43855338
6841327 43862713
12257648 43886014
8152147 43901363
1082466 43901424
35847 43901462
43227005 43902767
7314959 43902964
28431626 43905920
43905948 43905961
6553893 43906011
11189616 43907628
5874124 43908288
12281522 43908491
597962 43908912
15238763 43908951
43911040 43911053
880544 43911813
43911827 43911840
12287463 43911995
17505011 43912032
1161762 43913344
2786139 43913360
11491579 43913377
12184827 43913393
19713784 43913410
43913414 43913427
5987279 43949241
598198 43967597
5976350 43979690
18619644 43980882
4911133 43990561
28602309 43996098
12460959 44003243
12460961 44003261
3525299 44010673
25794749 44010754
44012071 44012084
1961114 44014582
31240176 44026669
6743871 44026714
44027480 44027493
21957371 44028568
33608211 44035716
21551673 44036446
26708736 44037188
722787 44040504
1007631 44043636
7810557 44052617
17001307 44054011
6287663 44059274
31359025 44061277
5120635 44061300
34962331 44061326
25817859 44072573
37371035 44107815
37371036 44107835
6398998 44122951
12553110 44122993
10662381 44129346
44217825 44217838
326204 44217874
17550656 44218256
3264872 44265029
40703538 44312297
6397747 44344681
5225078 44345425
7298164 44347627
8854717 44347661
2363976 44347685
6255730 44350912
41169703 44351386
28889063 44356893
22144399 44356966
9059083 44357058
38988920 44357241
5180930 44357563
7690899 44366608
23359124 44368098
22328034 44368119
33074084 44370528
19728360 44372054
26853677 44412250
19136705 44414403
44415009 44415022
5862691 44473256
2790165 44503357
21015205 44507804
7694820 44511581
37410367 44560132
32961238 44560761
42013765 44564082
1309580 44564772
5931564 44565432
6366847 44567495
13609514 44567512
8173436 44589966
1309577 44628160
44631794 44631807
20046760 44633447
27380637 44635021
5974252 44635266
29190351 44639642
34331916 44639787
20042361 44639806
40312796 44647408
44648380 44648393
9734029 44648791
22821490 44653089
38775984 44653949
44674963 44674976
11027918 44683555
44749457 44749470
38001735 44775256
19307029 44838515
40207823 44856388
12359051 44879229
6304209 44879846
6398153 44882420
7972023 44882950
5076577 44888646
13159802 44891456
36199572 44892739
33742534 44893905
23330403 44901241
6510713 44901688
27965351 44901714
464023 44908223
20667114 44920593
12706468 44923243
44932746 44932759
14377759 44932802
43981165 44932862
28351876 44941306
5981886 44941717
7197001 44942045
12399590 44942542
13607096 44942638
2768928 44946506
16710243 44946605
10997216 44946627
19366486 44947050
16560326 44947090
19366487 44947650
19366488 44947666
8878270 44957460
5799684 44957514
18184538 44959464
9285710 44960591
13543308 44960773
28791924 44961276
44968201 44968214
41054125 44968708
44968724 44968737
28142782 44969158
3520347 44971621
7308530 44973041
27525350 44973058
13658833 44973093
14377532 44974514
5194714 44974626
13656447 44974652
1255669 44974844
44974888 44974901
6397746 44979159
6423798 44979311
44982296 44982309
7693409 44982328
24927341 44982351
14838238 44986324
9801056 45000880
13691477 45000920
31920325 45002479
26830143 45002829
20456353 45002971
44989195 45003647
21249200 45006115
6376195 45048426
7721397 45057236
45059166 45059179
39150122 45061430
26962524 45061456
32637970 45074271
8684058 45077214
11027920 45081432
42355919 45081503
26511391 45085642
6547785 45206263
45206293 45206306
10395496 45206338
20508090 45212152
5974473 45215218
16982318 45215280
21811296 45217539
15026650 45234448
15996146 45235800
11027921 45236097
1168560 45236273
7700132 45268771
35142612 45268793
14013739 45283639
22469328 45317414
45317478 45317491
39666518 45318076
6441620 45319963
28142875 45319979
39477424 45319996
40346825 45328430
20798902 45351261
7199293 45351276
11067506 45371710
13622690 45373153
6976155 45407485
9243501 45432611
33584839 45443727
45446165 45446178
45447538 45447551
20961250 45451473
19071028 45451754
17203738 45451831
41743570 45457467
41743571 45457490
41743572 45457514
23914473 45492981
24708326 45494038
22201108 45494388
1781148 45494405
22650180 45494766
41325035 45495604
14490101 45496395
18485610 45496700
7086091 45498588
6423546 45501131
27444798 45503228
7094613 45506270
1776907 45506357
40174435 45508916
7932346 45511481
14268820 45512083
2350593 45513471
7932345 45514480
36101630 45520583
14300493 45523890
27468442 45525470
7125785 45531508
27476027 45531568
21931021 45546533
29046883 45557318
28369939 45565190
11668733 45565235
17927884 45566243
7954134 45568839
10242131 45570231
7100343 45571653
20037260 45576086
6386523 45576105
45576163 45576176
12918371 45585684
9243503 45591874
14281513 45592136
21114225 45593745
39761546 45598820
21254216 45672785
32554954 45674136
14899241 45677442
14845007 45680128
7298200 45681495
4165396 45681518
21827204 45681885
7911335 45683650
45684254 45684267
21249202 45688226
19225136 45688873
7308617 45690164
7693584 45696335
21210148 45697564
40235609 45700135
41844412 45700169
19013923 45715043
8406596 45715063
28141151 45715125
28816213 45715487
28816214 45716985
14518180 45719908
45719919 45719932
45726452 45726465
45784098 45784111
34368627 45813299
21354389 45813322
14835796 45813339
20403783 45815790
27681162 45816700
8388644 45817114
34762744 45817907
7696616 45817940
8482648 45818411
27076779 45831207
20458328 45832738
21374141 45832759
34217841 45836054
21358124 45836561
7693645 45836812
34000046 45840847
14687718 45844484
15837450 45864756
8127059 45867436
6922549 45867899
45879065 45879078
45879094 45879107
27846779 45915023
24373929 45942352
3693085 45947965
45947969 45947982
41482043 45949852
4041681 45950229
2774917 45950706
8397652 45951240
39112948 45951608
7794427 45959523
7642989 45966473
45966613 45966626
10759106 45967184
12094517 45992908
27991865 45994084
23024025 45998523
35524088 45998899
21744958 46004075
7715517 46011803
33081449 46016615
13755732 46018924
29224131 46019759
27998565 46021671
34189163 46021689
34196054 46027841
26016726 46031365
30726156 46037169
7754144 46041294
16397072 46047108
21643551 46047129
34229377 46059466
11536209 46061825
34577181 46071078
23995797 46071098
28061168 46077853
7806216 46078681
34780011 46078718
7635118 46079911
14994281 46080211
5859315 46088404
8177412 46096427
878187 46105194
7817094 46105889
21685817 46106108
43560297 46110775
601410 46110794
14972791 46129053
15000053 46131958
14350322 46134839
46157181 46157194
28111782 46160462
34349276 46168442
28154797 46169250
22453085 46169267
1753275 46177837
21759290 46178688
8311379 46185306
7930796 46185324
63939 46185342
21768503 46185715
15070576 46193520
7340192 46193538
25648479 46193586
46194640 46194653
8600254 46199508
63940 46201107
21785606 46201136
31577873 46204038
1587778 46204077
1269387 46204561
15086180 46207256
34399448 46221509
12461098 46221530
15608068 46230719
9716917 46235055
27253783 46239369
28232049 46239388
1236125 46239523
46255726 46255739
4038409 46261170
1006610 46261188
46261240 46261253
46277233 46277246
23114936 46285928
21907249 46293466
5968998 46302314
705045 46308975
46309452 46309465
40471606 46317813
28299391 46317848
35781599 46319009
8072775 46319417
28304488 46321909
7104296 46325661
12184856 46332194
22499132 46332211
46336908 46336921
15214874 46337278
3526713 48060040
2731448 48060372
21957368 48086561
3348442 48319910
15710971 48364911
11619859 48368957
8727328 48416895
6397772 48448377
11167916 48519657
3788252 48572949
1456155 48573341
7510477 48589937
4698440 48593073
8938334 48593136
2873339 48593707
21957365 48601699
37877597 48682897
22510033 48710165
28903639 48710240
4570958 48718768
26708743 48739483
21670123 48739818
17213229 48750516
18994055 48750547
48519661 48755693
28566413 48768660
48793082 48793095
14660837 48945351
42541274 48978583
19953220 48979283
48979360 48979373
15718260 48980245
11503331 48990060
14456136 48990605
7893193 49001835
7196960 49011981
6539264 49017042
49054142 49054155
11619061 49086004
20324313 49086457
14859109 49098115
13755775 49144821
17786224 49145330
13649850 49153117
45016596 49161959
7972303 49189884
2752599 49239270
41277042 49308708
14684185 49313717
13111478 49376204
21055201 49384956
7197407 49385036
1810046 49385065
4555897 49395560
6432319 49406722
14326694 49411110
21223463 49411284
18405408 49468898
17709974 49489054
26905585 49489889
17324852 49513531
4698817 49535124
4766615 49538829
49540440 49540453
26905580 49545118
905338 49558933
15019893 49578911
4836639 49581341
15886527 49582381
11615486 49583420
45016598 49606747
6208917 49612041
14491863 49612093
6385353 49620988
21221789 49631582
46688939 49631598
4876872 49631854
16058184 49634692
13649513 49636917
12335604 49640112
4911132 49640127
5076580 49640190
49640223 49640236
15445125 49640311
16634390 49640433
4911405 49640450
35251815 49640468
21596801 49641845
1056640 49641861
12162028 49641876
15238762 49641893
39551896 49641908
34969127 49641923
7102806 49641938
21957369 49644256
27538642 49668459
28990295 49676094
8226907 49679554
8152204 49693746
36013713 49707132
22002195 49715546
5038514 49726301
8914018 49727531
27967601 49727647
6398020 49729360
7197044 49747787
8226906 49751212
26708738 49760439
12285249 49760808
46506200 49760825
27528834 49760853
49776533 49776546
49783577 49783590
5082474 49783914
15808837 49783933
19308565 49784676
1265618 49818237
8167062 49826848
13648946 49834452
13559510 49844422
49848722 49848735
9311655 49849024
162381 49849041
35599592 49850055
8112829 49853582
2018218 49853663
41525617 49928506
1361143 49983956
50006962 50006975
50025702 50025715
35553534 50025946
50028204 50028217
35671141 50041825
7340129 50042093
5038517 50044660
1612904 50044794
15886528 50044930
705042 50044953
5820618 50045021
27539013 50049057
19711301 50055806
6398148 50056449
5602803 50057279
32084852 50057780
9174043 50062594
8930761 50062977
48945355 50067853
28340583 50110543
8335654 50170053
13054752 50185912
840064 50206776
45491162 50246756
7912329 50251517
19366479 50253022
47963556 50253830
9950966 50253910
5862571 50253925
13253470 50254177
6459853 50254451
12706467 50254874
964280 50255005
5866622 50256536
29007494 50256997
19947309 50257243
32419785 50261792
14356723 50261808
3284525 50261825
28856631 50261842
20470638 50262034
20049983 50262088
17535247 50262584
6406377 50262608
25648154 50262675
50262779 50262792
28840888 50263000
6462067 50324272
50327674 50327687
19398554 50327707
40441094 50327763
34331917 50332222
28024147 50335388
50337360 50337373
15421271 50339640
29621731 50339662
50340947 50340960
7837023 50345762
2931619 50346636
32751821 50347625
5972400 50347649
6005304 50351438
12914601 50359187
33010112 50374369
50385561 50385574
26563911 50385768
18124693 50445456
50499297 50499310
50499315 50499328
9494416 50499865
36932562 50502921
32915381 50503067
34200614 50541059
26455 50541246
13524744 50557625
13129071 50576333
25032540 50578344
50579544 50579557
34740112 50579796
50583754 50583767
7740598 50585311
50585326 50585339
5986067 50586226
7104061 50594563
12706470 50612899
41347728 50619929
28351877 50619971
5870751 50619991
15831122 50620044
7837046 50629303
26459 50632788
7972304 50633083
12399591 50633622
4829067 50634135
4030703 50635514
5198681 50636508
50621536 50637244
861137 50643629
17036524 50643803
6423574 50643852
35666910 50643923
32058203 50652279
7794417 50652311
9336997 50654086
13648795 50654494
34332429 50654959
9885966 50655036
18855967 50657449
22128982 50658841
28023001 50658875
21257628 50658900
1375218 50659094
21517010 50659981
20420932 50660478
50660656 50660669
5581821 50664969
4705241 50667568
26878686 50668629
33124008 50671842
26457 50677748
616548 50678465
21778459 50685866
18537807 50687400
15174519 50689101
27436049 50689117
21555717 50689721
13693782 50689903
37450429 50690429
30742098 50733289
18405407 50746619
2562973 50769686
28928867 50882020
7644245 50883961
1506149 50888326
6518453 50888345
25179959 50888361
15440186 50893302
6728515 50897263
10502246 50899337
46862122 50899929
24635655 50900224
27145179 50911617
20457773 50911641
19082071 50915501
21574386 50917660
33009805 50921175
5580690 50922497
18869101 50931578
1822984 50942923
46385575 50971215
34357806 50997285
51012257 51012270
28874912 51075575
22146915 51075811
11027922 51078740
49006513 51078782
7908809 51080435
34345921 51080486
20938730 51106846
23955650 51121686
23958157 51125199
14835794 51166266
39645784 51168685
1040058 51168700
14270175 51168717
7082595 51168814
13667343 51169072
51169082 51169095
7086094 51171542
21249201 51176096
4368302 51176124
46508143 51177583
51177635 51177648
721127 51179132
7096703 51179659
21778047 51184688
22117129 51185140
14289290 51186839
7932344 51187492
19366492 51188350
17850564 51189736
23219385 51193892
14845008 51194170
7690774 51194334
51196800 51196813
7117947 51198726
7117948 51198743
30066734 51211892
7526785 51233936
2318017 51234795
12913604 51237565
14350301 51241129
2644824 51243862
21094774 51248574
33726621 51249116
14360292 51249226
7185786 51255373
25728914 51263763
7967750 51265921
7287397 51343922
51343941 51343954
32554953 51345254
1777799 51352436
51353262 51353275
7696618 51354652
5581820 51355145
26396242 51360095
45695231 51360792
29949096 51361507
7308531 51361526
51355250 51368308
22438254 51368454
14932111 51371347
7321430 51371477
21643535 51371499
19320986 51380248
51385470 51385483
22891300 51385557
28816215 51387490
21241920 51391750
45505666 51394489
25588916 51424169
34161311 51482519
7924919 51485553
8388643 51486312
27505892 51486603
7813886 51495757
16647232 51499096
40343630 51499249
11619063 51500982
51500988 51501001
6441551 51505654
11015598 51536737
4039616 51548391
24314945 51610842
51616657 51616670
46925065 51617791
9281619 51617807
7794441 51630396
10227033 51635162
22842060 51654053
40282120 51656850
7691501 51657661
27963218 51662162
7697985 51663563
6845841 51665980
7705287 51668921
27994501 51682930
17907867 51683712
7739573 51695044
30726157 51700945
13959576 51700965
14891530 51703038
23294512 51711227
252490 51711288
35088937 51716301
35839567 51725388
14986063 51735308
48418110 51735327
14938923 51738011
4080353 51739699
34253307 51740454
40242263 51741190
13959797 51741231
35063640 51741833
7816044 51748843
7816761 51748916
23391075 51756764
34577183 51756805
8875043 51758387
7105523 51758402
6542213 51767454
36060058 51767600
16159292 51767619
6441555 51768045
21068754 51773498
3693067 51780940
46131961 51797607
15024539 51813851
8472487 51820097
7893569 51820162
22133244 51820231
21734296 51820248
4036326 51820289
28160813 51820776
28981993 51822937
21636303 51830707
7943806 51832142
5684416 51832241
40342807 51840078
6786134 51847327
34572016 51847345
27505893 51847363
1959508 51847380
29768386 51847841
45886406 51858161
7950383 51862104
35388713 51865072
35061353 51877834
40139667 51877869
8901655 51877886
7891187 51881644
7784776 51881661
51881720 51881733
4595475 51881795
1206023 51890317
51898968 51898981
51898989 51899002
34960309 51899019
51899196 51899209
28047750 51914456
5210069 51914484
22344817 51914631
40441095 51919802
51919811 51919824
46286700 51924693
24708328 51940296
51942216 51942229
15200965 51966179
51966969 51966982
36489309 51974999
8089982 51979147
41153240 51987722
21949770 51988385
15228515 51991929
29030471 51992474
51982342 51995287
51998307 51998320
