1143627 2159715
2159787 2159792
877345 2160170
2164047 2164052
2192858 2192863
2265742 2265747
306841 2274417
2312500 2312505
286972 2346137
35840 2396872
35843 2463512
2535253 2535258
2554708 2554713
2564034 2564039
1131396 2582404
2613841 2613846
2636623 2636628
2715429 2715434
2731429 2731435
2731917 2731923
2731993 2731998
189461 2742827
2763259 2763264
1154288 2966039
3008618 3008623
3071033 3071038
1489697 3078872
3109075 3109080
20154 3115541
409480 3263642
35846 3278014
3291585 3291590
3363462 3363467
3387842 3387847
3410468 3410473
3433497 3433502
3506587 3506592
308236 3519885
3522285 3522290
3529956 3529961
3533478 3533483
2873338 3533498
3533714 3533719
3534017 3534022
3533491 3536270
3537507 3537512
3537683 3537688
1478994 3538299
3547237 3547242
3567326 3567331
3568197 3568202
3568308 3568313
3568621 3568626
3661716 3661721
3667281 3667286
3679168 3679173
1489700 3680214
3680274 3680279
3682431 3682436
3691403 3691408
3693047 3693052
3693069 3693074
3696331 3696336
3696348 3696353
3698830 3698835
3704505 3704510
1926918 3708354
3724990 3724995
3747911 3747916
3760677 3760682
823560 3784942
70489 3786800
3787025 3787030
3787092 3787097
3787114 3787119
3788831 3788836
3789507 3789512
3790308 3790313
3792989 3792994
3803134 3803139
3803174 3803179
3803258 3803263
3803273 3803278
3818346 3818351
3818975 3818980
3883933 3883938
4024506 4024511
4026531 4026536
4035694 4035700
4035793 4035798
4036304 4036309
4036549 4036554
747504 4036593
4036685 4036690
4037532 4037537
4038388 4038393
4039203 4039208
4041661 4041666
4051512 4051517
4064498 4064503
4064515 4064520
4066453 4066458
4074354 4074359
4075622 4075627
4114544 4114549
257425 4121800
4132033 4132038
4176909 4176914
4177444 4177449
4177503 4177508
4177727 4177732
4180405 4180410
615094 4189521
4190722 4190727
4195787 4195792
4196704 4196710
2535266 4232049
4232808 4232813
4232900 4232905
4232824 4245224
4257378 4257383
4258243 4258248
4258358 4258363
4258694 4258699
4266404 4266409
4268302 4268307
4279042 4279047
4282007 4282012
4282424 4282429
4265059 4282691
35845 4304981
4312455 4312460
4321142 4321148
4327212 4327217
4442311 4442316
409478 4445998
4461193 4461198
4461206 4461212
1447268 4465887
4475184 4475189
4479935 4479940
4479957 4479962
4554395 4554400
4566786 4566791
4570939 4570944
1168011 4571084
4588053 4588058
4590738 4590743
4595454 4595459
1796195 4602543
4609802 4609807
883521 4611503
4669041 4669046
4676631 4676636
4682073 4682078
4687128 4687133
4697519 4697524
4707140 4707145
4711668 4711673
4712775 4712780
4712823 4712828
4712849 4712854
4712878 4712883
4703851 4726987
4727016 4727021
1631539 4727304
4728615 4728620
4730812 4730817
4730971 4730976
4734525 4734530
4743916 4743921
4744345 4744350
4745520 4745525
616166 4745609
4747146 4747151
4748989 4748994
20153 4750611
4753670 4753675
4783031 4783036
4783216 4783221
4791542 4791547
4791565 4791570
4791613 4791618
4791669 4791674
4367395 4792604
4806035 4806040
4816242 4816247
4836576 4836581
4836596 4836601
4836620 4836625
4841912 4848266
4712846 4848287
4853649 4853654
4879471 4879476
4898600 4898605
4898677 4898682
4903490 4903495
4906995 4907000
3185740 4907582
4908709 4908714
4911115 4911120
4911196 4911201
4911286 4911291
4911388 4911393
4911432 4911437
4911453 4911458
4911472 4911477
419533 4912906
4913002 4913007
4913067 4913072
4913327 4913332
4913349 4913354
4913372 4913377
4913393 4913398
4913411 4913416
4913428 4913433
4913447 4913452
4968235 4968240
4975273 4975278
309198 4975299
4991828 4991833
4992016 4992021
1954762 4994068
5009932 5009937
5011311 5011316
1345236 5011345
820630 5021935
5029884 5029889
5030258 5030263
5032795 5032800
5038497 5038502
5042091 5042096
5047832 5047837
5047912 5047917
5067802 5067807
4806053 5068292
5074264 5074269
93404 5076567
5077390 5077395
5082167 5082172
5082452 5082457
5086981 5086986
5088934 5088939
5106406 5106411
5106555 5106560
5106675 5106680
5107216 5107221
4114564 5115767
5117679 5117684
5117701 5117706
1442037 5117725
5117739 5117744
5187805 5187810
5197513 5197518
5198863 5198868
5207105 5207110
5207157 5207162
3679182 5207203
5208647 5208652
5209632 5209637
5210051 5210056
5215387 5215392
35637 5215575
5215637 5215642
5215876 5215881
5217534 5217539
5217550 5217555
5224895 5224900
5382093 5382098
5382122 5382127
3264871 5468842
5526561 5526566
5581799 5581804
5584661 5584666
705043 5585941
5586052 5586057
5600950 5600955
5602781 5602786
5602801 5602811
3533242 5602831
5603486 5603491
5608539 5608544
5610013 5610018
5613947 5613952
5614779 5614784
5615288 5615293
5616800 5616805
5617072 5617077
5618007 5618012
5623590 5623595
5625973 5625978
5673511 5673516
5680763 5680768
4991846 5751376
5799665 5799670
5840121 5840126
5850428 5850433
4966163 5853048
5859231 5859236
5859294 5859299
5860189 5860194
5860225 5860230
5862555 5862560
5863176 5863181
5864605 5864610
5864791 5864796
5869148 5869153
5870469 5870474
5870506 5870511
5870731 5870736
5873706 5873711
5873997 5874002
830874 5874779
5876039 5876044
5876073 5876078
5906449 5906454
2732005 5909674
5910011 5910016
5961153 5961158
5968977 5968982
5974232 5974237
5974453 5974458
5974481 5974486
5974504 5974509
5974590 5974595
5981297 5981302
5981867 5981872
5982033 5982038
5917622 5984023
5986355 5986360
5986372 5986377
5987489 5987494
5987733 5987738
4165987 5988385
5989956 5989961
5991121 5991126
5991322 5991327
5991950 5991955
1991126 5998556
5998908 5998913
6005289 6005294
6014031 6014037
6047121 6047126
6288305 6288310
6293586 6293591
6298905 6298910
6304191 6304196
6308904 6308909
6312012 6312017
3409206 6317831
6326973 6326978
6330361 6330366
6346770 6346775
4177523 6348237
6349819 6349824
6351658 6351663
6351683 6351688
6363384 6363389
6364143 6364148
6364170 6364175
6364190 6364195
6376173 6376178
6385335 6385340
2774952 6386510
6394567 6394572
6397103 6397108
6397726 6397731
6398835 6398840
6398854 6398859
6403722 6403727
6405651 6405656
6415637 6415642
6416984 6416989
6417561 6417566
6418052 6418057
6419693 6419698
4476450 6423505
6423524 6423529
6423554 6423559
6424455 6424460
6425887 6425892
6427847 6427852
6427862 6427867
6432304 6432309
6432355 6432360
6432386 6432392
6441397 6441402
393568 6441535
6441598 6441603
6455712 6455717
6455797 6455802
6461560 6461565
6510693 6510698
6518243 6518248
6523910 6523915
6529687 6529692
6538509 6538514
6542193 6542198
6542263 6542268
6549477 6549482
4791560 6553291
6553874 6553879
6554930 6554935
4041679 6695875
6700831 6700836
6704256 6704261
6708153 6708158
6709054 6709059
6709082 6709087
5615310 6709106
2894975 6712121
6718775 6718780
6724210 6724215
6743852 6743857
6441618 6744493
6746042 6746047
6746836 6746841
6749588 6749593
6782212 6782217
6783513 6783518
6785357 6785362
6786114 6786119
6786136 6786141
6845821 6845826
6849562 6849567
6849641 6849646
6849663 6849668
6849684 6849689
6865108 6865113
6888215 6888220
6894035 6894040
6912099 6912104
6922448 6922453
6922510 6922515
6922530 6922536
6922562 6922567
6976140 6976145
876801 6984684
6984691 6984697
7002030 7002035
7002069 7002074
7006598 7006603
7006687 7006692
7042961 7042966
7043013 7043018
7077505 7077510
7079429 7079434
7080898 7080903
7081029 7081034
7081073 7081078
7082576 7082581
7082904 7082909
7086072 7086077
7086093 7086103
7086096 7086120
7088865 7088870
7092741 7092746
7092790 7092795
7093063 7093068
7093612 7093617
7095437 7095442
7096678 7096683
7096834 7096839
7100241 7100246
7100321 7100326
7101133 7101138
7102240 7102245
7104042 7104047
7108290 7108295
7108797 7108802
7108819 7108824
7112717 7112722
385663 7113745
7117418 7117423
7117923 7117928
7117946 7118011
7118176 7118181
5011353 7147737
7165882 7165887
7169018 7169023
7171420 7171425
1358163 7175378
7178226 7178231
7165903 7178533
7181377 7181382
7183838 7183843
7189856 7189861
7190921 7190926
7192440 7192445
746430 7196728
7196758 7196763
7198793 7198798
7200363 7200368
3785440 7284604
7289100 7289105
7289154 7289159
7289265 7289270
7289815 7289820
7291241 7291246
7297916 7297921
1776908 7298153
7298179 7298184
7306112 7306117
7306161 7306166
726363 7308518
7308945 7308950
7309225 7309230
7314972 7314977
7315802 7315807
7316409 7316414
7317969 7317974
7318007 7318012
7318023 7318028
7318051 7318056
7321412 7321417
7339576 7339581
7340020 7340025
7340108 7340113
7340153 7340158
7340174 7340179
7342612 7342617
7342647 7342652
7343623 7343628
5613969 7346116
4862945 7347346
7348145 7348150
7354868 7354873
7354931 7354936
7485624 7485629
7485643 7485648
7485661 7485666
7487869 7487874
7489248 7489253
7493958 7493963
7505535 7505540
7510459 7510464
7527014 7527019
7547637 7547642
7549557 7549562
593596 7552255
7563131 7563136
7563479 7563484
1470088 7585209
7611277 7611282
7613871 7613876
7614394 7614399
7614727 7614732
7615281 7615286
4747162 7617266
7618553 7618558
3533726 7618714
7620959 7620964
7620979 7620984
7620999 7621004
7621944 7621949
7622642 7622647
7639220 7639225
7639935 7639940
7641766 7641771
7642970 7642975
7689084 7689089
7689105 7689110
7689125 7689130
7689138 7689143
7689161 7689166
7691350 7691355
7693437 7693442
7693487 7693492
7694342 7694347
7695997 7696002
7697931 7697936
7697965 7697970
7698268 7698273
7701093 7701098
7702803 7702808
7715497 7715502
7118194 7721382
7739555 7739560
7289166 7748595
7754050 7754055
7755852 7755857
1654284 7758627
7775099 7775104
7775122 7775127
7775146 7775151
7778395 7778400
7788854 7788859
7791620 7791625
7798978 7798983
7801087 7801092
7801814 7801819
7808302 7808307
7810854 7810859
7813864 7813869
7815846 7815851
7816742 7816747
7818385 7818390
7825615 7825620
7827905 7827910
7827927 7827932
7825638 7837001
7851650 7851655
7886369 7886374
7891164 7891169
7893037 7893042
7893072 7893077
7893176 7893181
7905724 7905729
7905827 7905832
7905859 7905864
1777813 7911321
7919855 7919860
7919947 7919952
7924901 7924906
7930840 7930845
7930858 7930863
7930881 7930886
7930945 7930950
7931475 7931480
7931608 7931613
7931734 7931739
7931804 7931809
7102263 7932331
7939763 7939768
7941093 7941098
7943704 7943709
7943757 7943762
7943787 7943792
7943827 7943832
7948397 7948402
7950363 7950368
7950385 7950390
7952866 7952871
1524209 7953585
7954117 7954122
6922550 7954148
7954166 7954171
449402 7967739
7967756 7967761
3533243 7967784
7967962 7967967
5998927 7972015
7972037 7972042
7972062 7972067
7972087 7972092
7972127 7972132
7972258 7972263
7972286 7972291
7977227 7977232
7983818 7983823
7984652 7984657
1442423 7984673
7984690 7984695
7984708 7984713
7989984 7989989
7990036 7990041
7995222 7995227
7995240 7995245
7995257 7995262
7995277 7995282
63944 7995311
7995439 7995444
7995495 7995500
8007888 8007893
8007910 8007915
288281 8007932
8016625 8016630
8016684 8016689
8016848 8016853
8016962 8016967
8017016 8017021
1006611 8048042
8055617 8055623
8076286 8076291
8076303 8076308
8076516 8076521
63945 8080257
8085571 8085576
8086815 8086820
8089933 8089938
8089957 8089962
8090086 8090091
1819251 8093584
8098386 8098391
8102749 8102754
8103948 8103953
8104821 8104826
8108358 8108363
8108899 8108904
9830180 9830185
8112828 9830261
5874136 9831773
6859276 9833342
9833653 9833658
6859274 9847839
3803151 9885959
7641110 10109388
5199164 10240642
7618720 10283616
70490 10322523
2732004 10323711
10325646 10325651
10328438 10328443
7340126 10332486
20157 10333439
3803190 10359916
5603797 10422310
6859265 10435640
10624336 10624341
10649546 10649551
6397774 10662366
9817913 10811585
8144761 10811642
8112830 10897742
10904195 10904200
10912970 10912975
5603801 10943039
278676 10993261
1491068 11004510
11015073 11015078
6841320 11015582
11016923 11016928
4312747 11018724
11019182 11019187
11019598 11019603
11024343 11024348
11027031 11027036
4479952 11027872
6709073 11027905
6785124 11028794
1131391 11030454
11030465 11030470
856520 11030533
856519 11030550
1378129 11030786
5591285 11031055
10265902 11031077
11030540 11031535
8543833 11031689
11032035 11032040
11042172 11042177
4903909 11043020
4270171 11043047
11043074 11043079
11055573 11055578
1816796 11057335
3568632 11057512
11060876 11060881
8137116 11060920
909789 11067492
2873341 11090788
501242 11141640
11147934 11147939
15274 11153230
11161284 11161289
11161304 11161309
3679180 11161352
11165349 11165354
8492583 11167821
11167896 11167901
11170597 11170602
8227438 11176364
11178404 11178409
11031067 11178421
11178511 11178516
11189600 11189605
648756 11190441
11201959 11201964
4716442 11202244
11206081 11206086
11211685 11211690
11213526 11213531
4903878 11216482
6288324 11221612
11221632 11221637
3673022 11221651
9547614 11223007
8767479 11226414
11227566 11227571
11228249 11228254
2590379 11232593
11251231 11251236
11252979 11252984
7972277 11257268
11257282 11257287
11257299 11257304
11257958 11257963
10336102 11258553
4191809 11260979
11270248 11270253
11270366 11270371
2554721 11271619
11479726 11479731
11480966 11480971
11482860 11482865
11489569 11489574
83163 11489730
11489769 11489774
8355941 11489813
466424 11490020
11490998 11491003
9817916 11491068
11491085 11491090
3661730 11491565
11491984 11491989
11495686 11495691
8854713 11503321
11503628 11503633
11503664 11503669
6841334 11503831
11491583 11515744
11515794 11515799
11521594 11521599
11524712 11524717
11558757 11558762
11595739 11595744
11618549 11618554
10750186 11618575
11619043 11619048
1489701 11619265
11619847 11619852
11619897 11619902
8139062 11631504
11631932 11631937
4903876 11636116
6051150 11643927
11653663 11653668
11662377 11662382
8364728 11667477
11668908 11668913
11670675 11670680
11692936 11692941
11692955 11692960
11692980 11692985
11694758 11694763
3787047 11695974
7972276 11705046
6462051 11714651
11714871 11714876
8137108 11718139
4903900 11722754
11491078 11741632
3419121 11749639
11880921 11880926
5011351 11884846
9817914 11893605
319214 11961920
11964080 11964085
11964101 11964106
4570957 11969091
11966615 11969108
11977477 11977482
11989730 11990342
11991100 11991105
8926817 11997440
12004361 12004366
12006204 12006209
2390267 12006277
10943499 12011727
6841134 12011747
12011932 12011937
12011948 12011953
9115879 12011968
2390263 12011980
12012846 12012851
12013064 12025997
2535267 12031445
6709093 12038616
12041239 12041244
8163044 12112747
8694221 12120718
12125833 12125838
12126398 12126403
12132052 12132057
8284434 12133249
8016865 12133297
4743933 12137384
12137397 12137402
12140029 12140034
5603795 12143432
12158394 12158399
11027919 12162014
12172286 12172291
12177928 12177933
5207215 12179889
1131394 12184812
12184826 12184843
12194138 12194143
12218570 12218575
6455814 12219253
12219268 12219273
4836641 12219328
17844 12220890
12230528 12230533
12232857 12232862
123661 12252477
4898423 12264731
4910270 12275813
7837763 12276240
12277662 12277667
12277746 12277751
33777 12278155
5011352 12279648
10788805 12281078
12282646 12282651
12283030 12283035
12284408 12284413
12285369 12285374
12288243 12288248
12288268 12288273
8137113 12288338
12288363 12288368
12288416 12288421
12288431 12288436
1266842 12288513
4911469 12288561
12289243 12289248
4913084 12289837
12290066 12290071
12290086 12290091
722786 12290110
12290124 12290129
12290141 12290146
12290160 12290165
12290178 12290183
12290191 12290196
3403583 12290212
12291986 12291991
12342188 12342193
5082471 12359038
5185609 12359432
8705849 12374812
5076578 12383528
12383543 12383548
7621398 12390550
5030274 12390982
8914020 12399478
12399572 12399577
7943805 12399622
12405872 12405877
12405892 12405897
12407498 12407503
12431844 12431849
5082472 12437189
8767480 12442668
722788 12446660
2341865 12460855
12461076 12461081
6656128 12470968
12470986 12470991
12471006 12471011
12471024 12471029
12293424 12471050
8137111 12471071
12471105 12471110
5874138 12473479
12532863 12532868
5196767 12533659
12541568 12541573
12545118 12545123
6399000 12551293
12553994 12553999
7912318 12706453
12126416 12706498
12707160 12707165
7343641 12783233
26460 12850496
798637 12868381
12889161 12889166
6332398 12891098
12892223 12892228
12893379 12893384
12895766 12895771
12896615 12896620
12900619 12900624
12905886 12905891
5591935 12906659
12906732 12906737
12907417 12907422
7002045 12907688
12908190 12908195
12908713 12908718
5987275 12913505
12913583 12913588
12914582 12914587
5990914 12918356
12571281 12918727
7942423 12920509
9439413 12920595
12920609 12920614
390383 12923540
12927122 12927127
2873344 12927149
1082476 12951410
12978624 12978629
9157823 12979945
7147743 12980067
12980480 12980485
12980640 12980645
12982321 12982326
12987198 12987203
8112821 12997661
13043046 13043051
8282827 13054108
8282826 13054126
13054735 13054740
11270378 13088669
13111458 13111463
8873553 13124771
7741434 13147805
13148157 13148162
8282828 13150091
13151190 13151195
13152272 13152277
504678 13154638
5608552 13155714
162382 13155920
13159750 13159755
13159784 13159789
13159804 13159809
13160921 13160926
7314961 13160963
5844709 13192310
13240957 13240962
1389216 13250574
13250856 13250861
5974472 13251038
8854719 13251124
13252949 13252954
13256271 13256276
13256289 13256297
12290156 13257374
13263022 13266057
5874010 13266343
11169084 13266539
13266559 13266564
7893089 13273197
7775139 13273546
13273564 13273569
13273586 13273591
13275325 13275330
13288395 13288400
11027917 13305411
13324783 13324788
5870752 13382463
13386753 13386758
5620030 13510822
13543290 13543295
13543641 13543646
13548271 13548276
13548387 13548392
6304206 13552871
6304207 13552886
13553675 13553680
13553962 13553967
13556797 13556802
13565050 13565055
13569219 13569224
13573449 13573454
13573470 13573475
13591940 13591945
13595036 13595041
13595162 13595167
6364208 13595188
13606855 13606860
13606870 13606875
13606891 13606896
13606943 13606948
13606966 13606971
13606985 13606990
13607004 13607009
4067649 13607029
13607080 13607085
13607143 13607148
13608425 13608430
13622669 13622674
13623245 13623250
9333205 13624130
13625342 13625347
13625994 13625999
13635332 13635337
13635597 13635602
13637680 13637685
7002088 13638285
13639216 13639221
3056502 13642819
2968746 13656410
3264868 13656432
6397743 13658733
6397745 13661809
6397744 13661835
8687468 13661974
6424231 13662542
99157 13665672
13665692 13665697
13667327 13667332
8138483 13669758
13669807 13669812
13670316 13670321
13670449 13670454
6441409 13678532
13691358 13691363
13691379 13691384
13691458 13691463
13691520 13691525
11670688 13696233
13696499 13696504
8553573 13697048
6553896 13697962
13743972 13743977
13755709 13755714
13755743 13755748
10838662 13755765
13766428 13766433
13770273 13770278
5665503 13773872
13776664 13776669
6542282 13778536
13783072 13783077
13783110 13783115
13321940 13784739
13927149 13927154
13927487 13927492
13929723 13929728
13619669 13930789
6718791 13934199
13935059 13935064
305959 13935529
11600892 13935578
13251052 13936591
13936725 13936730
13940976 13940981
6715907 13959562
11027926 13959784
8257985 13960011
13961426 13961431
7883235 13962860
13963887 13963892
13964211 13964216
13965230 13965235
13965248 13965253
13977898 13977903
13979508 13979513
7972055 13979535
13995686 13995691
10379467 13996383
9521420 13999121
14013722 14013727
14031110 14031115
13998065 14031425
8384639 14033755
14047993 14047998
14058368 14058373
14068949 14068954
4744943 14096416
14123195 14123200
11165371 14130188
14164958 14164963
14164991 14164997
14126894 14177169
14195166 14195171
2508908 14195313
8108923 14195344
14200218 14200223
14200260 14200265
14218609 14218614
14218637 14218642
14221448 14221453
14221476 14221481
14229631 14229636
14233176 14233181
14267184 14267189
7081135 14268443
8757402 14268567
14268595 14268600
14268938 14268943
14269007 14269012
6981598 14270335
14276719 14276724
14277402 14277407
14277562 14277567
14277779 14277784
14277831 14277836
8796909 14279205
14279418 14279423
14279510 14279515
721128 14280864
14281492 14281497
7095433 14281618
14282063 14282068
3264873 14287086
10467892 14287635
14279957 14288026
14288250 14288255
14293109 14293114
14293494 14293499
7126609 14296591
7104294 14297840
14300421 14300426
7117943 14302861
7117945 14302887
1165710 14307963
14316033 14316038
9253504 14316061
7794425 14326680
10049362 14337707
14344919 14344924
14318468 14344975
14346120 14346125
14346148 14346153
14348549 14348554
3264875 14348841
5864811 14350308
7002046 14356683
9638783 14356710
1358164 14357824
7563491 14359046
14360061 14360066
9233212 14364232
2346146 14364564
14366214 14366219
14372191 14372196
7183860 14373710
14375934 14375939
14377517 14377522
14379449 14379454
14459431 14459436
7089741 14463551
3071056 14465417
7942043 14465451
14467099 14467104
7298587 14475302
7289835 14475405
3506607 14475490
14483045 14483050
7308615 14484557
4169229 14484582
14485520 14485525
14487367 14487372
14491418 14491423
14492797 14492802
7321431 14496050
14512487 14512492
14512908 14512913
14513003 14513008
14513563 14513568
14518126 14518131
9028080 14542510
7308532 14642433
9991028 14647940
14649038 14649043
14656544 14656549
7527035 14662464
14670401 14670406
14677867 14677872
7618990 14678331
14679122 14679127
10432343 14684426
14687699 14687704
14739990 14739995
14769566 14769571
4747163 14771780
14773187 14773192
14775471 14775476
14775490 14775495
14775910 14775915
14777896 14777901
14784596 14784601
6419705 14786031
14791483 14791488
7643511 14794921
14785552 14798270
14799062 14799067
14799078 14799083
7340128 14834047
14834065 14834070
14834770 14834775
14838269 14838274
14838411 14838416
14838544 14838550
10987620 14839842
14839885 14839890
3788854 14841853
7697986 14842656
14842913 14842918
14844989 14844994
6845842 14845498
10132551 14845517
14838557 14848026
14855340 14855345
14856443 14856448
14859089 14859094
14864193 14864198
14864303 14864308
14867153 14867158
14846739 14867906
14867941 14867946
14877668 14877673
14877688 14877693
14881096 14881101
14881155 14881160
14891510 14891515
14894789 14894794
14898093 14898098
14900985 14900990
1249680 14902717
14902820 14902825
7777666 14916375
14120334 14924024
14838425 14929822
14935855 14935860
14937648 14937653
10422320 14939999
14943557 14943562
7810867 14946471
14950377 14950382
14951452 14951457
14951564 14951569
9117574 14953160
9275393 14960218
11489745 14960245
6441554 14960289
14971633 14971638
14977903 14977908
9027972 14979344
14985978 14985983
14994261 14994266
7117436 15018059
15019873 15019878
15026182 15026187
15026793 15026798
15037291 15037296
7814295 15037312
15038743 15038748
9052774 15052008
15061223 15061228
15061242 15061248
7931114 15061674
15061691 15061696
7932750 15061717
15062082 15062087
15062353 15062358
15062433 15062438
7939322 15069885
15071259 15071264
15077648 15077653
14013741 15079642
15079691 15079696
15079723 15079728
15086160 15086165
7944796 15096819
15072781 15096837
15101141 15101146
15109046 15109051
4687143 15113013
15113023 15113028
15123080 15123085
15123120 15123125
5207126 15123268
9129453 15123288
15134538 15134543
15134556 15134561
15134574 15134580
911591 15143016
15109065 15148974
2429516 15149039
15171123 15171128
15171812 15171817
15200943 15200948
15200966 15200971
15200987 15200992
15201004 15201009
15201029 15201034
15211816 15211821
15214601 15214606
15214622 15214627
8089980 15214734
8089981 15214755
15218732 15218737
7104298 15218759
15228498 15228503
15230649 15230654
11483843 16823907
26238 16824119
4977032 16825497
4977033 16825523
12909056 16836977
334183 16849995
8112827 16858226
15658425 16970685
16976037 16976042
2390262 17029262
735902 17038379
5199162 17053289
1755086 17107949
17272268 17272273
17284224 17284229
2731450 17284709
6859271 17286000
7108837 17292819
47942 17314688
10696409 17318021
6332369 17357303
6859267 17367079
15389162 17376166
13160271 17689482
17724462 17724467
1396152 17743729
3682446 17771753
5672850 17786214
8130900 17817638
9447214 17835402
2160180 17840109
16693201 17843613
4465895 17870642
17900949 17900954
6785121 17907855
17913881 17913886
2873337 17917375
10180495 17927874
17929644 17929649
8260555 17937621
15071999 17937974
2390264 17939769
17939778 17939783
5207213 17939808
17942396 17942401
17943246 17943251
670319 17943623
17944413 17944418
7884946 17947444
17948635 17948640
6415654 17950541
6510712 17966621
8144758 18028315
18029239 18029244
18054235 18054240
14520324 18056268
18068219 18068224
1781147 18072916
6256583 18077471
5672853 18078421
18078591 18078596
2873342 18078827
514735 18094262
18094655 18094660
11008746 18105285
18123588 18123593
35844 18123773
6397748 18124594
716059 18124617
18124625 18124630
18124637 18124642
18124650 18124655
8124187 18124668
7883208 18124680
4479951 18124701
18132902 18132907
2829881 18132926
15422194 18133582
15438780 18133594
18133602 18133607
18133617 18133622
14932103 18134676
8397764 18151360
15440185 18152330
16125571 18154146
10120006 18154190
14221459 18154947
18066003 18155584
3363477 18155999
5874128 18156014
18156025 18156032
16203357 18167792
18167909 18167914
8112832 18182463
594163 18185426
18372118 18372123
18372455 18372460
4026542 18373312
18379196 18379201
11491576 18381112
18382053 18382058
4903907 18382083
18382778 18382783
8862314 18394131
18405376 18405381
18405393 18405398
12909042 18408224
18416364 18416369
15262132 18417310
18420569 18420574
18441127 18441132
381219 18455209
10750185 18501799
6330373 18502050
18502235 18502240
6922465 18502438
18502937 18502942
18502955 18502960
4641643 18502979
18502993 18502998
63468 18503953
4916077 18507634
18513215 18513220
18514426 18514431
4903905 18516936
7696624 18517916
18518659 18518664
9817915 18543185
13927506 18546406
4232825 18560793
18560806 18560811
10109394 18571784
18571812 18571817
725997 18571839
18572031 18572036
18572247 18572252
4039216 18572456
18575515 18575520
18579152 18579157
18581588 18581593
11491584 18586104
4257389 18617395
18624872 18624877
8962385 18630459
6433168 18640419
14359950 18649398
8985027 18660664
8163553 18678624
5985861 18733084
18739651 18739656
18744266 18744271
85623 18746628
18755514 18755519
1534128 18759398
4482210 18765058
18827620 18827625
18828915 18828920
11491079 18838510
8579261 18838529
15867569 18842674
1810045 18842686
15072761 18855445
18855459 18855464
6695218 18857106
8112819 18859098
33690 18859957
6973551 18862211
18863049 18863054
18869017 18869022
18869084 18869089
18869117 18869122
18829386 18874461
10580040 18874682
18874698 18874703
17357310 18874722
4446006 18891820
16085480 18950908
15557718 18959411
12091517 18963840
18970769 18970774
1631537 18977151
7941397 18978362
18984630 18984635
11491577 18991967
18993444 18993449
18993459 18993464
18993837 18993842
95381 18993866
18993884 18993889
12113364 18994038
3818992 18994170
18995948 18995953
19000975 19000980
19007610 19007615
12148310 19013866
19013902 19013907
12113365 19013930
19023462 19023467
19023475 19023480
19023492 19023497
10583393 19025849
19031083 19031088
19032112 19032117
19042595 19042600
13962872 19043332
19070884 19070889
1049851 19071013
87376 19072359
8602564 19082053
19104628 19104633
19104866 19104871
11027912 19112055
19114692 19114697
13160277 19125651
19125668 19125673
19126034 19126039
19126057 19126062
8386833 19126878
8173435 19127237
19127306 19127311
5969008 19131931
19133784 19133789
302699 19136653
19136687 19136692
4745875 19136815
8914017 19136840
18133588 19137609
19138360 19138365
19138377 19138382
310882 19138406
19200366 19200371
18863432 19200412
7721396 19215025
12390989 19231108
19231229 19231234
13693314 19231784
19232537 19232542
19233071 19233076
19237653 19237658
8914019 19239027
12460960 19240829
19245750 19245755
19267938 19267943
5042110 19268115
19270189 19270194
19278682 19278687
11060887 19281163
19283311 19283316
8144766 19297589
4114563 19305341
5082473 19306909
19306923 19306928
17925363 19306941
19306957 19306962
19306980 19306985
5603784 19307003
19307011 19307016
7693536 19307039
19308549 19308554
19309424 19309429
966155 19371573
19371584 19371589
15511078 19374979
19375003 19375008
5987503 19376876
9987511 19389956
5990878 19390145
1056641 19391038
8137110 19585116
19647175 19647180
14364908 19694523
19695115 19695120
18185437 19695785
13110855 19697995
19698664 19698669
19701290 19701295
19112067 19703332
19705546 19705551
19711061 19711066
1314410 19713278
1314409 19713298
19718016 19718021
19723589 19723594
19366482 19723945
19725986 19725991
19728345 19728350
18953574 19774372
8364599 19779919
5582597 19781326
19781341 19781346
19781360 19783331
10390329 19783659
10390328 19783685
19783778 19783783
19784334 19784339
19848254 19848259
12982873 19879426
5207168 19885290
19924013 19924018
19935153 19935158
1181040 19935279
19936233 19936238
231069 19937814
19940603 19940608
1581718 19940714
5860239 19941536
19942043 19942048
19942060 19942066
19942356 19942361
19942379 19942384
14300440 19942575
19947694 19947699
15747 19949443
6518263 19952776
19952789 19952794
19953041 19953046
10549322 19953068
7740936 20027414
20035000 20035005
20036732 20036737
19366481 20036975
5974250 20037029
20037146 20037151
20037243 20037248
17483498 20037265
20037329 20037334
20042344 20042349
20037346 20042375
5982053 20043864
301355 20046565
13262369 20047899
20048881 20048886
20051835 20051840
20052872 20052877
7755871 20058246
20058826 20058831
7788871 20059311
20059700 20059705
7883212 20059956
20060363 20060368
20163744 20163749
11577878 20167587
11962153 20189204
3387856 20252131
20281396 20281401
12473485 20281466
20282573 20282578
6304208 20309623
13543658 20313577
20313592 20313597
17439579 20314091
7526783 20317652
6308922 20322352
6308921 20322370
20322639 20322644
6427879 20331622
7760118 20333267
15975878 20335164
20336034 20336039
20337533 20337538
13607095 20361787
20373048 20373053
14512506 20373070
6427880 20373088
8177733 20391555
20393420 20393425
20393471 20393476
17931888 20403170
20403479 20403484
7926196 20403747
8917031 20403772
14916315 20404616
4745877 20405174
12892242 20405195
20410797 20410802
20410834 20410839
4038407 20411184
63936 20413064
20413587 20413592
7866080 20413649
5602800 20417469
20417589 20417594
935377 20417612
6415951 20419309
7810551 20420318
6964829 20420344
722789 20420880
20420905 20420910
20421174 20421179
351055 20422698
9798011 20426122
1985654 20426166
1613731 20426184
8981880 20426931
6432320 20426947
20426960 20426965
20426979 20426984
20427826 20427831
13635616 20428896
20428952 20428957
20429615 20429620
20429765 20429770
6427878 20429788
3788253 20431349
7527033 20433068
8633099 20434270
6441408 20441884
6441410 20441902
6441411 20441917
6441616 20442012
20453775 20453780
6418074 20458314
1317460 20503002
7693576 20505394
20517412 20517417
26453 20542475
20542497 20542502
20542587 20542592
14221487 20544159
7196957 20668192
7177514 20688309
15071907 20689142
6718792 20689252
11027927 20710859
11583847 20713862
5382113 20713924
7972099 20713949
13963906 20714835
20717353 20717358
6765164 20730345
20738235 20738240
20745712 20745717
10379468 20747516
20750725 20750730
14013740 20762348
14013738 20764374
6349818 20766115
20806475 20806480
20806495 20806500
20806512 20806517
20843767 20843772
20843812 20843817
20843854 20843859
20866601 20866606
20866882 20866887
20867755 20867760
20937376 20937381
13704835 20937964
20938711 20938716
616549 20939579
20939592 20939597
20940854 20940859
20934631 20961237
9432821 21004645
21006346 21006351
21007269 21007274
10359930 21007294
6407020 21007675
7086092 21010189
21014700 21014705
8398361 21014851
15016595 21014879
10805175 21014914
14221460 21014928
21014963 21014968
15072774 21015005
21015050 21015055
7621963 21015194
4265060 21019331
7096702 21020369
21020690 21020695
7116192 21023252
18181520 21027562
14293417 21030495
8127058 21030985
21033158 21033163
21033876 21033881
8794064 21033924
21035082 21035087
18064693 21035888
10987619 21038411
21045388 21045393
16319578 21065505
7149249 21068741
2022970 21072976
7183812 21073400
10987618 21073817
21074116 21074121
2306903 21077815
6555871 21077834
7117434 21077998
14899643 21080569
14775928 21080588
21082103 21082108
26461 21085842
7170821 21089181
5581819 21092006
21092020 21092025
21094755 21094760
16734277 21099267
21104720 21104725
12906752 21105108
21109524 21109529
21114141 21114146
21114207 21114212
21191021 21191026
7285366 21191107
8326426 21198736
21205502 21205507
21205528 21205533
930168 21206943
20466737 21216110
21217099 21217104
21220949 21220954
14481806 21222557
14844682 21224373
7340038 21224607
21233477 21233482
21242068 21242073
21245567 21245572
21245590 21245595
21246109 21246114
7918888 21246133
21249182 21249187
21253213 21253218
21254199 21254204
7354884 21256446
21287839 21287844
7438714 21327588
1561336 21354374
21358475 21358480
14867172 21358502
7473221 21359311
7760159 21371232
21374104 21374109
21374123 21374128
7527032 21374148
10442199 21378712
8737693 21383212
8650603 21387222
14662478 21387239
4479953 21389165
14664958 21389760
21402652 21402657
4975293 21408541
21392791 21424366
10359931 21439736
7618989 21442109
9900814 21463901
17927885 21488906
21490628 21490633
21492790 21492795
8157513 21493281
20434279 21496411
21496423 21496428
7002090 21496580
21497562 21497567
21497712 21497717
21497893 21497898
4041680 21498153
21500056 21500061
7935663 21501235
5602805 21508445
14785551 21517278
21550019 21550024
12094518 21552095
21554408 21554414
21554462 21554467
21558226 21558231
21558770 21558775
21569388 21569393
1777800 21569413
16169285 21570694
21570938 21570943
21572692 21572697
21582016 21582021
21592064 21592069
16417012 21595510
14839762 21595572
1814341 21599902
21602408 21602413
21602430 21602435
21611127 21611132
21611607 21611612
21612937 21612942
15540867 21617817
439257 21618017
14914003 21626712
21626728 21626733
21628908 21628913
18744286 21635165
21636285 21636290
7618992 21636316
21643350 21643355
14938320 21648902
21649387 21649392
21663420 21663425
316786 21670116
15710972 21670139
21671849 21671854
21663439 21671875
21681250 21681255
5588830 21682477
5526581 21685639
1640503 21687066
9332938 21687084
1991998 21687103
21694067 21694072
21694585 21694590
1116943 21697238
21697628 21697633
7858137 21699856
21711288 21711293
15898933 21711567
21663194 21712374
35674 21715809
21728023 21728028
7891186 21732476
9389882 21734285
7813885 21739085
21745074 21745079
21745410 21745415
7920035 21759275
21699872 21759303
7932149 21768484
15295427 21768743
21746517 21776560
21785341 21785346
63941 21785403
21785426 21785431
7940650 21788491
21789102 21789107
7972145 21806463
21817930 21817935
13514401 21822601
13606867 21822679
21827482 21827487
18124694 21827504
4453251 21827526
21827541 21827546
5207125 21827720
3211646 21827735
21827746 21827751
19883474 21838195
12232878 21838214
21838230 21838235
7990001 21838257
21845426 21845431
1435962 21845895
21846230 21846235
21851378 21851383
5870490 21867691
8552570 21872986
7298166 21876247
26239 21885918
21903193 21903198
17088596 21907238
8089568 21914335
21914703 21914708
8076689 21918246
21918863 21918868
21923374 21923379
16445319 21923399
8090143 21929692
21914859 21931006
7563492 21933212
23441805 23441810
5608554 23442798
13160275 23443542
9966085 23444104
4024517 23444556
15176317 23444987
23541853 23541858
6259784 23687996
274345 23700231
493157 23807421
23807439 23807444
19713786 23812546
8545835 23883132
324148 23883171
14362367 23914459
8128934 23969482
4903890 23994540
12909049 24036148
2966050 24066650
325156 24087409
5910023 24146386
594164 24150109
6841339 24154064
1305410 24154083
11634956 24157748
18123599 24171416
13148516 24184739
20156 24184956
7941078 24196222
12972369 24252722
24258304 24258309
14299730 24258322
16272275 24264310
8178726 24290940
14023494 24291394
15253672 24353073
24373916 24373921
3410483 24399653
94323 24447368
17690295 24489769
11030541 24493165
21949608 24497296
24497320 24497325
24498026 24498031
602585 24498436
9244476 24500324
2763272 24500337
24502400 24502405
35841 24502422
24502465 24502470
24503171 24503176
8342858 24503320
14066602 24503481
9069655 24503862
24503927 24503932
24010739 24510617
15253542 24510800
3533727 24515395
24524624 24524629
7016974 24525809
1797143 24534298
20750742 24552624
11207952 24572375
24588144 24588149
17942415 24602364
24612969 24612974
8778401 24617286
3284231 24618460
14844680 24628285
274918 24635643
21399834 24638730
1447266 24638860
8562756 24639026
1322065 24645397
7883206 24649050
24658537 24658542
4991845 24665786
24668477 24668482
13473521 24669808
24670690 24670695
1561337 24678696
24678703 24678708
13638594 24678725
24678739 24678744
24678759 24678764
24678772 24678777
8547372 24678788
24678797 24678802
24679156 24679161
6851542 24684533
723439 24688190
10120005 24706646
7114613 24710767
5603789 24719193
15444056 24720222
9049125 24726496
8854712 24878336
721582 24918716
4913410 24926505
24926719 24926724
24926779 24926784
12707178 24927328
21949610 24927604
24928294 24928299
24930274 24930279
24931741 24931746
1507053 24931768
8877112 24938687
12997675 24949759
3409969 24958015
8275571 24966685
2829605 24966972
14510632 24966989
8854716 25009116
25045959 25045964
24649063 25046536
7972279 25059496
15273498 25074131
11491581 25086285
15379052 25087279
25098735 25098740
15004338 25105628
25119178 25119183
1083923 25124393
13273558 25128749
12158410 25133028
22086381 25136056
25150869 25150874
25151166 25151171
25151179 25151184
2346144 25154333
12567243 25161364
15050841 25164603
14085687 25213640
4442331 25261130
25264499 25264504
25270802 25270807
25277218 25277223
25277233 25277241
13247479 25289701
11880940 25293492
8160576 25356569
9311656 25361643
21068753 25361672
17550657 25365594
1810048 25369188
1810047 25369206
25369947 25374109
25375349 25375354
18863424 25392917
2463813 25393901
17313523 25394516
5038513 25398798
25399640 25399645
7919225 25411927
4479970 25471956
4853668 25472095
25480429 25480434
25484714 25484719
24684539 25491037
25497449 25497454
24490656 25499307
5502284 25503174
11252995 25509784
25510329 25510334
25513014 25513019
4749006 25515865
11662390 25520830
25533266 25533271
25537594 25537599
7954135 25541244
25541324 25541329
25541355 25541360
12179021 25549512
33689 25555044
4836640 25586865
7693430 25588903
5047851 25589720
15113021 25592537
4712845 25596021
13141663 25599583
4913389 25600542
5603780 25600577
11030557 25620953
5982052 25621676
25640475 25640480
25640964 25640969
12278117 25642055
4910256 25643737
25647592 25647597
13639502 25647773
13577284 25647794
11257871 25648144
8685902 25650465
34227 25651348
1966133 25651364
25651529 25651534
14164976 25651568
13160273 25652369
25652379 25652384
6976156 25653105
8314959 25653121
21084507 25653137
8119153 25653153
18863426 25653169
373969 25714637
9059082 25714667
4961775 25719098
6326990 25720616
25732486 25732491
25745067 25745072
3661731 25746020
25746427 25746432
11004517 25754340
20224106 25754389
5077402 25754413
5032812 25757985
25759714 25759719
25759870 25759875
33691 25760138
12113367 25775480
25760716 25776030
14899157 25776049
25778752 25778757
16971679 25780208
25647366 25782303
17709975 25786559
19114711 25787039
25787599 25787604
25787698 25787703
1499248 25789015
60135 25791992
5968369 25794739
17088606 25798734
8112826 25808501
1092889 25817699
1442038 25817723
21753290 25817741
22002194 25817757
25817770 25817775
25817790 25817795
22706237 25817807
6397770 25817824
13508374 25817847
25831206 25831211
5874132 25871466
25880210 25880215
13927507 25881680
25888842 25888847
15868258 25890798
11491580 25895710
18604806 25896066
25896495 25896500
8137112 25902798
25902811 25902818
10120003 25910300
1456157 26016690
26016707 26016712
26017317 26017322
19237671 26108065
26154116 26154121
13667342 26154516
11030556 26162164
6808735 26173401
26173990 26173995
26174005 26174010
25547471 26174024
26176207 26176212
5622030 26176840
8398360 26177391
26177800 26177805
11534084 26177986
8145659 26181434
8137114 26189773
26189822 26189827
12915107 26197519
26200036 26200041
16982317 26200472
8710653 26202390
13206831 26202529
24938698 26202838
5618947 26204574
8480183 26205371
773454 26253731
20328361 26254535
19937828 26255025
20417618 26255137
26257776 26257781
13107104 26321629
26349479 26349484
26355154 26355159
8732639 26357138
9282694 26372291
6455733 26372328
26395149 26395154
19885426 26403863
26403900 26403905
26410188 26410193
8320234 26412804
26413522 26413527
19947706 26416107
24483211 26420826
23306946 26420842
26421633 26421638
13617785 26421657
20459192 26496229
63937 26502010
12850508 26504954
9931118 26506294
12275823 26507237
26510705 26510710
26510724 26510729
13697158 26513509
13380824 26513872
26514341 26514346
26514581 26514586
15264161 26515007
22705456 26521830
10446138 26522464
7913797 26522618
6005305 26526696
4304988 26537899
26553391 26553396
24037427 26563901
19697142 26563978
18863431 26711561
8955124 26736662
26737650 26737655
11271625 26737726
6288325 26764932
23545295 26768317
20309912 26773444
3264869 26775733
6385352 26776747
700050 26778730
12359052 26780268
13638780 26781819
26788402 26788407
12783246 26790047
15411041 26801530
26809039 26809044
6849680 26809542
26810591 26810596
26810667 26810672
6553894 26814604
2737128 26823878
10862740 26823940
26824031 26824036
4368059 26833741
26834334 26834339
13622689 26838245
26838419 26838424
22912138 26839339
19366490 26841234
17555317 26850490
9055875 26850525
26853267 26853272
6398968 26854020
4745876 26854734
18863429 26857274
13648161 26862191
21111981 26862261
19713292 26862281
3461863 26862860
20059325 26866411
21205545 26866771
26866807 26866812
26867818 26867823
19366491 26868100
26869482 26869487
16545841 26869512
6417614 26869643
2743636 26869919
6423545 26874623
15284357 26875351
2812703 26875409
7197003 26875426
6427860 26875504
20413075 26875796
7967773 26877524
26877749 26877754
10109395 26878012
26882492 26882497
6553895 26888255
20441216 26888908
6441412 26889707
6441413 26889725
26889838 26889843
8137115 26900364
9831780 26902950
3487500 26903515
8553574 26904731
19231241 26904947
26905489 26905494
6462324 26905540
26957429 26957434
2010958 26958038
10452513 26962426
26962507 26962512
6523927 26963134
13766447 26972372
21996681 26972422
26981697 26981702
5615309 26982489
63938 26982519
22787547 26986770
27076258 27076263
13782947 27105086
6529708 27108477
15957570 27113279
27114084 27114089
27127960 27127965
7918909 27129742
5117751 27130083
27130294 27130299
11270379 27133686
14838232 27145166
8144768 27145185
7006612 27146576
27151010 27151015
19017105 27151123
13962873 27151223
27151245 27151250
19137616 27161164
27170031 27170036
6781435 27185614
27186416 27186421
22827521 27212279
13998005 27219272
6841235 27221484
7942045 27221506
21785358 27243702
14200279 27243719
27252739 27252744
10980997 27253770
25130678 27258585
6402858 27276036
27298935 27298940
27301795 27301800
15819082 27301818
27301868 27301873
4801009 27338635
6984692 27351129
9164503 27388451
9135499 27388743
4669140 27391422
27398722 27398727
27398739 27398744
27402130 27402135
27434521 27434526
5613968 27435708
15514407 27435891
7082790 27437140
19143219 27437221
27437400 27437405
1372912 27437534
21099281 27437604
7086090 27440090
7086095 27440106
27441263 27441268
27445062 27445067
2516754 27446636
27446661 27446666
7096699 27447070
7096700 27447599
2777989 27448378
7196995 27448624
1913594 27451026
2834100 27457364
14293507 27460345
8398362 27462708
1315016 27466618
27459124 27468501
7117944 27468991
7106525 27472430
14295683 27475216
15359999 27483978
27489991 27489996
2966516 27501883
14357836 27505880
27511529 27511534
27519925 27519930
14512505 27520637
7315821 27521074
27522392 27522397
14360998 27522703
19374651 27525335
27526169 27526174
7954133 27526484
14838340 27528035
16470593 27528068
6386524 27528754
27528816 27528821
27532976 27532981
6386525 27533635
7289834 27538507
21942612 27540296
7200375 27541597
22752628 27541669
27617221 27617226
12342206 27623873
27623907 27623912
27627197 27627202
7284943 27630235
27630289 27630294
7298165 27635870
7306088 27638312
7760792 27638345
16703052 27638475
24952184 27640681
21929703 27647086
27648300 27648305
2118161 27652217
5214987 27666827
14513017 27667292
1317461 27673748
12231685 27674647
19926869 27677309
27709606 27709611
7438715 27747927
7527034 27776199
7299489 27778497
4977036 27790877
27796237 27796242
7495068 27796870
8737691 27801181
18156024 27805059
19137617 27806547
7807889 27812927
27823981 27823986
7006706 27826264
27673761 27826362
11015599 27829256
23198520 27838586
27076780 27846634
21408855 27847598
14769584 27855252
1470087 27880096
27905572 27905577
3519895 27905594
27908866 27908871
21493287 27909446
4747165 27910874
11851818 27911588
11161362 27912972
16032629 27914047
2530001 27914150
19199467 27914497
4041682 27914514
14776378 27914869
27921613 27921618
13755730 27922921
7642988 27931602
27933742 27933747
27935351 27935356
19231792 27963459
27963474 27963479
21554174 27963500
15072772 27963516
7689179 27963534
7689180 27963550
27964181 27964186
15174517 27964297
14815005 27964319
4794853 27964933
27966248 27966253
27967042 27967047
22110727 27967746
12359438 27967859
27974299 27974304
1033330 27974747
27977471 27977476
13755731 27983598
7715516 27986921
27991793 27991798
13159803 27991851
27994278 27994283
21552046 27995110
27995119 27995124
15045526 28004164
28011957 28011962
28020076 28020081
21583386 28022041
7736255 28024273
7761207 28025099
14769583 28029217
28038095 28038100
7777803 28040611
28047732 28047737
2850055 28052179
28057746 28057751
9385018 28057773
7801856 28058310
4475197 28059868
17200530 28061161
308237 28070341
28064795 28072102
6402715 28072123
10617709 28078483
6441553 28078944
14971694 28090123
28095068 28095073
1764271 28097586
28103777 28103782
21701694 28110101
7939780 28124270
28135993 28135998
7942307 28142304
2636637 28142382
4215769 28142398
21569407 28144711
15026201 28155544
28166314 28166319
13607097 28174663
10134941 28175247
28175340 28175345
12276252 28175369
28180386 28180391
10129113 28180950
28182770 28182775
14979354 28185824
7972054 28185855
15061732 28185879
28189429 28189434
24931753 28194394
7954188 28194877
63942 28197599
15078023 28207880
28207897 28207902
28207920 28207925
7944862 28207948
7977240 28216061
431701 28222464
25817814 28222483
7990000 28226897
28047749 28231969
7485680 28231993
28232007 28232012
28232028 28232033
28250006 28250011
15745870 28255826
28271258 28271263
28287794 28287799
21891227 28307438
28308563 28308568
28310440 28310445
8068458 28311060
21907250 28312374
262016 28315010
21900139 28318009
22507127 28318029
28318045 28318050
20041176 28321390
7104295 28321952
28326159 28326164
28327036 28327041
10003780 28327057
7967984 28329423
16880315 28334975
15283207 29782775
4977034 29783014
19953225 29783157
949073 29783214
57088 29783242
11161361 29784303
8103960 29784350
14188880 29785957
10912982 29786514
8144757 29816884
26421018 29915077
4910254 29915376
18123780 29997088
5603771 30021155
40907 30045774
15260349 30136248
8136970 30165710
18859294 30167953
2396878 30197309
3698843 30201263
3110146 30209181
4834965 30209240
11178523 30222980
2722092 30390352
4270174 30465266
16048067 30467792
5981885 30470086
3263648 30475484
30483559 30483564
4747052 30506868
18514443 30594728
5082245 30595435
1131395 30632705
7972274 30632750
1443755 30698050
21711574 30776947
26421021 30782884
30785989 30785994
5199112 30788969
30800236 30800241
11030539 30800502
327169 30800588
6398996 30800846
28361833 30801650
15440848 30804718
5672855 30807289
20937388 30809978
12909053 30813846
16365898 30822300
19069478 30822324
2873340 30824932
29621729 30826145
13649509 30831272
11214761 30832251
30878564 30878569
30878708 30878713
17942416 30899555
30908274 30908279
9817584 30914693
18504182 30918031
4910262 30918911
8139899 30921379
30922719 30922724
27251002 30923404
23487325 30926787
3693084 30931606
2498962 30941806
10120002 30946435
15422193 30950521
17821 30974838
11223018 30974850
22150003 30974867
24052488 30974884
30976090 30976095
14359080 30980466
28982567 30981616
17471566 30982426
19135741 30990816
2613855 30991747
8144763 30994562
3784860 30996133
3803150 30997986
9243500 30998221
22825876 30998540
7485679 30998707
28550638 30998748
18156026 31000324
21984812 31000337
11257279 31000861
13250867 31003027
3410481 31003038
21439750 31011674
5910024 31012676
8649351 31025412
31212538 31212543
4312467 31216819
1289034 31217057
16474042 31217204
31217233 31217238
7884947 31217434
31217731 31217736
31218249 31218254
8136969 31219061
1652087 31229377
10049340 31240649
4064511 31242223
8112831 31243448
1374390 31251148
4913369 31274096
8529432 31275149
8112825 31314409
31314442 31314447
31324391 31324396
11178524 31331260
31331276 31331281
21554133 31331917
7740600 31331933
28008427 31332322
31333085 31333090
26515661 31338646
12281343 31339200
15273499 31360666
19953223 31373596
22343582 31395966
20929257 31396107
8163546 31402711
17099978 31404902
3309331 31416237
31216825 31433090
26710627 31436505
4312466 31439275
5832071 31463853
4730823 31497250
5874134 31548584
22141552 31561146
13638597 31564016
12011988 31565448
19713779 31569938
12920625 31573431
3679183 31577111
4853667 31577122
8136989 31639190
16977039 31641044
12436966 31641725
15500168 31643796
9857295 31649245
8163548 31664713
12038623 31666249
8144764 31681887
31681894 31681899
31681910 31681915
17917391 31682539
7197421 31703967
25409270 31708406
7196999 31753226
14287649 31753388
22141553 31766670
30990822 31778294
31780222 31780227
2346145 31781156
5032815 31781270
28840959 31784437
14465463 31784471
2390265 31790376
13606886 31792300
31792334 31792339
31792642 31792647
31793067 31793072
24471113 31794138
31794653 31794658
31797427 31797432
31801133 31801138
25533277 31812900
22607590 31815841
16625773 31820276
31820283 31820288
12113366 31820990
31821035 31821040
6114979 31827453
4025994 31836945
31866923 31866928
25586810 31867065
31868248 31868253
8807310 31874565
12437769 31897375
28362073 31898764
2390268 31916516
35839 31916652
31917176 31917181
6990433 31918062
31918441 31918446
21787954 31921328
29976788 31921348
10788806 31921373
22378595 31922335
12353240 31922711
8751451 31923015
31923985 31923990
25646960 31924399
16459635 31924444
31927366 31927371
12288261 31927388
31927484 31927489
30800248 31927505
12162027 31929144
398795 31929162
31929177 31929182
31929193 31929198
1007581 31929215
19231240 31956265
31973995 31974000
16177431 31999011
32000442 32000447
32000460 32000465
8705847 32000484
32000540 32000545
28991127 32010082
32013856 32013861
19233067 32014227
5030273 32014441
3020973 32016546
5038515 32020996
32029059 32029064
4977031 32029292
5198882 32048660
9227826 32048821
32048834 32048839
8981879 32049419
21957372 32050822
21957370 32055622
12331733 32056054
6331001 32058563
4687142 32062156
32062726 32062731
1613730 32063450
2098623 32084840
32084857 32084862
32084876 32084881
32084903 32084908
10662380 32084925
21111986 32084947
21851389 32084966
15971470 32084978
8872534 32152207
22786922 32159025
20027421 32159038
27528835 32159090
10662382 32159282
32159857 32159862
19366478 32165249
14293127 32168346
32168358 32168365
5229523 32168382
32269678 32269683
19711502 32269717
2834290 32270186
9855620 32343466
32354154 32354159
5038516 32354201
12850507 32383346
26176846 32418616
22084257 32418638
14326695 32419474
21711573 32419563
705044 32419681
10371904 32419771
20929239 32430995
24502428 32431376
8854718 32432301
5602802 32432659
5602804 32432676
283585 32437138
32439735 32439740
5611219 32440124
5126985 32444197
22628927 32444457
6841128 32444639
17782329 32445448
547842 32447196
7928573 32479817
6440459 32486650
7690926 32493712
32495931 32495936
6427859 32496111
27844798 32497099
7942221 32502649
12980657 32503571
6709094 32507716
26357243 32554941
12908729 32586598
13046520 32592109
8326424 32593576
6398994 32595173
23429652 32612686
32629897 32631057
19139587 32640730
32645797 32645802
32646146 32646151
32647303 32647308
31463864 32648063
20336045 32648949
19947707 32651183
32651426 32651431
28370505 32652667
32655449 32655454
19366480 32655471
5991341 32655488
13266235 32726351
26454 32729992
15836345 32730324
8854720 32730405
32734832 32734837
8144767 32735966
21313376 32739625
32740202 32740207
7147744 32741132
20336046 32741322
11027915 32743455
32743861 32743866
26514597 32743930
4029166 32744651
4577065 32750033
32750072 32750077
26514938 32751360
20033187 32751786
32751805 32751810
8758567 32775805
32849673 32849678
18637236 32915365
21694602 32938556
5623335 32950098
32959277 32959282
32966333 32966338
32986960 32986965
23727788 32989751
12987216 32991981
6304203 32998375
26513885 32998405
6542281 32998423
8884809 33008411
15123136 33018925
8108922 33021524
431700 33021541
19366483 33032165
20373082 33034962
33045371 33045376
14971665 33045402
23149532 33045424
33045448 33045453
826079 33045490
30800535 33047601
24924257 33047682
20381814 33053235
26456 33058329
30370235 33059751
19366484 33059846
19366485 33060250
19366489 33062218
20393438 33064025
23579176 33064063
7113758 33073278
8239294 33074545
11012712 33080372
28928863 33082436
31708418 33087650
7206559 33087669
22994571 33087708
6418073 33087934
5581818 33087953
20420814 33089399
28928864 33089473
13656426 33091594
12783247 33094380
33095068 33095073
20427566 33095720
14843807 33096596
30021161 33097795
14838300 33097855
24052487 33101593
6432398 33101650
13669818 33101660
4041678 33107716
33107731 33107736
33108187 33108192
6441414 33108884
6441415 33108903
6441617 33108976
22474559 33118689
26858391 33118711
33118750 33118755
33118805 33118810
8775336 33118829
28508493 33118850
13693882 33121066
256911 33121109
190596 33121596
33123174 33123179
11027928 33123622
26905507 33123950
2396881 33124247
8775337 33125450
33167344 33167349
6376193 33172662
16823916 33174062
13752285 33176445
18444123 33205595
8491646 33208128
13915100 33322393
10788523 33322441
10788524 33325254
6458017 33326610
20695277 33334180
29127907 33341415
21112444 33341561
22877844 33342127
22928845 33342147
33343003 33343008
13615426 33343550
26981656 33346803
11030558 33358171
6441619 33364710
14164975 33366566
14838304 33366925
9055978 33367097
33374713 33374718
33382828 33382833
6781437 33398500
33399125 33399130
6764047 33400163
13979639 33402280
33422967 33422972
14861525 33453672
20428969 33464836
20821130 33487570
6912111 33500697
33508081 33508086
13595200 33508139
8326423 33547986
33584824 33584829
29699967 33589964
33597308 33597313
33390622 33597335
28165287 33597376
33604887 33604892
7919209 33608196
33625470 33625475
33640964 33640969
11027925 33641091
7196735 33642541
28184609 33642558
24708327 33642607
12006220 33642631
33650008 33650013
7563150 33650071
33651671 33651676
33651919 33651924
33653101 33653106
14999139 33653250
14268458 33654259
9816669 33660140
14290978 33662483
18752341 33664957
7098498 33665008
21025830 33666545
33666768 33666773
33667089 33667094
33667571 33667576
7101060 33668281
21560325 33668863
33669213 33669218
2396571 33669603
14346137 33669701
33669782 33669787
33674736 33674741
17008867 33694990
33703930 33703935
33713883 33713888
10775197 33716306
22388430 33716372
33725598 33725603
21094773 33726048
15773647 33726470
2340065 33729670
21725203 33730488
27526184 33730519
33730530 33730535
8326321 33730546
14316050 33731562
14372210 33732963
24502848 33735095
26904953 33737971
33726841 33737993
33738017 33738022
2850054 33738041
33742112 33742117
33745269 33745274
3785441 33823086
14467115 33826598
33829583 33829588
21206919 33834204
16467848 33834239
7306181 33834258
8357725 33834627
18156005 33842958
21778771 33846035
33849345 33849350
33836723 33849371
22625210 33849390
22367733 33850458
33850624 33850629
2118160 33850653
33863403 33863408
1523419 33868410
932697 33868894
10362445 33868920
30150725 33869425
7341882 33869581
27672860 33874013
33878613 33878618
7394812 33892161
21327596 33974235
4697171 33975737
4697172 33975759
33977215 33977220
6709095 33985415
14650446 33988308
14649056 33991326
33991343 33991348
8737692 34000013
34000029 34000034
8737694 34000053
7487332 34000453
10332500 34004503
15525270 34012134
34019832 34019837
20458329 34024942
7527036 34029825
7494642 34040796
15046035 34048264
11694773 34056993
7610991 34102987
34106463 34106468
34111666 34111671
15174516 34111788
1756086 34112222
9084214 34112507
7622660 34113006
3803288 34119042
27926154 34123053
7618991 34125719
8690913 34125818
34131177 34131182
34131196 34131201
15273509 34131259
34131801 34131806
28797654 34131816
16125945 34155097
18449131 34157515
34157528 34157533
34157542 34157547
12094520 34159541
34161511 34161516
7696596 34163940
34164286 34164291
3788853 34164792
7697984 34165461
34165476 34165481
14839761 34168070
4208522 34168093
34174918 34174923
21923390 34182557
34187222 34187227
34187242 34187247
2470616 34189128
34189143 34189148
26176222 34200171
34203350 34203355
7693761 34203373
17351580 34215478
17351581 34215496
21643553 34215995
34216075 34216080
14902729 34218661
29967220 34221039
34209647 34221099
14904943 34221122
7778413 34229314
7775986 34230067
7777651 34231650
7618994 34238717
15767946 34239474
14927221 34240040
23164525 34241675
23038299 34243143
29131743 34248459
14939343 34249342
28061169 34251291
5974524 34253612
34253966 34253971
14939551 34257661
13553983 34258128
32062739 34263509
6441552 34268411
21636302 34279738
7847152 34288343
7847241 34288383
7837768 34296922
21684862 34298026
10726119 34305051
14999853 34305869
28133518 34318386
21699871 34323982
34325412 34325417
7893584 34331866
28998946 34331882
34331898 34331903
34332018 34332023
34332033 34332038
16600865 34332101
34342440 34342445
21745648 34342655
15850495 34343590
34343643 34343648
34343742 34343747
7918883 34353471
7919983 34354491
22756914 34354558
15061241 34362174
7933370 34362628
22530428 34362662
28883849 34362799
7885072 34363392
28166336 34371471
34371493 34371498
7948498 34377162
21783977 34377558
21778319 34382746
15072220 34382765
8633523 34382788
5087003 34395278
34399429 34399434
34399449 34399454
26904955 34399479
7972146 34399508
34399522 34399527
63943 34409498
9716916 34414039
9716918 34414058
9716920 34418707
7912080 34418726
34418740 34418745
28058843 34418776
34418928 34418933
34418944 34418949
583278 34428396
33035641 34428415
8712442 34428432
34436105 34436110
34441893 34441898
30587997 34441922
34465246 34465251
15799489 34465268
34473821 34473826
34473849 34473854
18994044 34473873
21554422 34473892
34483105 34483110
21901550 34486156
33712574 34486237
29362600 34490314
8048053 34490341
15193568 34496245
34496889 34496894
21907251 34499661
22824029 34500874
9194559 34501331
16486669 34503760
8089956 34503778
21900871 34503796
34503810 34503815
28305050 34503923
34507598 34507603
20036750 34516591
19030566 34518262
67873 35934460
409481 35934641
9126160 35935652
28702827 36050715
5608553 36090278
28003 36131164
15882572 36166018
4903898 36268577
2390261 36275502
3698842 36304929
26421026 36309210
2715441 36332559
2731447 36343966
21957367 36344442
735898 36345801
878186 36350576
5992777 36374125
36423806 36423811
14299715 36423970
2966049 36513563
6549488 36541934
8132625 36553154
1131393 36595234
4465893 36668433
31931365 36709632
8633488 36709969
5603774 36710290
6428773 36735111
20160 36796559
1338320 36801379
15289490 36802007
414757 36820084
5603782 36824370
28579432 36877874
285006 36894389
11008744 36896399
31675497 36900060
735901 36900075
409479 36901120
7190731 36902206
123660 36904442
36905866 36905871
3264876 36906470
8112823 36908591
22316451 36908761
3264867 36909002
16037379 36909367
34962330 36909496
2613856 36914154
833470 36917269
6919022 36917286
15253543 36921151
35275 36929090
25157773 36932549
21243846 36951597
15253544 36957217
35081412 36970000
15433551 36989252
27521972 36989328
34348673 37017310
37021101 37021106
3661729 37022696
4727310 37027212
37027504 37027509
19135743 37029464
33083843 37032374
5863188 37035538
30966413 37037343
28818597 37037635
8227440 37039408
8227439 37039419
2164064 37041035
17402207 37041066
13927168 37050439
37050453 37050497
22006632 37051381
25655277 37061741
3291601 37062547
37071195 37071200
37072879 37072884
15724382 37072901
28390574 37079414
1974792 37079433
7893192 37083512
10120004 37084316
5761267 37084510
37086848 37086853
2873343 37086867
15255664 37086878
22268889 37086889
735900 37086900
13252966 37098616
7972278 37100236
15291861 37100995
7563490 37101311
14980128 37101957
37113507 37113512
5603791 37123808
37123866 37123871
8326425 37125945
2898106 37128555
7883230 37129158
15676724 37298265
14050601 37309632
8727914 37314138
6121556 37314404
241580 37315150
10332498 37316603
11503333 37326110
4803494 37326160
26511500 37326320
37337410 37337415
21753297 37337433
37337447 37337452
12909046 37337465
13246450 37339068
37347905 37347910
8854714 37347927
34696303 37353960
6701143 37354179
8137109 37371023
7615298 37371062
6879590 37405488
7808432 37408406
34486251 37408458
8255088 37418332
11619062 37425204
37425408 37425413
1720964 37425610
37427032 37427037
8136971 37428842
19953228 37432841
6419704 37433559
4196716 37437090
28964453 37437364
341373 37439135
15273500 37452302
15273501 37452313
7614614 37463568
37466060 37466065
7293035 37486405
34349034 37486422
37487729 37487734
6331020 37495189
1456156 37495985
9696121 37497965
2839128 37498626
1592644 37500066
20151 37506503
21112000 37508181
34566534 37508208
2159722 37585766
7620755 37628116
13118315 37647440
8646923 37648136
11961845 37723970
29621730 37725190
34887076 37725705
37726419 37726424
11991113 37733724
7078008 37733735
1168012 37737483
7620754 37743072
11483842 37748954
34111680 37748966
28535111 37761014
37765875 37765880
9913536 37765892
2535268 37765999
6851556 37766011
475166 37769568
19130474 37775992
2879106 37780866
33608210 37788114
7693416 37835557
4916079 37835574
16513890 37843371
18024974 37848112
11692998 37848917
30588856 37853768
28193833 37853784
25471109 37853795
37853831 37853836
1395911 37859398
1631538 37859594
1631541 37859615
1631542 37859626
1631543 37859637
4903902 37860868
12342207 37862674
726076 37866282
21111984 37872323
7337523 37872364
8016864 37872382
6398005 37873563
12290105 37874189
8171462 37875349
13508437 37875360
24471112 37875479
8907957 37877566
8145662 37878769
37879817 37879822
36557187 37887523
7291259 37896371
14475317 37896571
27914966 37902119
15201016 37907138
37907749 37907754
22827516 37907851
15886526 37909508
12184825 37913038
32085152 37917848
4759263 37921411
4816261 37928036
4820377 37928181
22231521 37943985
25161370 37944074
5210068 37951370
5207214 37951390
31414987 37952218
8200117 37952460
8200116 37952473
638832 37955078
14188877 37976263
12281328 37994319
9333656 37994523
8282561 37994913
4899158 37994933
28629406 37997726
37999068 37999073
12283475 37999131
38000071 38000076
25647607 38001554
23320417 38001813
11491578 38002701
34538489 38005195
5987277 38005211
15873049 38005226
38005237 38005242
28353145 38005320
4911406 38005381
7801101 38006920
27076778 38006931
6879612 38006944
38006957 38006962
38006977 38006982
23320187 38006998
381186 38007014
28516884 38007029
38007040 38007045
8152148 38007064
15439595 38046393
16265638 38074726
22496432 38075138
502351 38075345
38078241 38078246
23275 38084285
7289165 38085533
19366476 38091204
4232752 38096718
10932951 38096746
8914021 38096802
38098650 38098655
3679181 38103368
24171425 38105524
59853 38113430
15938448 38113462
6366849 38122225
38122239 38122244
7912590 38129929
8933773 38135526
34742784 38135976
7810561 38136650
38140622 38140627
19297721 38148895
3302388 38153124
29984753 38157399
4885455 38157418
22642156 38157446
5197531 38214680
22209005 38214698
32145164 38215493
12545129 38217123
38228872 38228877
8163549 38229212
19366477 38229894
14838287 38234386
34349886 38234503
8923369 38328006
38328042 38328047
7353 38328600
6840746 38371238
38396229 38396234
18863427 38451130
12875390 38451433
38461689 38461694
38461706 38461711
38461719 38461724
38462212 38462217
38462231 38462236
37371037 38463109
25723535 38465805
27435903 38465838
1314411 38466012
3520345 38466035
12896626 38468828
22187598 38477307
1249220 38478616
34168107 38478645
1314408 38478905
12918370 38487832
38487989 38487994
38488031 38488036
38492637 38492642
7693636 38531103
515832 38544721
28693872 38551987
11027924 38552390
38632443 38632448
38633682 38633687
32419784 38664627
36408913 38666447
6743872 38667655
6415634 38667671
8885682 38677397
15991248 38679454
38680139 38680144
1581719 38680962
32643260 38682742
15949837 38685336
11027913 38685837
3533234 38686002
21949613 38686035
47631 38686995
29786520 38688072
5867623 38690409
7104293 38695043
4081715 38695062
19952807 38695079
15957586 38696313
16606440 38696580
5076579 38718627
26916781 38720428
40919 38720481
13697190 38763902
5974251 38765409
13638335 38765443
20542509 38765724
30735979 38767848
13255904 38767867
38770219 38770224
38771386 38771391
21014936 38773502
5991342 38774919
6398151 38775571
38775587 38775592
38776516 38776521
38777921 38777926
11027914 38777981
8705848 38778569
38784599 38784604
10446136 38785868
10446137 38785885
7340127 38785947
20459190 38786215
32751800 38786624
11027916 38798186
14471700 38808960
2323482 38834762
28078913 38845676
38944547 38944552
38944560 38944677
32966350 38945851
1086887 38946232
33711081 38970040
27235193 38989840
27932798 38989858
1975081 39014099
1051854 39016944
39019111 39019116
6304204 39025514
6304205 39025528
19071027 39025930
39029756 39029761
26778764 39035484
7918886 39035527
33000685 39035543
21354388 39037135
1543224 39039038
39042621 39042626
6330372 39044821
15411040 39049593
34322956 39058438
28008425 39060912
2159800 39063336
13269840 39070341
10668920 39071038
39071050 39071055
26824046 39071129
15868464 39072299
30800536 39073616
22597811 39080054
26458 39080990
9132595 39087035
6397742 39087655
4714609 39088622
17324851 39098420
16440536 39099686
9755496 39100068
6420539 39104710
3520346 39110346
6413524 39110365
19940727 39111765
34372333 39111800
17365025 39111818
39112087 39112092
26869171 39112933
7950402 39113446
21931020 39113463
9046819 39113624
28928865 39117532
4081716 39118339
6427858 39119129
15275952 39119751
39119830 39119835
39119986 39119991
28928866 39125294
15658301 39125672
28357168 39125689
15016865 39132342
11027923 39141316
13694029 39143674
39144091 39144096
20458509 39145255
29105798 39145533
11668732 39145591
6376194 39188826
16719206 39188880
39194302 39194307
7180293 39194342
39199950 39199955
6518262 39202539
4730824 39202806
33202928 39218458
5193258 39226596
31439281 39228302
33322406 39340422
6696144 39340449
39345965 39345970
13927508 39346017
16129250 39352800
4195810 39361724
39365101 39365106
28624208 39379959
39382198 39382203
39391754 39391759
722790 39397456
9119397 39408183
16057446 39415708
27186434 39416295
8666302 39418818
8432053 39425064
35294861 39448091
39462195 39462200
27165414 39466270
9541624 39475247
39475640 39475645
15415652 39479909
39500071 39500076
4217360 39500351
20798901 39501033
39521486 39521491
39553582 39553587
16270938 39557358
7086097 39584594
21572421 39608755
15975492 39610329
15922518 39613356
9432822 39644450
21656515 39645772
21007288 39646938
7002089 39647149
6553897 39647859
12783248 39652590
5117700 39654500
23126497 39654529
10923528 39654731
16789724 39654806
39655739 39655744
39656331 39656336
7092757 39656362
33654949 39656628
7096701 39657967
16011382 39659185
39660160 39660165
2344202 39663018
425796 39663156
7100256 39663188
14286377 39663285
7932343 39667623
39669277 39669282
9243502 39669299
39669649 39669654
15632039 39671929
39672551 39672556
39673563 39673568
14271125 39673689
1993218 39674491
39675025 39675030
39676381 39676386
14302350 39677292
33672764 39677310
14308058 39682512
7489265 39696987
3264874 39697705
13755729 39698495
2022971 39709263
2470615 39716538
7117435 39716639
28207959 39720135
16375528 39728773
21094772 39729282
39729908 39729913
39732606 39732611
34178041 39733622
9060769 39734736
3441111 39737053
13595051 39740823
21205519 39745149
26904954 39747185
18537808 39748701
8152205 39785058
14459465 39822839
14372211 39828709
14372212 39828740
14467116 39829082
39822167 39835144
26862276 39836824
15214617 39838138
19320985 39839043
39844898 39844903
5581822 39845333
7689103 39845884
28184735 39851001
4791561 39852634
39475658 39861656
39869761 39869766
39871302 39871307
39875078 39875083
39877183 39877188
7304180 39879110
7354949 39881925
7354948 39881974
23317114 39882907
39910150 39910155
4180423 39918924
9482507 39956403
21327595 39973314
8224078 39973948
30358771 39974370
39975604 39975609
39982857 39982862
25068899 39989816
14916509 39994276
34001753 39997417
15050843 39999446
10332499 40001789
40006489 40006494
11757175 40017357
19886957 40022876
40025806 40025811
14687719 40026384
11043059 40035753
16745937 40099819
29784309 40100732
15655055 40102476
22453084 40102806
7810628 40109467
10759105 40117275
20035012 40121638
7642990 40124173
27967603 40124299
8055632 40136556
21514854 40148954
14899660 40150408
15039289 40151325
40151353 40151358
17038388 40152235
12094519 40153114
53083 40153254
12706469 40153607
40153686 40153691
8552677 40158107
16210944 40158686
7698614 40159385
14844816 40160737
14844885 40160914
14839463 40161444
40169307 40169312
14463742 40169329
14864321 40177029
29282165 40180143
30512062 40180165
40180187 40180192
34164302 40180215
30859667 40182145
35273680 40182161
40188737 40188742
16268874 40188760
7941042 40196162
1426174 40203931
3021175 40206458
21592307 40208013
34456347 40208894
8710466 40208972
14902728 40210856
4791562 40213690
7775067 40221240
28018168 40221278
8406480 40229399
7618993 40230394
34247963 40237493
9229039 40238102
7801105 40238120
21649447 40239037
28062001 40242252
14951465 40244092
7810866 40246109
15459339 40247997
9087209 40248211
8098403 40248700
14922925 40249372
474582 40252403
14916389 40252420
34577182 40252439
28311071 40258968
3052219 40258984
8875042 40260587
40282161 40282166
7806947 40282189
15072609 40282207
28090824 40284076
14972345 40284094
14838558 40294782
21728041 40313909
15232574 40321740
1141520 40321765
16110196 40321802
15037533 40332483
7943807 40333485
23194512 40333503
40333587 40333592
34187241 40333639
15039259 40334008
7906411 40334059
34362608 40350834
16493396 40351300
28177032 40351319
40351790 40351795
32735980 40352025
40352124 40352129
28566414 40355470
40359896 40359901
29066720 40360290
40365687 40365692
21786093 40367120
40367736 40367741
22744786 40370635
7954189 40370656
1007651 40370680
40370790 40370795
12177947 40373333
21648917 40373358
15266771 40374692
1435961 40383167
2270902 40387134
8317043 40391006
21952548 40393198
9475977 40396630
17053296 40400859
19071029 40400871
9716919 40400920
10325661 40400958
40402335 40402340
1907726 40405415
19112068 40405434
40405466 40405471
14838426 40414690
40360196 40417680
2952975 40422083
15174518 40422291
40441077 40441082
27253784 40443908
15799488 40451490
40451514 40451519
18869130 40452907
8055630 40460091
2725464 40476078
9275394 40476105
40476117 40476122
5863189 40476149
40477996 40478001
40484874 40484879
19112069 40485982
7297521 40485999
34295163 40486364
35653206 40488829
7104297 40492750
7104299 40492769
40497404 40497409
22438255 40499072
12184855 40499098
40500021 40500026
28331599 40502292
8112817 41887258
2613857 41888618
35842 41889575
6859285 42001933
735903 42019814
28352758 42031428
18571790 42151857
856518 42192752
8139061 42195160
1489698 42276255
7316683 42287669
29183693 42288314
14050610 42288525
229840 42289153
313309 42289936
15766 42293468
17709973 42315453
1082465 42362232
7340191 42435352
13160280 42452134
5868907 42524058
1305409 42528771
4075637 42532882
21554421 42541267
670321 42545720
12281334 42630750
1191239 42637039
25738357 42638178
7972275 42672219
16934104 42693264
24373928 42713380
13275337 42762578
8964754 42762769
1681882 42780083
21705227 42795066
33210204 42802025
241165 42802135
15991743 42806630
33726342 42809912
90820 42809931
8112822 42811039
32020294 42820588
14648440 42821342
7320244 42823163
735899 42826458
3264866 42827259
5968371 42828513
8796511 42829209
28352912 42829476
28911865 42831339
7815863 42831453
3264870 42831706
42541273 42832583
19130481 42837005
11008745 42837487
8112824 42838745
11043058 42840902
35013915 42852413
363381 42856301
8226905 42866733
13649511 42907613
16779528 42907932
42926343 42926348
14475812 42931281
8930760 42947012
20280555 42949153
39481945 42949456
8112818 42951058
38695510 42951534
21688341 42952917
39866788 42957209
11223017 42959354
8144762 42961382
19130479 42962956
8875142 42964164
12464016 42968929
38965558 42969449
5077403 42990542
24679167 42993779
11227583 42995562
43000860 43000865
18156027 43000882
33687 43000894
3363474 43001391
1003128 43006544
4903896 43008540
33657 43008552
5874140 43008961
8807309 43019362
670322 43019403
26421024 43020941
5603799 43020961
21014937 43023414
15728361 43023429
28544177 43023914
3803269 43031583
5874130 43032460
8144760 43032476
32744824 43032496
8854711 43042418
3818197 43044372
10453910 43046986
1489696 43099325
31331268 43227037
335462 43228025
8152750 43233929
5603787 43233949
8136968 43234196
43234342 43234347
5088949 43234517
43234907 43234912
31924002 43235671
26889855 43236157
11503332 43245782
9785737 43246203
6841322 43256970
43267461 43267466
4906968 43272731
6539262 43272751
8911271 43273136
39466054 43278779
8854715 43282757
33477379 43288347
18441144 43288851
1489702 43289731
14377533 43293635
10467893 43295637
35031476 43326835
43343647 43343652
18441143 43343804
25044359 43344159
6410630 43345404
43351430 43351435
43355321 43355326
16111419 43373187
11491582 43380951
30788975 43382232
4232823 43393213
43397483 43397488
15971868 43403844
23802710 43403864
8163547 43410488
15289491 43410952
2535265 43417080
24927340 43442043
8223112 43444910
12405904 43456435
400849 43465265
43469192 43469197
7906337 43491479
20832504 43501619
33688 43501909
15051160 43560284
8112820 43560728
5117457 43560742
22002196 43560801
18953575 43638910
11991112 43646591
4066470 43650279
17495612 43660613
1991125 43661153
6259778 43661689
21949612 43661700
5126584 43663306
8634750 43667590
25369398 43668157
15798232 43672015
42631892 43678381
10845455 43678588
15721524 43678605
18863434 43678683
21949609 43678694
43679300 43679305
4747164 43682214
235066 43692964
29272283 43727970
21903209 43727996
43758203 43758208
6208905 43763584
4038408 43763640
21661218 43769086
1631540 43769441
16172335 43773073
2731449 43773089
3734814 43776628
16412890 43779156
187534 43780611
43781622 43781627
28340582 43781727
15455780 43783101
98732 43783117
30320675 43783374
1843117 43791292
6323102 43802512
22327900 43802530
15253545 43808740
2390266 43809418
23195340 43810979
21957366 43815552
43818247 43818252
4789380 43854108
13473537 43854204
21102060 43855017
6379270 43855330
21557459 43855463
6841327 43862705
7081046 43885432
12257648 43886006
8152147 43901355
1082466 43901416
35847 43901454
43227005 43902759
7314959 43902956
28431626 43905912
43905948 43905953
6553893 43906003
43907583 43907588
11189616 43907620
5874124 43908280
12281522 43908483
597962 43908904
15238763 43908943
22749475 43909603
22128853 43910757
43911040 43911045
880544 43911805
43911827 43911832
12287463 43911987
17505011 43912024
1161762 43913336
2786139 43913352
11491579 43913369
12184827 43913385
19713784 43913402
43913414 43913419
5987279 43949233
598198 43967589
5976350 43979682
18619644 43980874
4911133 43990553
28602309 43996090
22437435 43996129
23551 44000254
12460959 44003235
12460961 44003253
5583480 44008744
5047924 44009046
3525299 44010665
25794749 44010746
44012071 44012076
1961114 44014574
15938449 44018037
10386849 44021825
31240176 44026661
6743871 44026706
44027480 44027485
21957371 44028560
33608211 44035708
21551673 44036438
22110726 44036718
26708736 44037180
722787 44040496
1007631 44043628
7810557 44052609
17001307 44054003
6287663 44059266
31359025 44061269
5120635 44061292
34962331 44061318
5117750 44061344
5906462 44061355
25817859 44072565
37371035 44107807
37371036 44107827
16968443 44115215
7891466 44117492
37766005 44117518
6398998 44122943
12553110 44122985
10662381 44129338
44217825 44217830
326204 44217866
17550656 44218248
4268317 44218338
3264872 44265021
9604498 44292091
19713790 44304876
40703538 44312289
6397747 44344673
5225078 44345417
28715896 44345721
8320137 44345733
7298164 44347619
8854717 44347653
2363976 44347677
6255730 44350904
41169703 44351378
28889063 44356885
5593505 44356907
22144399 44356958
9059083 44357050
38988920 44357233
5180930 44357555
7690899 44366600
23359124 44368090
22328034 44368111
40511920 44368872
33074084 44370520
19728360 44372046
44374633 44374638
16667202 44406064
26853677 44412242
29039050 44414119
19136705 44414395
18863428 44414528
44415009 44415014
327170 44464001
5862691 44473248
23688002 44500854
2790165 44503349
11810771 44507026
21015205 44507796
7694820 44511573
24399659 44552915
1207205 44558420
37410367 44560124
32961238 44560753
42013765 44564074
1309580 44564764
5931564 44565424
6366847 44567487
13609514 44567504
8173436 44589958
44626344 44626349
1309577 44628152
44631794 44631799
20046760 44633439
27380637 44635013
5974252 44635258
29190351 44639634
34331916 44639779
20042361 44639798
40312796 44647400
44648380 44648385
9734029 44648783
22821490 44653081
26432592 44653673
38775984 44653941
44674963 44674968
14471699 44678413
11027918 44683547
44749457 44749462
38001735 44775248
19307029 44838507
23552 44853474
40207823 44856380
12359051 44879221
6304209 44879838
6398153 44882412
7972023 44882942
5076577 44888638
13159802 44891448
36199572 44892731
33742534 44893897
23330403 44901233
6510713 44901680
27965351 44901706
464023 44908215
20667114 44920585
44920940 44920945
6298916 44923135
12706468 44923235
44932746 44932751
14377759 44932794
43981165 44932854
28351876 44941298
5981886 44941709
7197001 44942037
12399590 44942534
13607096 44942630
2768928 44946498
16710243 44946597
10997216 44946619
19366486 44947042
16560326 44947082
19366487 44947642
19366488 44947658
8878270 44957452
5799684 44957506
18184538 44959456
9285710 44960583
13543308 44960765
28791924 44961268
44968201 44968206
41054125 44968700
44968724 44968729
28142782 44969150
3520347 44971613
7308530 44973033
27525350 44973050
13658833 44973085
14377532 44974506
5194714 44974618
13656447 44974644
1255669 44974836
44974888 44974893
6397746 44979151
6423798 44979303
1202044 44980574
44982296 44982301
7693409 44982320
24927341 44982343
6432399 44985961
13669819 44985972
14838238 44986316
35086305 44992961
33716312 44992977
9801056 45000872
13691477 45000912
31920325 45002471
26830143 45002821
20456353 45002963
44989195 45003639
20442454 45005054
21249200 45006107
6376195 45048418
7721397 45057228
45059166 45059171
39150122 45061422
26962524 45061448
6523926 45062060
32637970 45074263
8684058 45077206
10459356 45079943
11027920 45081424
42355919 45081495
26511391 45085634
17038387 45200015
6547785 45206255
45206293 45206298
10395496 45206330
20508090 45212144
5974473 45215210
16982318 45215272
21811296 45217531
20713873 45230682
15026650 45234440
35531129 45235354
15996146 45235792
11027921 45236089
1168560 45236265
33374725 45250812
7700132 45268763
35142612 45268785
25628754 45277701
14013739 45283631
45301147 45301152
22469328 45317406
45317478 45317483
39666518 45318068
6441620 45319955
28142875 45319971
39477424 45319988
40346825 45328422
20798902 45351253
7199293 45351268
41422826 45351318
15260803 45352020
11067506 45371702
13622690 45373145
6976155 45407477
9243501 45432603
33584839 45443719
45446165 45446170
45447538 45447543
20961250 45451465
19071028 45451746
17203738 45451823
41743570 45457459
41743571 45457482
41743572 45457506
23914473 45492973
24708326 45494030
22201108 45494380
1781148 45494397
22650180 45494758
41325035 45495596
14490101 45496387
18485610 45496692
7086091 45498580
6423546 45501123
27444798 45503220
45503244 45503249
45504859 45504864
5106417 45504896
7094613 45506262
1776907 45506349
40174435 45508908
7932346 45511473
14268820 45512075
2350593 45513463
7932345 45514472
36101630 45520575
41637832 45521645
14300493 45523882
27468442 45525462
7125785 45531500
27476027 45531560
35019385 45537488
21931021 45546525
29046883 45557310
28369939 45565182
11668733 45565227
17927884 45566235
7954134 45568831
10242131 45570223
7100343 45571645
20037260 45576078
6386523 45576097
45576163 45576168
31251815 45576187
12918371 45585676
9243503 45591866
14281513 45592128
21114225 45593737
39761546 45598812
21254216 45672777
32554954 45674128
14899241 45677434
14845007 45680120
7298200 45681487
4165396 45681510
21827204 45681877
7911335 45683642
45684254 45684259
21249202 45688218
19225136 45688865
7308617 45690156
7693584 45696327
21210148 45697556
40235609 45700127
41844412 45700161
45706347 45706352
19013923 45715035
8406596 45715055
28141151 45715117
28816213 45715479
28816214 45716977
14518180 45719900
45719919 45719924
45726452 45726457
45784098 45784103
7438713 45790281
34368627 45813291
21354389 45813314
14835796 45813331
20403783 45815782
27681162 45816692
8388644 45817106
34762744 45817899
7696616 45817932
8482648 45818403
27076779 45831199
8161752 45831650
20458328 45832730
21374141 45832751
34217841 45836046
21358124 45836553
7693645 45836804
34000046 45840839
45842949 45842954
14687718 45844476
28184043 45861598
15837450 45864748
8127059 45867428
6922549 45867891
45879065 45879070
45879094 45879099
27846779 45915015
24373929 45942344
21493288 45945747
3788254 45947494
3693085 45947957
45947969 45947974
41482043 45949844
4041681 45950221
2774917 45950698
8397652 45951232
39112948 45951600
7794427 45959515
7642989 45966465
45966613 45966618
10759106 45967176
28797653 45969414
12094517 45992900
27991865 45994076
21554420 45994827
12359439 45994869
23024025 45998515
35524088 45998891
41147485 46001519
21744958 46004067
7715517 46011795
33081449 46016607
13755732 46018916
29224131 46019751
33642547 46019831
46021647 46021652
27998565 46021663
34189163 46021681
34196054 46027833
26016726 46031357
32418624 46033369
30726156 46037161
878281 46037210
7754144 46041286
16397072 46047100
21643551 46047121
34229377 46059458
11536209 46061817
34577181 46071070
23995797 46071090
28061168 46077845
7806216 46078673
34780011 46078710
34160091 46079811
7635118 46079903
14994281 46080203
5859315 46088396
8177412 46096419
878187 46105186
7817094 46105881
21685817 46106100
43560297 46110767
601410 46110786
14972791 46129045
15000053 46131950
14350322 46134831
8935226 46149372
19023474 46155784
46157181 46157186
28111782 46160454
34349276 46168434
28154797 46169242
22453085 46169259
1753275 46177829
21759290 46178680
8311379 46185298
7930796 46185316
63939 46185334
21768503 46185707
15070576 46193512
7340192 46193530
46193558 46193563
25648479 46193578
37748973 46194284
46194640 46194645
8600254 46199500
63940 46201099
21785606 46201128
31577873 46204030
1587778 46204069
10049367 46204087
1269387 46204553
15086180 46207248
34399448 46221501
12461098 46221522
15608068 46230711
40497416 46230728
14894801 46230738
36299682 46230748
9716917 46235047
46239345 46239350
27253783 46239361
28232049 46239380
1236125 46239515
46239594 46239599
40121644 46248298
46255726 46255731
4038409 46261162
1006610 46261180
46261240 46261245
46277233 46277238
11670689 46282575
23114936 46285920
21907249 46293458
5968998 46302306
705045 46308967
46309452 46309457
40471606 46317805
28299391 46317840
3091961 46317881
35781599 46319001
8072775 46319409
28304488 46321901
7104296 46325653
12184856 46332186
22499132 46332203
46336908 46336913
15214874 46337270
8163241 47670124
20158 47670313
2159723 47670337
8112816 47670356
24087 47670420
5603778 47670476
40906 47670750
3363475 47671203
5874126 47672619
9833348 47672869
1489699 47776820
40559551 47778926
409477 47794129
7114634 47799118
8161751 47831215
22981638 47837915
1131390 47838032
7114617 47866870
2396879 47870091
587803 47898651
6859278 47906947
670320 47936549
8112833 47938247
409482 47985712
20281360 48050103
21949611 48053709
3526713 48060032
1198540 48060164
2731448 48060364
22783236 48075968
21957368 48086553
13622068 48163617
8602565 48298501
1345235 48300292
3348442 48319902
15710971 48364903
15389163 48365174
11619859 48368949
7114628 48369738
8144759 48371997
4903888 48381218
12291997 48394116
36906476 48394909
15735237 48404629
8727328 48416887
6397772 48448369
4910260 48495665
5109961 48510380
20032114 48512417
13275336 48518017
5207212 48519316
11167916 48519649
3788252 48572941
1456155 48573333
15583172 48581695
20155 48581709
5608551 48582429
35049274 48584093
48584145 48584150
1131392 48584177
4903911 48584190
4977035 48584202
24171424 48584236
816383 48584611
5603776 48585287
20152 48585486
5987281 48585497
48585506 48585511
7510477 48589929
20937389 48593053
4698440 48593065
8938334 48593128
2873339 48593699
21957365 48601691
28352757 48613542
12536478 48618845
48657108 48657113
48674381 48674386
195032 48679676
37877597 48682889
926899 48688019
17107955 48696064
4446007 48702153
4910258 48702660
22510033 48710157
28903639 48710232
8227441 48711990
37433565 48712873
46640674 48713502
3519896 48713513
4570958 48718760
3519897 48719604
30800595 48719617
7114626 48720624
22822309 48723720
26708743 48739475
21670123 48739810
19013936 48749782
17213229 48750508
15238761 48750528
18994055 48750539
48519661 48755685
48757833 48757838
15291860 48757849
35193380 48761216
4465894 48766472
48766614 48766619
268274 48767693
3363476 48768064
4747161 48768076
2396880 48768128
28566413 48768652
15844249 48774253
24931752 48779038
2159798 48779067
48793082 48793087
14660837 48945343
32418623 48970242
11004516 48971714
42541274 48978575
19953220 48979275
48979360 48979365
8144765 48980130
15718260 48980237
16929605 48989973
11503331 48990052
14456136 48990597
17835409 49001775
7893193 49001827
29785963 49001850
49008719 49008724
7196960 49011973
6539264 49017034
49054142 49054147
3436318 49055712
11619061 49085996
20324313 49086449
2159799 49086715
30980472 49088404
14188852 49089655
8128935 49094835
14859109 49098107
46809704 49098409
13755775 49144813
19713777 49144950
17887879 49144982
17786224 49145322
49148377 49148382
13649850 49153109
17840115 49161719
45016596 49161951
3309330 49163280
7972303 49189876
2752599 49239262
16316765 49239532
5207210 49286926
4461205 49301682
41277042 49308700
670323 49312332
5207211 49312344
14684185 49313709
99154 49373060
13111478 49376196
21055201 49384948
7197407 49385028
1810046 49385057
4555897 49395552
20249031 49395568
11569659 49396973
6432319 49406714
23249503 49409524
14326694 49411102
21223463 49411276
4446005 49411296
15245367 49411307
18405408 49468890
17709974 49489046
26905585 49489881
4446008 49511479
23249640 49512535
17324852 49513523
37508215 49513877
49514442 49514447
8136990 49515434
19391560 49518575
3410482 49529884
4698817 49535116
49538073 49538078
4766615 49538821
3661727 49539482
49540440 49540445
26905580 49545110
13510912 49545576
15767 49545590
45371939 49545604
4475196 49558906
905338 49558925
15019893 49578903
4836639 49581333
15886527 49582373
11615486 49583412
9173227 49590459
7314957 49591827
45016598 49606739
6208917 49612033
14491863 49612085
6385353 49620980
21221789 49631574
46688939 49631590
4876872 49631846
16058184 49634684
13649513 49636909
12335604 49640104
4911132 49640119
5076580 49640182
49640223 49640228
15445125 49640303
16634390 49640425
4911405 49640442
35251815 49640460
21596801 49641837
1056640 49641853
12162028 49641868
15238762 49641885
39551896 49641900
34969127 49641915
7102806 49641930
18863425 49641945
40650981 49643906
21957369 49644248
27538642 49668451
28990295 49676086
8226907 49679546
4992028 49692721
49693720 49693725
8152204 49693738
4965107 49701652
36013713 49707124
22002195 49715538
49720083 49720088
12390556 49720339
19233068 49720554
5038514 49726293
8914018 49727523
27967601 49727639
8163045 49729215
6398020 49729352
5047923 49734698
5584705 49737214
7197044 49747779
25537605 49751176
3537520 49751187
8226906 49751204
26708738 49760431
12113363 49760715
12285249 49760800
46506200 49760817
27528834 49760845
49776533 49776538
49783577 49783582
5082474 49783906
15808837 49783925
19308565 49784668
32433314 49786341
1265618 49818229
8167062 49826840
13648946 49834444
5207209 49842525
13559510 49844414
5209643 49844521
49848722 49848727
9311655 49849016
162381 49849033
28357126 49849914
4465896 49850034
35599592 49850047
8112829 49853574
2018218 49853655
41966695 49928481
41525617 49928498
1361143 49983948
50006962 50006967
50025702 50025707
35553534 50025938
50028204 50028209
99155 50041259
99156 50041270
50041277 50041282
35671141 50041817
7340129 50042085
5038517 50044652
1612904 50044786
18863430 50044828
15886528 50044922
705042 50044945
5820618 50045013
27539013 50049049
41291684 50050480
19711301 50055798
6398148 50056441
5602803 50057271
32084852 50057772
9174043 50062586
8930761 50062969
48945355 50067845
37506509 50068522
10846740 50071056
3661728 50109723
28340583 50110535
6312391 50111101
8283811 50169020
8335654 50170045
13054752 50185904
28377257 50202196
840064 50206768
45491162 50246748
8333985 50248791
7912329 50251509
20035011 50252999
19366479 50253014
15729539 50253137
47963556 50253822
9950966 50253902
5862571 50253917
13253470 50254169
6459853 50254443
12706467 50254866
964280 50254997
5866622 50256528
29007494 50256989
19947309 50257235
19947705 50257640
305574 50257901
32419785 50261784
14356723 50261800
3284525 50261817
28856631 50261834
20470638 50262026
20049983 50262080
17535247 50262576
6406377 50262600
25648154 50262667
50262779 50262784
28840888 50262992
5876051 50263584
6462067 50324264
50327674 50327679
19398554 50327699
40441094 50327755
34331917 50332214
32728069 50333959
28024147 50335380
50337360 50337365
15421271 50339632
29621731 50339654
29454 50340285
33052526 50340553
50340947 50340952
7837023 50345754
2931619 50346628
32751821 50347617
5972400 50347641
6005304 50351430
12914601 50359179
16204830 50371289
33010112 50374361
50385561 50385566
26563911 50385760
50386003 50386008
14359822 50434511
18124693 50445448
50499297 50499302
50499315 50499320
9494416 50499857
36932562 50502913
32915381 50503059
34200614 50541051
26455 50541238
13524744 50557617
13129071 50576325
25032540 50578336
50579544 50579549
34740112 50579788
50583754 50583759
7740598 50585303
50585326 50585331
5986067 50586218
26777286 50587487
7104061 50594555
4479969 50610216
12706470 50612891
41347728 50619921
33863414 50619938
50619945 50619950
28351877 50619963
5870751 50619983
15831122 50620036
23554 50621171
23553 50621182
30800537 50622291
7837046 50629295
9430133 50630477
26459 50632780
7972304 50633075
12399591 50633614
4829067 50634127
4030703 50635506
5198681 50636500
50621536 50637236
861137 50643621
17036524 50643795
6423574 50643844
35666910 50643915
32058203 50652271
7794417 50652303
22402811 50654052
9336997 50654078
13648795 50654486
34332429 50654951
9885966 50655028
18855967 50657441
22128982 50658833
28023001 50658867
21257628 50658892
1375218 50659086
50652887 50659952
21517010 50659973
20420932 50660470
50660656 50660661
5581821 50664961
40553829 50665605
36003128 50665709
4705241 50667560
41074531 50668066
26878686 50668621
33124008 50671834
26457 50677740
616548 50678457
6455747 50685760
21778459 50685858
18537807 50687392
15174519 50689093
27436049 50689109
50689319 50689324
21555717 50689713
13693782 50689895
37450429 50690421
30742098 50733281
18405407 50746611
13240968 50764564
35336618 50765950
2562973 50769678
28928867 50882012
7644245 50883953
1506149 50888318
6518453 50888337
25179959 50888353
15440186 50893294
6728515 50897255
33863415 50897307
10502246 50899329
46862122 50899921
9885967 50900092
24635655 50900216
27145179 50911609
20457773 50911633
19082071 50915493
21574386 50917652
33009805 50921167
5580690 50922489
18869101 50931570
1822984 50942915
46385575 50971207
2192873 50981344
34357806 50997277
51012257 51012262
22859444 51032377
28874912 51075567
22146915 51075803
11027922 51078732
49006513 51078774
7908809 51080427
34345921 51080478
22443413 51105595
20938730 51106838
42802033 51121529
23955650 51121678
23958157 51125191
18733090 51132248
14835794 51166258
39645784 51168677
1040058 51168692
14270175 51168709
7082595 51168806
13667343 51169064
51169082 51169087
7086094 51171534
14273714 51172121
51175905 51175910
41439546 51175932
21249201 51176088
4368302 51176116
46508143 51177575
51177635 51177640
721127 51179124
7096703 51179651
33985422 51181643
21778047 51184680
22117129 51185132
14289290 51186831
7932344 51187484
19366492 51188342
17850564 51189728
51179169 51192288
29953855 51193063
51193070 51193075
23219385 51193884
14845008 51194162
7690774 51194326
51196800 51196805
7117947 51198718
7117948 51198735
30066734 51211884
7526785 51233928
2318017 51234787
12913604 51237557
14353974 51240002
14350301 51241121
2644824 51243854
51247062 51247067
21094774 51248566
33726621 51249108
14360292 51249218
7185786 51255365
4898694 51256370
509774 51259774
36801385 51262780
25728914 51263755
7967750 51265913
7287397 51343914
51343941 51343946
32554953 51345246
10998605 51346904
1777799 51352428
51353262 51353267
7696618 51354644
5581820 51355137
26396242 51360087
45695231 51360784
29949096 51361499
7308531 51361518
51355250 51368300
22438254 51368446
14932111 51371339
7321430 51371469
21643535 51371491
19320986 51380240
7333679 51380360
51385470 51385475
22891300 51385549
28816215 51387482
21241920 51391742
11214666 51394465
45505666 51394481
25588916 51424161
34161311 51482511
7924919 51485545
8388643 51486304
27505892 51486595
7813886 51495749
16647232 51499088
40343630 51499241
11619063 51500974
51500988 51500993
6441551 51505646
8801688 51513612
11015598 51536729
4039616 51548383
50665715 51561499
51608349 51608354
39016952 51609019
46931291 51609976
22881645 51609989
47200818 51610005
24314945 51610834
732782 51615414
51616657 51616662
46925065 51617783
9281619 51617799
7794441 51630388
10227033 51635154
34950254 51653673
22842060 51654045
40282120 51656842
7691501 51657653
8358164 51659822
27963218 51662154
51630061 51662170
46535574 51662192
23645588 51662256
7697985 51663555
6845841 51665972
7705287 51668913
27994501 51682922
17907867 51683704
7739573 51695036
30726157 51700937
13959576 51700957
14891530 51703030
23294512 51711219
252490 51711280
35088937 51716293
35839567 51725380
229466 51731883
14986063 51735300
48418110 51735319
14938923 51738003
4080353 51739691
21952856 51740336
34253307 51740446
40242263 51741182
13959797 51741223
35063640 51741825
51742405 51742410
7816044 51748835
7816761 51748908
23391075 51756756
34577183 51756797
8875043 51758379
7105523 51758394
6542213 51767446
36060058 51767592
16159292 51767611
6441555 51768037
1413350 51773478
21068754 51773490
3693067 51780932
46131961 51797599
15024539 51813843
8472487 51820089
7893569 51820154
22133244 51820223
21734296 51820240
4036326 51820281
28160813 51820768
28981993 51822929
21636303 51830699
7943806 51832134
5684416 51832233
40342807 51840070
6786134 51847319
34572016 51847337
27505893 51847355
1959508 51847372
29768386 51847833
45886406 51858153
7950383 51862096
35388713 51865064
35061353 51877826
40139667 51877861
8901655 51877878
7891187 51881636
7784776 51881653
30347548 51881679
15352187 51881710
51881720 51881725
4595475 51881787
36380989 51890296
1206023 51890309
51898968 51898973
51898989 51898994
34960309 51899011
40451256 51899028
15111398 51899040
14838559 51899065
51899196 51899201
14838560 51907251
28047750 51914448
5210069 51914476
22344817 51914623
40441095 51919794
51919811 51919816
46286700 51924685
24708328 51940288
51942216 51942221
8055631 51950325
40294788 51950745
15200965 51966171
51966969 51966974
36489309 51974991
8089982 51979139
41153240 51987714
21949770 51988377
15650982 51991910
15228515 51991921
29030471 51992466
2870686 51994733
51982342 51995279
51998307 51998312
