337 10957
337 10958
665 17517
665 17518
21754 21764
24940 24954
27797 27811
28111 24954
15440 28256
31303 31310
31303 339
37806 37809
37814 37819
37844 1781
27617 37854
37907 851
37961 37966
37983 37987
37983 33966
38152 38157
38152 38158
63202 63207
63831 63836
63962 63968
64075 14350
64214 2658
64267 64275
64588 64597
64802 64806
65181 65184
67340 26480
67356 39607
70133 70141
70471 167
70798 70805
70819 70826
70886 70889
70895 70902
70942 70950
70957 26480
71056 339
71064 71068
71110 38158
71110 71115
71245 70141
21561 71394
70607 71511
70607 71512
71568 71573
71859 71867
71859 71868
71859 71869
71859 71870
71921 71925
71941 71944
71979 71982
72001 72004
72010 72013
72038 72044
72074 72079
72087 72090
72145 72149
74090 74095
74097 74100
74104 17393
74189 339
74568 339
74938 53056
75233 339
75317 17393
75457 75461
75457 75462
75457 75463
75457 75464
75487 26480
75548 75552
15231 70141
75695 339
75745 75750
75762 75771
75785 75791
75818 70141
75839 70141
75868 75871
18320 71068
75982 75989
76092 76097
76187 17393
76220 66027
76339 76345
76517 76521
75709 339
87200 87211
109999 70141
110053 80667
110077 110085
110094 38277
110104 33966
110195 38157
110202 339
110209 17393
110219 110224
110229 59757
110263 33966
110280 110287
110369 110372
110369 37819
51984 339
110603 110606
255206 255209
295820 66027
295941 295947
318465 38277
374875 51316
644157 644166
721772 721775
817784 162428
931899 51316
1021683 33980
1083260 1083263
1150031 207737
1170303 66027
1185186 738894
1244231 38157
1394518 1178854
1438496 339
1441296 685989
1582169 326198
1589121 33966
1635368 17393
1683272 25217
1693834 1781
1796265 37966
1838852 814093
1844253 74095
1912670 71655
1912670 12494
1970080 61462
1972908 71068
1983069 339
1989215 122287
1991949 71867
1992329 176332
2244814 71492
2296459 2296464
2402293 339
2403765 339
2407876 1800
2477737 108988
2717158 120289
2733133 10132
2734839 64806
2786269 27867
2803394 829156
2814836 339
2816347 122192
2840534 51499
2844112 59757
2922316 1782
2952379 64806
2971532 2971534
2972790 54787
3029166 31310
3230928 760
3284834 71078
3491243 339
3510324 38158
3510324 145046
3754937 344889
3754945 35768
4311928 4311931
4311936 4311939
4601728 51900
4898840 339
5685217 58640
78863 8114057
78863 70826
78863 8114058
78863 8114059
18765 312888
1961743 8130534
1961743 648969
1961743 8130535
79097 8131978
21439 331739
21439 8132411
21439 8132412
96865 63141
112062 110085
449326 8132813
449326 8132814
2145565 8132885
8140360 812739
8140390 87211
250916 5116000
8140586 74100
8140625 401889
2212198 2180318
8140647 284760
8140652 4334130
4040011 70141
3176737 339
6858915 339
64228 878002
8157178 1782
717558 8158668
2950537 851
2236247 26480
8160612 80667
414777 8161148
8161374 1240619
8161479 40433
8161522 1600502
8161560 114238
6824182 8161574
6824182 8161575
8161629 8161633
8161652 75750
8161730 8161735
8161806 676591
5082792 24954
112284 8162005
8162090 33966
8162155 66027
156826 1600502
59722 8162322
8162343 287940
8162669 845191
8162686 57738
8162765 95647
8162765 110085
8162787 914695
8162808 592437
845648 37819
8162843 8162847
8162853 70141
673680 1087253
8162892 61462
4469792 70141
835614 365290
8163975 8163978
8163979 25217
8164005 110224
8164168 14350
8164198 31310
8164291 70141
8164307 38158
8164326 51316
8164551 644166
8164558 339
8164566 64806
1946072 8164580
8164727 339
8164760 76515
8164773 127720
1561178 40429
8165068 83220
8165176 8165190
8165176 339
8165302 91238
8165336 8165340
2236604 54913
5197483 8165394
8165409 4474238
8165496 4683650
8165550 26480
8165557 209872
2917812 240450
8165617 176332
8165646 339
7940692 306555
402852 331739
8190419 162
8190419 42611
8190419 1800
8190419 339
5987756 1600502
8190431 38277
8190438 145046
8190479 8190483
8190537 68971
8190544 2658
4307044 582514
8190589 66027
8190624 339
8190634 8190637
8190642 25217
8190658 2658
8190756 1549766
1753184 8329282
152864 3793793
8561883 339
1456 8731825
8787927 339
8893451 507617
8910943 339
8911718 71869
8933211 339
3519557 339
9067962 1161752
9122138 161801
9171306 26480
9175353 339
9192709 1050799
1992628 1800
9240206 66027
9381808 339
9423817 71869
9441110 26106
9461380 71869
9537814 33980
9537852 108988
9541064 126275
9557725 781781
9570322 161801
9592177 74095
9596756 44810
9635081 1743902
9666900 339
9668315 292139
9668418 9668421
9668784 145046
9672316 9672317
9685328 71867
9703830 312738
9789526 268457
9790379 71867
9864168 78420
10003743 214501
10003743 61462
10039950 10039954
10093339 145046
10167202 10167207
10177400 10393
10192697 1988
10243385 327529
10351790 2658
10389595 75462
10404237 4470796
10404237 74095
10418680 4471721
10492179 725478
10501455 107771
10523965 71867
10537069 33980
10573969 76345
10614541 71868
10655627 1501
10895301 339
10901771 71867
10901791 110085
10901796 243097
10901813 384557
10946034 10946035
11007914 2658
11007920 161801
11007930 71078
11008011 754547
3510388 11008022
11636398 339
11641256 339
12147955 339
12154379 63141
12215340 12215341
12501419 339
12983877 53462
13596365 351991
13619839 75989
14024815 14024816
239971 15238240
239971 4454413
108739 15244652
108739 66027
108739 15244653
108739 8132814
5224 15254399
5224 617997
5224 15254400
5224 15254401
90125 83220
936899 64806
936899 71867
1904595 63141
228305 15256787
228305 15256788
228305 98988
112311 21764
112311 36007
243220 15258972
3112658 15262796
15262807 851
19818 8415527
9128150 130011
15262853 74095
199536 15262880
15262907 15262916
10714375 15262930
242342 74095
15273953 3234
105137 15275129
4802437 3164815
4802437 28185
4802437 15275368
3104491 38157
8498572 599955
15278385 38420
15278426 760
5852315 4464981
15279674 70805
15279877 117242
8116597 15280300
15281243 12457
15281594 33967
15281690 2033283
10259 28256
15281805 161801
15281810 51316
12094059 66027
15281845 76345
15281852 331739
15281857 9813057
2234812 591169
292594 648969
9865591 15282066
6809247 1161752
15282112 7502
1680106 15282133
15282144 599955
15282151 760
15282158 25217
15282158 54787
6813942 15282196
15282241 63141
15282272 71573
15282289 982261
15282297 108988
15282336 33980
2782566 8328651
15282388 319907
81043 110224
24361 63141
15282595 38157
15282618 15282622
15282825 339
2681269 344569
15283734 83220
15283835 15283843
15283835 15283844
15283866 1941150
41305 339
15283975 15283977
15284154 15284159
570153 339
15284273 15284276
15284393 339
324152 339
15284478 1782
712294 15284620
15284633 339
4175231 682051
15284761 51316
11463 15284869
1472625 15284979
124842 322510
8116039 2392098
15285089 981593
15285417 299076
15285463 187420
15285471 15285477
15285508 15285520
15285536 339
357986 339
15285637 339
15285660 254438
70142 339
15239608 353875
15307013 145046
15307053 712525
15307095 982255
15307095 11633527
15307108 39607
15307150 1940920
15307150 15307154
15307187 94665
15307192 237154
14069801 68971
15307242 63141
15307347 339
15307376 1782
15401056 738894
288223 15431560
15461347 26480
689229 1800
689229 10393
8584703 331739
8584703 15704241
15754791 1407796
15784781 74100
8164593 697485
15822532 15822534
18659 339
15886256 33968
15890564 4769156
15950264 52587
15990189 64806
16207576 386760
16420999 159705
8165294 306555
16486497 71867
16538916 64806
16540696 200892
16552554 196194
16576495 729910
16626151 16626159
16676387 33967
16691305 87211
16693929 54787
14069307 8569532
16694572 339
16694919 1198338
16701412 3228832
16703850 32735
16824862 71867
17067358 1058009
17286581 12494
17300224 4473084
17323673 38277
17402093 100325
17402199 1058770
17512563 344889
17557805 1501
17557805 40490
6859106 1058009
17730469 33966
17730469 9813056
17821384 4475637
17905060 17905061
18240068 469048
19067007 63207
2622077 339
19784762 8387661
19933212 130126
20407003 71869
21035902 318700
21876522 37966
6478 21939989
6478 21939990
6478 4471674
1888 21942516
15232 21952361
23815 21953481
17319 36007
588284 3233554
389543 21764
37025 8161148
36315 71068
70542 21954172
882827 21954320
882827 349166
11035 21954353
11035 303442
11035 18383472
11035 15974907
1004914 21954376
4771 8258009
4771 21954441
4771 21954442
4771 21954443
284577 418116
284577 3512181
284577 21957214
284577 913728
284577 10793949
217208 21960059
21967309 8078
545726 21970986
7342755 70902
7342755 21971121
21972972 33966
4092803 379681
21973046 57402
1079016 52587
21973845 80718
121167 327321
1385451 4464981
162421 339
8114082 4473314
17566163 21977017
21977130 38158
21977130 469048
21977130 21977139
15847673 8755881
18416723 110606
2147319 10740301
21977341 122306
15066133 33968
21977382 2058
38805 23242
443351 21977437
21977458 21977465
21977479 71078
565971 21977549
565971 582514
21977637 1990423
9817801 599955
2172107 21977677
2155979 13978545
21977703 33980
6859116 391
2240213 339
17626923 8078
8116402 677069
113311 327321
113311 21977822
113311 21977823
113311 21977824
113311 21977825
113311 21977826
8866592 871570
8298554 344569
21977913 21977916
8117178 76515
1503414 331739
15248529 4321058
21978109 2775261
9848 582514
9848 869305
9848 351991
14031454 4473084
21978334 87211
21978341 71573
21979381 13553988
8124541 465750
736023 35768
736023 339
13611448 339
8688114 39662
21980250 71867
1485423 515551
21980489 339
2390176 21980649
2012407 70141
17810 8161148
12919625 451996
21980871 634007
2363734 1198338
21980914 26480
16415889 339
21981032 300129
21981054 14004780
6858958 38158
6858958 21981175
21981286 781781
11635366 339
14045727 70826
9645109 339
21981384 339
1976622 10113391
21981448 339
21981465 51316
10645533 339
21981515 5980921
21994761 66027
8117360 22002360
22002424 52587
22002469 4475637
399140 209872
22002523 554788
2166316 4471837
6545820 108988
22002558 410511
22002595 28256
22002685 76345
14092236 263640
22002858 730851
22031486 87211
6804153 22171915
143143 94665
22439333 829156
22121653 339
523878 21740
22605783 22605788
2422398 213120
22652581 22652583
22654087 339
2363733 71867
2363733 57738
22686155 250240
988947 22925975
13997003 312738
13997003 4462366
13997003 159606
22947490 339
23049819 39607
23054463 4471148
2976797 23059578
23060005 339
23085235 339
6853399 39068
6820651 249872
23146454 23146457
23161133 339
23170136 876970
23185730 74005
23206326 339
23238575 161801
23238984 82812
23260296 829156
23267176 51316
23267647 339
23271449 8459645
23274434 209872
23291631 339
23295474 339
23305083 344889
23305235 981883
23317357 712525
23329397 339
23407915 71982
23518212 25643
23518352 145046
23550287 11484542
23737485 162
23737485 339
23881190 1291
23883539 23883545
23890691 1161752
23918735 339
23924920 91238
23924920 23924925
23926155 829156
23931844 24725
23980627 339
23982407 339
24031367 451996
24100020 3453017
6862753 1781
24123305 339
24259407 38277
24259413 38277
24385620 292139
24385625 11593160
24684311 190148
25027163 671886
25119149 14350
25119149 1781
25119149 1782
25119149 750
25364289 11594932
25392021 61462
201382 70141
7329 28348701
28352072 4471015
28352072 2346669
28352072 37854
83529 582514
29021 28352832
29021 6237205
29021 200892
46199 28354294
343213 28354399
5037 28354489
68663 24954
381807 4457783
381807 28354608
32193 11577801
873523 22792375
6809098 255260
27253694 56541
666 176332
19320 28360175
322472 4474595
322472 8165340
1719492 11740213
27219328 35465
28367523 1595555
147361 200892
20781495 161323
28375377 38158
4718264 982261
6840164 319907
28375702 8111268
28375778 327321
1564038 655955
1372380 28375852
28375860 141321
814314 28375886
814314 24954
22445620 11793502
28375916 28375919
28375964 749276
11036 322510
28376109 1781
2149851 28376195
4328465 28376232
2097719 7008662
28376283 8357651
28376283 25172651
3095082 1597331
8866591 1381122
5197475 38277
2186235 11885901
28376579 344889
28376703 11885926
28376722 300129
6858935 27571
9931423 33968
9931423 28376892
9931423 2039641
1188745 1087252
1188745 871570
1188745 28376956
1830679 51316
1830679 40429
1830679 26480
28377050 107117
27238294 176332
1146237 94665
16590443 749276
223459 83220
3277587 28377323
7844210 1600502
7844210 979995
28377384 306555
6820645 5807
6820645 339
28378189 11842823
15665613 26480
14069717 339
4560608 1046945
28378415 63141
9437390 18639021
28378501 1782
8692642 1940920
8165186 28378704
28378766 33966
28378781 145046
2119575 161801
28379292 39068
111821 676591
284345 349166
3121804 339
3097810 9813056
22358055 339
2541296 31310
28379877 63141
19923974 28399466
17648969 63141
28399559 717551
4215487 74100
4215487 87211
28399623 28399630
24448240 339
14124147 2658
28399702 832672
28399746 71867
162332 6237205
162332 3793794
17579183 339
17934913 339
8539569 25289002
28617735 154
4067378 57738
28717386 339
29008605 16341899
29026659 33968
13567611 312738
2359216 161801
29239503 1782
29314439 451996
20814239 312738
20814239 64806
22493312 29376095
29378617 145046
29392222 29392229
1060016 83220
14049581 29427378
2488229 1782
20820285 1387280
29439011 167
29444224 77806
1901226 122306
29521470 339
29537604 33980
15990195 40429
29587305 1289209
29587318 70826
6877588 33966
29649561 38157
29649578 38158
29650436 29650440
6886706 176891
29651788 61462
29662110 339
29663313 70628
29665317 3250423
22429696 161801
29750111 74095
29750117 17393
29750221 74100
29750290 15287347
29750497 25287421
15278796 339
29878813 132215
30035031 66027
30199657 145046
30209155 25217
30209155 95430
30212137 331177
30217246 71867
30300091 850326
30331358 33967
30350911 1990423
30390226 40419
30436127 300129
30455372 40490
30565241 38277
30601621 914291
30602072 95430
30688124 38157
30688130 1998866
30752622 71869
30766558 317172
31221785 339
31405085 84809
31405095 154
31405095 154
31439289 17393
32496837 20958739
34466869 53817
3658 1781
7330 34531474
7330 34531475
7330 34531476
7330 34531477
197350 34531527
197350 34531528
65408 34536241
11 582514
34539248 110591
88940 34540518
59526 3526
288222 4321058
21775 582514
281863 28256
689745 34541257
1456800 8415527
1456800 34547001
1456800 34547002
24051529 9813057
7552868 3228832
920506 4464981
14066355 331177
27253682 4457565
242298 4150653
25902832 57437
34547112 102998
34547119 3275103
14037790 33967
39384 110085
17372095 34552481
34553335 339
1934802 37966
1934802 339
162422 339
2189756 74095
16464215 52587
1668107 1087252
34559765 16807857
3897982 339
428641 34560179
9861637 2925339
1484211 139501
30525071 10117
16454152 344889
8125160 110085
8125160 11484542
34561686 8312380
84276 74095
33833695 6552
15208354 26480
34561782 349166
34561808 306555
20781504 35768
27253669 349234
15234 34561886
1678864 34561904
405441 353875
1291929 74095
1109319 2874599
2234438 329293
34561981 8312380
14027321 64806
94365 34562012
4205290 4475517
17588421 8258009
1575148 11886151
1575148 34562183
1575148 74095
4179997 1597331
34562420 71869
81317 4470724
8748826 33968
8114081 331739
34563158 10098
34563190 385961
34563217 38157
34563676 14350
4214 64806
10368757 582514
34563868 33968
8692641 2222161
1903547 80667
17811 21764
15906066 427723
15906066 8610145
20772172 110085
34565102 33967
17590539 894754
3285397 365290
34565156 894754
21947888 243097
6862758 18756525
9562505 763230
16415890 339
16633679 34583287
34583312 2106735
34583346 339
33407048 14350
8116933 88788
8116933 122192
1982338 71511
34583440 5807
14061472 25217
34583505 384616
34583638 64806
7944364 599955
770562 349166
34741476 433281
28548167 76515
34752267 33968
34852602 64806
34907238 28185
13999277 887405
35007455 64806
18613795 397105
16019811 39607
33435054 1059186
14066281 339
10642568 145046
23267181 80667
15696568 339
35315026 10098
35522896 28185
3183238 648969
35536819 749276
35549447 761143
35549447 139509
35585744 76345
35612144 889574
15903001 71868
35619600 4371475
35658175 110224
35665845 339
6886844 26106
35715799 748041
14061615 71078
35716434 719650
35743849 35743854
35743849 35743855
35765215 887405
567292 1781
35780107 72673
35803875 300129
35804355 850326
35804437 284760
35804517 145046
35805192 35805197
35805447 306555
35817418 76345
35817418 1144833
35817475 63141
35825313 40490
10606191 54787
35831252 518573
14092204 33966
3155364 61462
35902922 23476
35937303 11887309
35965733 66027
36028790 11877431
36061604 263649
36100205 9052468
5047850 8111268
36337460 715681
36347370 75871
7906777 757987
36373794 71655
36406139 33967
36462999 339
6886839 2058
27241000 122306
36726317 33980
33483437 33967
36800041 751800
36861566 209872
36875471 40490
36890822 33968
34558188 14060508
37655126 119479
37730423 37819
38539239 126275
38539251 956038
36314 70141
36314 145046
36314 33980
13 589395
13 1049586
10713 40514946
10713 11885597
285391 40519445
36656 40521904
36656 490847
23955 40525364
23955 40525365
8126 40525549
322474 40527105
322474 16144792
17562355 2732362
8288554 126275
8288554 14429
14013465 39772
1196456 40531446
971966 843251
825197 80667
2603 40531998
2603 40531999
238435 71573
238435 63141
238435 290358
1793151 871570
10714065 33968
2258244 331177
20817280 1800
20817280 162
20817280 339
40543644 25217
24224583 66027
5085874 40544646
149841 31572274
2425322 832672
40546215 40546220
15433291 22792375
1987020 3428196
40546384 11593160
40546519 38157
10606408 74095
1950954 4150150
51983 145046
320247 825169
35059439 7502
2570440 7035934
2570440 40546690
24090108 4835
40546737 22777
4191597 37819
20817264 71078
27246517 340903
28894108 71078
21019971 110085
22425318 215715
312737 71573
1557425 26480
1998529 4151070
10652341 40546972
8675507 143943
15238994 40547163
35072452 404092
40547179 339
40547186 433281
1680102 53056
40548145 820091
30360012 83220
40548329 87211
11641184 339
6820620 339
40548683 339
10701497 26480
6948394 9668421
9496266 40548891
160062 15414581
23412450 8369163
34530412 33968
717557 8258009
17649145 851
40549530 54787
40549530 162
40549530 2658
40549535 25217
39475039 17247
6808755 27953
17921867 674212
17921867 28504077
40560151 339
40567829 40567832
40567871 339
40567963 11885926
40567968 26398
6853393 1782
40568032 8371446
40568073 292139
40568171 1474014
40568205 339
17285949 74100
25118678 20359312
20816913 14350
40884382 40429
1250 40994164
1250 40994165
41020957 41020965
41123985 2180318
14095273 110606
41150524 14350
41165293 161801
38685788 300129
1262839 70141
41269742 66027
5851646 87211
5851646 41364830
30787012 6366009
41493800 38158
20824570 209872
33509063 1781
14083955 4462
41555668 339
41557030 10098
41559067 1291
8383327 200892
13997004 4311939
41600556 8875392
41627315 124228
41651241 300129
41669134 62032
41672188 4471020
41701748 71078
34877779 8312380
14092519 451996
1457 66027
41761688 281633
41762260 469048
41764282 108988
41764362 243097
41803862 41803863
41831584 39607
26402664 4464488
41856773 71867
41856787 87211
41856793 40429
41856857 4474238
41944993 64806
33475736 546301
42127413 76345
42283797 344889
42283797 519774
42283872 33980
42316102 187420
42330039 24725
21835115 37966
42388995 644166
42395212 37966
17261528 339
42439964 16360444
42542578 2271083
6865888 53147
39497528 24725
42659739 339
42723862 61462
42814098 14350
42944937 37987
42951722 33966
43290815 40429
43901906 2658
44415118 49011
44648584 61462
45270082 161801
45292307 96162
45716014 416018
3491246 339
12 46342904
12 46342905
12 46342906
12 46342907
7257 46344264
7257 11878552
15714 46352169
15714 749276
19816 46354467
156448 365290
105822 9710083
112901 110224
1996 4475433
44738 46356415
404307 46356427
404307 46356428
404307 33968
5521 46356446
5521 162428
5403 3793793
111939 883872
24969 70141
137801 46357029
137801 22584811
137801 46357030
137801 46357031
137801 28530139
8363852 2058
16962612 107771
16962612 8765801
16962612 119395
16962612 38277
16962612 44582
16962612 432456
16962612 339
322473 18759315
322473 46361851
322473 6366009
87496 292139
27214737 451996
10709183 26480
46368071 339
97185 110085
2210864 4473147
4561305 46373712
2700861 25217
20814494 873970
162423 4475562
5086951 46374949
2346792 46375262
46375270 339
6824168 70141
8524507 11251422
8524507 46376532
362362 12457
23082653 339
46376569 162426
40787919 46376581
40787919 26480
46376605 176332
38804 344569
1051205 982261
46376670 63141
2552583 4475517
2552583 33968
614747 363615
16676601 1117878
46376736 59757
6862685 130065
24165564 40429
8990580 11878144
46376842 63207
4202196 40490
46376890 829156
2043566 8300946
46376951 145046
46376951 145046
46376995 894754
6859118 71078
34529139 8346132
1623802 4234415
14031467 71867
29319981 70141
28347340 71867
45348181 108988
46378372 850326
46378377 46378379
28721914 72149
10195970 1800
45272561 1161752
9768599 339
16814043 33966
46378594 339
24483383 74100
70732 339
6864505 9871013
29811608 176332
46378800 9969049
46378891 9276786
45371601 339
46378961 71867
46379100 1782
46379135 4462345
45313224 339
46379238 339
8657376 339
8268709 76345
14092252 161801
75556 87211
2888434 46379582
1620830 26480
46379993 28809180
46380049 749798
3181912 33967
21947887 15707384
24221948 4475076
8114080 4475637
359272 339
30484297 331739
416254 38277
17639957 339
42194680 15352950
6870477 80667
46397787 110571
46397904 15952504
14061511 837073
8359865 46397939
3094691 869305
31007714 3234
5681621 46349077
6862620 344889
46398055 300129
29267045 110372
46415902 2180318
24671542 70628
7905800 9339560
46484078 25217
9107652 66027
23990967 71867
46740912 14006
46776236 75462
4210401 1600502
40641243 6719834
46826072 11877431
46841785 339
24222093 33967
45298157 41252
45328309 749582
36121960 46926157
2917813 80667
8276391 339
14337435 65184
43233819 47163703
33401878 1781
47173286 339
14039222 64806
14039222 300129
29319980 4457565
47327682 33968
33462774 63141
45943976 33966
47373846 339
8363853 339
47418813 1362861
20781480 71869
27274228 87211
8301551 9693642
18446252 63141
47517111 39662
10715349 63141
47524823 339
6865882 300129
110133 300129
47548375 209872
47550573 344889
47575703 64806
8417357 11877434
47640412 38157
47640608 37560939
47640733 339
39418981 71078
48045487 763230
48050964 306555
48051105 344804
48061315 339
48129746 2658
48129746 2058
48129746 2658
975039 48131220
48143993 40490
48145916 519774
48168249 100168
48177378 10098
48190196 71869
48197415 404092
48197415 432380
48197415 306556
48223598 4475076
48223598 40429
48223598 176332
14124239 38277
48259705 37819
48366126 167
48387941 66027
48398715 2658
39457981 654656
48399579 64806
48401283 64806
48479274 39068
48479281 519375
48539797 33967
42944942 3332442
48568011 76345
48973772 8881778
49184317 427723
50110872 35768
