17907 17912
33949 3915
52377 52378
59770 59774
59775 23109
59775 59827
59775 59828
79087 34217
79087 34218
108665 108668
161342 161343
187237 3915
274910 274911
282558 282559
282558 282560
301716 23109
302327 302331
311464 34217
320419 320420
329006 320420
330700 330701
330988 330989
344002 344003
355345 355346
356451 3915
358783 358784
387984 3915
395693 52378
433753 433754
433753 433755
519622 519625
546156 546157
650533 650534
713731 3915
724550 724551
733139 733140
741190 3915
742603 52378
760243 760244
764397 3915
790899 790903
795869 358784
798634 798638
807400 23109
851271 3915
873055 52378
876485 650534
910769 52378
929586 320420
936403 3915
1004904 3915
1006478 33483
1006551 3915
1013050 3915
1039667 3915
1051247 3920
1061299 3915
1071573 1071574
1072710 3915
1075416 320420
1108626 3915
1198581 733140
1203512 256951
1255507 320420
1256955 3920
1257951 3915
1278388 3915
1341422 3915
1346481 3915
1368745 3915
1386201 3920
1400161 3915
1400578 3915
1427655 3915
1446839 320420
1460958 3915
1483635 3915
1484218 3915
1526740 52378
1571848 3920
1594948 3915
1620406 3915
1637149 1637150
1678586 1637150
1696714 274911
1722757 52378
1746110 1746111
1772186 23109
1774332 274911
1987587 3915
2003772 289514
2042426 3920
2084813 3915
2100711 33483
2178187 2178188
2439633 2439634
2527160 3915
2564015 358784
2612937 59774
2747548 320420
2851248 1746111
2851249 2851250
2921408 433754
2921408 433755
2973548 3915
3197962 23109
3255301 724551
3256585 3915
2617034 302331
3261605 3915
3306205 3920
3387830 3915
3432699 3915
3444557 320420
3494608 3915
3511092 3920
3679158 3679159
4058952 3915
4059577 3915
4059857 3915
4059870 3915
4063367 3915
4067518 3915
4068562 3915
4069109 3915
4069854 3915
4069899 3915
4190687 320420
4329360 3915
4329588 3915
4564482 3915
4564620 3915
4596174 3915
4596531 3915
4598464 3915
4736769 3915
4876863 3915
4907171 4898615
4910851 3920
4912418 353263
4912418 4912419
4993815 161343
4993844 161343
5185689 3915
5188152 4898615
5607767 3920
5609116 358784
5854549 3915
5859377 3920
5860048 358784
5864278 5864279
5876901 358784
5876902 3920
5876905 320420
5876912 358784
5876913 3915
5876916 3915
5876926 3920
6000427 3915
6405117 23109
6729459 34214
6729765 826078
6851227 3920
6851232 3920
7486625 7486626
7520652 7520653
7693034 3915
7694857 7486626
7694858 161343
7694859 7694860
7694861 33772
2682732 58977
2682732 52378
8149664 2178188
8149664 8149665
274914 34194
274914 34213
8162188 330701
8167056 23109
282563 17884
282563 8178748
8180123 3915
8223729 289514
8225641 320420
8325645 302331
8331025 4898615
8331025 8331027
8333552 358784
8340313 3915
8349299 344003
8351970 320420
8356197 320420
8356933 8356934
8389838 3915
8430909 3915
8485192 811572
8566071 358784
8568946 33483
311467 8607064
8662737 353263
8672801 320420
8691105 8691106
8692780 3915
8728588 34217
8732695 8732696
8748208 3915
8765819 330701
8770389 52378
8777367 320420
8131758 3915
8791538 3915
8812122 320420
8815569 358784
8860107 3915
8861222 3915
1571849 3920
8863019 3915
8863957 3915
8866379 3915
8879223 52378
8879925 34218
8884434 4912419
8907560 3915
8920842 320420
8934919 344003
8936436 52378
8957823 3915
8967477 3915
8970805 3915
8978630 3915
9007572 320420
9031077 8682133
9038478 9038479
9057861 3915
9059104 3915
9078435 3915
9115051 3920
9116182 3915
9170537 3915
9179937 330701
9199765 52378
9208559 3915
9214367 3915
9218371 3915
9226421 3915
9249282 320420
9260405 23109
9273036 3915
9278350 5864279
9283404 3915
9311133 3915
9312336 3915
9314702 790903
9316404 3915
9318022 9318023
9322344 8607064
9323733 3915
9375818 3915
9594245 9594246
9619629 320420
9619920 3915
9634623 59774
9663247 3918
9755386 358784
9776820 2178188
9901040 4898615
9904232 9904233
7693035 23109
10066925 3920
10132246 3920
10208883 320420
10277659 3915
10339552 3915
10428683 7694860
10455284 320420
10466408 3915
10496226 33772
10536494 52378
10596589 2851250
10732856 3915
10809818 3915
10817392 3915
10927202 3920
10933943 3915
10999407 7694860
11233694 23109
11510912 3915
11511236 3915
11511843 3915
11513029 3915
11516628 3915
11517925 3915
11518265 3915
11520368 3915
11520791 3915
11569077 3915
11576969 3915
11577015 3915
11578165 3915
11578198 3915
11613530 11613531
11624807 3915
11627592 3915
11628650 8332416
11634476 3915
11654494 358784
11662707 3915
11662726 3915
11753628 3915
11796537 3915
11801543 3915
11971215 3915
12000069 3915
12074296 3915
12083325 3915
12150574 320420
12180415 358784
12185701 3915
12254918 3915
12255101 3915
12289919 353263
12292635 358784
12332404 358784
12367680 12367681
13146081 3920
13151968 11257870
13162739 320420
13162740 358784
13162741 3920
13569010 33483
13615774 320420
13615774 358784
13615774 3920
13640366 13640367
13935331 17884
13935331 8178748
14212705 320420
14678724 7520653
14774273 320420
14948041 537161
14948080 14948081
14976783 9904233
15059702 14948081
15167095 15167096
15238874 320420
7710003 320420
15250704 274910
59776 52378
59824 15260669
8178752 60129
8178752 15275078
8178752 332368
15278721 330701
330990 193457
15290857 33772
15311155 8332416
15353451 86987
15363076 302331
15459546 23109
15466274 358784
15482193 15482194
15488020 2178188
15510895 733140
15520662 23109
15541509 15541510
15564874 3915
15585332 3915
15648083 3915
15718705 3915
15757930 3920
15766685 15766686
15773638 3915
15814229 3920
15819535 760244
15824306 2439634
15827512 52378
15842387 52378
15844864 15844865
15869157 353263
15870597 52378
15873814 23109
15874410 344003
15876690 3920
15930910 3915
15936180 3915
15938617 15938618
15939179 3915
15961207 3920
15970778 3920
15984749 3915
3535930 3915
16013642 3915
16037719 8178748
16062011 3915
16065763 3915
16068452 3915
16073629 3915
16075825 3915
14060094 3915
16082051 3915
16103193 3915
16108806 67674
16127029 3915
16129854 3915
16136629 3915
16138877 52378
16165282 320420
16192159 13638772
16192464 358784
16202451 3915
16221485 344003
16223478 3915
16231628 3915
16236750 16236751
16295706 3920
16307568 52378
16315931 320420
16328868 3915
16351830 3915
16356444 59774
16367063 3915
16399551 3915
16412942 34213
16423549 546157
16435300 3920
16456582 3915
16473886 320420
16474041 3920
16477665 3915
16477877 1637150
16479147 3915
16488198 60129
16489063 3915
16511052 320420
16540948 52378
16607151 320420
16645539 11257870
16665027 358784
16705990 15270887
16721126 3915
16743329 358784
16758979 358784
16891987 320420
16968344 3915
17091328 320420
17133491 320420
17177230 320420
17339152 3915
17366177 59774
17372678 3915
17660937 3915
1609251 3915
17717500 3915
17717686 3915
17732519 3915
17743109 3915
17829673 3915
17852746 3915
17917400 320420
17959184 23109
18109860 23109
18401095 3915
18401458 3915
18402706 3915
18403194 3915
18403302 3915
18403375 3915
18403733 3915
18403772 3915
18407414 3915
18408517 3915
18408928 3915
18409343 3915
18409426 3915
18409664 3915
18409839 3915
18409871 3915
18410109 3915
18455178 3915
18463624 3915
18507262 3915
18507537 3915
18543728 3915
18544021 3915
18544034 3915
18544080 3915
18578721 358784
18582080 3915
18582328 3915
18670071 3915
18673638 3915
18836424 3915
18836558 3915
18836926 8331027
18863835 3915
19105141 3915
19125686 19125683
19136531 3915
19140519 16236751
19250052 650534
19359997 358784
19364324 3915
19718748 358784
19718755 358784
19931058 9904233
5860049 320420
19945192 11257870
19945193 5864279
19955447 320420
19955456 320420
19955457 3920
19955463 358784
20386389 320420
20403088 19386786
20515202 52378
20688091 193457
20703081 34214
20807729 3920
14212726 320420
21494145 320420
21546862 52378
21549722 4898615
21553695 3915
21555818 2178188
21636059 3915
21657978 14948081
21766201 193457
21766208 193457
21766678 193457
21788320 344003
21841913 757640
21866214 21866215
21866219 21866215
21957331 3920
11155516 52378
16645540 358784
21980369 358784
21985511 3915
21989114 302331
21989114 907786
22055774 355346
4768938 4898615
22094469 3915
16356445 59774
22110751 314967
22120360 320420
11964190 3920
22125605 23109
22132937 3915
22134860 320420
22147017 330701
22149245 2178188
22153329 8332416
22155445 52378
22155445 58977
22250338 22250339
22305519 3915
22398435 15753989
22405958 302331
22419870 320420
22428822 867837
22437374 320420
22450711 358784
22456173 33772
22473696 5864279
22502583 320420
22506107 358784
22508429 52378
22509579 1746111
22517726 3915
22526928 33772
22531189 161343
22577167 3915
22580273 3915
22592046 3915
22597473 3915
22605287 52378
22609888 3920
22621628 3915
22629804 3915
22630060 3915
22643333 320420
22665204 3915
22818024 3915
22849828 3915
22855022 3915
9495899 59774
22868240 86987
22869001 52378
22870308 3915
22873090 3915
22874451 3915
22877245 17062754
22882926 3915
22904356 60129
22941149 3915
22941785 3915
22961655 320420
22969501 3915
22976827 3920
22991854 3915
23002776 3915
23008404 8331027
23027814 33772
23039725 3915
23057367 3915
23068207 60129
23072392 3915
23097297 3915
23105262 3915
23137792 3920
23184132 3289174
23250868 52378
23257673 34217
23257967 320420
23356211 4898615
16013643 3915
23490158 451930
23498335 320420
23501558 52378
23510088 7694860
23544740 23544741
23552865 320420
23643191 302331
23679419 3915
23719788 358784
23746687 358784
23975166 22653594
24105200 52378
24283811 3915
24284317 3915
24284691 3915
15604364 3915
24301067 358784
24381554 3915
24390360 353263
24408421 3915
24415073 52378
24418989 3915
23498336 320420
8672802 320420
10680173 330701
24544981 8607064
24618342 3920
24664987 23109
24674894 3915
24682896 52378
24945502 3915
24945556 3915
24947329 3915
24947595 3915
2490625 3915
24951752 3915
24951808 3915
24951920 3915
24952722 3915
24953565 3915
24953979 3915
24979803 3915
24979815 3915
25005863 3915
25082005 3915
25116876 358784
25203500 3915
25388624 3915
25388737 3915
25457729 3915
25459101 3915
25459930 3915
25461713 3915
25505339 358784
9278351 5864279
25654541 353263
25781558 563117
25787403 8332416
25870936 3915
25870940 3915
25870941 320420
26189573 12951420
26201549 22328031
26408564 320420
26416973 358784
26419620 358784
26423232 3915
26606183 2439634
26883111 15400931
283429 8817129
27128302 33772
27138490 1746111
27139371 733140
27153148 3915
27187336 8257836
27388068 3915
7181246 52378
27913677 330989
27913677 25812628
21549724 4898615
27969050 282559
28066897 14948081
28112319 3915
28172898 14948081
28190266 320420
28269881 21866215
2312511 52378
28358673 320420
28370875 2178188
16797848 3920
10338479 52378
14059705 28393675
14059705 20807702
14059705 27244804
14059705 16075350
28393676 28393675
28393676 20807702
28393676 27244804
28480709 7694860
28514237 320420
28514284 320420
2312513 15457065
2312514 15938618
28549141 320420
28578623 355346
28590446 33483
28667941 3920
28705675 3915
28711027 23109
28719895 320420
28796021 330989
28811126 3915
28814724 320420
28842271 52378
28847962 34217
28856182 4898615
28856182 8331027
28879863 3915
28893676 3915
25973331 34194
28908210 3915
8325646 302331
28915829 28915830
28916298 7486626
1019746 358784
28953711 3915
28968222 3915
28970764 52378
28975858 320420
28981364 320420
28984673 52378
28991001 17884
29012608 3920
29027335 3915
29071121 3915
29071756 3915
29072924 3915
29083046 3915
29083495 3915
29090499 60129
15678925 3920
15678925 358784
29104505 3915
8967438 3521001
29121041 3915
29141065 3920
29142113 3915
29154201 3915
29155099 11257870
29226038 3915
29232795 3915
29233391 3915
29233649 15289525
29288032 21519082
29316669 3915
29333687 3915
29347427 60129
29362365 2689531
29385067 3915
29393763 3915
29397810 60129
29398290 7694860
29447237 13127628
29455209 7694860
29456671 86987
29521735 161343
29532396 10806651
29589211 59774
29599062 52378
29626298 3915
29628188 16757167
29732504 52378
29756916 3915
29777186 3915
29794765 1746111
29828829 358784
29944905 23109
29985002 3920
30033854 8480049
30033854 10659942
30043001 30043002
30138685 358784
30139039 320420
30168264 3915
30191544 3915
30207140 344003
30212620 309190
30365375 3915
30544742 3915
30545209 3915
30613347 3915
30678426 358784
30707822 3920
30710124 3920
30710206 30710207
30714177 3915
30714690 3915
30722763 3915
30770021 3915
30770201 3915
30941686 3915
31002696 3915
31012695 4898615
31224040 302331
31236301 3915
31236679 3915
31237048 3915
31238149 3915
31238944 3915
31240924 3915
31242608 3915
31243769 3915
31243952 3915
31244048 3915
31244049 3915
31244051 3915
31244664 3915
31244862 3915
31247728 9904233
23996208 344003
31319478 2178188
31345674 3915
31368695 3915
31402875 320420
31404422 3915
31438885 3915
31452946 3915
31488702 3915
31647310 3915
31647537 3915
31647565 3915
31650144 8331027
31673288 3915
31673382 3915
31741755 3915
31743344 3915
31743702 3915
31745515 3915
31923040 353263
31927152 3915
31932461 31932462
2878000 34217
32438301 358784
32443339 22328031
32638095 34213
32645150 3920
22153331 8320226
22153331 3289175
32656007 358784
32657979 3920
33003818 4898615
33035343 3920
33054224 358784
33102709 15400931
2982067 7486626
34155835 302331
34158730 34194
34162742 344003
34360292 193457
34378211 320420
34456564 21866215
34459223 15167096
34459236 8076319
34459236 9208383
34532054 320420
12888471 3920
59831 344003
34567876 1770859
34613900 23109
34636366 1637150
34683802 4898615
274913 15753989
29074533 67674
34702042 3920
7620997 52378
34716634 34218
34721035 8331027
34721035 4898615
34727661 3920
1350823 28528729
34846267 3915
34848172 3920
34907833 302331
34965338 3915
35048548 3915
35062426 320420
4912419 353263
35082252 7486626
35085048 320420
35088808 320420
20808358 3915
35091014 3915
35127807 320420
35137487 3915
35140495 52378
35148840 52378
19936542 3920
35164714 3915
25122933 320420
35185660 8137243
35190194 16757167
16242552 320420
35194562 34194
35207651 3920
936404 3915
35250585 33772
35254910 358784
35268811 3915
35278782 3920
35290440 3915
35296486 3915
35348646 3915
35385292 3915
35388069 3915
35394114 3915
35400407 3915
35432154 3915
35445026 320420
35445427 344003
35459946 3920
35465256 3915
35486685 3915
35488197 3920
35505669 3920
35511139 8607064
35511139 2594639
35512221 3915
35518862 35518863
35535186 3915
35560652 3915
35561271 3915
35568145 358784
35572388 3915
35577313 3915
35585347 3915
35597465 3915
35625517 358784
35635716 3915
35645883 34214
35749395 320420
35753625 3915
35797741 3915
35877161 320420
35901160 52378
35925921 15430037
35925921 35925922
35926417 3915
35928529 3920
36052425 3915
36085035 733140
36185046 733140
36273519 320420
36285795 3920
302329 302331
36451103 16236751
24544982 8607064
24544982 2594639
36587776 3915
36589119 3920
23996213 650534
2865287 59774
36677719 320420
36680880 3915
36726918 3915
36727390 3915
36742014 3915
36879289 3915
36898132 650534
36924587 34217
35633480 760244
37084082 320420
37334801 3915
37334803 3915
37335078 3915
37335658 3915
37338186 3915
37338367 3915
37339702 3915
37340210 3915
37340259 3915
37340362 3915
37340697 3915
37340722 3915
37340834 3915
37341222 3915
37341274 3915
37341406 3915
37341467 3915
37341711 3915
37341786 3915
37341822 3915
37342011 3915
37375405 52378
37382783 3915
37397105 3915
37481928 3920
37492467 358784
37538529 3915
37576612 3915
37579279 3915
37822814 3915
37826216 3915
37828319 3915
37886162 3920
37926409 358784
38063223 12367681
38108892 22328031
38131948 320420
38162472 8257835
38205733 3915
38477350 12951420
38484127 358784
38669581 3920
38680674 3915
38688650 5864279
38697555 320420
38697556 3920
38697567 3920
38777207 320420
39065360 302331
39127803 283429
39127803 8817129
39349791 8480049
39349791 10659942
39360220 355346
39360221 344003
39369700 12367681
39369793 8149665
39578413 22474558
39580647 353263
40022818 52378
10545854 193457
40155485 15753989
40156444 17884
40247114 40247110
40247256 14948081
40247276 757640
40442381 21866215
40442383 21866215
59832 320420
59832 86987
40560812 86987
14212727 320420
40648379 23109
40678614 353263
29422801 320420
23348405 7486626
40684300 3915
40695201 30212620
40703537 353263
40733079 320420
40800337 3915
40819964 3915
40866023 3915
40866386 1118007
710898 320420
2312512 198735
22947799 86987
40937399 3915
40940916 733140
40963211 3915
40969283 302331
40991710 3679159
41000904 790903
41005810 3920
41023344 3915
41041697 358784
10237673 41043471
21636060 3915
41061759 59774
41090680 3920
41118876 3915
41132329 3289174
8115700 52378
41152905 52378
41155169 3920
41156763 60129
41157831 3679159
41179211 3915
41187757 3564878
41205376 3915
41229823 52378
41237900 3915
41244000 28895917
41250502 41250504
41261679 12277761
41266228 3915
41281576 3915
41317395 3915
41363834 3915
9651100 52378
9651100 58977
41371377 320420
41371377 358784
41371377 3920
41403814 3915
41409614 3915
41410828 3915
41413299 3915
41428153 9904233
41432368 3920
41436034 7486626
41445672 3915
41446108 320420
41484304 3915
41487042 3915
41522867 3915
41530012 52378
41538894 3915
41545879 60129
41566218 274911
41592222 7694860
41595760 161343
41675237 34213
41719898 320420
41719981 8432399
23643192 302331
41774170 3915
41778985 33772
41852517 3915
41875404 302331
41911489 3920
41954615 320420
41954620 3915
41963496 3915
41974034 274911
42011769 320420
42130853 23109
42284988 3915
42298078 320420
42395260 320420
59826 332369
42559807 3915
8340314 3915
42740846 3920
23566 3915
42811629 23109
42814357 274911
40964151 33483
42983038 3915
43252671 3915
43253024 3915
43253025 3915
43253336 3920
43257638 3915
43257640 3915
43258739 3915
43259147 3915
43259165 3915
43259683 3915
43260097 3915
43260581 3915
43260592 3915
43260731 3915
43260876 3915
43260915 3915
43260920 3915
43261774 16757167
43307994 3915
43350186 3915
43378440 3915
43411498 3915
43444321 3915
43454698 3915
43492096 3915
43495032 3915
43495198 3915
43668507 3915
43669344 3915
43669934 3915
43733312 3915
43818139 358784
43835898 358784
43901700 12276250
43914278 358784
43914375 353263
43915549 8386832
43915898 38465848
43989102 2439634
44020842 320420
44106505 3915
44106506 3915
44362541 3920
44473957 3917
44553403 3920
44557186 358784
44561413 11257870
44570007 358784
44633187 23109
44891196 358784
45059996 52378
45214172 34213
45223652 15753989
34848174 3920
45320650 3920
45444370 320420
3520474 52378
3520474 58977
45449123 33483
45452839 302331
45593838 3915
46183595 193457
46200649 2439634
46278760 8076319
46278760 9208383
622666 52378
2835884 52378
10226478 52378
46381690 2439634
46426723 358784
46470877 353263
18640429 46493789
46497507 67674
46508461 4898615
10280682 33772
46512554 320420
46519752 9288976
3444558 320420
2341369 320420
1379170 358784
46556253 15457065
46557114 320420
46559293 1637150
46600955 811572
46609172 320420
46612730 3915
46624533 3915
46636574 52378
46690693 3920
46725257 8480049
46725257 10659942
46777172 358784
46792700 358784
46810440 8386832
46821703 52378
46832807 3915
29915657 3915
876486 353263
876486 650534
46848130 320420
40940917 733140
22351879 52378
46866563 52378
46866712 52378
46867299 733140
46907231 3915
46926077 358784
46928786 3915
46931225 3915
46934550 8607064
46934550 2594639
22142239 3915
29704491 320420
46952715 52378
46954641 546157
46969044 41033540
46988621 3915
23986244 3920
47006764 52378
47027399 3915
16883260 358784
47030579 52378
41144734 3920
47059460 3915
47064778 3915
47071733 3920
47082908 3915
47083707 3915
47087149 3915
47092381 3915
47099869 3915
47100246 3915
5863187 320420
47153777 3915
47163470 3915
47188012 3915
47201375 3920
47203884 3915
47222760 23109
47232545 60129
47237730 3915
47250603 34217
47251174 3915
47255962 3920
47275082 3915
2042427 3920
47281590 3915
47284965 3915
47306604 15867449
47308152 757640
47314794 3915
47321649 1637150
47328123 3915
47368346 3915
47369549 3915
47389771 33772
47456825 13960017
47500983 3915
47507038 320420
47523490 358784
9170538 23109
47591451 3920
2865312 3915
47612303 3915
47615487 320420
47755600 3915
47850364 41184727
47899877 3915
48047313 52378
48134379 320420
48181776 2594639
48181776 8607064
48198980 52378
48380721 3915
48402473 3915
48415442 3915
48492003 3915
48496190 3915
48498557 320420
48498565 3920
48674624 358784
48719509 3915
48770128 3915
48997339 320420
48997506 3915
48999255 3915
48999280 3915
48999866 3915
49000189 3915
49000193 3915
49002650 3915
49003925 3915
49004208 3915
49004574 3915
49004875 3915
49005255 3915
49005537 3915
49005608 3915
49006036 3915
49029024 3915
49090101 3915
49090157 320420
49090158 3915
49093061 3915
49119779 3915
45237591 3915
49193241 3915
49193243 3915
49233254 3915
49403194 3915
49466235 3915
49466343 3915
49470184 3915
49470537 3915
49508460 330701
49508472 3915
49612258 3915
49640131 3915
49641445 302331
49641712 302331
49641717 353263
49669953 353263
16459046 59774
50062739 358784
50062743 358784
50250807 320420
50251246 320420
50251251 358784
50253224 3289174
50255012 8320226
50264126 320420
50264142 358784
50626739 358784
50626739 320420
50874801 21989114
50905179 282559
50905213 15270887
51011118 52378
51013484 15400931
51042178 3920
51051212 2439634
51118804 320420
51661181 198735
51745918 757640
51771879 353263
51771879 650534
23498337 320420
