602962 162
12354 1800
873968 760
876049 154
1416313 11090
1417891 1501
1424862 78420
1431425 10117
1435873 60758
1436893 391
1441751 42371
1444731 17156
1445009 11128
1445884 11994
1449341 41926
1457212 17156
1464215 38277
1486606 40419
1494798 117242
1497520 10792
1504024 1501
1509982 1781
1510539 67953
1512813 92390
1516901 27899
1521476 67953
1527058 1782
1527463 48276
1528178 44842
1534442 58706
1521477 10044
1536963 98994
1539244 45965
1540403 69841
1545189 58706
1547137 49313
1565298 750
1570240 5868
1574891 10044
1581022 34112
1584125 105377
1574892 21727
1592006 11128
1602649 11994
1613808 8078
1630236 61493
1630749 6552
1643568 34112
1643787 27868
1643903 5868
1644658 16383
1650679 98994
1668660 49903
1441753 10117
1687124 7463
1695569 6552
1701131 52582
1712451 4413
1720539 10876
1724595 1781
1725556 42371
1777837 10044
1798401 42371
1807114 8059
1810581 11994
1811017 34738
1812031 35768
1720540 7336
1444732 67953
1853097 76857
1880426 58706
1939282 1782
2143406 45965
2211751 134440
2214280 7336
2257380 1782
2258502 49294
2346001 84809
2386389 11090
2386770 7336
2563820 31250
2747278 41252
3539437 51900
3539442 49294
3539448 52582
3566022 12428
3566026 14670
3664084 10044
3694016 29813
3694459 70316
1777838 17156
3792231 41926
3792236 78420
3792244 6353
3792237 2658
3792548 24725
3792554 78420
3793271 38277
3793277 6538
3793282 65843
4067729 44540
4073181 8059
1486609 54041
4350912 47622
4350917 42987
4452987 160086
4631678 65268
4631683 94954
4631705 750
4631711 11994
4631716 7141
4631722 6347
4631731 2058
4631738 6538
4631745 6353
4631750 11994
4631757 51900
4631761 84809
4631767 6353
4631772 6849
4631778 4413
4631783 6347
4631788 5807
4631795 4413
4631804 49294
4631811 38277
4631816 4413
4631877 60758
4631882 39068
4631887 15109
4631894 64946
4631900 39068
4631905 45965
4631910 100466
4631915 6552
4631921 758
4631926 6347
4631932 39068
4631938 4462
4631945 235633
4631950 57414
4631955 44810
4631961 750
4631970 6849
4631939 11994
4631983 235633
4631991 51900
4631996 16382
4632002 1782
4632009 84809
4632014 51900
4631718 40490
4632023 7141
4632028 39068
4632034 7336
4632042 54989
4632048 44810
4631916 70316
4632059 67953
4631963 38277
4632068 6849
4632074 16382
4632079 750
4632096 235633
4632103 16382
4632108 60758
4631906 100466
4632116 16382
4632121 10393
4631966 38277
4632130 20096
4632135 6347
4632140 7141
4632145 54989
4631965 38277
4632154 52582
4631951 21658
4632164 1782
4632170 7463
4632035 10117
4632180 52587
4632186 117242
4632191 40433
4632206 67953
4632213 10117
4632220 21658
4632226 235633
4632231 21658
4632236 67953
4632241 10117
4632246 31250
4632251 98994
4632256 27899
4632269 7463
4632283 49903
4632289 117242
4632295 15109
4632300 3234
4632306 31250
4632311 5868
4632317 58706
4632322 16383
4632329 1472
4632334 92390
4350913 42987
4632345 14592
4632351 158229
4632358 35768
4632363 35768
4632368 10682
4632375 51738
4632381 46500
4632387 103519
4632393 92390
4632399 237838
4632403 51595
4632410 22977
4632416 61473
4632421 46500
4632428 26941
4632435 42987
4632404 35768
4632453 92390
4632458 44524
4632464 44064
4632472 47234
4632479 45396
4632484 57402
4632490 35465
4632504 44064
4632520 72222
4632552 61473
4632565 54073
4632676 59169
4632749 72222
4632854 27887
4632868 89484
4632874 32421
4632878 47234
4632883 59021
4632888 89484
4632893 59169
4632898 47623
4632904 32421
4632909 34645
4632914 47623
4632919 10113
4634476 22777
4634582 4462
4634680 84809
4634695 54989
4634713 117242
4634730 16382
4634746 39068
4634747 21658
4634752 21658
4634775 57414
4634776 117242
4634778 39068
4634796 21658
4634799 57414
4634801 117242
4634803 27899
4634804 10044
4634806 61493
4634809 7463
4634826 67953
4634842 27899
4634860 7463
4634864 27899
4634869 70316
4634872 17156
4634873 134440
4634878 27571
4634883 27571
4634884 134440
4634889 15109
4634894 6552
4634899 10044
4634901 10393
4634903 27868
4634908 29813
4634910 391
4634917 70316
4634922 391
4634927 11128
4634933 58706
4634940 8078
4634942 4835
4634944 134440
4634950 7463
4634955 15109
4634960 15109
4634961 6552
4634963 10117
4634965 61493
4634970 61493
4634971 27868
4634977 4835
4634987 15109
4634992 61493
4634994 11128
4634979 41252
4635001 1782
4635002 15109
4635003 7336
4635005 7336
4635006 49903
4635009 27868
4635012 29813
4635017 31250
4635022 31250
4635023 76857
4634995 391
4634997 8078
4635049 44842
4635061 34738
4635063 5868
4635064 61493
4635066 49313
4635067 4835
4635072 10792
4635075 11128
4635076 29813
4635077 34738
4635079 8078
4635080 11113
4635086 49313
4635088 76857
4635089 52905
4635095 10393
4635101 10876
4635105 11172
4635110 11128
4635115 11128
4635116 34738
4635119 105377
4635125 11090
4635130 10117
4635135 61493
4635140 7336
4635146 58706
4635149 52905
4635155 21008
4635165 14670
4635170 391
4635172 11128
4635177 88371
4635182 41252
4635183 49313
4635189 11172
4635190 391
4635194 5868
4635195 5868
4635198 58706
4635203 41252
4635208 16383
4635211 11090
4635214 391
4635215 11128
4635222 8078
4635227 8078
4635233 34112
4635236 391
4635241 34112
4635242 52905
4635245 76857
4635260 34738
4635268 44842
4635280 16383
4635283 58706
4635286 52905
4635292 1781
4635297 8059
4635302 88343
4635306 88371
4635311 41252
4635313 4835
4635316 27953
4635318 69841
4635323 391
4635327 5868
4635333 34112
4635336 1988
4635341 88371
4635346 58706
4635351 41252
4635352 4835
4635354 10792
4635359 10792
4635360 11113
4635367 21008
4635368 69841
4635373 14670
4635374 38150
4635375 12428
4635380 50525
4635383 88343
4635385 91019
4635390 4835
4635392 10792
4635397 11090
4635398 69841
4635402 12428
4635407 50525
4635412 50525
4635413 39772
4635418 39772
4635419 8300
4635421 14006
4635426 38150
4635427 38150
4635428 8059
4635429 91019
4635430 62919
4635435 1781
4635440 39772
4635442 206954
4635449 206954
4635450 91019
4635451 11113
4635457 39772
4635444 88343
4635468 53995
4635470 3493
4635471 53955
4635476 97165
4635478 78929
4635483 11113
4635488 11090
4635491 27953
4635492 12427
4635497 38150
4635498 91019
4635504 78929
4635508 21008
4635514 62919
4635520 39772
4635525 8300
4635526 53955
4635531 11090
4635536 52905
4635539 14006
4635544 14006
4635545 3493
4635547 8591
4635552 13643
4635554 11090
4635560 12427
4635566 160086
4635567 50525
4635573 50277
4635578 69841
4635585 160086
4635590 88343
4635593 206954
4635598 3493
4635600 3493
4635601 55312
4635606 78929
4635610 54041
4635615 21008
4635621 12428
4635626 39772
4635628 88343
4635629 8300
4635634 13643
4635639 78929
1486611 93388
4635611 17247
4635650 158229
4635655 26398
4635660 12427
4635662 206954
4635667 14006
4635669 3493
4635674 55312
4635679 50277
4635680 96001
4635686 54041
4635691 88343
4635692 14006
4635693 3493
4635699 13643
4635702 7502
4635705 36452
4635707 96001
4635932 54041
4635933 14592
4635934 101753
4635939 206954
4635942 53995
4635944 53955
4635949 78929
4635950 36452
4635952 96001
4635953 17247
4635958 14592
4635959 158229
4635963 8591
4635967 55312
4635971 53955
4635975 78929
4635986 45425
4635992 10682
4635997 14006
4636005 14006
4636018 8591
4636020 55312
4636025 13643
4636026 7502
4636032 7502
4636033 101753
4636034 45425
4635993 42611
4636045 53995
4636051 93388
4636052 54041
4636057 26398
4636061 22977
4636066 50277
4636071 1472
4636075 53955
4636082 17247
4636087 1472
4636091 76960
4636096 13643
4636106 65268
4636112 65268
4636113 7502
4636119 50277
4636126 47622
4636128 76960
4636130 42987
4636131 76960
4636132 47622
4636133 44524
4636135 61473
4636138 61473
4636139 44540
4636140 61473
4636141 35768
4636143 32421
4636144 59169
4636149 34645
7315478 16285
7315499 45965
7315512 21658
7315516 21727
7315523 117242
7315532 41252
7315536 11090
7315541 52905
7315545 1781
7315549 206954
7315585 8591
7315589 78929
7315593 91019
7315597 50277
7315611 96001
7315615 17247
7315620 54041
7315624 1472
7315628 158229
7315632 94954
7315636 42611
7315640 42611
7315644 93388
7315653 40419
7315660 42611
7315664 42987
7315669 17155
7315675 31973
7315679 17155
7315683 17155
7315691 34645
8250178 1800
8533584 162
8603208 15109
8858784 2058
8919273 162
9188467 39772
2563821 3234
4635004 7336
4631706 4322
9238065 10393
4635209 11113
9242047 49903
1424863 5807
9269039 10792
9277661 21008
9277980 61493
9281369 17156
4635087 49313
9285067 31250
9296279 11090
9299216 1988
3664085 21727
9302582 40433
9304671 21727
9309486 54989
9327290 58706
9329101 67953
1630750 21727
9332222 98994
9337740 31250
9340079 47622
9341413 64946
9345453 12428
9361358 44842
9383565 64946
4635078 34738
4634895 21727
4631796 6849
9413874 1782
8858785 1501
9440036 58706
9443292 67953
9452002 27868
9455010 6538
9468483 62919
9488619 12428
9524154 44810
2214283 49903
4635062 88371
1587052 6552
4635204 4835
9634579 62919
9664632 34112
9726109 167
9896184 27868
4634732 235633
1486607 22977
1494799 57414
10029059 10117
10038100 34738
10663106 31250
9726111 154
11018702 7463
11037429 4413
11060742 14670
11174299 49313
11200259 6347
1512814 40419
11260258 760
11260402 2658
11260668 154
11260680 65843
11517702 46500
11519893 7463
11523416 1781
4635293 160086
11523706 38150
11524420 39772
11776577 26941
11868872 97165
11896215 7336
12032998 14592
12033003 45425
12033008 54041
12033029 78420
12033035 5807
12033040 6347
12033045 49294
12033050 760
12033055 6353
12033060 2658
12033065 78420
12033070 6849
12033076 760
12033081 750
4631789 41926
4631818 6849
12033097 4462
12033102 49294
12033098 6849
12033116 20096
12033121 2658
12033147 40490
12033152 6347
12033157 54989
12033162 52587
12033167 4322
4632029 54989
12033177 6849
4631971 4413
12033184 54989
12033189 11994
12033195 27899
4632070 4413
12033207 52587
12033213 52582
12033217 20096
12033224 27571
12033229 52582
12033148 40490
12033239 54989
4631922 758
12033250 54989
12033255 45965
4634802 117242
12033263 10393
12033268 10117
4631972 4413
12033277 49294
12033283 6347
12033190 11994
12033191 51900
12033298 4322
4632126 6849
4631928 40490
4631888 1782
12033313 11994
12033318 84809
12033323 20096
4632136 40490
4632141 6347
12033337 60758
12033342 235633
4632037 10876
12033351 45965
12033358 16382
12033365 40433
12033370 67953
12033376 10117
12033381 52587
12033386 117242
12033390 134440
12033394 10876
12033399 3234
12033404 52587
4632257 134440
12033413 49903
12033419 3234
4632290 40433
12033420 29813
4632247 3234
12033437 10044
12033441 67953
4632285 10876
12033448 15109
4635052 105377
12033459 44842
12033465 50277
12033469 96001
12033474 17247
12033479 46500
12033485 42611
12033490 92390
4632359 44524
12033499 61473
12033503 103519
4632411 237838
12033510 44524
4636137 35768
12033522 103519
12033526 76960
12033531 26941
12033536 56541
4632473 57402
12033549 47234
12033555 77746
12033562 26941
12033568 61473
4632485 54073
12033579 103519
12033584 76960
12033590 26941
12033595 42987
12033602 77746
4632553 44524
12033613 35768
12033620 44064
4632506 47234
12033635 61473
4632567 56541
12033665 77746
12033717 56541
12033753 59169
4632855 89484
12033840 1486
12033904 59021
12033916 1486
12033955 59021
12033975 31973
12033988 32502
12033994 27887
12033998 32502
12034003 34645
12034008 10389
4632920 34645
12034018 18776
12034024 18776
12035699 6849
12035738 6849
12035759 4462
12035799 6849
12035849 39068
12035857 6849
12035883 39068
12035906 21658
12035907 51900
12035913 16382
12035926 117242
12035929 117242
12036027 117242
12036028 117242
12036029 1782
12036032 27899
12036033 134440
12036034 1782
12036035 15109
12036070 40433
12036071 10044
12036072 42371
12036073 42371
12036074 27571
12036081 11172
12036086 44810
12036095 1782
12036097 7463
12036102 6552
12036105 49313
12036107 11128
12036111 88371
12036115 27571
12036116 7463
4634951 15109
12036124 10044
12036125 61493
12036127 61493
12036128 7336
12036133 31250
12036138 5868
12036142 8078
12036147 98994
12036154 64946
12036156 10044
1834668 10393
12036130 10876
12036159 7336
12036164 76857
12036170 29813
12036171 11172
4634996 11128
12036176 88371
12036181 34738
12036183 5868
4634978 8078
12036192 41252
12036193 4835
12036198 105377
12036204 10117
12036206 49313
12036210 11172
12036182 88371
12036218 4835
12036221 105377
12036224 15109
12036225 7336
12036226 11172
12036227 11172
12036228 15109
12036232 27868
12036233 29813
4632312 34738
12036237 5868
12036238 41252
12036243 41252
4632324 44842
4632323 11113
12036259 70316
12036263 5868
12036244 10792
12036268 42371
12036271 34738
12036272 8078
12036273 10792
12036274 44842
12036280 31250
12036282 21008
12036287 42371
12036290 11128
12036292 21008
12036297 17156
4635131 61493
12036307 41252
12036309 11113
4635091 1988
12036319 34738
12036323 3234
12036328 11172
4635173 88371
12036336 58706
12036339 4835
12036340 69841
12036345 7336
12036351 76857
12036355 11172
12036361 11172
12036362 41252
12036363 44842
12036365 12427
12036372 11172
4635196 58706
4635199 8078
12036383 69841
12036384 69841
12036385 62919
12036390 3234
12036396 31250
4635197 5868
12036404 8078
12036405 4835
12036410 14670
12036414 76857
12036419 11172
12036421 391
12036442 4835
12036443 10792
12036444 5868
12036449 41252
4635261 5868
12036458 58706
12036460 11172
12036466 5868
12036468 58706
12036472 58706
12036473 58706
12036474 4835
12036482 10792
12036489 44842
12036490 34112
12036493 52905
12036499 27953
12036501 11128
4635307 34738
12036511 10792
12036516 39772
12036520 5868
12036524 8078
12036530 4835
12036534 10792
12036536 44842
12036539 34112
4635337 52905
4635317 27953
12036548 12428
12036551 62919
12036556 50525
12036558 50525
12036559 5868
12036560 58706
12036561 41252
12036566 41252
12036567 10792
12036568 44842
12036574 52905
4635376 12427
12036579 8078
12036583 41252
12036586 41252
12036587 10792
12036589 52905
4635403 12427
12036598 62919
12036603 39772
12036607 39772
12036609 14006
12036613 53995
12036617 10792
12036618 11113
12036624 16383
12036629 12428
12036630 12427
12036632 1781
12036637 88343
12036642 91019
12036644 3493
12036649 4835
12036653 105377
12036655 11113
12036659 1781
4635436 50525
12036664 206954
12036666 206954
12036667 91019
12036668 8300
12036669 10792
12036674 105377
4635453 16383
12036681 11090
12036683 27953
12036688 14670
12036692 88343
12036694 91019
12036695 97165
12036699 105377
12036703 11090
12036708 52905
12036716 8059
12036717 88343
4635499 8300
12036722 8300
12036723 3493
12036730 13643
12036735 1988
12036740 160086
12036745 8591
4635479 13643
12036755 65268
4635556 11113
12036763 34112
12036768 14670
4635568 160086
12036777 50525
12036782 88343
12036787 206954
12036789 97165
12036756 78929
12036795 52905
12036799 27953
12036804 12428
12036809 1781
4635569 38150
12036816 48276
12036821 91019
4635546 3493
12036834 55312
12036835 53955
12036836 65268
12036841 7502
4635622 27953
12036848 8059
12036853 91019
12036858 8300
12036862 53995
12036866 53995
12036867 8591
4635602 53955
4635553 97165
12036878 7502
12036882 12427
12036887 1781
12036892 1781
12036893 48276
12036894 8059
12036900 206954
12036905 14006
4635574 36452
12036910 52905
12036915 160086
12036919 50525
12036920 38150
12036926 39772
12036932 53955
12036934 97165
12036938 36452
12036942 96001
12036948 1781
12036952 50525
12036953 53995
4635695 8591
12036963 36452
12036964 160086
12036969 206954
4635941 91019
12036979 91019
12036980 8300
4635972 8591
12036989 53955
12036992 97165
12036993 50277
12036994 96001
12037245 1472
12037252 45425
12037256 38150
12037261 38150
12037262 206954
4636019 53995
12037269 53995
12037270 3493
12037271 53955
12037272 13643
12037275 1472
12037282 158229
12037286 91019
12037287 3493
12037288 36452
12037289 50277
12037290 50277
12037295 8300
12037306 97165
12037311 96001
12037315 17247
12037316 1472
12037318 10682
12037324 14006
12037330 53995
12037331 97165
12037336 65268
12037340 7502
12037346 14592
12037351 158229
4636041 45425
12037370 51738
4636107 13643
12037384 17247
12037388 1472
4636062 51738
12037392 46500
12037396 40419
12037401 76960
12037406 53955
4631679 13643
4636121 96001
12037422 14592
4631684 26398
12037402 92390
12037434 93388
12037439 42611
12037444 51738
12037450 22977
12037456 42987
12037460 92390
12037461 44540
12037462 42987
12037464 44540
12037469 47622
12037492 51595
12037495 54073
12037499 72222
12037500 57402
12037501 59169
12037505 32502
14490574 1501
14490583 40490
14490600 52587
14490605 7463
14490609 15109
14490615 70316
14490619 42371
14490626 6552
14490630 31250
14490635 10044
14490639 391
14490644 88371
14490649 34738
14490653 58706
14490657 105377
14490661 1988
14490665 21008
14490669 48276
14490673 91019
14490712 65268
14490733 93388
14490740 54041
14490744 14592
14490748 101753
14490756 51738
14490760 51738
14490764 22977
14490768 14592
14490772 46500
14490779 92390
14490783 76960
14490787 35768
14490791 51595
14490800 59021
14490804 1486
14490808 29676
14490812 18776
1545190 5868
12033284 40490
873969 22777
1527464 39772
16242838 52905
12036211 76857
16264786 6347
3792555 2658
16274288 70316
16294360 1988
12036213 11128
16319530 11113
16322281 134440
16331461 27899
16336764 6552
1535183 6552
16364108 11172
16367409 57414
1630237 10876
16374999 14670
4635097 42371
4632081 38277
1509983 160086
1539245 100466
16399262 2058
16399429 11172
16402787 58706
16406481 69841
16413256 10393
16413859 50525
4634890 70316
16423051 57414
11260259 1501
16434951 27571
12036276 10792
16447536 64946
16454875 27868
16463694 48276
16486409 8059
1535182 21727
16488556 41926
4632187 40433
4632192 44810
16506717 78420
1535181 17156
12033093 38277
12036270 10117
16534461 27953
16625526 3234
12037320 42611
1510540 10393
1510541 10393
16647432 39068
9983927 237838
12036495 21008
16904355 750
4632237 17156
16336765 64946
16971007 39068
12036126 61493
17008901 7336
17114691 134440
12033511 44540
17405754 167
17523937 26941
17523950 92390
17905575 4413
17931605 339
17944058 98994
17944063 27899
4635234 34112
17994129 40490
16399430 391
18092348 167
18093386 760
18158380 6353
18158479 758
18158760 167
11260682 24725
3793272 750
18412547 69841
18412551 38150
4073182 48276
18412715 1781
12036557 50525
18413444 50525
18413450 14006
18545655 2658
12036665 206954
4632352 1472
18894587 101753
18894614 6353
18894618 2658
4631740 4322
12033245 758
18894631 54989
18894639 7141
18894643 60758
18894648 760
18894652 38277
4631752 4462
18894662 49294
18159376 4322
4631779 6849
18894675 1501
12033077 760
18894683 78420
18894689 40490
18894694 54989
18894699 760
18894685 5807
4631790 41926
4631712 4462
18894714 51900
18894719 40490
18894791 52582
18894795 54989
18894801 16382
18894806 6552
18894811 21727
18894816 10117
18894821 750
18894826 49294
4632018 20096
18894837 38277
18894841 52587
18894845 7141
18894849 60758
18894854 84809
18894861 49294
18894866 40433
18894871 1782
12033290 51900
18894880 54989
18894886 39068
18894891 100466
18894896 98994
18894902 40490
18894906 117242
18894910 44810
4632165 27899
18894915 27571
18894922 65843
3539438 11994
18894932 52582
4631717 6347
18894939 7463
18894944 17156
18894949 750
18894953 6849
18894957 60758
18894961 100466
18894967 40433
18894855 84809
18894856 49294
4631946 100466
18894984 21658
18894989 27571
18894994 27899
18894999 24725
4634583 4462
4631901 45965
18895011 4462
18895015 6849
12033180 4462
18895023 57414
18895029 11994
12033230 20096
12033218 40490
18895040 7141
4634731 16382
12035927 117242
18895050 70316
18895056 39068
4632181 21658
18895064 6552
18894945 21727
4632061 10044
4632060 17156
12033264 67953
12033269 42371
18895066 64946
18895075 21727
18895079 10044
4632175 10393
18895113 100466
18895119 235633
4632232 57414
18895127 44810
12033372 17156
12033377 10393
18895140 49903
18895146 27868
18895151 57414
4632252 27571
18895159 17156
18895163 27868
18895168 76857
18895173 44810
18895179 27571
18895184 67953
12033415 7336
18895198 27571
16415116 64946
18895207 10117
18895212 61493
18895216 49903
18895221 11172
18895226 34738
4635050 4835
18895234 36452
18895238 93388
4632347 158229
18895247 22977
11776579 76960
18895255 45396
18895260 94954
4632369 45425
17404149 42987
18895270 10682
4632388 46500
18895280 103519
18895284 76960
18895290 22977
12033537 51595
18895299 56541
18895303 40419
4632429 92390
18895295 61473
18895316 56541
12033550 57402
4632423 40419
4632437 47622
4632454 76960
18895339 47622
18895344 61473
12033538 54073
18895358 103519
4632480 47622
12033557 47234
18895370 77746
18895376 92390
18895382 26941
12033607 44540
12033636 44524
12033651 51595
4632505 56541
18895406 45396
18895411 54073
18895416 56541
18895422 44524
18895451 89484
18895488 44064
4632677 59021
18895589 59021
18895627 57402
18895677 54073
18895753 1486
12033989 29676
18895761 72222
4632910 47623
4632915 32421
18895774 10113
18897402 41926
18897407 750
18897444 6849
18897459 4413
18897576 100466
18897603 49294
18897621 16382
18897622 16382
18897675 21658
18897691 6347
18897721 54989
18897726 100466
18897730 40433
18897752 39068
17944064 27571
18897770 134440
18897788 39068
18897789 21658
18897790 27571
18897791 16382
18897792 21658
18897793 27571
18897795 67953
18897797 42371
18897798 1782
18897800 1782
18897805 10044
18897833 134440
18897842 27571
18897844 1782
18897845 10876
18897846 44810
4632301 29813
4632307 3234
18897858 40433
18897864 6552
18897865 67953
18897867 42371
18897868 49903
18897874 134440
18897878 42371
12036129 7336
4634904 49313
4634909 27868
12036134 31250
18897903 88371
18897908 27571
18897914 1782
18897882 49903
18897915 31250
18897918 76857
18897904 11128
18897924 34738
4634936 5868
18897929 1782
12033449 70316
12036166 31250
18897937 76857
18897925 34738
12033450 70316
12036172 391
12036177 11128
18897941 88371
12036184 34738
18897957 5868
18897959 58706
18897960 49313
18897961 49313
18897962 29813
18897976 391
18897958 34738
18897977 8078
18897979 64946
18897983 6552
18897987 29813
18897988 31250
4632318 5868
18898001 5868
18898002 16383
18898007 29813
18898008 5868
12036245 105377
18898013 34738
18898014 8078
18898016 11113
18898021 11090
18898026 31250
18898027 5868
18898028 34112
18898034 1988
18898039 52905
18898043 61493
18898045 10876
18898046 41252
18898048 10792
18898030 16383
18898057 27953
18898062 42371
18898066 10117
18898071 11172
18898072 8078
18898074 10792
18898079 16383
4635090 34112
18898087 62919
18898092 49313
18898094 27868
12036324 31250
18898099 391
18898100 11128
4635120 10792
18898107 62919
18898112 14670
18898117 42371
18898121 31250
4635178 34738
18898131 8078
18898132 16383
18898137 27953
18898142 49313
4635185 27868
18898153 31250
18898155 58706
18898156 10792
18898158 12428
18898164 1781
18898168 27868
12036373 11172
12036366 12428
18898180 14670
12036420 391
18898189 8078
18898196 38150
18898201 41252
18898202 1781
18898207 38150
18898213 34112
18898214 34738
18898223 88371
18898224 58706
18898232 16383
18898233 34112
18898234 52905
18898235 21008
18898240 41252
4635329 58706
18898246 41252
18898248 105377
4635319 69841
18898253 160086
18898255 1781
4635353 10792
18898259 10792
12036570 11113
12036619 105377
18898268 52905
18898273 62919
18898275 44842
18898280 27953
4635408 38150
18898287 8059
12036675 4835
18898293 105377
18898294 14670
18898299 50525
18898300 39772
18898301 48276
18898307 48276
18898308 8059
18898314 88343
4635386 206954
4635420 8300
12036682 34112
12036684 69841
18898330 62919
18898334 160086
18898335 38150
18898336 10792
4635484 105377
4635489 11113
18898346 11113
18898347 1988
18898353 52905
18898358 12428
18898363 48276
18898364 206954
18898365 91019
18898366 8591
18898370 8591
4635509 1988
18898374 21008
18898379 69841
18898390 8059
18898396 44842
12036773 1781
18898405 39772
18898410 206954
18898412 53955
18898416 53955
18898417 27953
12036817 8059
12036822 8300
12036830 8591
18898433 36452
18898437 34112
18898439 12427
12036871 97165
18898443 65268
18898444 8059
12036895 88343
18898450 65268
18898452 21008
12036949 14670
18898460 14670
18898461 14006
18898462 53955
18898466 53955
18898467 53955
18898468 13643
18898470 48276
18898475 8300
18898476 53995
4635675 53955
18898480 160086
18898487 50525
18898488 48276
18898491 206954
18898492 91019
4635943 8300
18898496 3493
18898497 55312
18898498 26398
18898503 1781
18898509 50525
18898512 8059
18898517 8300
18898518 8591
18898519 55312
18898520 55312
18898521 7502
18898522 36452
18898524 36452
4635681 50277
18898530 93388
18898535 93388
16882068 14592
18898775 26398
18898779 26398
18898780 50525
18898781 48276
18898785 8300
18898787 8591
18898790 55312
18898793 13643
18898794 78929
18898796 7502
18898798 96001
18898803 93388
18898807 1472
4635935 26398
18898814 48276
18898819 88343
18898826 13643
18898827 36452
18898828 50277
18898832 96001
4636053 93388
18898840 1472
4635962 14592
4635961 14592
12037356 101753
18898853 50277
18898857 158229
18898844 26398
4635987 94954
18898869 8591
18898870 13643
18898876 40419
18898880 76960
18898885 8591
4636097 53955
18898893 53955
4636077 97165
18898898 65268
18898902 96001
18898909 42611
18898914 50277
18898918 50277
18898921 1472
18898926 1472
12037397 46500
18898931 54041
11776578 76960
18898935 76960
18898940 54073
18898941 56541
18898942 57402
18898946 47234
18898947 61473
18898948 26941
18898950 47234
18898955 47234
18898958 10113
21222184 2058
21222198 100466
21222202 57414
21222206 40433
21222210 27899
21222214 1782
21222224 27868
21222228 64946
21222232 3234
21222239 11128
21222245 58706
21222249 10792
21222253 44842
21222257 44842
21222261 34112
21222270 8300
21222274 3493
21222362 55312
21222366 97165
21222370 206954
21222374 7502
21222389 26398
21222396 45425
21222400 96001
21222404 10682
21222408 10682
21222416 54041
21222420 46500
21222424 92390
21222428 26941
21222433 51738
21222437 44540
21222441 35465
21222448 59169
21222452 44064
21222456 77746
21222461 1486
21222465 31973
21222469 18776
1593397 1800
12036299 1501
22637106 47622
16444675 4835
16634068 42371
1547138 27868
9332223 27571
22905862 27571
22907172 5868
4632131 52582
9304673 10044
22921199 10044
22926581 6849
22929521 76857
4632208 10044
22933996 6552
1581023 1988
22936387 29813
12036160 10876
18898483 40433
12036158 10044
1687125 1782
18894928 4462
4634696 7141
22965851 44810
22977386 105377
22978355 10792
22984016 44842
12033087 758
12033088 758
12033333 40490
22993111 6849
22998692 40433
22999105 10117
4635142 49903
23009414 750
23012103 21727
1457213 67953
18898157 10792
18898044 10876
22905863 98994
23026970 10393
23042803 11172
12033319 49294
23058678 100466
4634798 57414
9329102 10393
1445010 391
23080164 11172
23084587 11113
23087182 5868
1445011 88371
9440037 8078
2214284 49903
23096381 1501
23103334 78420
1521478 17156
18895202 6552
3694753 67953
23106861 12428
3694460 15109
1565299 6538
23125175 117242
4631878 39068
9238416 105377
9408261 38277
23127861 52587
23141838 67953
22926582 4413
4635243 52905
23184982 12428
3664086 17156
16486410 48276
16534462 21008
23312292 52582
4635282 11090
18898203 160086
11202139 22977
23012583 105377
1417893 22777
12036308 41252
12033495 45396
17404150 47622
24233059 1800
24233065 167
24467010 1501
24467015 22777
24467019 760
4635106 391
12036494 1988
24558850 15109
24648107 24725
24649005 8078
4634682 49294
11260260 22777
18093387 22777
24709741 2658
18158480 5807
24709770 78420
3792238 6353
24709985 6538
24709990 4322
24710012 5807
3793278 4322
11517703 46500
12036552 12427
18412716 160086
24956530 39772
24956536 206954
24956541 91019
24956733 14670
24956737 88343
24956742 91019
24957410 48276
25184892 45396
25184897 76960
25271110 38150
4635463 48276
18898316 88343
12036645 53995
25271125 8591
12036783 206954
25417604 50277
12033475 96001
25417612 93388
4632346 54041
25417620 22777
18894684 5807
12033071 38277
25417630 20096
12033117 52582
25417641 4322
18159377 65843
4631773 750
25417651 4413
18894720 52582
25417658 758
25417663 4462
25417667 52582
18894695 7141
25417626 750
25417677 84809
25417631 49294
25417685 20096
25417723 7141
25417735 1782
25417740 21727
4632043 60758
25417748 235633
25417752 15109
4632122 67953
25417760 11994
12033294 84809
18894857 49294
18894862 52582
25417775 27571
25417781 6849
25417785 52582
25417790 7463
18894962 45965
25417798 54989
12033240 60758
18895051 7463
18895052 15109
4632003 27899
25417811 7463
25417821 15109
25417826 70316
25417830 10044
25417834 24725
25417840 10876
12033359 52587
25417848 15109
4631978 51900
25417857 20096
25417862 16382
25417866 52587
25417870 40433
25417875 65843
4631927 20096
12033172 6347
25417888 7141
18894807 64946
25417896 67953
25417901 4322
4632104 235633
25417910 16382
25417915 54989
25417803 39068
18894867 57414
25417936 44810
12033197 98994
25417944 45965
4632222 57414
18895115 100466
12033347 61493
25417960 10876
25417965 7336
4632227 16382
25417973 52587
25417977 98994
25417982 134440
4632207 17156
4632214 10393
25417994 49903
25417999 57414
25418004 40433
25418008 44810
12033371 10044
25417990 67953
25418022 61493
25417995 7336
25418030 21658
25418034 10393
25418038 76857
4634866 27899
25418045 134440
25418049 42371
25418054 76857
25418059 14592
18895285 103519
4350918 26941
25418070 47622
4067730 42987
25418078 45396
18895304 22977
4632389 92390
4632364 44524
25418094 54073
18895331 26941
4067731 44540
25418089 45396
25418114 35768
25418118 22977
18895359 46500
4632459 44540
18895401 51595
18898949 42987
18895397 54073
12033622 77746
12033652 57402
25418159 47234
25418196 44524
25418214 51595
12033825 1486
25418293 56541
25418322 35465
4632879 57402
4632884 35465
25418461 59169
25418470 89484
25418477 1486
18895762 47234
4636145 72222
25418503 59021
18895770 17155
4636146 59169
25418514 89484
25418519 17155
25418525 32421
12034019 10389
25418533 11173
25418538 11173
25418543 11173
25420068 41926
25420199 6849
25420269 54989
25420312 39068
25420313 16382
25420319 49294
25420320 6347
25420340 21658
25420351 57414
25420352 21658
25420353 6347
25420373 39068
25420407 52587
25420410 117242
25420411 44810
18894914 27571
25420413 54989
25420422 100466
25420436 16382
25420441 27899
25420442 100466
25420443 27571
25420444 21727
25420448 98994
25420449 10393
25420450 44810
25420451 7463
25420452 134440
25420453 1782
25420476 1782
25420482 134440
16415115 64946
25420487 67953
25420488 117242
25420496 27571
4634885 1782
25420501 10044
25420502 49313
25418055 31250
25420511 88371
25420515 98994
25420516 7463
25420518 61493
25420522 7336
25420529 27899
25420531 134440
25420532 7463
4634988 70316
25420537 70316
25420538 29813
18897917 31250
25420545 31250
25420546 11172
25420547 41252
25420552 27571
25420555 134440
25420560 7463
25420564 42371
25420566 29813
25420570 134440
25420572 10393
25420573 42371
25420574 11172
25420575 5868
12036188 58706
25420582 8078
25420584 41252
25420585 11113
25420590 3234
25420592 11172
25420593 391
25420595 41252
25420596 44842
25420597 61493
25420598 11172
25420600 88371
12036239 8078
25420605 41252
25420607 4835
18898003 11113
25420612 11090
25420617 34112
25420621 49313
25420622 27868
25420608 105377
25420627 8078
12036275 105377
25420631 10117
25420632 27868
25420633 29813
25420634 31250
18898035 34112
25420638 49313
25420642 31250
25420646 31250
25420647 4835
12036293 52905
25420652 12428
25420658 3234
18898101 11128
25420663 10876
25420668 49313
4635184 27868
25420676 11090
25420681 5868
25420682 160086
25420686 49903
12036392 31250
25420693 34738
25420697 58706
18898159 69841
25420702 12427
25420707 49313
12036422 11128
25420715 10792
18898181 62919
25420720 160086
25420725 1781
25420730 49313
25420735 3234
25420739 11172
25420745 88371
25420750 34738
25420752 34112
25420753 52905
25420726 160086
25420760 31250
25420765 76857
25420769 11172
25420770 391
25420775 88371
4635269 10792
25420782 11090
25420783 34112
25420784 3234
25420788 391
25420789 11128
12036467 58706
4635285 8078
25420796 41252
25420801 41252
12036475 10792
25420809 44842
4635270 11113
4635284 8078
25420822 41252
18898241 4835
12036538 10792
25420834 11113
25420840 11172
25420845 34738
25420846 5868
18898247 4835
25420853 34112
25420854 11172
25420858 391
25420859 52905
25420860 21008
12036550 12428
25420868 12427
25420873 58706
25420874 41252
18898264 44842
25420879 34738
25420884 5868
18898276 11113
25420895 16383
25420903 52905
25420904 27953
25420906 12428
25420908 160086
4635391 10792
18898295 160086
4635384 88343
25420924 206954
25420928 4835
18898341 105377
25420932 105377
12036676 44842
25420938 52905
25420943 21008
25420947 14670
25420948 38150
25420951 88343
25420952 53995
18898342 16383
18898375 1988
18898349 52905
18898359 12427
4635431 14670
25420977 105377
25420978 16383
12036736 11090
12036704 34112
25420985 39772
4635458 48276
25420989 8059
25420993 88343
25420994 91019
25420998 3493
4635490 34112
25421002 88343
25421003 206954
25421007 14006
4635477 97165
25421014 21008
12036778 38150
25421022 53995
4635532 11090
25421030 1988
25421034 1781
25421039 8059
12036746 3493
25421043 55312
25421044 53955
12036751 97165
25421048 7502
18898446 206954
25421056 55312
12036790 53955
12036791 13643
25421066 36452
25421070 50277
12036911 34112
4635617 1988
4635580 12428
18898471 38150
25421088 88343
25421089 3493
25421094 50525
12036928 48276
25421102 48276
4635630 14006
25421106 55312
25421107 55312
25421108 97165
18898469 13643
25421113 78929
25421114 65268
25421127 50277
25421131 27953
4635661 12427
12036950 50525
12036975 88343
25421145 91019
12036954 3493
25421151 50277
25421155 1472
25421159 12428
25421163 62919
25421168 14670
18898490 48276
25421173 88343
25421174 8300
25421175 97165
25421176 13643
25421178 65268
25421182 7502
12037276 17247
25421188 54041
25421189 14670
12037257 38150
18898820 48276
25421201 88343
4635964 53995
25421205 53955
25421206 97165
25421207 13643
25421208 7502
25421209 96001
25421210 93388
25421442 39772
25421446 48276
25421447 206954
4636021 3493
25421454 8591
25421455 94954
25421456 8059
25421461 206954
25421466 36452
25421467 96001
12037352 1472
16628976 94954
25421476 237838
25421480 8300
12037326 53995
25421486 53995
25421492 158229
25421497 158229
25421498 237838
25421503 8300
4636076 8591
25421511 96001
25421512 14592
18898862 101753
23497854 237838
25421522 3493
25421527 8591
25421528 55312
25421540 65268
25421542 1472
25421547 1472
25421548 26941
25421552 65268
4636115 36452
25421560 93388
25421561 93388
18894588 158229
25421570 97165
25421574 13643
25417605 96001
4632330 17247
25421582 94954
25421587 44540
25421591 54041
25421593 26941
25421599 26941
25421605 47234
25421606 57402
25421607 47234
25421609 77746
4636150 47623
27646164 24725
27646191 117242
27646195 40433
27646199 134440
27646203 100466
27646207 21658
27646213 76857
27646219 11113
27646224 34112
27646234 14670
27646237 38150
27646241 53995
27646293 65268
27646297 7502
27646304 96001
27646312 50277
27646327 96001
27646331 96001
27646336 17247
27646340 54041
27646345 40419
27646349 103519
27646353 10682
27646357 44540
27646361 47622
27646367 59169
27646379 31973
27646383 29676
24233060 1800
17931606 339
28980053 167
1504025 22777
23016827 7336
29254501 11113
16367411 40433
4632117 52587
9277662 52905
29267632 67953
4635068 41252
16294361 34112
12036288 10117
4632080 6538
18897834 1782
1457214 67953
4635013 27868
1534443 5868
1695570 21727
16406482 27953
29331170 70316
29333944 44810
12036378 41252
18898067 61493
1668662 10876
18898015 8078
29344963 134440
25417849 7463
16413860 1781
16322282 27899
9285069 76857
3792274 760
4632270 15109
1431426 61493
1724596 160086
29371915 10044
22881075 10117
24649011 52582
1441752 10393
18895033 40490
18898075 4835
4634748 21658
9212611 65843
29418273 44842
25420805 105377
18895106 21727
1457215 21727
29449034 17156
29449337 21658
4632335 103519
22921200 17156
2346003 11994
22978356 105377
29475597 7141
18898127 5868
18898133 11113
4634966 10876
29509469 52905
23012255 10393
16364109 391
12033220 52582
4632296 70316
29642844 24725
29684909 1782
11260669 154
29770822 29813
29773541 22977
12033278 52582
11896216 7336
12036364 44842
30012298 3234
16971008 45965
4634964 10117
12036205 10117
30219578 76857
30766201 2058
30787944 17247
4631723 40490
30805978 11994
4631805 51900
4631806 84809
29509470 1988
30944221 55312
4634681 84809
31002641 78420
31002645 162
31002867 758
31002872 2058
1512816 65843
12036575 62919
31247178 88343
31247343 39772
24956531 38150
31247179 8059
24956542 206954
31248073 91019
31248077 8300
31370245 41926
25271126 3493
25418060 158229
31701016 24725
4631739 65843
18894657 6849
31701036 49294
31701040 52582
31701044 39068
31701049 65843
18894924 4322
31701058 20096
31701062 40490
12033056 2658
31701070 4462
31701074 22777
4631812 750
12033103 51900
12033104 84809
31701088 6353
31701092 11994
31701140 49294
31701145 7141
31701149 1782
31701153 7463
25417892 70316
31701160 64946
31701164 51900
31701169 100466
12033289 51900
31701180 6347
31701184 27899
4631964 38277
31701190 45965
31701194 57414
31701199 51900
12033219 40490
31701207 100466
4632075 235633
18894985 52587
31701217 134440
31701221 57414
31701226 84809
12033234 6347
25417932 21658
31701237 98994
31701241 6552
31701141 49294
31701250 6347
12033225 98994
31701045 60758
4631917 64946
25417756 10044
31701268 61493
4631940 11994
31701275 45965
31701279 57414
4632156 20096
31701288 49294
18894832 52582
4631934 54989
4631933 60758
31701303 100466
31701308 6347
31701312 21727
31701316 17156
31701320 65843
25417884 40490
4632098 100466
31701332 52587
31701337 21658
4631973 4413
31701345 60758
31701333 16382
31701246 49294
31701357 15109
18895120 16382
12033360 52587
31701368 7336
18895114 235633
4632221 57414
18895071 6552
4632176 42371
18897794 27571
31701387 27899
31701391 27571
12033424 44810
18895175 98994
18895180 27899
18895142 10876
12033400 29813
31701413 10393
18895169 31250
4634874 1782
18895185 17156
12033428 27868
12033433 29813
31701435 11128
4635051 10792
25421592 54041
31701446 101753
18895271 45425
31701456 42611
31701464 26398
31701468 101753
18895256 44540
4632377 22977
4632394 40419
31701483 42611
25418124 51738
18895308 76960
4636136 61473
4632412 46500
12033556 44064
12033563 92390
12033569 44524
18895318 54073
12033585 103519
18898943 44064
12033596 76960
18895388 45396
31701529 44524
12033545 56541
31701538 72222
12033574 51595
31701548 35465
31701553 47622
12033615 61473
31701561 54073
31701565 72222
25418160 77746
4632555 51595
31701581 54073
31701603 35465
31701637 35768
25421608 57402
25418451 77746
31701768 51595
25418498 47234
31701810 77746
25418504 35465
31701918 57402
4632889 59169
31701927 27887
31701932 17155
31701937 77746
4632905 17155
31701945 32421
31703434 78420
31703448 78420
31703457 750
31703469 758
31703494 4322
31703498 4413
31703514 11994
31703547 54989
31703588 100466
31703597 100466
31703604 6849
31703621 51900
31703623 49294
31703638 16382
31703683 39068
31703684 52587
31703685 21658
31703721 21658
31703722 39068
31703752 54989
31703753 39068
31703754 100466
17944059 44810
31703760 39068
31703769 40433
31703770 27571
31703772 134440
31703773 27899
31703774 42371
31703775 134440
31703776 15109
31703778 17156
31703779 67953
31703780 27571
31703781 40433
31703782 98994
31703783 7463
31703786 64946
31703818 10044
31703822 98994
31703823 1782
12036087 98994
4634879 27899
31703830 29813
18895222 76857
4634945 1782
12036120 70316
31703841 70316
31703842 6552
31703843 17156
10029060 42371
31703867 7336
12036082 76857
31703883 49313
31703884 29813
4634912 76857
31703892 27571
31703893 27899
12036155 64946
12036131 10876
18897887 49313
18897892 3234
18897891 3234
4634923 11172
4634928 391
31703918 88371
31703922 27899
31703926 42371
4634972 49313
31703927 17156
31703928 61493
31703930 61493
31703931 61493
31703932 49313
4635011 27868
31703937 29813
31703938 11128
31703942 88371
31703943 41252
31703945 70316
31703950 27868
31703951 11172
31703952 11172
31703953 11128
31703956 58706
31703958 10792
31703961 7336
18897997 34738
31703962 7336
31703979 34738
31703981 58706
25420613 16383
31703985 1988
31703989 11172
31703990 58706
31703991 41252
18898022 16383
31703996 11090
31704000 27953
31704004 58706
31704005 8078
18898029 11090
12036283 1988
31704013 67953
4635141 49903
31704020 58706
31704021 41252
18898053 44842
12036346 49903
12036314 11090
31704033 34112
25420648 1988
25420654 27953
18898150 29813
18898154 76857
31704048 27868
31704049 3234
12036391 31250
31704056 76857
31704057 34112
31704058 69841
4635166 62919
31704066 3234
31704070 391
18898165 160086
25420731 27868
31704077 76857
31704078 11172
31704079 27953
31704081 50525
31704085 31250
25420771 11128
25420751 34738
12036445 58706
4635237 11128
31704116 34738
31704118 5868
12036454 58706
31704122 4835
31704123 16383
31704125 34112
31704126 52905
31704128 3234
25420841 391
4635262 34738
31704140 34738
12036507 5868
31704144 8078
31704145 41252
31704150 10792
31704153 34112
31704154 1988
12036500 27953
31704161 88371
31704165 41252
31704166 16383
31704171 52905
29351564 160086
31704175 11113
18898260 16383
12036540 34112
31704182 34112
31704183 21008
25420885 58706
4635347 8078
31704190 10792
4635334 34112
31704195 52905
31704196 27953
18898289 8078
12036584 4835
31704204 34112
31704205 1988
12036590 21008
31704214 21008
25420905 27953
25420907 12428
12036594 62919
12036620 16383
12036625 11090
31704232 1988
25420909 14670
31248063 50525
17523952 3493
31704245 10792
31704246 52905
31704247 52905
25420969 62919
31704259 8059
31704261 8300
12036670 10792
31704265 12428
4452988 1781
31704272 38150
31704275 8300
31704276 14006
31704278 39772
31704279 48276
31704280 48276
31704281 48276
31704282 8059
12036693 88343
31704286 88343
31704287 55312
31704292 13643
25421015 27953
31704300 14670
18898406 48276
31704307 8059
4635510 27953
25421035 50525
31704321 12428
31704325 8300
31704326 8591
31704327 13643
4635579 21008
4635562 62919
12036896 39772
31704341 206954
31704342 8300
31704343 53995
31704345 3493
31704347 78929
12036842 7502
25421132 52905
18898454 21008
31704359 8059
25421058 55312
31704349 13643
12036837 78929
31704369 36452
31704370 93388
31704375 1988
31704379 52905
31704382 21008
31704386 12428
31704387 62919
18898489 38150
12036922 39772
31704396 91019
31704398 14006
12036958 53995
31704402 93388
31704406 17247
18898504 14670
12036971 8059
31704416 206954
31704417 36452
31704418 14592
31704422 12427
12036951 1781
18898510 38150
31704432 38150
4635940 8059
31704436 8059
31704437 8300
31704438 8300
12036982 14006
31704442 13643
25421183 7502
31704457 93388
31704458 17247
31704459 101753
31704463 50525
31704468 206954
31704469 91019
31704470 14006
18898788 55312
31704475 65268
31704476 65268
31704673 50525
31704677 39772
31704678 48276
31704679 8059
4635998 91019
4635965 55312
31704687 55312
31704688 55312
31704689 53955
4636027 78929
31704693 78929
31704694 65268
31704695 36452
31704696 96001
31704697 17247
12037246 54041
31704703 42611
25421504 206954
12037325 91019
4636046 8300
31704720 53995
4635966 8591
12037307 13643
31704727 78929
31704728 65268
4636028 36452
18898833 96001
31704755 91019
31704757 65268
31704762 36452
25421543 17247
31704767 22977
31704771 3493
31704775 55312
12037412 36452
31704782 93388
31704783 46500
31704789 13643
31704791 65268
12037413 93388
12037423 158229
12037440 94954
12037446 10682
18898881 92390
31704812 42987
31704817 97165
31704821 65268
12033004 101753
18898910 45425
31704830 42987
31704836 13643
31704837 14592
31701447 158229
31701452 101753
31704848 45425
31704850 10682
4636092 92390
31704859 76960
31704863 22977
31704864 44540
31704867 44524
31704877 54073
31704878 61473
31704879 61473
31704880 35768
31704881 45396
31704882 54073
31704888 57402
31704892 47623
33848550 65843
33848554 4322
33848575 44810
33848582 6552
33848586 27571
33848590 61493
33848596 49903
33848600 5868
33848608 29813
33848612 16383
33848616 105377
33848637 53955
33848641 13643
33848645 78929
33848654 50277
33848658 93388
33848666 1472
33848671 17247
33848675 14592
33848679 1472
33848683 158229
33848687 14592
33848691 26398
33848698 1472
33848702 45425
33848706 26941
33848712 29676
33848723 10389
23103335 2658
3708360 76960
35410459 29813
12036450 4835
31701053 6538
9296280 16383
16383128 4413
18897989 31250
9896185 29813
1574893 21727
12036303 10876
4635065 61493
35484479 2058
31701203 6347
35497727 4322
9281370 17156
12036098 15109
4631768 2658
2214281 7336
4632055 15109
1644659 11113
9524155 40433
9468484 12427
12036298 21727
31704080 21008
35549498 1988
2258504 84809
4634962 6552
18894827 84809
31701289 84809
29475598 54989
12033314 51900
35567918 12427
9284163 27868
35571269 11090
2214282 10876
12036264 4835
9634580 12427
35593507 64946
4634805 21727
23106862 69841
4635210 16383
22637107 26941
31701428 49903
9304674 64946
9541457 49313
35615942 34738
18897949 391
25420270 7141
25418102 47622
1812033 45396
16647433 60758
1521479 10393
12037277 54041
35852268 162
9329103 17156
35696453 42371
1510542 10044
36027887 62919
9337741 76857
12035915 235633
11260262 154
31701081 4462
16375000 62919
36932314 38150
36934327 16382
31703777 15109
24467011 2058
31704855 103519
31003475 758
31002646 162
3792232 5807
9726110 154
37104013 24725
24709991 65843
31002868 41926
11260681 758
3792549 41926
37341160 2658
11523707 50525
37344065 8300
4635443 91019
25420953 14006
37642690 53955
31704311 38150
37784288 36452
37784293 1501
37784294 760
18894658 4413
37784302 4462
37784306 84809
37784310 41926
37784315 6849
1486610 65843
18894671 750
4631751 4413
4631763 11994
37784334 22777
4631774 38277
37784341 38277
37784345 11994
12033082 6538
37784352 6353
37784358 2658
37784362 758
23312293 84809
37784393 10044
4634797 21658
12033309 134440
31701317 10044
25417897 17156
37784410 10393
25417876 65843
4632024 40490
12033251 7141
4632030 60758
4632069 4413
18894887 60758
25417794 39068
4631984 100466
18894898 40433
37784444 6538
4631962 750
31701350 100466
18895025 52587
18895024 21658
37784465 117242
37784469 4462
12035914 16382
37784477 16382
31701280 21658
37784484 40433
37784489 44810
4632166 134440
18894796 60758
25420412 44810
25417807 1782
37784506 6552
37784511 21727
18897408 750
12033338 60758
25417946 100466
25417953 235633
12033343 16382
31701364 21658
18894817 42371
12035884 39068
37784544 235633
37784548 134440
12033173 7141
31701170 39068
4631911 235633
4631896 70316
25417741 6552
37784447 750
37784555 60758
37784578 6538
37784446 750
4632146 7141
31701327 45965
37784590 21658
4631992 51900
4632010 84809
12033235 6347
4631956 40433
12033196 27571
12033352 100466
12033270 10393
4632036 61493
37784618 39068
12033382 21658
12033366 44810
37784641 49313
25418000 117242
37784648 49313
37784652 16382
4634808 10117
37784659 49313
37784663 117242
4632291 40433
31703787 64946
25418023 42371
12033395 61493
18895141 7336
4632242 42371
31701404 10117
18895164 49313
37784694 11172
25420489 40433
37784701 44810
37784705 11113
12033486 94954
31701476 237838
37784715 1472
4632376 10682
37784723 94954
4632370 237838
18895291 46500
4632383 40419
37784739 61473
18895317 51595
31701496 40419
18895332 44540
12033544 54073
4632430 42987
25418128 45396
18895360 92390
18895392 44540
4632460 35768
18895412 61473
12033621 56541
37784780 72222
18895423 44540
12033608 35768
4632566 61473
12037493 35768
37784805 57402
37784826 59169
31701827 77746
12033905 35465
37784918 89484
37784930 35768
18895678 61473
37784973 47234
37785034 56541
31701928 89484
37785104 77746
37785152 44064
37785157 89484
12033999 29676
12034014 47623
37785170 10389
37785175 34645
37785179 10113
37785184 16285
37786748 4322
37786769 750
1602650 4462
37786837 84809
37786870 4462
37786876 6347
37786929 52582
37786936 16382
37786937 52587
37786941 117242
37786942 27571
37786956 27899
37786977 117242
4632004 134440
22998693 117242
37787030 134440
37787031 70316
37787032 44810
37787033 117242
37787034 40433
37787035 134440
37787036 67953
37787037 98994
37787038 27571
37787039 134440
37787040 64946
37787041 67953
37787042 67953
37787043 117242
37787044 44810
37787045 27571
37787046 134440
37787047 134440
37787048 70316
37787068 6552
37787069 10044
37787070 134440
12036096 7463
37787074 64946
37787075 21727
18897866 67953
4634902 10393
9277981 10117
37787086 61493
37787087 49313
18897854 29813
25420506 3234
31703831 31250
37787101 31250
37787102 44810
12036148 27571
37787110 134440
4634946 1782
31703898 6552
12036106 49903
31703885 29813
37787097 3234
4634911 11172
4634943 4835
25420530 27899
37787137 21727
37787138 67953
37787139 42371
37787140 61493
37787141 29813
37787142 11128
37787130 8078
18897916 3234
37787154 10792
37787158 134440
37787162 1782
37787165 6552
37787166 34738
37787167 58706
12036194 41252
37787171 4835
37787173 29813
37787174 31250
37787175 5868
37787176 58706
37787177 8078
37787178 61493
37787179 7336
37787180 31250
37787181 11172
37787182 11128
18897978 58706
31703944 8078
37787191 5868
37787187 58706
37787192 11128
37787193 41252
37787194 34112
37787198 11128
37787202 49903
37787203 3234
37787205 31250
37787206 10792
31703992 11113
37787210 69841
25420664 7336
37787218 29813
18898095 76857
18898058 21008
37787228 12427
37787234 10393
37787235 42371
18898143 27868
37787242 29813
31704044 11172
4635126 16383
12036315 34112
25420653 69841
18898088 12427
37787260 61493
37787266 11128
4635151 1988
31704037 52905
18898108 12427
37787281 160086
37787286 10876
18898169 29813
4635171 391
37787298 11128
37787282 14670
31704073 29813
12036397 76857
18898185 11128
25420711 88371
37787314 5868
18898190 41252
37787321 50525
37787325 49903
25420761 76857
37787332 11128
4635216 88371
37787336 88371
37787337 58706
37787339 8078
12036386 12427
37787343 49903
37787347 58706
37787348 69841
37787349 27868
37787355 58706
25420797 4835
37787359 10792
37787360 34112
37787362 52905
37787363 31250
12036502 88371
12036483 105377
37787373 34112
37787374 21008
37787375 11128
12036525 41252
37787385 105377
31704167 11090
12036491 34112
37787392 391
37787394 8078
12036526 41252
12036513 10792
18898249 44842
12036537 11113
12036492 11090
37787411 34112
25420861 27953
29351565 160086
37787422 391
37787427 11128
37787431 34738
37787435 4835
25420875 11113
37787439 27953
37787440 12427
37787441 160086
37787442 50525
37787443 11128
4635342 88371
12036562 4835
4635362 16383
37787458 34738
37787459 4835
37787460 16383
31704224 11090
31704228 34112
37787467 14670
4635393 105377
37787471 160086
18413445 1781
37787475 50525
4635414 48276
37787480 206954
37787481 4835
37787482 44842
18898348 11090
37787486 34112
18898323 1988
37787490 27953
37787495 62919
12036633 1781
12036660 38150
37787512 88343
37787513 206954
37787514 41252
4635452 105377
12036677 11090
12036689 160086
37787525 88343
37787526 91019
37787527 4835
12036709 21008
37787535 8059
37787536 88343
37787537 206954
37787539 206954
31704277 8300
12036741 1781
37787547 8059
37787548 3493
31704288 8591
37787553 55312
37787558 34112
12036800 52905
37787562 48276
37787563 8059
18898422 88343
37787570 206954
18898426 14006
37787574 14006
37787549 3493
12036805 12427
18898445 48276
12036725 14006
37787591 11090
37787592 21008
31704344 53995
37787597 8591
31704348 78929
12036883 62919
31704388 14670
37787608 8591
37787609 8591
37787610 53955
37787611 13643
25421071 36452
37787616 96001
31704397 91019
37787623 8300
37787627 53995
4635599 3493
37787631 8591
37787632 7502
37787633 69841
12036965 62919
18898482 1781
37787643 8059
37787644 8591
37787645 65268
1512818 54041
18898505 50525
25421193 39772
37787658 39772
37787659 39772
37787660 53995
25421177 13643
37787664 78929
37787665 65268
37787666 65268
37787667 96001
37787668 96001
37787669 96001
4635656 158229
25421457 39772
37787676 53995
4635945 97165
12037273 78929
4635706 36452
37787695 50277
37787696 96001
37787943 88343
37787944 3493
18898789 8591
37787948 55312
4635973 97165
37787952 97165
12037274 13643
37787956 65268
18898797 7502
37787960 7502
4635951 36452
4636040 94954
37787967 55312
37787968 55312
37787969 97165
37787975 65268
37787976 36452
37787977 96001
37787979 1472
18898809 158229
12037347 26398
37787995 91019
37787999 3493
18898889 8591
37788003 53955
37788004 53955
12037332 13643
18898871 78929
37788012 65268
12037341 36452
37788016 93388
37788020 54041
37788024 1472
37788025 14592
12037376 78929
37788035 96001
37788036 93388
18898922 17247
25421575 36452
37788045 14592
37788049 101753
12037371 237838
31704784 22977
37788058 103519
4636083 17247
16628977 94954
37788070 76960
31704813 26941
37788074 47622
12033470 36452
37788081 1472
37788083 158229
31701012 26398
37788087 46500
37788091 26941
37788093 76960
37788094 76960
37788095 44540
37788096 44524
37788097 44524
37788098 54073
37788099 42987
37788100 51595
37788101 54073
37788102 51595
37788103 72222
37788104 72222
37788109 34645
39850455 6347
39850459 98994
39850463 98994
39850469 27571
39850474 16382
39850478 57414
39850482 17156
39850486 40433
39850490 44810
39850496 8078
39850506 41252
39850511 160086
39850515 44842
39850524 14006
39850558 53955
39850562 38150
39850566 39772
39850570 7502
39850574 36452
39850578 36452
39850589 14006
39850593 78929
39850597 101753
39850600 42611
39850604 10682
39850611 237838
39850615 51738
39850619 22977
39850625 103519
39850645 47622
39850652 45396
39850659 45396
39850663 59021
39850673 27887
39850680 27887
39850691 11173
39850695 10113
876050 162
9309487 60758
4632019 52582
9304672 10044
23026971 42371
41383578 100466
41387748 117242
18898208 50525
11037430 6849
4634871 64946
25420721 14670
12036157 17156
4635096 42371
18894940 1782
18894679 6353
1584126 10792
12033030 5807
31703946 64946
31703980 34738
12036289 10117
18895208 42371
18898236 27953
4631883 45965
12033031 5807
17969227 1988
41487155 154
4634800 57414
37787204 3234
25420454 7463
4635018 3234
18894627 24725
41505705 11128
24709742 6353
4634993 61493
25420599 11172
4635007 49903
1497521 4835
4635025 11172
18894979 45965
9284164 49903
4634973 49313
18898102 4835
29371917 10044
4635111 88371
29449035 67953
12036281 31250
37787076 21727
10038101 88371
31704124 16383
16294424 391
12036338 58706
41630496 31250
29242200 49903
1798402 10393
41737223 38277
3792275 6353
9664633 11090
18894881 7141
17523951 40419
29512739 42371
42029926 7463
4635010 49313
12033108 38277
18092349 154
30805979 4462
12033328 20096
12036269 42371
18897953 88371
42972294 6353
35535362 64946
43022982 22777
43023048 758
43023064 65843
18158481 41926
43023050 5807
9983928 5807
18158766 758
43023285 154
43023893 4322
8250185 1800
24956738 8059
43263259 206954
43379838 1800
43379868 78420
43379872 5807
4635422 8300
43696448 7502
43696453 10682
12037445 237838
12033480 51738
18894653 6538
43696467 51900
18894923 4322
43696475 78420
12033036 5807
18894626 24725
43696486 1501
43696491 22777
18894663 84809
18159375 6538
12033083 38277
43696506 5807
4631817 38277
18894710 4413
25417678 51900
43696476 78420
4631784 40490
37784298 6849
43696542 20096
18895007 100466
25417822 7463
43696553 17156
43696558 67953
31703771 27571
43696567 42371
18895000 24725
31701284 40490
18894892 45965
43696583 57414
37784485 117242
18894897 44810
43696593 98994
12033202 4462
25417916 6347
31703589 39068
31701349 235633
43696609 16382
4632155 20096
25417871 117242
31701251 7141
12035928 57414
43696627 70316
43696631 64946
43696543 20096
4632005 134440
31701242 64946
43696644 41926
37784414 4322
3539443 84809
3539449 49294
25417945 45965
18894812 6552
18894876 84809
18894850 54989
43696673 117242
43696677 4413
4634714 57414
43696684 1782
43696688 4413
4631889 7463
4631895 15109
37784445 6538
4632150 6849
43696705 51900
43696710 39068
25417907 100466
25417911 235633
31701338 52587
43696620 54989
25417978 27571
18895083 17156
4632215 42371
25417961 61493
25417966 10876
43696751 7336
43696755 27868
43696759 29813
18895155 27899
16447537 70316
4634807 42371
43696773 6552
18895133 10044
43696780 21658
43696784 117242
31701405 61493
12033414 10876
31701409 27868
43696797 57414
18897847 98994
25420497 7463
4634870 70316
4632284 7336
43696814 391
12036220 8078
12036219 41252
43696827 10682
43696831 46500
25184893 44540
43696838 54041
43696842 42611
18895272 237838
37784728 51738
1812032 45396
43696856 45425
4632395 76960
43696863 42987
4632417 44524
4632422 51738
12033527 26941
18895340 44540
25418132 35768
31701533 51595
31701500 57402
37784766 45396
18895384 42987
18898944 57402
43696903 2058
12033614 45396
12033627 57402
4632521 47234
43696916 72222
4632750 47234
12037496 54073
43697073 57402
18895628 44064
43697103 72222
31701919 54073
43697273 35465
4632894 72222
43697280 35465
25418515 59169
43697287 1486
25418520 27887
37785162 31973
4632899 32421
43697304 35465
43697310 27887
25418534 18776
43698825 22777
43698859 154
43698879 2658
43698887 41926
43698987 20096
43699012 6849
43699128 6347
43699136 39068
43699138 21658
43699151 100466
43699161 6347
43699176 21658
43699178 117242
43699180 100466
43699181 16382
43699193 98994
43699194 134440
43699215 100466
43699227 44810
43699229 27571
43699230 134440
43699231 134440
43699232 16382
31701261 70316
43699233 67953
43699234 67953
43699235 44810
43699236 17156
43699237 134440
43699239 134440
43699240 7463
25418012 21727
25418018 17156
43699246 42371
43699268 7336
43699271 117242
43699272 44810
18897859 40433
43699280 134440
43699281 1782
43699282 67953
4632302 27868
43699286 11128
43699290 44810
37787103 98994
18897910 27899
43699297 10117
2386771 10876
43699309 34738
43699313 1782
43699314 42371
43699325 134440
25420556 1782
43699329 17156
18897883 49903
43699333 49313
43699334 31250
12036143 58706
25420571 1782
18897919 11172
18897920 391
25420548 58706
43699351 27899
43699355 64946
43699356 21727
43699357 67953
43699358 10876
43699360 49313
18897933 3234
43699364 3234
43699365 3234
43699344 11172
43699369 41252
12036200 4835
43699373 42371
43699374 61493
43699375 3234
43699376 31250
43699378 6552
43699379 7336
43699380 49313
43699381 49313
18895227 88371
43699388 41252
12033454 4835
12033460 105377
43699395 16383
43699399 1988
43699402 52905
43699406 4835
43699407 7336
43699408 49313
43699409 27868
43699412 12428
37787243 3234
43699420 391
43699421 49313
18898122 76857
31704022 105377
12036310 44842
43699439 76857
12036356 391
43699443 5868
43699444 41252
4635150 34112
18898113 62919
43699452 10117
43699457 61493
43699462 49903
43699466 3234
43699467 7336
43699473 11128
43699474 34738
43699475 58706
43699476 8078
43699477 41252
31704059 27953
43699482 1781
43699486 29813
25420746 34738
43699493 41252
43699494 52905
4635228 41252
43699498 41252
18898197 50525
43699501 49313
43699505 29813
43699509 3234
31704117 34738
43699516 8078
4635246 11172
31704132 11128
43699523 34738
12036503 88371
43699531 11090
43699532 52905
43699533 76857
4635328 58706
18898242 8078
12036535 105377
43699546 27953
43699547 50525
43699551 206954
43699554 10792
4635361 105377
25420897 44842
43699561 11113
43699562 16383
43699563 11090
31704191 1988
43699567 52905
43699568 39772
25420880 34738
43699572 41252
25420896 11090
43699577 52905
18898269 21008
31704210 27953
43699584 105377
12036599 14670
43699595 50525
43699596 48276
12036585 41252
43699600 41252
25420933 11113
25420963 34112
25420939 21008
37787491 69841
43699613 58706
43699615 8078
43699616 11113
43699617 1988
43699618 12428
25420973 160086
43699622 160086
43699623 50525
43699624 50525
43699625 39772
12036639 88343
12036643 91019
43699640 8591
43699644 41252
18898354 21008
37787531 27953
43699654 91019
43699655 91019
43699656 44842
43699659 12427
37787543 50525
43699666 38150
43699671 8059
43699672 88343
25271121 14006
43699676 53995
18898397 44842
12036769 12427
43699686 160086
4635469 53995
18898438 16383
43699696 16383
43699697 11090
43699701 1988
18898418 69841
43699705 69841
4635516 14670
43699709 48276
43699710 206954
43699711 8591
12036731 97165
4635561 69841
43699718 8059
4635540 53995
4635548 55312
43699726 65268
43699730 16383
43699731 27953
12036844 69841
25421095 160086
12036849 88343
43699741 206954
43699742 14006
43699743 8591
43699744 8591
4635527 55312
43699748 53955
43699749 13643
4635586 1781
12036927 48276
4635591 206954
12036843 65268
25421164 12428
18898481 62919
4635592 88343
43699773 13643
43699774 65268
37787612 7502
31704371 96001
43699782 39772
4635663 91019
4635668 53995
12036959 55312
43699792 65268
12036906 7502
43699796 17247
25421169 14670
43699800 38150
43699801 8059
12036970 91019
4635700 78929
12036943 50277
4635646 93388
43699842 93388
4635960 1472
4635651 14592
43699849 12427
43699853 39772
31704680 88343
43699857 91019
43699858 14006
43699859 53995
43699860 55312
18898795 65268
4635704 7502
43699868 50277
43700113 94954
31704756 88343
25421481 8300
31704713 14006
43700127 55312
43700128 158229
4636035 101753
43700132 10682
43700136 8300
4635999 53995
31704758 7502
43700144 54041
25421516 42611
43700158 88343
37787996 91019
4636047 3493
12037375 53955
43700174 17247
43700175 51738
43700179 53955
43700180 13643
43700183 36452
43700184 92390
43700191 13643
4636120 7502
25421583 26398
43700206 101753
43700207 13643
25417616 93388
12032999 54041
43700224 1472
24951372 51738
31704808 103519
43700235 78929
43700239 14592
43700231 40419
12037430 103519
31704831 26941
43700250 47622
43700255 44540
43700257 42987
43700258 44540
43700260 45396
43700261 44524
43700262 77746
43700263 35465
45695496 235633
45695501 27571
45695505 235633
45695509 16382
45695513 98994
45695520 391
45695524 67953
45695529 8078
45695535 4835
45695541 11090
45695546 11128
45695550 69841
45695554 62919
45695558 50525
45695562 88343
45695599 206954
45695612 53995
45695619 45425
45695625 237838
45695632 237838
45695636 51738
45695640 46500
45695644 158229
45695648 26398
45695652 103519
45695657 237838
45695661 40419
45695665 61473
45695669 59021
45695673 31973
45695683 1486
1435874 54989
25418098 42987
9269040 4835
17944065 27571
12036337 8078
1417894 2058
47199769 51900
35577281 7336
4635147 58706
47207644 41252
43696666 49294
25420677 16383
25417771 20096
18897806 21727
18894802 52587
9455011 4322
47233462 50525
47233796 117242
29425165 44842
43699383 11128
47244237 88343
18898047 41252
12033241 60758
18897963 29813
4635156 52905
4631707 6538
16463695 39772
43699478 21008
29447526 10044
31703957 5868
41548143 49313
31703929 61493
16235232 38150
2258503 52582
18895217 10876
4631997 52587
17114692 27899
43699445 41252
12036374 8078
4632160 52587
9281371 21727
4632049 98994
35497728 65843
25417659 24725
18898176 69841
35517772 7463
18898049 4835
37787271 34112
4635136 10876
22998694 117242
23325972 14670
1811018 88371
29371916 6552
1725557 10117
23184983 69841
47325031 62919
25420698 27953
4631998 235633
25418050 10393
12033163 21658
41461399 6552
25420716 12427
11260261 2058
47468415 88343
11260403 760
9327291 8078
41465763 61493
31704127 52905
3694017 3234
47717451 45425
16533170 61493
1630751 70316
4632341 26941
48572903 167
25420069 41926
12033046 84809
31701063 20096
12036541 21008
9345454 69841
12036549 12427
9188468 38150
1449342 758
31701424 10044
18894622 65843
9726112 162
43022983 1501
3793283 24725
1486608 758
2747279 8078
48769957 1800
43023049 41926
18545656 760
48770014 24725
18158765 41926
48770770 750
4635369 12428
11523700 14670
4635298 48276
25420916 1781
24956537 88343
49212385 44540
43699667 39772
12036638 8059
1512817 3493
37784716 17247
18895243 26398
31701451 42611
49428586 54041
43696645 41926
25417835 24725
43696571 65843
49428608 60758
49428597 758
49428615 54989
49428619 4413
25417621 22777
18894667 24725
4631762 51900
49428635 52582
3793273 6538
49428642 4462
11260683 4322
18894715 11994
18894721 20096
49428655 2658
37784311 41926
37784366 11994
49428664 6347
49428667 78420
49428698 45965
4632112 235633
37784507 70316
49428708 6347
37784528 16382
18897771 27899
25417902 6538
49428718 45965
29624008 20096
12033208 16382
31701222 21658
4631941 11994
4631977 51900
18897676 21658
18894990 98994
18894995 27571
41737224 38277
37784427 4462
18894968 117242
49428757 49294
37784496 39068
25417937 40433
12033153 7141
12033168 6538
12033041 20096
18895057 39068
37784403 21727
12033203 4462
12033185 7141
43696610 235633
37784461 52587
31701195 21658
37784470 4462
37784440 117242
25417776 44810
25417777 98994
25417903 6538
37784451 38277
31701171 45965
12033158 54989
37784521 39068
25417736 134440
43696554 10044
31701304 39068
4632097 45965
49428837 4322
18894872 27899
18894873 134440
18895065 70316
49428859 49903
18895174 98994
29444106 6552
49428869 29813
25418013 21727
18895147 49313
43696798 57414
4634865 134440
37784683 10393
12033429 49313
49428891 134440
49428895 17247
4632353 26398
18895276 51738
12033481 40419
49428911 44524
37784735 22977
49428919 44524
4632382 51738
25418107 47622
43696852 44540
25418119 237838
43696888 54073
18895327 103519
4632436 76960
12033532 42987
18895371 44064
31701540 47234
18895377 40419
31701524 44524
12033570 51595
4632465 56541
12033551 44064
49428981 167
12033597 47622
18895393 35768
12033666 44064
12033637 51595
12033842 59021
31701733 72222
49429127 51595
49429184 27887
25421610 44064
4632869 59169
31701933 27887
49429260 56541
31701938 44064
37788105 47234
12037502 72222
43697299 17155
43697305 77746
49429337 31973
49429342 29676
49429348 47234
12034009 32502
49429356 47623
49429360 10389
49429364 16285
49430935 6353
49430960 49294
49431033 4462
49431069 51900
49431072 51900
49431179 84809
49431200 52587
49431205 57414
49431210 27571
49431251 7463
49431255 100466
49431256 16382
49431257 98994
49431258 44810
49431259 98994
49431260 44810
49431261 27571
49431262 134440
49431263 21658
49431264 117242
49431265 40433
49431266 27899
49431269 7463
49431283 61493
49431284 27571
49431296 10044
49431301 7463
49431304 15109
31701436 391
49431313 134440
49431314 15109
4634918 64946
49431309 11172
12036149 98994
18897909 27899
49431326 27899
25420533 64946
49431330 34738
4634941 8078
49431334 27571
49431335 27899
37787120 27868
4634935 34738
49431342 4835
49431346 10792
12036165 31250
11018703 15109
49431353 10044
49431354 10393
49431355 7336
49431356 29813
49431357 31250
4635024 76857
49431365 8078
12036199 10792
49431369 105377
49431370 10876
49431371 7336
49431386 11172
49431387 391
12036212 11128
49431388 88371
49431389 29813
49431390 31250
31703955 11128
31703954 11128
12033455 10792
49431397 11090
49431400 31250
43699382 11128
25420606 41252
12036249 44842
49431407 61493
49431408 49313
49431409 34738
18898017 44842
49431414 49313
49431410 105377
4635081 44842
49431421 34112
49431422 12427
18898093 27868
4635117 34738
37787211 27953
43699413 69841
49431440 10393
37787261 10876
25420672 29813
25420659 3234
49431453 31250
49431454 76857
12036329 391
37787267 88371
49431462 41252
18898080 11113
49431433 21008
37787229 12428
43699453 10117
37787287 7336
12036347 49903
12036330 11172
49431484 391
49431485 11128
49431486 34738
37787256 12428
49431490 88371
18898138 21008
12036341 27953
49431497 10876
49431501 12427
49431502 7336
12036415 11172
49431509 391
49431510 34738
22984017 10792
49431515 10792
49431516 52905
25420703 12428
37787350 27868
37787351 29813
18898215 5868
49431528 39772
49431532 11172
49431536 41252
4635247 76857
25420823 4835
49431545 10792
25420835 16383
49431549 31250
49431553 58706
12036512 105377
49431557 11113
4635281 16383
49431561 27953
37787423 391
4635287 52905
47258196 38150
1807115 48276
49431574 5868
4635312 41252
12036569 10792
49431581 44842
37787454 11090
49431586 62919
25420913 41252
49431590 41252
4635355 105377
31704206 52905
49431597 12428
49431598 160086
49431599 39772
12036571 44842
49431603 5868
43699614 58706
12036654 4835
49431613 1781
18898288 8059
18413451 8300
49431620 58706
49431624 41252
37787518 34112
12036631 12427
49431634 48276
18898337 44842
49431638 8059
49431639 8059
49431640 88343
49431641 91019
49431642 8300
49431643 3493
43699657 44842
49431647 21008
31704296 69841
4635441 39772
49431654 88343
49431655 91019
49431656 8300
49431657 8300
49431658 14006
11868873 53955
49431662 105377
12036764 16383
4635515 12428
4635493 62919
18898401 50525
18898411 91019
49431679 11113
4635537 34112
49431683 21008
31704334 12428
37787580 62919
49431690 62919
4635521 48276
49431694 91019
49431695 8300
49431699 8300
49431700 53995
4635472 55312
25421075 16383
4635538 52905
43699753 38150
12036788 206954
25421052 91019
49431720 16383
31704380 34112
18898453 1988
49431730 1988
49431731 69841
49431732 12428
18898455 12427
49431736 62919
12036888 14670
31704392 50525
12036901 8059
12036854 8300
49431749 97165
4635581 69841
18898456 160086
12036921 39772
49431759 206954
25421146 14006
49431763 53995
49431764 52905
49431768 27953
49431772 69841
49431773 12427
49431774 8059
25421147 8591
49431778 8591
12036933 97165
49431782 65268
49431783 36452
12036981 206954
4635694 14006
4635670 8591
49431793 13643
49431794 96001
18898513 88343
49431798 206954
49431799 53995
49431800 8591
31704471 53955
49431804 53955
12036990 97165
49431808 13643
4635703 36452
49431813 62919
49431817 8059
18898786 14006
49431821 8591
49431822 55312
12036991 53955
49431826 97165
4635701 13643
4635687 17247
49432020 17247
18898499 158229
18898815 8059
49432027 88343
49432028 91019
49432029 14006
49432030 97165
49432031 97165
49432032 78929
4635976 65268
31704730 50277
49432039 93388
18898858 14592
12037319 45425
12037296 14006
49432049 14006
25421482 3493
4635974 53955
31704729 65268
49432069 1472
49432070 88343
49432074 53995
49432089 13643
12037317 1472
49432093 101753
49432097 8300
12037408 53955
37788041 50277
4636067 96001
18898903 93388
25421566 1472
4636036 94954
25421499 10682
49432120 103519
4636114 78929
31704838 54041
31704849 101753
31704851 45425
49432145 55312
43696449 78929
4636108 7502
49432156 7502
31704803 42611
9962034 10682
18895242 1472
4631685 45425
18895248 237838
49432182 61473
49432183 44524
50503103 760
51366503 7141
51366507 40490
51366511 44810
51366515 134440
51366520 15109
51366524 52587
51366528 52587
51366532 64946
51366536 29813
51366540 21727
51366544 11172
51366548 88371
51366554 34738
51366558 5868
51366564 5868
51366568 10792
51366572 39772
51366576 8059
51366612 55312
51366616 13643
51366620 36452
51366629 93388
51366633 8591
51366640 1472
51366652 7502
51366656 94954
51366663 237838
51366667 22977
51366674 40419
51366678 101753
51366682 76960
51366686 10682
51366693 44524
51366702 29676
51366706 31973
51366710 32502
51366714 32502
51366718 10113
