12108 12121
17826 17847
27236 27237
27236 27238
27236 27239
27236 27240
33344 33357
33344 33358
33344 33359
33344 33360
44586 44597
66793 66796
85275 77783
85275 85276
85275 85277
85584 85585
91466 91469
91466 91470
97397 97398
297825 297826
306429 306443
306429 306444
306429 306445
306429 45081
327211 306444
372351 76095
373792 373793
373792 373794
410804 410805
410804 37918
33367 411477
429633 429637
473324 473326
484440 484441
511975 77050
511975 511977
511975 511978
565805 91469
565805 565809
584001 584002
618549 618556
322806 685395
322806 685396
728413 728415
742919 742921
742919 742922
818097 818099
849489 849497
849489 91469
865380 865385
875600 875602
883460 410805
883460 883467
911047 911049
924166 924167
925127 925129
928248 928251
1017581 1017584
1017581 1017585
1017581 1017586
1017581 1017587
1017581 1017588
1017581 1017589
1017581 1017590
1039497 1039504
1039497 1039505
1073651 1073652
1073651 1073653
1080409 1080412
1080409 1080413
1097682 1097683
1097682 1097684
286736 1104297
1106841 1106844
1119203 1119204
1153871 1153874
1198558 1198559
1201398 1201399
157623 1228790
1230629 1230631
1253500 1253502
1255932 1255933
1266091 1266093
1393924 1393928
597494 1406233
597494 1406234
1408642 27238
1408642 27237
1427603 1427604
1435487 1435488
1472795 1472796
1472795 1472797
1472795 1472798
1543903 1543905
1563609 1563610
1577507 1577508
1708035 1708036
1758626 1758627
1776531 1776532
1810645 1810646
286734 1827761
1871869 1871870
1871869 1871871
1900695 1900696
1964832 1964833
2004463 2004464
2004463 2004465
2005085 2005086
2009573 2009575
2082609 2082610
2082609 72011
2082609 2082611
2139478 2139480
2289481 2289482
2289481 1266093
2290868 2290869
2300310 2300311
2318854 788945
2318854 2318855
2392316 2392317
2401222 2401224
2401222 2401225
2429818 2429820
2538033 2538036
2563381 2563382
2563381 2563383
2563381 2563384
2563381 2563385
2621704 1198559
2676377 2676378
2855293 1472798
2855293 2855294
2887801 2887802
2888516 2888517
2888516 2888518
3199396 3199400
3199651 3199652
3304594 3304595
3440013 30912
3514598 3514599
3559851 3559852
4026546 4026547
4152879 4152880
4153634 4153635
4219790 4219791
4221363 4221366
4221363 4221367
4232533 4232534
4233622 4233623
4338667 4338669
4477268 4477273
4564980 4564981
4565222 4565223
4922513 4922514
5623294 5623295
5830783 5830784
5831217 5831218
5830785 4494152
5862939 1201399
5866859 5866861
5866865 33358
5866873 411477
5866876 33358
5868670 5868672
5868670 5868673
5976334 5976336
6121114 6121116
6121122 6121116
6122296 6122297
6185201 6185202
6206648 6206649
6206663 6206649
6206664 6206649
6206811 6206812
6209054 6209057
6209175 6209057
6210822 6210824
6210897 6210898
6211401 6209057
6215960 6215962
6216132 12121
6261187 6261190
6261202 6261203
6290093 6290094
6290109 1980676
6290113 1980676
6290115 1980676
6290586 92994
6292154 6292155
6292161 6292155
6292433 6292435
6292439 6292435
6292442 6292435
6292445 6292435
6292451 6292435
6292498 6292435
6293201 6293202
6293212 81510
6304436 6304437
6314414 6314415
6314423 6314424
6314458 6314459
6314493 6314494
6314512 6314513
6315678 6315679
6315707 6315708
6315707 6315709
6315707 6315710
6315720 2824195
6315743 6315744
6315746 6315747
6315746 6315748
6315746 6315749
6315751 6315752
6315754 6315755
6315759 6315760
6315763 6315764
6315766 6315767
6315769 6315770
6315772 6315773
6315775 6315776
6315793 6315794
6315798 6315799
6315800 6315801
6315803 6315804
6315812 6315813
6315812 6315814
6315812 6315815
6315812 6315816
6315831 6315833
6315836 6315837
6318078 6318079
6318257 6318258
6318260 6318261
6318265 6318266
6318268 6318269
6318313 6318314
6318317 4067953
6319738 6319739
6320700 1170410
6320700 6320702
6332836 6332837
6332889 6332890
6332889 6315837
6343864 6343865
6343864 6343866
6353560 6353561
6353565 6353566
6353570 6353571
6353573 6353574
6353588 6353589
6353593 6353594
6353597 6353598
6353616 6353617
6353616 6353618
6353623 6353624
6353626 6353627
6353635 6122297
6353635 6353636
6353641 6353642
6353652 6353653
6353655 6353656
6353655 6353657
6353655 6353658
6353655 6353659
6353655 6353660
6353655 6353661
6353655 6353662
6353655 6353663
6353655 6353664
6353655 6353665
6353655 5022764
6353655 6353666
6353655 6353667
6353655 6353668
6353655 6353669
6353655 6353670
6353655 6353671
6353655 6353672
6353655 6353673
6353655 6353674
6353655 6353675
6353679 6353680
6353679 6353681
6353679 6353682
6353690 6353691
6353701 6353702
6353704 6353705
6353708 6353709
6353710 6353711
6353712 6353713
6353714 6353715
6353718 6353719
6353726 6353727
6353726 6353728
6353738 6353739
6353747 1796239
6353750 5013387
6353750 6353751
6353755 6353756
6353758 1980676
6353760 3459962
6353763 6353764
6353763 6353765
6353767 6315760
6353769 6353770
6353772 6353773
6353779 1766899
6353779 6353780
6353784 6353785
6353787 6353788
6353790 6353791
6353792 1266093
6353792 6353793
6353795 6353796
6353800 16962
6353800 6353801
6353800 6353802
6353800 6353803
6353800 6353804
6353800 6353805
6353800 6353659
6353817 6353818
6353817 6353819
6353844 6353845
6353860 85276
6353864 6353865
6353880 6353881
6353886 5013387
6353886 6353887
6353886 6353888
6353909 6353910
6353921 6122297
6353921 6353636
6353921 6353922
6353929 6353930
6353934 6353935
6364484 6364486
6364484 883467
6364558 6364560
6368674 6368675
6371490 6371492
6371493 1848340
6371493 2545691
6385289 6385290
6385294 1990652
6386579 6386581
6397242 1811027
6406215 6406216
6410098 6353881
6410324 356860
6410799 6410801
6410814 1472798
6411289 3510486
6413448 110047
6415869 6415870
6417656 6417657
6426768 4236042
6426776 4236042
6429026 6429027
6433011 6433012
6438176 6438178
6438176 6438179
6438176 6438180
6441097 6353665
6441112 6441113
6441118 6441119
6441125 6441126
6441133 6441134
6441146 6441147
6441151 6441152
6455633 6455634
6455638 6455639
6455657 6455658
6455660 6455661
6455663 6455664
6455666 6455667
6457850 6457851
6457856 6457851
6457858 6457851
6457861 6457851
6457894 6457851
6457906 6457851
6470705 6470706
6473695 6473696
6473699 6473701
6473703 6473701
6521926 6521928
6521987 6521989
6557657 6353881
6557659 6557661
6557662 6557664
6557662 6557665
6557662 6557666
6557662 6557667
1228793 1228790
6557843 75587
6557861 6557862
6702599 6702600
6702599 6702601
6702599 6702602
6702715 6702716
6702715 6702717
6702718 6702719
6702718 6702720
6702765 6702767
6710725 4057117
6710740 6710741
6710763 3510374
6711289 1201399
1201401 1201399
1201411 1201399
6741012 6304437
6824526 6824529
6841572 6455661
6841595 6353881
6890607 6890608
6890638 6890640
6890641 6890642
6890646 6353566
6897272 6897273
6897330 6897332
6897371 2927485
372360 76095
7036662 7036663
7083969 7083970
7180418 6406216
7181235 7181237
7181238 7181237
7181294 74056
7190778 7190780
7197569 7197570
7200133 7200134
7200170 7200171
7285400 356860
7298883 7298884
490463 7299347
490465 7299357
7307218 7307219
7307462 7307463
7309156 511350
7321676 7321677
7321676 1080412
7322637 7322638
7322637 6353804
7322673 7322674
7323211 7323212
7324718 81510
7324718 1201399
7331829 7331830
7331837 7331839
7333601 7333603
7333703 7333704
7333817 1919312
7333819 7333820
7333829 7333830
7339045 7339046
7352369 7352370
7352631 7352633
7352631 7352634
7352923 7352924
7352923 7352925
7354988 7354989
1680205 7373537
7393981 6315773
7393981 7393982
7432912 7432913
7449185 7449186
7467939 7467940
7473453 7473454
7485229 7485230
7493319 7493320
7493865 91469
7493865 7493866
7502128 679203
7505508 7505509
490289 7505511
7521169 7521170
7550485 7550486
7550490 7550491
7550511 7550512
7563634 7563635
7614602 7614603
7615320 6210824
7615326 7615327
7616965 7616966
7616973 7616974
961392 7617197
961392 7617198
33377 3283133
33377 7617209
7620115 72146
7620224 7620225
7620236 7620237
7621305 7621306
7621849 7621850
7621864 7621865
7621882 7621883
7639772 7639773
7811315 7811317
7811321 7811317
7811349 7811317
7811362 7811317
7838891 4485115
7838891 7838892
7838891 7838893
7842231 7842232
8095446 8095448
8095478 8095479
8096106 8096107
8102732 2786270
8105733 8105735
8107114 8107115
8108636 7307219
660 8113171
660 8113172
660 8113173
660 8113174
660 8113175
660 8113176
660 1119204
89033 1198559
1995387 4565223
1995387 4232534
7614688 8125770
6511478 97398
8223565 8223567
27247 8355188
8398192 8398194
8398192 8398195
8398192 8398196
8398192 8398197
8419301 8419308
8488842 8488843
1368216 8545836
1368216 8545837
8575208 8575209
8575634 2487846
8575634 8575635
8575634 4233623
8575634 8575636
8575634 8575637
8584384 8584385
8584384 8584386
8584384 110519
8584384 1813509
8584384 98034
8584384 8584387
8584384 8584388
8584384 8584389
8624264 8624265
8668400 91469
8668400 8668401
8685429 8685431
8113374 8686697
7545422 8398196
7545422 8732462
7545422 8732463
8744208 8744212
8744208 8744213
8744208 8624265
8747508 8747515
8747508 8747516
7621885 7621883
8799239 8799242
8812432 8812435
127032 1106844
127032 8819615
8355261 8842261
8355261 8842262
8867216 8867218
8867216 70949
8882874 8882875
8904117 6441126
4039270 8906824
89032 8913612
89032 8913613
8915947 8915949
8915947 8915950
9016255 9016256
9031696 9031697
6781048 9032621
9037883 9037884
9087445 9087450
2783347 9096553
2783347 5022874
9113540 1198559
9037991 9006163
9222828 9222829
9228209 9228210
9228209 4221366
9247139 6441147
9258449 8827443
9280243 7493320
9289472 9289473
9289472 9289474
9333143 9275608
9333143 9333144
9333143 9333145
9339963 9339964
8355259 81510
9489587 9489588
9547551 9547552
9547551 9547553
9637920 9637921
6379651 2831622
9356109 7521170
9678181 9678182
9816177 2877304
9817226 9817227
9903703 9903705
9947692 9947694
10028128 10028129
10092631 10092632
10205553 10205554
10251039 10251041
10251039 9610170
10368570 10368571
10374696 72011
10401592 10401593
10401592 2267945
10401592 6353881
10422732 10422733
10502765 10502766
10523676 10523678
10613555 10613556
10613639 10613641
769037 10724614
286728 11487280
11647071 11647072
11653175 11653176
11795763 6304437
11795763 11795764
12003981 12003982
12261686 306444
10694291 7485230
12419165 9529856
13142202 13142203
13153586 411477
13153589 33358
13153590 411477
13153611 33358
13153666 33358
13153670 5866861
13154133 33358
13154161 411477
13154239 13154242
13154245 13154242
13217288 1201399
8113189 8113171
13250362 13250369
13370775 13370777
13370779 13370777
13386338 13386340
13471091 13471093
13471138 13471139
13473760 6209057
6211402 6209057
13475486 13475487
6261192 6261190
13541033 13541034
13541038 6521989
13541046 13541047
13541437 6438180
13542829 6292155
6884729 6292435
6293205 6293202
13543739 1972531
13543739 13543740
13543749 81510
13543751 81510
13543756 81510
3199281 13551275
3199281 13551276
13551656 6304437
13553116 6304437
13556300 13556301
13556627 13556628
13556629 13556630
13556631 6890642
13557746 13557747
13558020 13558021
13561698 13561699
13561709 13561710
13561709 13561711
13561709 71500
13561752 13561753
13561761 13561762
13561764 13561765
13561770 13561771
13562945 1812258
13562950 2112875
13562961 13562962
13562961 6438180
13562964 13562965
13562969 13562970
13562972 1019111
13562974 13562975
13562977 13562978
13562980 13562981
13562980 13562982
13562984 13562985
13562987 13562988
13562989 13562990
13562992 13562993
13562992 13562994
13562996 13562997
13562999 13563000
13563002 717834
13563004 4494862
13563027 13563028
13563030 13563031
13563033 13563034
13563036 13563037
13563039 13563040
13563042 2824195
13563042 6315764
13563047 13563048
13563047 13563049
13563054 13563055
13563058 28233
13565283 13565284
13565452 13565453
13565470 13565471
13565473 13565474
13565476 13565477
13565476 2855294
13565476 2401224
13565481 13565482
13565486 13565487
13565488 13565489
13565491 13565492
13565510 13565511
3199295 13573890
13579020 13579021
13579902 13579903
13589467 13589468
13598270 2417329
6379645 13598272
13598280 13598281
13598286 6353598
13598290 13598291
13598293 13598294
8667223 9640865
13598337 13598338
13598337 13598339
13598337 13598340
13598337 13598341
13598343 1647616
13598345 13598346
13598356 73504
13598358 2392317
13598368 13598369
13598373 8917051
13598373 6353765
13598377 13598378
13598381 13598382
13598303 6353765
13598303 13598384
13598389 13598390
13598394 13598395
13598400 13598401
13598414 13598415
13598424 13598425
13598429 13598431
13598437 13598438
13598440 13598441
13598453 1472797
13598461 13598462
13598461 10025578
13598461 6353617
13598471 13598472
13598476 13598477
13598481 13598482
13598500 13598501
13598509 13598510
13598523 4565223
13598523 13598524
8667228 1472798
13598535 8812435
13598537 13598538
13598537 13598539
13598545 13598546
13598545 13598547
13598545 5981750
13598545 13598548
13598545 13598549
13598545 13598550
13598545 13598551
13598545 13598552
13598545 13598553
13598545 13598554
13598558 13598559
13598327 13598562
13598328 13598566
13598328 13598567
13598569 725624
13598572 13598573
13598575 13598576
13598582 6353668
13598584 13598585
13607385 13607387
13607385 13607388
13607385 13607389
13607413 13607415
13613861 6371492
13614684 13614685
13626818 13626819
13626822 13626823
13626828 6315764
13637751 356860
13637754 722116
13637756 9515
13639364 13639365
13646077 13646080
13646077 91469
13649773 13649774
13649800 13649801
13649839 13649840
13650581 3510486
13650625 1613993
13664045 6206812
6426774 4236042
13670407 13670408
13670410 13670408
13670424 8743383
13678222 13678223
13678225 13678229
13678230 13678232
13678257 13678258
13678266 13678267
13691231 13541034
1086398 4494156
13691256 9510963
13691266 13691267
13691269 13691270
13691275 13691276
13691278 849800
13691284 13691285
13691287 13691288
13691290 13691291
13693347 6457851
13693362 6457851
6457897 6457851
6457909 6457851
13705642 8775150
13705642 8827443
13708626 13708627
13370780 13370777
13708648 13708650
7545423 13708794
13708818 13708819
13751806 7616974
13754444 13754446
13754504 13754506
13787288 5013387
13787335 13787337
1228792 1228790
13921166 13921168
13921170 11901537
13921180 7322638
13921180 6353804
13921180 6353801
13921192 13921193
13921192 13921194
13921192 13921195
13921309 13921310
13921309 13921311
13921309 13921312
13921326 13921327
13921326 13921328
13921326 13921329
13921345 8165551
13921351 8165551
13921357 8165551
13921365 4494223
13921391 13921393
13928308 9678182
13928558 13928560
13928602 17507
13928705 13928706
13928885 766717
584009 584002
13929494 1201399
1201406 1201399
1201412 1201399
13932693 13932696
13932693 13932697
14048246 9789712
14048304 14048306
14050859 14050860
14095340 199477
14100925 14100928
14100956 8342155
14101109 14101110
14101189 4057117
14101190 14101191
14101192 14101193
6988333 14182508
6988333 14182509
14229645 14229647
14229645 14229648
14362624 6406216
14363242 7181237
14363250 7181237
8776097 14378270
14380831 14380832
14380831 14380833
14475666 11555875
14475681 5022868
14483293 7307463
14483305 7307463
14483373 7307463
14484326 7307463
14484909 11008095
14485133 9510963
14496273 7321677
14496273 1080412
14496273 14496275
8368712 14498220
8368712 14498221
14498924 81510
14498924 1201399
14498959 81510
14498959 1201399
14503527 14503528
14503536 14503528
14506744 14506745
14506744 14506746
14506744 14506747
14506954 14506955
14506954 14506956
14506962 14506963
14507024 14507025
14514630 6353669
14521170 14521171
14523180 4236042
14523184 14523185
9037998 7323212
429640 2355565
14524348 14524349
14526343 4236042
14543204 14543205
14611712 7449186
9816452 14628673
14628681 14628682
14628685 14628686
14636455 14636456
14645461 14645462
14645479 4494929
14645483 14645484
14653493 312666
14661178 14661181
14662791 925129
14664453 14664454
14664453 14664455
14665359 788945
14665363 14665364
14679175 7521170
14684535 5823301
14684535 14684536
14704132 14704133
14718850 14718851
14718850 14718852
14769111 14769112
961391 7617197
961391 14771701
14772257 6315760
14772275 14772276
8910470 14772278
14772314 2879171
14774802 14774803
14774849 6438180
14775827 13928560
14776157 14776158
14776157 14704133
14776218 7621865
14814804 14776158
14947031 7811317
14947034 7811317
14953216 14953217
3057642 14977969
15142828 15142829
15220871 15220872
15220871 15220873
44600 91469
720014 17847
327215 15282583
327215 15282584
3803158 15286053
1525730 15391003
1525730 15391004
1525730 11899399
196162 15421656
348411 27239
348411 27240
348411 91469
348411 27237
348411 27238
769039 4100488
15447327 3491225
15500171 15500173
4862158 4494152
4862158 5830784
4862158 15507023
4862158 15507024
15426199 13551275
15518473 15518474
15520659 5992134
15526003 15526004
8113375 15526908
9044174 15556459
9044174 8136955
9044174 15556460
9044174 15556461
9044174 85585
9044174 15556462
9044174 3392306
9044174 15556463
9044174 15556464
9044174 2822265
2681304 15560883
2681304 15560884
7545420 15578831
7545420 15578832
15585254 15585260
15587512 6353727
15587512 15587514
15592412 15592413
15643818 15643819
15675892 15675893
15692102 13563028
7545418 8157609
7791890 15732448
15756891 15756892
15766569 4236042
15794390 6353617
15795401 1580826
15798406 15798410
15799312 15799314
15874166 7104605
15877589 15877590
15877589 15877591
15877589 15877592
33372 15885139
15886994 74558
15886994 15886995
15886994 7333603
15886994 15886996
15886994 15886997
15583314 15900039
15910285 15910286
15910285 15910287
15910285 15910288
15927433 15927434
15929073 15929074
15946138 15946140
1960077 2082611
16003888 16003890
6988331 16046083
10023942 16079391
16104706 16104710
2537304 6122297
16175533 70893
13598332 8748682
13598334 16245332
434088 16336668
16377849 10523678
16399219 16399222
16399219 15237485
15351330 3094879
16450030 410805
16450030 16450031
16450030 16450032
16466796 16466797
1155813 13563037
16545742 7296003
16680430 16680431
16701958 16701959
16708443 16708445
16715971 5866861
16810084 16810087
16810365 1406233
16810365 1406234
16810365 105565
16810365 16810366
16810365 16810367
16810441 16810443
16812367 16812368
16849638 16849639
16910512 1768297
236837 16987393
236837 16987394
236837 16987395
236837 16987396
236837 16987397
236837 16987398
17006986 17006987
17042968 17042969
17047137 17047140
17076360 17076361
17084606 17084609
17084606 17084610
17099429 17099430
17123950 16676639
17139639 925129
17148392 17148393
17231029 17231030
17272722 17272724
17325266 17325268
13598313 17327429
13598313 9006163
17378146 17378148
6261205 6261190
17437782 17437783
17440503 17440505
17440823 17440824
8281013 6353669
8281013 6315760
8281013 17448605
2537306 2458546
17523906 17523907
17536200 17536201
17553358 17553361
17556517 17556518
17668266 17668267
17668266 13154242
17747520 74091
17901354 17901355
18147438 18147439
18532836 16675066
18532836 18532837
18537612 18537613
18537869 27239
18537869 27237
19136114 19136115
19277421 9339964
19916082 19916084
19916082 19916085
19916163 19916164
19916205 19916206
19923512 19923513
19930914 19930916
19943757 1201399
19946825 33358
19946831 411477
19946887 411477
19947256 5866861
19947337 13154242
19947339 13154242
19947341 13154242
13154244 13154242
19947348 13154242
19947349 13154242
19947353 13154242
5868675 5868672
5868675 5868673
33373 20153294
33374 20153294
6121128 6121116
20227787 20227788
20227794 20227795
15712774 20227813
20227870 9618170
16809743 20247264
6209058 6209057
6209177 6209057
20250787 7615327
20250826 16495364
20251220 6209057
20284938 6261190
20284939 6261190
20311332 20311333
20312908 4338669
6292157 6292155
6292453 6292435
20313256 20313257
20313256 20313258
20313665 81510
20313668 81510
20320447 11795764
6304438 6304437
20321944 6304437
20321983 11795764
20322522 14523185
20325256 15262913
20330213 295821
20330214 6315764
20330241 16692932
20330245 20330246
20330245 15283884
20330250 1153874
20330257 9335192
20330266 15946140
1155811 20330286
20331387 20331388
20331387 20331389
20331387 20331390
20331396 20331397
20331405 9031697
20331411 17730906
20331431 20331432
20331434 20331435
20331437 20331438
20331440 20331441
20331443 6865789
20331448 76203
20331450 10806159
20331452 20331453
20331455 2163655
20331483 20331484
20331485 13921312
20331492 20331493
20331495 13921195
20331497 20331498
20331500 20331501
13563057 13563055
8355262 20331520
20333503 4494763
15256221 2082611
15256221 20333619
15256221 15256222
20333676 20333677
20333679 1104297
20333681 2928096
20333683 20333684
20333683 20333685
20333687 13598482
20333724 20333725
20333736 6364560
20333740 20333741
8767012 20336090
20336093 13649774
20338369 20338370
20338381 8158711
20338395 6353801
8281008 17031087
20346998 7298993
20346998 20346999
20356973 934432
6379644 20365062
20365066 20365067
6379650 9790189
6379652 2831622
20365072 20365073
20365082 20365083
20365093 4493499
20365095 20365083
13598299 6353765
13598299 295821
13598299 13598573
20365099 20365100
20365099 20365083
20365106 20365107
20365117 20365118
20365131 37501
20365131 20365132
20365134 20365135
20365140 20365141
20365153 20365154
20365159 6353765
20365164 20365165
8667214 20365167
8667214 20365168
8667214 20365169
20365179 20365180
20365184 20365185
20365186 9006163
20365190 17334438
20365193 17334438
20365202 7307219
20365209 13598501
20365212 5022852
20365215 20365216
20365227 5992134
20365230 20365231
13598318 6353765
13598318 6353711
13598318 20365235
13598318 20365236
13598319 2009928
20365249 20365250
13598323 20365257
20365261 20365262
20365264 20365265
20365264 20365266
20365264 20365267
20365264 20365268
20365270 20365271
20365275 15284762
20365275 3459962
15704602 20365283
17120357 20365290
20379603 6371492
20379604 20379606
15729021 4485708
15729021 6353785
20392418 1800594
20403266 3094879
20403270 9249219
20403318 20403319
20403318 20403320
20411321 6318314
20414546 20414547
20414631 20414634
20415499 1989230
20417407 8713324
20419209 20419210
20419209 20419211
20420975 20420976
20428244 13649774
6426771 4236042
6426775 4236042
20434207 20434208
20434213 20434214
20434220 1104297
20434224 20434225
15704606 85276
4136627 20227813
20441614 20441615
20441621 20441622
20441635 20441637
20441640 20441641
20453700 20453701
20453707 20453708
20453732 6455661
20455683 6457851
20455687 6457851
13693350 6457851
20455691 6457851
20456184 6457851
20465664 511978
20470419 20470421
20470422 20470424
20470422 20470425
20470422 20470426
20470427 20470429
20470432 20470434
20470435 20470437
20477608 8644767
20477608 17334438
20477625 20477626
20515665 20515667
6556517 8190489
20546494 2443187
20546494 2161258
20546496 6320702
20546498 9322733
20546500 20546502
20546500 1393928
20669411 9636124
20674174 20674175
20674174 20674176
20674174 20674177
20674178 2429820
20674286 20674287
20674286 20674288
20674286 20674289
20674308 6319739
13921352 8165551
13928559 13928560
20681467 13928560
20681921 15285298
584011 584002
584015 584002
1201402 1201399
20685744 20685745
20321986 11795764
20767393 8134319
6848157 20800510
20841408 20841409
20841421 8134319
20841426 20841427
20841437 20841439
20841485 16688730
20841543 20841544
20841556 20841558
20841560 15507023
20846374 20846376
20846374 20846377
20846374 20846378
20846374 2749620
20846506 20846507
20846586 20846587
20846588 20846590
20846632 20846633
20846634 17523022
20846634 1983070
20846634 1213948
20846634 20846635
6912607 76095
20859271 76095
20943259 20943260
21096051 21096056
21096051 21096057
21097899 21097900
21098416 7181237
15798488 8686697
21195758 9490870
16240449 15284488
21215801 7307463
21215803 7307463
21215811 7307463
21216389 21216392
17349319 9510963
21216660 1106844
21222021 6353756
21222021 6455661
21223504 15391004
21223504 6353665
21228822 21228824
21228826 21228824
9037994 7323212
8368713 14498220
8368713 14498221
21230458 81510
16652961 14503528
16652963 14503528
21238128 8903822
21242998 21243000
13665042 6215962
9358271 21245661
21250241 21250243
21250241 21250244
21250488 21250489
21250905 2815750
21250910 14776158
21251682 21250243
21251682 21251683
21253591 4236042
8776099 21253998
21254224 16532936
21256485 75915
21256534 21256535
9045389 21324260
9045391 21324328
9045392 21324347
21358549 21358550
21359567 11902452
21359695 21359696
21370832 4069911
1085789 21378170
21378290 21378291
21250491 21385498
7501496 21385518
21387586 21387587
21387601 21387602
16029711 21387604
21389255 13565477
21389255 2401224
8767013 7323212
21403907 7521170
21403944 21403945
21403944 21403946
21403944 21403947
21403944 21403948
21403944 21403949
21403944 21403950
21403944 21403951
21409044 20333685
21409044 20333684
21409077 5823301
21409077 14684536
21442181 21442182
21492195 21442182
21492210 7890358
21492739 6353668
33376 3283133
33376 21494257
33381 21494296
21494694 21494695
15971313 20227813
21497159 1956553
21497159 21497160
21497159 21497161
21497534 6353770
21251694 21250243
21497584 429637
21498434 21498435
21498434 21498436
21551739 13565474
21639671 21639673
9964530 4485115
9964530 7838892
9964530 7838893
21698112 21698113
21845799 21845802
162181 15248762
348410 1201399
16810903 21988635
22033297 22033299
17843 2857734
22104415 410805
22104415 883467
327214 77783
327214 2563383
1995389 1302287
1995389 22120509
1995389 22120510
700498 22126520
22144019 22144020
3199288 13670408
348409 8174557
8842265 22181730
769036 22199157
15351207 6315773
15351207 6353881
15351207 22002774
2532947 22223298
245334 22321851
286730 11221695
22433775 11647072
1995388 6406216
8022628 2082611
8022628 22458290
22530653 20820237
22530653 15295452
7791889 22539933
7791889 16534783
22540730 22540732
22552383 16166606
22556407 22556408
22556407 22556409
22569340 105565
22569340 16810367
22581803 22581806
22581803 22581807
22589444 1708036
8667213 22603701
1368215 20331501
22627177 6441126
8935888 22634958
22637031 2939894
3103807 85276
22653241 22653242
22653241 22653243
22657817 21980558
769045 22696070
769045 22696071
22696550 11548630
22696550 22696551
22712791 22712803
16261209 22754474
22782509 22782510
22790329 22790331
22790329 22790332
7111851 4221367
7111851 4221366
7111851 22828789
7111851 22828790
7111851 22828791
22860172 22860174
22886832 22886834
22893744 13565489
8779808 1988547
22915280 15283962
23005209 23005211
33368 91469
23042862 23042867
23186808 411477
20373117 33358
23339827 15295452
23339831 15284014
23402869 15285331
23409733 6353756
597493 1406233
597493 1406234
23429984 8398196
23429984 23429985
23429984 8398194
23429984 15279518
23429984 742921
23506480 23506481
23506480 23506482
23506480 23506483
286732 23524704
23676781 23676784
23694721 23694723
23922194 9669684
23922194 23922195
23922194 23922196
23922194 1307863
23997957 1940627
24003693 24003694
24003717 24003718
24005104 15237485
24005104 24005105
24048440 2927485
24052922 16687651
24070513 862121
24075756 24075757
10694290 266041
13598322 24314792
13598322 24314793
15805195 297826
8667217 24419369
24726469 306444
24726469 24726470
25077106 23210412
685415 25081121
13598325 15238847
13598325 16319469
13598325 25083913
13598325 685395
13598325 12384293
13598325 6353668
13598325 25083914
13598325 25083915
13598325 25083916
13598325 25083917
13598320 17388550
13598320 25086030
13598320 15285318
13598320 13598501
25148376 15262849
25148376 25148377
25148376 25148378
25148376 25148379
25148376 7614603
10588489 25358777
25390623 25390624
358014 25511059
25534224 25534227
16480944 25600409
25650827 21970998
25650842 10372720
949982 25650894
949982 25650895
25897485 2417333
23703477 21442182
26404825 15241261
26404825 26404826
26404825 6353865
26404838 17302897
26415576 33358
13154247 13154242
26415647 13154242
5868674 5868672
5868674 5868673
26469751 1201399
26470533 1201399
26470639 1201399
20470441 20470437
13386346 13386340
8667202 788945
15712773 20333619
26687842 37862
13473762 6209057
26710273 26710274
26710630 6209057
26714406 22539933
26714502 26714504
26741196 6261190
20284941 6261190
15712783 75964
26766217 26766219
26766220 26766222
26767472 4338669
26767487 6292155
6884725 6292435
3199284 26774044
3199285 26774050
20321945 6304437
6741014 6304437
26783083 26783084
26783083 26783085
26783092 26783093
26783096 26783097
26783096 26783098
26783101 2824195
26783105 26783106
26783105 26783107
26783125 7298975
26783153 21030973
26783202 26783203
26784267 3285832
26784270 19916084
26784270 26784271
26784270 26784272
26784270 26784273
26784270 26784274
26784270 26784275
26784292 1019111
26784302 24076292
26784304 26784305
26784304 26784306
26784309 23234420
26784311 26784312
26784311 26784313
26784315 9682168
26784317 26783084
26784319 26784320
26784322 1073652
26784322 1073653
26784324 26784325
26784327 19725104
26784329 7485230
1155812 26784339
26784342 26784343
26784345 26784346
26784348 6332890
26784348 8573343
26784348 37862
26784350 26784351
3199293 9388937
26784380 26784381
26784383 26784384
26784385 26784386
26784388 26784389
26784391 16540697
26784393 26784394
26784396 1988413
13563053 26784406
26786662 21987478
26786669 26786671
26786669 1669082
26786683 16677891
26786683 26786684
26786690 26786691
26788757 11479818
26788763 2112350
26790756 17399905
3199289 15556459
3199289 8136955
3199289 15556460
3199296 26793965
3199296 26793966
26798567 26798568
26798572 13579021
26798597 7298993
26798597 26798598
26800101 26800103
26808469 22594228
6379643 26816077
6379646 6353561
26816085 6122297
6379649 23938366
26816088 23956052
6379657 21953452
26816091 26816093
26816099 16675062
26816103 10422507
26816113 26816114
26816116 897736
13598301 9913683
13598301 23295475
13598301 26816121
26816124 26816125
26816124 10025578
8667203 722116
26816130 26816131
26816137 2115840
26816138 26816139
26816141 6353780
13598317 14772276
13598302 2115840
26816154 20331493
26816163 26816164
26816169 26816170
26816176 26816177
8667210 7550491
26816181 26816182
26816189 8574650
26816190 13598573
13598310 8195135
13598310 8648286
13598310 24314793
13598310 7333704
13598310 26816195
13598310 3491225
13598310 24986068
13598310 26816196
13598310 6353780
13598310 26816197
13598310 26816198
13598310 26816199
13598310 26816200
13598310 26816201
13598310 4221366
13598310 21980665
13598310 26816202
13598310 26816203
13598310 21973515
26816209 16103362
8667229 26816215
8667219 20365169
26816226 6353770
8667216 10325787
26816230 26816231
26816237 9052659
6379637 17388550
26816257 10025578
26816267 8113171
26816267 26816268
26816288 8165612
23703479 26816294
23703479 26816295
26816297 26816298
26816300 26816301
26816307 18862147
26816310 6122297
26816310 6353636
26816317 26816318
26816317 26816319
26816325 725624
26816332 26816333
26816628 110026
26816628 26816630
26824231 2367001
26824252 26824254
26830168 110305
26830170 21207558
26830172 26830174
26830175 6371492
26830305 26830306
26830580 26830581
6379658 26836855
2294686 26838630
26863644 6865952
26863714 875361
26863717 26863719
26863728 26863730
26863788 26863789
26864167 26864169
26870230 26870231
15704605 21983967
26889403 26889404
22437397 6406216
26889424 26889425
26889434 6521989
26889435 23305915
26900149 26900150
26900154 3510433
26900167 26900168
26900176 13691288
26902065 6457851
6457854 6457851
13693383 6457851
6457908 6457851
20465667 511978
26913730 27237
26913772 26913773
26916618 26916620
26916621 26916623
26916626 26916627
13386347 13386340
22402167 26991409
22402167 7982238
26991410 26991412
26991449 26991451
26991452 26991454
23703473 7521170
27114509 27114511
13928312 9678182
20841486 10324748
27121938 27121939
27122414 27122415
27122416 27122415
27122429 27122415
1201404 1201399
20799668 7181237
20841411 20546502
27276622 91469
27276627 27276629
27276630 27276631
27276634 6890642
27280713 27280715
27280924 27280925
27280956 15281536
27280956 92994
27280958 5192158
27280961 27280962
27280964 6353668
27280986 12444114
27524696 27524698
27525210 7181237
27525228 7181237
8776098 27539120
27620890 7104605
27620890 27620891
27620894 7104605
27620894 27620895
27632239 1810646
490464 27632595
490467 27632598
27639260 27639261
27640118 7307463
27640213 7307463
597496 1406234
597496 1406233
597496 16810366
27647463 75741
27651592 7321677
27651592 1080412
9037993 7323212
8368711 14498220
8368711 14498221
8368714 14498220
8368714 14498221
27654011 81510
27654011 1201399
16652960 14503528
16652962 14503528
15762298 27659321
15762298 27659322
15762298 27659323
15762298 17411983
27661592 27661593
27661611 6315755
27666744 27666745
27667387 1427604
27667677 1427604
27673147 27673149
27676750 4236042
15737025 9490870
27694817 15248762
27712601 27712602
9045388 27744389
27757313 7449186
27757334 7449186
27758259 27758260
27773009 17207876
27773011 23075045
27777015 27777016
27796440 27796441
27826492 27826493
27857826 11254845
27857865 5850878
27908943 27908944
27910603 1992538
22035119 75402
27910845 17031087
27913527 27913528
490469 10536673
27914037 429637
27914784 27914785
27914788 27914789
27929106 27929107
21551741 13565474
21551742 13565474
7811320 7811317
28066345 7811317
28096797 7521170
28249726 8319573
28249729 28249730
28318252 28318253
28333909 199477
2538034 28345296
28366596 28366601
28366596 28366602
1179474 21974331
1179474 28375183
769035 13154242
28532444 28532445
28532444 23317198
2516060 28576454
2516060 16987394
2516060 16987393
2516060 16987396
2516060 16987395
91479 21954130
28597005 12541427
1909339 28649014
1909339 9764690
10680319 28651655
3199279 26784306
28249732 28249730
28782660 28782663
28782660 28782664
28814146 27239
28814146 27237
6839331 110040
6839331 28841505
908744 28843931
28856989 26816294
286731 1972531
8983412 15284113
3096980 23238252
28883408 28883410
28919328 15556460
28919328 15556463
28943853 13921312
8925041 28965166
720800 28974975
720800 28974976
15426201 21960053
15426201 15799314
28986200 1566218
28986200 28986201
3199294 23169075
12919359 15288324
12919359 29024841
29025585 29025586
29044421 12154380
17120356 9006163
29108615 75167
29111681 29111685
29267418 29267420
29267418 29267421
17536202 29270019
17120354 5868672
17120354 5868673
29280134 29280136
29318126 19916084
29318126 26784272
29318126 26784274
286729 883467
8281006 1589122
29342323 29342324
29379603 8545836
29379603 22521930
29446876 29446877
29450579 29450581
29454550 8319573
29629058 29629059
29629058 29629060
15704601 8676964
15704601 8107115
15704601 29665050
348406 76052
348406 72011
8113381 29731376
8113381 27457057
29755379 9676888
29755379 29755380
26884599 29769435
29770571 91469
29772183 29772184
29772183 29772185
15704592 9913683
29904156 8584386
29949346 29949349
29987050 928251
29987050 6353881
29987050 29987051
29987050 29987052
29987050 29987053
29987050 29987054
24688411 28649014
30013912 30013913
30036400 2429820
30039281 30039282
30057259 30057260
30059422 2112350
17120353 1201399
30204011 30204013
30275812 30275813
30324695 13649774
30324695 30324696
30337801 17439541
30349651 24046837
10680318 17402200
30618535 30618537
15514972 9764690
15514972 30703544
15514972 30703545
30725043 30725044
30804889 30804890
30804889 17005408
13650364 306444
31292386 21967204
33371 429637
24496044 20419210
24496044 20419211
8667227 31349916
31350719 21981233
31350719 29739630
31350719 6353765
31360200 13562997
31362284 31362285
31670964 31670965
23173051 31698309
31798457 31798459
31828219 3009378
32060599 14073039
32640843 32640845
32640854 32640855
5862940 1201399
13929618 1201399
32650394 411477
32650397 5866861
32650414 411477
13154243 13154242
13154248 13154242
32676208 4221366
32676208 4221367
32676208 32676212
32676208 32676213
13250366 13250369
5851147 1307863
32915133 32915134
15712775 32915139
32915188 32915189
32915190 26766219
32934035 6206649
32937348 20333725
32941331 22539933
15712777 13541034
15712776 1973177
32989435 1980676
32989436 1980676
32989437 3094879
32989693 32989694
32989697 92994
32990985 4338669
6292444 6292435
6292447 6292435
6292454 6292435
20313261 20313257
20313261 20313258
32991674 1972531
32991674 13543740
32991676 1972531
32991676 13543740
3199282 30452754
26775753 6304437
32998973 2318855
33001151 10990929
33005460 33005461
33005466 5992006
33005542 33005543
33006591 15284014
33006607 33006608
33006607 33006609
33006607 33006610
33006632 19916084
33006634 2824195
33006636 33006637
33006639 33006640
33006642 33006643
33006645 24039982
33006649 33006650
33006652 33006653
33006652 33006654
33006652 33006655
33006652 17464799
33006652 33006656
33006658 6012521
33006660 33006661
33006663 33006664
33006666 41901
33006668 33006669
368545 10500675
368545 6702601
8133721 91469
33006692 33006693
33006695 33006696
33006697 33006698
33006699 8165558
33006701 33006702
33006724 10510897
16520609 2855177
33008705 21961497
33008730 21494695
33008732 33008733
33008735 33008736
33008738 33008739
33008740 6353845
33008747 33008748
23703467 33008782
33008784 33008785
33010736 70741
8767011 33010822
33012707 8158711
3199287 1912671
3199290 15556459
3199290 8136955
3199290 15556461
33020453 26798568
33020462 33020463
33020466 33020467
33020540 7298993
33020540 33020541
16310208 3285465
33020568 33020569
33020568 15612284
33021348 22321851
8667226 1472798
6379647 15284776
23703482 24684315
6379656 33037773
33037776 33037777
33037778 133765
33037782 20313258
33037786 15282287
8667221 9626645
33037788 22869968
33037793 23875873
33037796 33037797
33037799 33037800
33037802 2545691
33037806 30302855
33037808 1472798
33037812 33037813
33037815 2094904
33037820 33037821
33037823 33037824
13598305 29666201
33037834 33037835
33037836 33037837
13598306 33037838
13598306 17905533
33037844 33037845
33037849 6702720
33037849 33037850
33037849 20333677
33037859 7991688
33037860 6455667
33037860 22002596
13598311 33037866
13598311 33037867
8667215 33037869
13598312 8347802
23703471 33037874
33037876 30782261
33037876 33037877
33037882 33037883
8667218 33037884
9027558 145147
9027558 33037886
9027558 1472798
10588531 25086030
33037903 33037904
33037911 2877304
23703478 14776158
23703478 14704133
23703478 33037913
23703478 33037914
23703478 33037915
23703478 33037916
23703478 15307345
33037921 7521170
13598316 1472798
13598316 2855294
33037937 33037938
33037940 8163882
33037956 19725160
33037963 33037964
8281016 6353756
8281016 33037966
8281016 33037967
8281016 1472798
8281016 20331493
13598330 33037970
33037972 7521170
33037975 13614685
22251042 33037977
22251043 33037978
33037979 595368
33037981 7521170
33037985 10567278
33037988 2248449
33037992 6353765
33037996 33037997
33037996 10025578
33037999 8156592
16122933 33038302
33039516 26816198
7545421 33045728
33051369 33051370
33052290 33052292
33062942 17710197
33062943 2290869
33062965 28399421
33062966 1019111
33073349 20333619
33073351 22002822
33080715 33080716
26863688 17366513
8334746 33083810
33083813 15286053
33083814 21403949
33084527 16834173
6426772 4236042
6426773 4236042
15704607 4853012
15704598 306444
33108621 21961497
33108637 33108638
33108639 33108640
15704603 16676639
33108641 29548247
33118608 91469
33118608 33118609
33118611 33118612
33118622 21985545
20455690 6457851
13693364 6457851
33121048 6457851
33121050 6457851
20465668 511978
33132007 33132009
33132056 6353887
33134869 33134872
33134876 33134878
6121123 6121116
33134927 9566815
33134939 33134941
33142296 33142297
33179809 33179811
33179853 33179854
33209364 6261203
33209366 33209367
33209368 33209370
33209373 2854934
33209375 33209377
33209375 33209378
33209375 1393928
33209375 11907315
13787291 33209397
23703472 7162170
23703472 33209438
33209517 16691621
33328415 1919312
33328430 7321677
33328430 1080412
33328430 14496275
33328554 33328555
33328554 33328556
33328554 33328557
33328560 33328561
33328560 33328562
33335582 1983070
33335589 33335590
584010 584002
584017 584002
27122424 27122415
27122430 27122415
33336398 1201399
1201403 1201399
1201405 1201399
1201408 1201399
20817216 33463013
33485839 77783
33485881 18773485
33485911 28733093
33485929 33485930
33485929 4494156
33485929 71924
33485931 15287478
33485949 33485951
14100926 14100928
33489806 33489807
33489808 21986208
33489852 16962
33489868 24040096
33489893 33489895
33489902 33489904
33581226 16571282
7016430 110370
33727337 21096056
33727337 21096057
33728978 22539933
33745240 33745241
33823708 7104605
33823708 33823709
33841658 7307219
33842650 7307463
33843276 33843277
33848281 1406234
33848281 1406233
33848281 16810366
33848281 10477914
33853779 7321677
33853779 1080412
33853796 7321677
33853796 1080412
9017099 33854720
9037995 7323212
33856174 81510
33856174 1201399
33861372 27758260
33863492 33863493
33863502 75573
33863504 33080716
33868321 33868322
33872240 19933136
33878939 9629183
33895396 33895397
9045390 33944321
33975815 33975816
15446508 33979570
33984240 17921986
22251012 21359696
22251013 21359696
33995183 33995184
22445559 33995210
33995217 27121939
34002431 34002432
34043710 14704133
34043759 928251
34046437 34046438
34057060 75900
33378 34108679
33380 8164706
16004033 23679720
34111206 1435488
34112142 16834173
34125921 19933238
34125930 34125931
34141393 14704133
34141988 33357
34159977 34159978
28061845 15285033
34256377 7811317
14947033 7811317
14947042 7811317
9964527 4485115
9964527 7838892
9964527 7838893
34283916 7842232
34285332 7521170
30082226 34504019
30082226 2082611
34508628 34508629
22251073 24103366
34520910 34520911
3199280 15946140
883373 34547507
28474 4709286
28474 306443
10128133 34575107
34611758 34611760
33104102 21940186
34742042 15765338
15724973 34754523
23666520 10724614
23703470 16675066
23703470 30782309
23703470 34768871
23703470 34768872
23703470 34768873
3199283 10901820
8925040 2141252
8925040 34805912
9159967 6332890
34887928 21977243
34954061 34954063
34954061 34954064
34956917 34956918
34964041 34964042
8667225 35032802
1406237 72009
33370 21953821
35056052 725624
35059330 35059331
769043 15284113
769043 6353765
4564983 35088037
728417 15284119
35103136 35103137
35103136 35103138
35103136 35103139
35103136 30787
35103136 35103140
35103136 35103141
35103136 35103142
35103136 15416845
35103136 35103143
35103136 11604876
35103594 28796230
35110056 35110059
35110056 91469
6884731 6292435
22251038 35146652
35177937 4490896
35180987 17553361
35180987 35180988
8113372 28377368
8113372 76052
8113372 76061
35202669 24985794
35202669 8545836
35202669 6353765
35202669 15646527
3199291 35207565
3199291 35207566
685411 20841544
685411 35211502
685411 35211503
685411 35211504
685411 11254845
685411 71924
685411 33485930
29024837 65656
23703475 35257683
7614687 35276512
35315818 35066468
23142790 35335045
23142790 6353881
23971723 91469
23971723 35380012
23971723 35380013
23971723 35380014
35391431 16166606
35405696 35405697
24235507 110512
24235507 8134319
24235507 7982238
24235507 16690903
24235507 35434086
35464172 1201399
35500812 35500814
3199286 7621306
8667201 1266093
8667201 35544481
8667201 9989914
8667201 35544482
8667201 1472798
20541710 35597804
720801 35609573
35781216 35781217
35783842 6320702
33366 33357
35827943 91469
6379642 2417329
8819828 30446864
8819828 8190599
35920518 28377318
26784269 3285832
36009610 23281281
36060071 1472798
36060071 6353665
36060071 16678723
36060071 36060072
15729023 7333603
33369 19933238
36140577 36140578
35695294 24003694
36181604 2429820
23869800 36186166
36285693 36285694
36348482 6410801
36348482 36348483
36348482 36348484
36348482 36348485
36428701 36428702
36480790 36480792
36520590 1730833
7683077 36555903
8595866 36566275
36580476 783
36633999 36634000
36659645 22586
36701354 14684536
36701354 5823301
35235576 15900039
37342708 5022868
37444358 29662949
37465578 2487846
37907170 8428351
35358809 38004646
38081899 38081900
38668704 75819
22251044 38669209
22251044 38669210
22251044 91469
38680384 38680385
5862941 1201399
38689763 411477
38689769 5866861
38690078 5866861
38690102 5866861
38690456 33358
38690457 5866861
38690458 411477
38690461 5866861
17668271 13154242
38690523 13154242
19947354 13154242
38739474 1201399
38739662 1201399
38765700 38765705
38815959 38815960
20153296 20153294
26627900 13386340
38886488 2094904
38886491 2094904
38945654 38945655
15712779 11479818
20249108 6209057
13473852 6209057
13541039 6521989
20251221 6209057
23142789 13598472
34771026 13670408
38983884 10025578
26741199 6261190
38993177 6261190
13541036 13541034
39016589 1980676
39016870 39016871
39016874 92994
39018117 4338669
39018126 39018128
6292438 6292435
6292441 6292435
39018459 29239504
769040 26404826
6293204 6293202
13553119 6304437
39025702 6304437
20321943 6304437
26775793 6304437
20321984 11795764
39028095 9052659
39028096 20546502
39032365 22776140
39032369 34583441
39032379 39032380
39032381 1787126
39032385 12566995
39032385 9672250
39032393 2742448
39032394 74485
39032427 25059644
39032438 1992298
39032442 6353930
39032463 1832410
39032463 22539933
39032478 39032479
39033579 39033580
39033579 39033581
39033579 39033582
39033596 22429904
39033596 39033597
39033596 39033598
39033602 39033603
39033610 2545691
39033637 10205554
39033639 21980070
39033641 20333619
39033643 39033644
39033646 2177924
39033647 6315801
39033653 30611992
39033662 6897273
39033664 39033665
39033664 26784339
39033667 39033668
39033670 39033671
39033688 3490516
39033705 30804890
39033705 17005408
38671764 11907315
39035854 632566
39035874 8818095
39035875 1021684
39035878 12541427
8355265 39035881
8355265 17130776
39035884 39035885
39035917 39035918
39035921 29652284
39037728 17207876
39037728 9771210
20338376 39039673
39046783 39046784
39046831 6304437
39046842 7991688
23703469 39063717
6379648 5013387
6379648 39063723
6379648 39063724
39063729 19916084
39063731 2545691
39063735 20365083
39063735 10025811
8667222 11653176
39063739 41307
39063741 39063742
39063745 20051802
39063748 39063749
39063757 5992134
39063758 5992134
39063761 10025578
39063769 13565511
39063771 6441147
39063774 16533213
39063774 39063775
39063778 1467029
39063780 39063781
39063780 39063782
39063780 4709286
39063780 306444
39063780 15801325
39063780 22694848
39063784 39063785
13598304 74651
39063799 3094315
39063801 30279375
13598307 37501
13598307 20365132
39063802 39063803
39063805 39063806
39063824 6353770
39063825 8165520
39063826 4221366
39063826 39063827
39063826 39063828
39063830 3510471
39063830 114303
39063835 9669684
39063838 11903467
39063840 9790293
39063845 39063846
39063866 39063867
39063866 39063868
39063866 39063869
39063890 1266093
39063890 39063891
39063890 39063892
39063890 39063785
39063907 39063908
39063910 2113012
39063910 30069397
39063914 39063915
39063920 39063921
39063923 14072848
39063924 7181237
39071352 39071353
39071367 23883871
39076904 39076905
39076906 28399602
39097949 23273227
39097951 10399904
35923601 39097970
19261409 39108068
15704595 20441637
13650582 3510486
8906530 16678751
39111759 34564551
6426777 4236042
35817508 33357
14200108 74220
15704594 39132075
15704597 5013387
22437398 6406216
39132096 39132097
39132105 17541834
39132106 34561541
39132107 39132108
39132109 16962
15704610 8933212
1086399 9610170
39141293 5013387
39141295 39141296
39141295 13563037
39141295 13562997
39141295 39141297
39141295 39141298
20455686 6457851
39143106 6457851
6457896 6457851
20456186 6457851
33121049 6457851
39145888 23878868
20465665 511978
39157312 39157313
6473702 6473701
8964645 22419067
20470581 110047
15578837 15578831
15578837 15578832
39201305 39201307
39201305 28599549
39230189 29629060
39230189 29629059
39230191 21962540
39230228 33083810
39230303 20365231
39346501 34703324
13921346 39346651
16809741 9052659
39353940 24036863
584018 584002
1201409 1201399
39462606 6353881
39499703 22161580
39499721 1170709
39499754 6353566
39503160 39503161
39503251 39503253
39503256 6353665
39503290 36481854
20859270 76095
6988332 1969697
8776094 39746018
15749598 39748232
15749598 39748233
15749599 39748238
39836982 1919312
490466 39837280
2043184 7307463
39844717 7307463
39844724 7307463
39856512 7322638
39856512 6353804
39856523 7322638
39856523 6353804
7322677 7322674
9037996 7323212
8368710 14498220
8368710 14498221
7685305 9789495
7685305 37501
7685305 9855
7685305 20103
7685305 529
7685305 10028
7685305 76200
7685305 24946
7685305 29158
39861451 33462881
39862188 14503528
16652957 14503528
39864840 70703
22035120 9789513
39864924 39864925
39864924 36086544
39869684 21228824
39870658 1427604
21251693 21250243
21251693 39877614
35402439 33975816
16081062 8668401
15446512 39978916
39987523 39987524
39987523 39987525
39987570 39987571
39994341 15284751
39994343 22653243
39994363 27524698
7501497 40001219
40005229 8140628
35852222 9510963
35852222 18067321
40041718 928251
40044105 40044106
40054238 19916084
40104809 3284846
40104811 23302586
40105185 928251
40105230 8872588
2992408 27483870
9027557 8165612
15762299 27659321
15762299 40107202
15762299 11008138
15762299 17411983
15762299 11008129
40107347 40107348
40107350 28378323
40107728 21250243
40107728 40107729
16004035 27744389
40108108 40108109
40108430 14776158
40108430 14704133
40108494 40108495
8317340 1929824
40108506 9515
1211875 29147628
40116609 20331453
40202075 17488045
40242810 6455658
40242903 20846590
7811355 7811317
9964528 4485115
9964528 7838892
9964528 7838893
40274143 7842232
939121 35082547
40274149 13524
40545625 21974331
40545625 28375183
345226 2082611
345226 40603578
16810901 36715004
3073471 15560884
3073471 40682519
3073471 40682520
7806019 10025578
7806019 8164001
7806019 6353780
23703480 30325567
23703480 1777903
339474 8162171
40725892 40725895
40725892 40725896
769042 6209057
4968108 511978
20470580 9799206
23703483 40763431
23703483 36555903
286745 9071980
286745 40763446
8913616 6314513
23703466 40800503
769041 25738726
769041 1844247
8667209 40807553
883463 1406234
7791892 40905086
7791892 40905087
884035 6457851
6884730 15284029
6884730 40939955
40942213 1406233
24003719 40946919
1155810 9671175
1155810 17730906
15724972 21979925
1155808 20313258
1155808 20313257
1155808 41007863
41041798 29452481
286735 41068442
33045814 41069262
33045814 20365167
33045814 39035881
33045814 17130776
33045814 33037874
33045814 41069263
33045814 41069264
33045814 41069265
15514974 20365185
15514974 41073440
15514974 7307219
15514974 15997357
8355260 41090540
20333738 6364560
1018767 41119363
8281014 3510367
8281014 41121395
15704609 41125251
15704609 26793965
41125305 41125306
597495 1406233
597495 1406234
597495 41126783
597495 16810366
597495 6353668
597495 41126784
597495 23634857
597495 15284074
39077586 17556518
34943979 22539933
41146331 41146332
41146331 41146333
41146331 41146334
41146331 41146335
41146331 28399738
41146331 41146336
41146331 41146337
41146331 36061636
41146331 41146338
41146331 41146339
41146331 17005675
28965170 2008723
41164817 16810366
41174585 14772278
41174585 13932696
2294688 24979637
41184456 41184458
410810 41213782
410810 13565489
410810 13559601
410810 410805
410810 679203
410810 37918
410810 1406233
10680320 6315773
41234395 5108450
41266841 41266842
41274273 397575
41291804 41291806
41304059 41304060
41304059 13928706
3277759 24483536
3277759 41415154
41419757 6353818
8281015 41449920
41453729 27298610
41482837 1613993
41504111 41504112
41524784 41524785
22251037 41559893
22251037 14477763
41654934 41654935
7806020 41657465
7806020 41657466
22815424 6353765
41736730 41736732
41736730 30775
41753155 17387548
41755593 34564792
41755593 5013387
41755593 13565489
41838373 1170305
9356110 28379333
41858450 22539933
41858450 41858451
41908685 41908686
41971550 41971553
41975695 8163980
41975695 41975696
27397476 28345296
22815423 42065176
17216197 23680805
42207024 28399377
6511479 42237234
42298616 42298617
42321852 110040
42324908 9006163
15470963 34547111
15470963 42350311
15470963 42350312
15470963 42350313
6379654 28920405
42369559 42369560
42402676 883467
42404469 35478188
42485145 42485147
42517612 35459899
9162032 17556518
24412525 13559601
42591217 42591218
42719296 42719298
41126786 23634857
43764643 23281281
43803961 43803962
43803961 43803963
43821277 43821281
43821277 21845802
43911387 43911388
40598326 19725114
40598327 44034587
40598327 44034588
44528560 44528561
44528560 44528562
44543322 44543325
6711449 1201399
19943758 1201399
44562715 33358
44563111 411477
44563112 33358
44610382 1201399
20470440 20470437
14229642 2094904
6122299 6122297
6122300 6122297
44812818 44812819
44812850 6353765
44830557 44830558
40887196 35661904
44830766 6319739
26708782 6209057
6209059 6209057
44833503 429637
44833522 26402020
44833526 3510497
6211404 6209057
26714409 22539933
6216136 12121
38983887 10025578
26741198 6261190
38993179 6261190
13513526 6261190
13541037 13541034
32989441 3094879
44880857 44880859
44880864 92994
8113370 44882277
1991690 23690571
6884726 6292435
6884727 6292435
6884728 6292435
127030 44882590
23142791 8168269
13543738 6293202
44882605 81510
13551657 6304437
13553120 6304437
39025726 11795764
44888945 6353773
44888945 28383390
44889514 91469
44890876 44890877
44890878 44890879
44891148 11062034
44892241 13558021
40778308 35538758
44895217 44895218
44895520 44895522
44896435 11907315
44896435 44896436
28892699 44896438
44896441 23977598
44896442 44896443
44896442 44896444
44896446 15307206
44896452 9252899
44896453 31581846
44896460 44896461
44896463 28378425
44896465 28379707
11666380 44896474
8133720 40546725
44896481 32915436
44896482 10076750
44896484 44896485
44896487 44896488
44896490 44896491
44896493 13598395
44896501 1826545
20341856 473326
44898371 44898372
44898374 788945
9949738 9671171
9949738 15434608
30750707 29750127
44898427 44898428
44898430 35184881
44898431 4494763
44898462 2115840
6364561 6364560
44900313 13649774
44900408 22922093
7811316 7811317
7811316 44902351
17035224 30782266
44902359 1613993
44902362 6353881
44909432 20333619
44909448 6353881
44910103 22321851
44910362 81222
44910362 7182566
44910362 44910364
44910362 13565489
44910692 44910694
44925579 2831622
6379653 32444566
23703481 44925580
44925585 6353598
44925589 8162299
44925591 28379291
44925596 74485
44925598 2545691
44925602 6710741
44925603 44925604
44925605 33020569
8281009 34611760
8281009 3284846
44925616 1467029
44925623 30248734
44925625 2386663
44925626 44925627
44925628 15284762
44925633 44925634
44925637 44925638
44925641 44925642
13598308 6353765
13598308 44925646
44925649 34956918
44925649 44925650
44925657 44925658
44925660 44925661
44925665 8134319
44925666 373793
44925667 44925669
44925686 28383390
44925689 9743788
44925690 44925691
44925697 41764363
8667220 1472798
8667220 23317198
44925710 17027422
6379638 25086030
44925722 2855294
44925731 35257683
34771025 73458
44925744 29081905
44925746 44925747
44925753 11008143
44925754 37759346
44925755 9626641
44925756 8190821
44925779 44925780
44925779 14072848
44925784 27639261
13598329 44925788
13598329 24116401
44925790 1472798
44925793 44925794
44925798 23922196
44925798 28590122
44925800 44925801
44925803 44925804
44926111 44926112
44933095 23281281
44933110 6371492
44938578 6371492
44938930 44938931
44949671 34583288
44949682 44949683
44959518 64864
44959521 3094879
44959523 5992134
44959534 31498616
44959551 44959553
44966668 1019111
44969418 24103366
26863687 2928096
44969942 44969943
6411293 3510486
4136623 44971553
44973230 15282407
44986090 44986091
22251047 44986278
22251050 35903368
15704591 21324347
15704604 7890358
15704599 41762439
44992656 44992657
33732942 44992660
44992661 44992662
15704600 44992663
44992672 44992673
45000785 21939980
45000789 23792327
33732943 9461381
45000793 6455664
23173050 27639261
20455685 6457851
6457863 6457851
20465666 511978
45013421 36588960
45013487 20365257
39157309 45016327
20153297 20153294
45016407 44551013
6473704 6473701
45016441 1613993
45016441 14953217
769038 15257833
45089121 23680268
45089177 9052659
45089185 45089187
45089218 20841439
45089225 35464266
45200414 45200416
20674169 18774897
45200428 24103366
45200429 45200430
45200429 45200431
6710765 3510374
6710766 3510374
6710767 3510374
584012 584002
584013 584002
584016 584002
584019 584002
1201410 1201399
6841839 7181237
45349977 45349978
45349997 85277
45349997 45349998
45350002 45350004
45350038 4494763
45350082 9682168
45350083 1406233
45353623 45353624
45353637 45353638
45353732 32676212
45353733 45353735
45353738 6353881
45353746 25081121
45353754 595368
39108072 29556705
45519466 21936644
41921617 8158712
21096058 21096056
21096058 21096057
21096059 21096056
21096059 21096057
45579391 6406216
45579464 21497160
42350293 45682030
40597418 7307219
45689138 7307463
45696777 15391004
45696777 6353665
45700614 7321677
45700614 1080412
45701386 7322638
45701386 6353804
45701388 7322638
45701388 6353804
45701454 28844762
9037992 7323212
9037997 7323212
45702823 81510
45702823 1201399
45702827 81510
45702827 1201399
16652958 14503528
16652959 14503528
45714114 45714115
45714530 6215962
45715200 1427604
45716541 2927485
45721535 14776158
45724103 4236042
8776100 45724503
34668029 23169027
45726641 45726643
45740333 931900
28704406 45757349
28704407 45757401
45813386 6353566
45818232 2429820
15446509 45821051
15446510 45821078
15446511 45821109
41146039 45825722
16810902 22413360
28507938 45836277
40526211 45836287
45836387 34583611
45836729 312666
45836731 45836732
45847350 15284776
33375 45944810
45946898 4236042
45947372 8113171
45947373 13598573
45947395 22002734
2923960 8190738
45949281 21250243
45949281 45949282
45949281 40107729
45949727 21250243
45949727 45949728
16004034 45950063
22437399 6406216
7811366 7811317
46255318 42785033
46319330 46319331
46322155 34547507
9373974 2163655
9373974 29750393
27271 27237
27271 27238
28475 34569433
28475 13562982
28475 46348365
28475 4709286
28475 46348366
28475 306443
28475 46348367
28475 46348368
28475 46348369
28475 46348370
28476 86810
28476 7811317
28476 46374656
28476 44902351
28476 46374657
3128624 15262837
769044 22360794
911048 2094904
1155814 9764690
1155814 28649014
1155814 30703544
1155814 6318261
1155814 8812435
1155814 513611
1155814 28520451
875606 6122297
1155807 22539933
46537857 87372
16810442 46573286
16810442 17557329
29024838 46576079
36566277 3094879
36566277 756802
36566277 24066125
46621685 6332890
46633675 15285331
28892698 2094904
28892698 46655943
8281011 21096056
8281011 21096057
3010067 15556461
46747751 8190590
46750592 21387587
46759215 46759217
46759215 46759218
8667212 46759783
8667212 46759784
8667212 45993210
46765155 91469
36580377 46800711
8667207 5850734
46827749 22002396
46831053 23151592
46853858 9335192
46866468 29750337
1749013 28377368
1174343 39063782
46927986 46927988
9814088 46952855
46991611 13639365
1106846 47004777
5198314 30204013
5198314 6441126
8281007 47052788
8812439 513611
10251245 47094265
47147433 47147435
22251040 22758787
47356297 16677891
47372941 8165367
286733 13475487
47507957 41069263
47507957 41069265
7683078 47524971
47573124 8818095
13598331 14661181
27270 27237
47631253 8140628
6379655 1955368
6379655 27639261
47656860 36890849
47658027 8164203
47659413 8584386
47659962 30393034
47659962 1738831
47660239 47660240
47769196 46381001
47819275 47819277
47858772 8732463
47875608 16834173
47878428 410805
47878428 37918
47878658 39546
47888902 47515557
47898718 47898720
47914935 4993738
47919725 47919726
47919748 13154242
2294687 35322362
48201093 40567893
13598324 15285361
13598324 34568199
13598324 24314793
13598324 48203528
48210163 48210164
1097676 6353636
1097676 6122297
48270501 48270502
23142788 410805
47659566 4993742
47659566 48322431
47659566 48322432
47659566 22952327
47659566 8164284
3199292 21980567
3199292 48369183
48412345 28370513
48413982 48413983
48414273 48414274
48485315 48485316
48846588 40548679
48846588 48846590
49013911 86810
49081416 33359
42850506 49115938
42850506 14521171
49122290 49122291
49401081 14048306
49406357 2927485
49406357 1775556
49412703 6865908
49412703 49412706
49412703 48258286
49630534 1969697
42362998 10243386
50239358 6343866
50239358 28375917
26469753 1201399
29815625 33358
50256807 5866861
50256834 5866861
50257184 411477
50257218 5866861
26415636 13154242
19947350 13154242
50303308 1201399
13250365 13250369
13370830 13370777
20470439 20470437
50502823 6185202
50520828 26766219
15712786 6353756
50523435 42785033
15737026 8190722
50523449 64215
50523450 91469
26710631 6209057
50538411 10025578
50538413 10025578
38983886 10025578
6261191 6261190
50568438 1980676
50568694 26766222
50568696 39016871
50568697 50568698
39018129 39018128
50569788 6292155
50569790 6292155
13542831 6292155
50569793 6292155
6292437 6292435
6292448 6292435
8113371 50570056
8113371 29239504
1155809 41007863
50570309 6293202
50570311 81510
490288 34730511
39025703 6304437
6304439 6304437
32998547 6304437
39025725 6304437
50578030 6890642
40778307 16638972
50582258 50582259
23703465 1050733
23703465 36875875
50582306 35903413
50583344 14772278
50583344 50583345
50583344 50583346
50583362 50583363
50583365 50583366
50583365 50583367
50583365 50583368
50583398 2824195
50583403 9509746
50583405 1019111
50583407 10469554
50583409 2364977
50583409 11555875
50583414 50583415
50583417 50583418
50583417 50583419
50583421 46376754
50583423 40691751
50583425 50583426
50583428 6319739
50583430 39346651
50583430 50583431
50583433 6315773
50583433 21988635
50583458 7550491
50583462 21979339
50583464 30782293
50583466 23454610
50583468 23429985
50583470 50583471
50583470 50583472
50583470 50583473
15426202 50583475
50583510 608317
30750708 45394754
50585721 1104297
8281010 41069262
50585724 1367469
50587065 87968
50589662 34561387
50596515 50596516
50596526 39046784
50596540 50596541
50596545 24314793
50596560 11534988
50605540 1472798
50612689 70833
50612693 21207277
50612698 50612700
40524112 20365083
50612704 6353598
13598315 6353617
50612711 30752612
50612713 46759217
50612713 1393928
50612713 46759218
13598300 10025578
348405 84355
50612721 722116
50612723 50612724
50612727 13598573
50612731 110004
50612735 6353765
8667204 41474470
50612752 6353765
50612754 41842583
50612756 50612757
50612758 50612759
50612765 26816164
50612772 50612773
8667211 6353739
8667211 28399575
13598309 50612782
13598309 4221366
50612784 5022868
50612784 6353765
50612786 2115840
50612786 17743212
50612798 50612799
50612811 50612812
50612819 10385994
50612822 721773
23703476 13598441
16310207 17388550
50612853 50612854
50612860 17387548
50612873 50612874
50612878 50612879
50612878 50612880
50612878 50612881
8281012 50612904
8281012 8278491
8281012 1472798
8281012 50612905
50612908 50612909
50612911 6210824
13598321 46382859
13598321 50612915
50612923 6353668
50612936 17323676
50612938 44034587
13598326 6353780
50612944 13598566
50612944 13598567
46601027 50612945
13598333 50612958
50620214 6371492
23703468 50620233
23703468 8732463
50625485 6371492
50625486 2545691
50625638 50625639
15729022 34583441
50636255 46980436
50636272 9340329
6386580 50637281
50645777 15278434
8964646 3094879
15805194 20943260
15805194 50645780
23703474 50645784
50645803 20546502
16310206 26161799
50655353 21228824
50655360 21403945
50660517 50660518
50660519 50660520
50661103 26870231
22251048 50672160
22251052 50672172
15704590 27122415
15704593 46385117
15704593 46398196
15704608 50678139
50678150 50678151
30392582 50678168
50678174 24039982
50678175 14953217
50685674 6353666
50685691 19916084
50685693 1963798
50685708 50685709
13693349 6457851
6457853 6457851
33120554 6457851
39143108 6457851
13693389 6457851
20456185 6457851
15847948 7298884
50745360 50745362
50773249 15257833
50773250 35805448
50773252 20333619
34779771 1393928
34779771 1787387
34779771 50773265
50882453 42799279
50882456 50882458
50882479 50882480
50882479 50882481
50882479 50882482
13921356 8165551
13928309 9678182
27121613 9678182
13928564 13928560
584014 584002
1201407 1201399
50893886 50893887
45349980 51028883
51028904 2857734
51028904 50882458
51028904 8134319
51028904 7982238
51028908 15290387
51028990 40603578
14100927 14100928
51032227 47554017
51032247 36140578
51032256 51032258
51251300 6406216
51251931 7181237
8776096 51264663
8776095 51264679
51265976 51265978
15798489 8686697
51353006 44896461
51353006 41573854
51353006 47431040
51353006 51353008
40597419 7307219
40597420 7307219
2043183 7307463
51361157 7307463
51361198 7307463
14484912 51361792
14484912 6353881
51371820 7321677
51371820 1080412
51372425 51372426
51372425 6353804
42520740 42520741
46533942 81510
46533942 1201399
51377029 33462881
51380449 51380450
51380455 2355565
51384865 51384866
51385648 1427604
490468 24206287
46505396 51391157
46505396 51391158
46505396 51391159
46505396 39987525
51391823 39063782
51391823 51391824
13751808 7616974
13751809 7616974
51394784 51394785
47164754 9789513
47164754 51394850
34892545 7352924
34892545 51395344
34892546 7352924
34892546 51395357
51396954 2246901
51398906 16834173
28704405 51426615
34914525 27758260
7811365 7811317
51498810 22002648
51498835 15282383
16674462 51501641
51505827 24297789
21250492 51512172
9985303 17439541
35852223 51516302
47164755 928251
51563859 6441152
51563875 23980471
51564291 34561387
51612026 47554017
51614032 51614033
51615844 6353780
51615883 51615884
51616416 47550590
34668030 16834173
8910471 16834173
1211874 29147628
10588622 2458546
51630558 21250243
51630558 51630559
51642544 429637
51673317 51673319
41056103 28965166
34256379 7811317
40246591 7811317
32647487 1201399
9964529 4485115
9964529 7838892
9964529 7838893
51773539 36876001
7336963 51861007
46357006 51896146
23382384 51914200
51976367 40682519
51976369 51976370
