255536 78629
1899694 325704
1899731 93
1899808 28
1899859 78047
2014055 2014056
1681 6
2266423 705
2280641 236967
47848 47847
2489964 107
2666126 11164
2761747 366924
2908688 268977
2932679 2932681
2940767 1547852
2940767 2174653
2982418 184391
2714754 198754
3072972 59780
3073011 357200
3073024 101697
3073026 93803
20167 20138
20167 41149
3078775 1221
3078822 260083
3078839 11078
3095975 22708
3104300 63241
2308 1245
3237255 24643
3263617 1163
3263619 1233
3263621 1728
3268439 1157
3270933 544407
3271809 44775
3282863 699
3284797 56108
3284799 1197
3287194 32219
3287961 833710
10983 337
3078651 1236
3299160 4243
3302138 498559
2825262 690753
4691 4690
3306665 23351
3306820 1896
3306820 1159929
1992 706
3310059 1731
6276 701
3313158 1218
3313552 1186
2714749 1229
3324167 73014
3324419 8521
3324540 5977
3324555 2828
3324555 3324556
3324908 23309
3125987 57220
3350748 601971
3183430 1898943
15437 15399
2709664 42547
2709664 9712
2709664 3538600
3601028 397986
3601152 224479
3705241 49460
10452 8525
3705243 1441
3705245 292934
3126160 899803
3705247 1712
3705249 4104
82892 82890
3705259 2837
3705273 3705274
3705288 447151
3705290 51991
2519529 120655
2519529 2519528
3529083 3705297
3705298 1212
3705300 1711
3705302 12
3705303 1207
3705305 253882
3096672 9291
3705314 58316
3705318 4698
3705320 102737
3705322 3254343
3705339 1188
7845 1748
3705344 115039
3705348 9293
3705356 78423
3705358 44487
3705359 2839
3705360 4697
3705387 66363
3157842 117317
3789107 165875
3793335 146442
3157891 29044
3884417 466065
117346 117345
4002283 1132151
4019199 2842336
4020130 8571
4023847 91690
4023854 2270892
4023884 2026837
4023884 4023885
4024035 3816
4024493 1562416
28290 28288
4025989 12973
4025989 4025990
4026000 44693
4026000 210693
4026323 1636253
4026323 130688
4026561 7856
4029724 4029725
4029732 4029733
3529080 4029754
4029792 109913
2132 2118
4029967 41449
4029970 13361
4029977 45022
4030028 11717
4030051 15297
21063 21061
4032397 11814
4035778 155586
4036932 3074846
4043233 1107709
4044186 1107710
4046137 4046138
4057004 1780317
4066336 14305
4066819 13936
35778 35774
4075377 14309
4076852 2985063
4137967 1035158
4258909 207389
4274541 4274542
4283353 108608
4322712 189275
4371958 4371959
4469499 33987
4616716 37059
4633347 4633348
85353 85352
4633349 1397123
4633353 1053152
4635212 1151
4640409 77319
729741 729736
4692986 59733
4698646 18636
4760500 4760501
4793950 4793951
4885559 815757
4910709 11696
4917924 217208
4991061 42698
5081623 2161499
5082922 2242668
5109064 2747249
5674312 5674313
5772007 9228
5814971 5814972
5840099 2644994
1562591 1562590
6263053 2831083
6336496 857551
6345306 6345307
6373240 72172
6404473 96850
6409953 202577
6413476 386387
213465 213445
6722661 6722662
6738473 868104
6811609 90125
6840256 699549
6866770 4823987
6912539 6912540
7107959 12576
74407 28772
7107960 424605
7107966 7107967
7107968 2162241
7108049 7108050
7108051 6806881
7108052 302282
7201320 2231717
7473936 7473937
7482985 285751
7486910 160985
7633459 1223
7645932 1337513
7746951 37343
7818354 313839
7995817 87539
7995882 592386
7995904 89816
13397 13339
7997534 372628
8010879 8010880
8010881 1550533
8013992 31264
8016203 197529
8016471 57218
8018821 8018822
8182890 779542
8230345 147509
8297838 1234429
9611559 7
9736083 913359
9736083 9736084
9736083 562522
9736083 9736085
9736083 9736086
9736083 9736087
3068358 1227
32837 32835
10024163 8524
8113199 372
1900134 1900133
36231 36111
10514831 5552
10623163 703
10623169 1228
10623453 74630
10626697 80968
10629439 108
4769 113
3036163 1222
10631798 3204912
8132562 7287
10646472 81417
10653534 1007019
10653543 1737
36003 35886
10784221 117724
10787354 34331
10787354 34332
10787354 878274
10787357 78502
10787357 1214
10787359 95
10787361 1205
26269 24700
10792688 190126
57238 57213
10805039 706013
10805508 2855
10805584 212399
10806546 1144
57689 57681
10672022 393212
10818215 1821403
10818215 37349
10818663 327962
10818663 6518679
10818758 7910
4006336 51985
75065 75064
75065 541
10822282 1176
10823777 1141
3529165 33986
10650744 3548
10650744 415227
3157925 3552
10825323 24866
8114177 1234
10829179 146409
3157929 700
7114 1177
8118028 1166
3157819 1246
10631188 380495
4924 4921
8138201 57842
8138201 2842
10949739 3779
10969390 8362369
10974780 50430
11002973 1160
10593370 702
11018772 40855
3157833 1149
10711577 38638
9634619 9634618
274191 274184
8176908 8176898
11026901 74758
11024298 44692
3183432 466246
10304421 3307
11068980 3535217
2473155 1289831
2473155 172917
11161632 799552
3077346 870
10593426 21082
11184174 1765853
11184175 1147
11184180 10793
11184184 493
11184186 11184187
11184190 7361505
11184204 95918
11021976 627671
11184223 1733
11184227 197011
11184229 398654
11184231 759424
11184233 1194995
11024325 233603
11184241 7854
11184251 9610
11024407 10573416
5519 1171
11257509 4108
470891 470890
11278273 230103
11283157 3184536
8126442 241737
11287578 256036
11345710 77855
3526443 381954
8181430 282339
3105455 1985006
11479624 11479625
11479628 8112764
11480136 11480137
11480251 887896
11481295 11481296
11481762 39405
8171171 86097
11484335 2835
11484459 10545
11484480 50548
11484630 779905
8162409 15156
11024300 17619
8157772 159454
11489342 436663
11492801 510729
8139814 36114
11024307 1825089
11519550 2145
11524820 36112
11524830 14306
11524847 36744
11524894 35783
11524900 1075878
11692433 348285
11702241 131915
8225160 86721
11711498 14182
3601153 224478
11715594 388292
11755865 11531858
4283307 771087
4283307 4283298
11770709 4310816
11781484 109207
11833078 1244
11991141 78653
12029727 12029728
87394 87393
12034491 12034492
12034493 12034494
12092056 258206
12093042 207284
12093047 531026
12131626 4595668
12137288 101303
12265351 2500
12324232 321823
8175957 7613774
49640 49618
1946 1846
57558 57549
92585 92574
13152691 13152692
13376261 13376262
13376306 13376307
13582805 594525
13590895 13590896
3157931 797714
13616312 13616313
13617782 13617783
13627738 2286206
1436863 1436849
59746 59716
13650648 1540749
8154281 1144745
13652834 326455
13652837 996584
13654384 13654385
13669880 577893
13748293 13748294
233012 76873
13922027 2130
13954569 6423953
1983154 1983151
14034729 103613
14075399 142652
14293278 14293279
14293280 458278
14293281 546248
8879484 1695065
14347714 42929
14497195 7257
14679183 3403054
14684951 256395
14931956 39454
14953123 444
15119691 2774873
15137134 430007
15137184 4037
13662 13608
15142786 10398
16620288 41732
16620288 12333
16620548 16620549
16620698 24577
16887650 4210200
4075635 4
17220095 200547
17307218 3416252
10399357 3310
17377533 229795
17536735 709
17565137 97
17565139 17565140
15237845 94
17565398 10661
17568330 492926
17568384 273376
17568526 18211
17573146 35263
10656228 1933975
24747 24741
8136847 59246
17580741 7087
17620064 61340
17658578 1734
17660780 336852
17674884 8262
17689550 1012854
15281622 74669
15281622 8197191
15281622 15313051
15281622 7646615
15281622 9947628
15281622 17710329
15281622 10656324
15281622 2286995
15281622 9938351
15281622 11649722
15281622 17710330
15281622 17710331
15281622 17710332
15281622 17710333
15281622 795388
15281622 769956
15281622 9906010
15281622 17710334
15281622 10268643
15281622 8676594
15281622 10439818
15281622 8929355
15281622 17710335
15281622 789171
15281622 1069074
15281622 10031404
15281622 549022
15281622 1800923
17714278 59526
17714281 1150
17714283 1738
3125989 1724
10639448 1230
663 661
17714286 1217584
3529169 21232
17729408 711
15237415 1713
15261741 290887
17732271 12724
17732276 99
10642161 409667
17734058 864242
11715627 84736
3529091 315063
10700319 707
17742517 7331719
17744227 162424
17745165 1721
17649474 340464
199368 84509
199368 199365
17749123 3537
1011897 30504
1011897 1011895
15019 1394
17751333 1191
15253553 2498
17753450 1716
15239464 1190
15241291 1249
17764721 458
8306319 61730
17825816 16024
824 823
17936452 91452
15273749 238130
74753 74751
17936487 74756
10639250 93504
10700269 1231
10137014 10137012
10641565 224470
17967391 8522
17977209 951032
4280419 22391
18031477 299
2709666 10397
3529073 10363
3113 3099
18088603 106
18088605 11286
18088607 8116445
15240755 1742
142772 142746
18088611 1240
11461588 9608
18088621 14487
18088622 20900
18088624 270449
18088625 647367
18088625 11890089
18088630 123668
18088632 855896
18088634 2603
1562415 1562411
18088637 611240
18088639 17648452
18088639 665
8336183 1107048
3529173 7914
3092661 4325866
18088653 228526
11024321 349620
17619968 2840
10453165 1691373
7760 7742
2854 2823
4238 1165
8139857 2843
17635857 449160
18089981 711783
18129703 687747
18155762 2155134
932425 932424
8116265 386386
3157862 1736
15723099 334843
82033 82010
18258804 2265782
18352269 797713
1761888 1761885
10657561 9790905
8565914 4165288
1790058 2002257
1790058 1790057
1790058 18371740
18373165 11261594
39423 39394
18375828 712284
18375841 8154599
18375931 10704211
8298463 731414
8950471 8950470
8169782 371204
18376058 285748
18376240 295212
15419531 343735
18377935 20812
71811 58185
18383607 36603
15261824 3994
18413674 2195499
3529078 10711537
18414247 1747323
18414255 7855
11525610 13870
3529177 470203
85750 85732
18589775 13136172
75926 75925
16929604 2787259
8187326 8115727
18626467 2155378
63394 5474
18896171 236588
17304230 17304229
18896177 1063699
18896178 18896179
38139 38110
18584197 1834976
18952025 181337
11024403 9216
18983196 46359
18983450 1241
19041445 19041446
19041483 283441
19073289 9033035
8405302 111912
19105160 2938027
19132022 74390
19309319 5124794
19369479 1706628
14058130 1888
19779692 1057174
9196489 9196488
20158507 20158508
20405751 28422
13640710 409150
20414372 29429
16104944 16104942
17635835 6779559
20419076 7959474
20419087 9029527
20509734 35884
12614 12573
20673633 320091
10677721 3706438
20948832 1463986
21030603 1314523
15402419 230775
21030604 93852
21030605 36033
21030606 243984
8224485 12680
21030620 28426
52344 52308
8116997 71465
21030693 21030694
21391737 2310
21518431 6861266
21518434 10361240
21518436 17370343
20798404 21518438
21663389 137801
15119692 8342229
21827318 4951
10747 3304
21840659 1103941
32240 3381
21843467 763824
21843580 461570
21845492 123822
15584995 344163
23250672 290282
7342 7339
17566928 5384
9249221 139617
9249221 2022242
15285061 291304
15240036 1242
1387 698
23868264 31975
10700293 78203
23954814 23110
23954814 434998
23954814 373678
3090786 28461
10324111 1148
10717185 8147
7380 7378
15260484 79242
24150193 52336
24152329 1175
21949402 288746
24160824 4244
24171571 7826407
21952405 1678945
21952405 142745
219529 219521
21942615 7632
24265944 111988
8138260 8138259
15239770 1395
24281157 1440
15237744 1216
24281162 1709
15260729 90932
24285424 192022
8144822 9219
21948150 7301380
21948688 46392
15466527 480110
11285 11284
9605 9603
17635799 1318839
8120254 3538
22111368 2275649
17635839 1209
2098534 2098524
24310260 1196
10700321 1194
10642639 1438
24313298 1172
8498 8495
3845715 66003
3845715 16258011
24315185 3815
3157911 1211
3157942 1161
24317114 1719
21939716 1718
24318100 1226
15240299 1439
24210518 1154
24321425 1254815
10672171 4097
24329656 10507
24330107 4950
24330437 664
22634 22613
3087022 9006
21981204 74759
24186413 3159157
3126021 9207
24510843 1183
24514909 832170
3601030 2764361
24554655 22390
4272484 56872
4272484 22409
24628318 29720
24642750 1239
17609711 23814
15330695 9555
21940185 1178
24644483 43113
24644503 1238
8164853 78200
24644505 7766
15244293 586395
24644528 50359
24644528 644232
8119465 50348
24497333 10838858
1900894 875910
24644532 283841
3529089 7911
8119261 55462
24644537 15730
24644540 14049779
8139363 12679
24644545 328632
15263872 36601
18371122 706842
21940834 1162
18580733 3312
21983439 77854
24707136 3486000
8115710 6025
8118767 247353
8116616 1210
306330 306329
21955155 301836
3529188 302379
8279080 289529
24916029 243196
24917398 74340
24918354 7414
11024382 1450349
24919069 751518
24919069 89790
17936473 11963422
24919465 4565190
18374632 2216441
4029251 15868168
24921545 1802187
24921605 502590
11484454 16236411
21990852 315393
4032067 588511
3529186 682864
229876 37431
96446 96440
24929863 41510
11024393 16136819
8139300 21258
11524944 957479
8122400 8122399
22102434 349445
22102434 63358
25057837 1021792
70933 14075
4283067 7459794
18593033 75927
1065789 1065788
8250284 265967
25200786 2172949
25203524 247358
15815452 300742
15243156 348833
24210507 2249153
21945609 37058
25418938 1153404
21982523 3441648
22063185 3108590
3529075 238727
3529075 34336
8354151 263080
3529096 10922190
25480940 7617811
11024399 9523661
25589226 22130122
25650924 294211
24172145 96012
1607493 680069
26174424 7330
26182292 4089779
26311695 868396
8760888 8760886
26618597 26618598
26618811 5186436
26712630 474253
15272606 777652
26801686 26801687
26801688 26801689
26809685 26809686
26811073 26811074
26811078 26811079
6374315 6374314
26837345 26837346
26861326 188367
6411288 308346
26866309 96972
15432744 2123445
77862 77841
27460105 2220437
8123750 8511
15291961 15291950
27460107 12123931
27460108 27460109
27460114 8418253
15248558 3547
27460118 21236
15295546 2601272
27506013 273597
27506013 27506014
27807316 9201
27821418 619158
8347535 323874
6840626 323873
28182510 52308
28231912 3303
8119567 565946
28249737 50941
28285588 10132813
8114512 119825
10672001 25674
9474791 8
9474791 29267734
9474791 9474790
10304396 83348
29598816 667
15245376 1588497
3157887 1200
10671961 1278
29929937 1158
24186301 229412
24186301 576739
24186301 439981
15239920 1397
30176481 110
30217090 258405
30269955 9029
23211 23207
21949602 49809
8152375 98745
8114989 42118
10559515 2555
21937475 50811
10700275 1708
15812736 72847
30464201 2913740
30464201 125723
30464269 66523
17650933 1926208
17650933 3035225
21938525 9801
8225965 91619
15236784 7749
10593387 96
10406256 101
8116038 1195
30474146 190238
30474146 246206
8114077 1180
30564024 1858487
30564024 123234
23866174 285764
23866174 348392
10700334 2507
10700334 225065
10700334 9029586
10700334 29163794
10700334 12559254
30581989 175127
8300406 4209797
3098827 30
15242687 210873
8138822 243789
1047060 1047057
28340438 4213
30601994 1396
21939783 4695
11024313 1884333
21981720 108115
21981720 2568923
30612682 86752
17936444 85081
8116678 1164
11024395 370
11525 11520
28341278 9607
28342532 1181
8117195 1237
30623213 1059343
3601029 277169
30623911 116179
10700273 1224
11024401 9217
30633798 115093
30633798 36563
10631639 186053
8117453 96873
21938751 3005
28377861 2594979
15253084 75932
21955006 44733
30790685 29272208
30796361 499749
30797791 326456
30800249 117920
30800249 959651
17609713 1723
30817810 415376
5138 5131
30822402 16364372
243694 243687
22389 22388
30894635 2558840
30916819 1145
24186424 10520
15243336 137798
10593381 1232
30940808 23108
26433 26432
10700342 2610440
17573091 543915
30940812 56380
30940831 71285
30940833 186535
8138222 36559
7908 7905
15242670 24551
9290 9288
30940843 8155
21050 21036
21050 964878
11024323 58111
8119181 4696
30519881 1396431
28344625 9609
8116417 1739
37056 3302
37056 37081
30497410 1732
21944318 253957
30940848 48764
21941290 1184
30940852 1169
10700363 1168
3529192 24289
8139222 881597
30940861 197350
5058 1208
24497286 29839
18181804 78205
8117623 10548
31000166 112097
86103 86078
31043860 86096
31083094 286809
15240232 1235
21947838 42555
31205484 2127
31208071 913099
10649160 338916
8278482 50812
3529069 926206
15339870 7415
15339870 15339869
24918353 2898496
31209034 36375
723529 723528
8690077 8690076
8159672 8159671
28358224 626095
28358224 8272
31212418 4013
15287843 30499
8173282 370740
94258 94247
28380722 36116
30795821 1299915
31213239 2753
27233263 1012150
3529182 22304
17936485 461814
31216905 225786
21946037 41509
15247906 13872
15247970 1046573
31222057 145869
28346574 41511
17936442 35782
36052 36049
31248279 14307
28359221 13868
3529171 11388
4074976 1547321
17533042 17533041
28358921 21741
15289670 23208
31404596 1045464
8828134 4057769
31413326 2175234
3063 3061
19995 19987
31488120 47879
8137712 2499
28911001 4171608
9702263 1161764
31702327 2486374
15435105 252760
21964981 224480
8184645 1647883
8224088 4601624
15285758 1086
28515277 717010
8113389 9804
28871535 20904
22347071 417064
8298360 3645714
32165397 772195
2825309 4907
32592907 18187
15440175 3473399
32650737 10641521
33031321 22484227
28444841 10680533
2825276 155588
13748292 33173881
20675006 9706
33483025 2730209
10627122 88232
15261899 237103
28353783 2281
15259667 10649456
8115175 10696
33664311 3453704
33664347 1738972
34025589 85991
34025767 895937
34042118 1129460
7645934 323872
34262024 223227
34418611 8518
34419272 731167
34419299 27092
34419974 9211
34435680 8512
10672024 1174
2465 2464
8137091 108186
21989662 691002
21989662 123233
1619479 6120
1619479 1619477
8114933 6932
36339516 95967
36346329 1153
17361591 710
15252434 300782
28357107 1231264
24120806 42742
23948928 644655
23948928 162369
30800250 280693
36404612 1189
10671999 331044
10700373 1247
10700330 1159
6210 1201
21964617 101139
36569624 36569625
36591063 1710
3352 3284
24210553 1726
8177362 4273230
30466057 52691
22174774 1480930
22174774 25144
36610356 7631
21954406 8335
3157846 1729
24289458 330910
34526500 6821319
30473911 627023
15282938 518111
15282938 49809
4686 4657
10625319 9
36711451 49049
5424 1173
28340786 1185
17609846 1646
36717718 1776250
16207751 3795
16207751 8344693
11024329 164756
3102324 708
24210497 1213
10653374 28708
21944181 32469
8121037 19850
10700295 1727
17588710 4694
31208981 566
31208981 5
31208981 28303
17589475 2283
34531889 3313
24309722 34513
24309722 317631
8117313 1167
36814507 76714
8240328 57527
15360982 34066
92141 92119
15240597 103
8351886 8351883
1138 111
17936438 386723
28339824 723237
28339824 3993
30193015 27413
28362270 22847
28362270 2014881
8117941 1199
8147388 5815517
37044595 124756
3099685 177437
37046169 72830
8117763 1217
21947908 1439813
15240504 1142
37046171 36314
328862 328861
37046172 255890
37046172 17570996
30795753 3826
37046174 1717
31222053 36743
31222053 14524709
2600 1730
36903730 3082866
37046193 1146
17635844 1720
8136373 724208
17650084 35785
10643911 1568197
37046195 7912
37046197 657372
11284822 65734
21943417 33924
21944434 11287
21943169 409391
15360042 642168
27236850 16439
8136813 225073
3126162 186105
3139010 100542
37046214 3107149
21942181 2841
21942181 36903789
17935049 97067
24917425 677793
37046223 64573
24218728 6848
22000088 3786600
17936446 229014
9483072 3769724
9483072 9483071
28557872 684125
15266466 585372
8165096 49454
15254418 5224
15915013 1909392
29621028 18482021
35794032 35794031
21941670 11387
15255546 2764594
11024311 2836
8145213 331837
37307911 232029
4086 4083
4086 177089
34714539 2834122
8154287 286083
21963878 840423
11484334 1921808
36107 790932
36107 36105
8801744 8801743
37309671 69103
22031807 37057
23324470 928038
23324470 23324469
37309756 152965
37310434 769517
8854710 1110322
8854710 8854697
15432893 75693
37313946 20811
31220605 36057
15248017 957478
867573 867572
8123219 1382787
4045275 1745341
15248328 306385
24951399 702263
17936480 1784932
28359269 8123216
18409471 36784
8139463 36235
11024391 403741
21936664 1726495
37348427 341997
29026930 29026927
37365723 5088078
24225107 34884
10120 9900
75935 75928
2241517 2241516
9165167 2819145
322335 322334
21987250 52340
37576623 7048
28410348 7180
20799341 3103401
31058519 396336
1718531 1718529
21946415 12575
15711955 5830282
37785617 762203
25212 25211
77327 77326
11841 11809
36522308 36522307
28379777 2392761
37907939 1188359
35027919 1102509
234816 234785
34574298 1591374
30795826 4851943
34541291 227255
38005466 88935
15651197 15651195
11270325 1040559
8935494 8935492
38150724 30974
19299719 15929805
38214879 1255016
38248501 350721
1057173 1057172
15242798 14638
8172106 771505
38802928 12532231
8975627 8975626
39057534 39057535
39106738 24706442
18168300 453110
10641400 797690
3107106 1250284
21980218 96364
77035 77026
3536917 15434
13746407 949523
39195499 2305269
20575809 35133
27186179 74754
39482058 22461992
27243308 8113147
39669397 7089
57179 57156
34672060 20783553
34575974 8332799
22095306 15236793
34534534 19913
34693309 52341
39669440 8642830
8130899 771556
30044855 23959547
40002617 329294
40004809 9210
40018087 15007
8169945 296941
15299302 98089
73183 14965
34532278 674887
40406023 83932
40407242 2281
40421775 48908
8238596 14074
40421937 25661
40421977 19845
28349008 8509
8171847 2802612
8114558 890170
40564919 4027
76 0
15236826 1700
2825271 29
2825271 2124472
2825540 27102
15247211 427258
27992 27991
15453431 6397174
40509577 1156
8121398 33345
10406497 1187
8113742 1725
2716746 1248
17566961 16860
3036115 1193
3078849 202493
34544190 23378
21951448 1353
15250481 26122
42541855 2673660
10700349 1740
42614751 116903
15255959 26992
15260799 25394
23955020 112
15237934 1735
42630281 8529
18182410 9721
28343617 177907
3529179 716578
24173394 3107151
34530644 800906
8118531 1186079
2825242 98
42642713 11426
17619966 7337485
24210561 36032
28339111 4692
40623525 1937124
11474823 566680
3529175 1077875
8152690 275535
34526459 8417
33631 33609
41254363 4876821
41254363 27692228
21938432 92
15241576 1715
10700255 1243
21961559 3535
17267106 4770
4264720 134480
15245477 24898
14046450 4096
24120818 3311
60117 60077
60117 60103
40520236 52879
28351939 282542
28351939 308734
10632728 1010844
20803897 270410
22100190 3043717
17594605 793554
17594605 104
3529094 74755
21948940 759156
42570835 1204
11089012 590490
28367638 600
15361798 15554
45210 45208
3157895 1198
18387252 2838
17361527 1215
42968031 7895777
29736110 387838
6397387 3380
8162952 3269
42968032 262947
10406376 1088259
11024380 685651
15244755 9292
15244755 6368642
15244755 1326761
15244755 154826
15244755 15820452
15244755 757831
15244755 30295175
10634705 33725
17936478 1957
3086307 4805
8125892 887601
4001669 86154
10641804 57245
10641804 30275617
10641804 3008549
3529087 7913
42968051 78201
8128987 76819
36626058 368690
7004 1182
17570356 9613
28344412 7909
5806 1152
42968059 32167
28351854 33758
1608437 1608436
18952074 28740
30421138 372370
30421138 23586426
15946359 855897
24497276 9641091
24912783 886984
11477333 65207
4022847 51987
16760 16758
3103725 8645348
40513669 11606
30795761 1900045
15769734 1562417
855892 855889
926205 926204
40518354 4095
17936450 777878
31209027 13873
11024384 296313
28348001 15261617
28348001 8507
8682126 8682125
36579 36553
36579 36555
44677 2834
4026586 15266154
31212040 94998
8141458 39400
24497288 12009102
55827 54269
36903785 36610
21242 21231
43229366 13939
35345 10264
43229427 329323
43229446 87228
22326156 236718
8122409 437944
11024309 130952
34560504 279856
28348841 2810
28378500 10707775
28378500 5312
94742 15783
24497273 161807
11024409 17780
17936489 11240
13863 13860
15247764 36056
9524636 9524635
11495824 36783
10348264 10348263
17936436 14303
14299 14296
15261862 36785
3529167 36059
36464 35786
42826447 1785802
43265752 17569882
35799890 35799888
33171941 1648643
43344221 9200
11704591 2497
21953496 23815
18595149 284577
11721095 3106453
34565558 6026
43452941 1398898
21981726 11122
28372587 2345827
63600 63597
63532 63531
41265671 10408393
21963364 8131434
8708547 577883
8392733 8392730
28380599 2148644
191138 157716
34696274 310863
43883961 8909318
8137148 683002
15249506 10268
10596029 547239
8409187 5608752
21979429 41646
11963423 2861
44370129 8116132
29008072 29008071
44414841 1760476
22126160 9393120
41524088 37123683
34525331 2495
20796651 8726221
16238360 16238358
44944139 18382381
40682405 2157422
39100260 94999
40547634 8630
27236857 5602824
15247851 9218
27120230 2802770
30278183 8162235
2518182 2518180
23267028 14068420
23267028 10624264
11715477 2421147
45517439 590695
28402260 4277504
8173541 96885
8122096 20782
8295971 2743982
8309190 108594
23171008 23171006
15259775 804315
15254195 279930
45688435 5224
45803233 9550223
45950558 1587731
45963957 514391
21942649 231315
28538701 728326
22308044 10506227
46088374 1012336
8119600 3554
28380030 45215
46241091 227318
34556842 135964
46250426 2943839
34563099 555605
40677330 482128
46253302 188251
46255228 286920
46257225 17265
15247288 1605804
46261651 245456
3126164 3305
21938226 3713
15260772 310367
15260772 225744
34529786 1206
40528759 315509
1227712 1227710
42551630 93602
17609885 7412
10672004 105
2761 700864
2761 2760
30479389 3714
956 945
42578715 2371545
10082550 577832
10082550 41728
17645683 6317515
15292632 2678310
3126044 1941498
3126044 1354541
8170826 9028
21936333 2902
18238 18213
10308320 1225
8137892 141994
8116145 109
8112923 91
33539 23109
33539 2173110
33539 18581954
33539 2151057
28357277 1864
46360857 1051504
22742268 9830862
15255891 3558
10642801 58117
21994423 392407
3157920 839586
3157920 719959
3157920 1372083
30519886 102
16020569 16020558
22678 22658
15417705 1637434
15417705 10454087
3157933 1170
21939658 1219
8139078 11399
8577809 88451
8173724 92164
40513430 1437
40513958 1203
21938287 1143
25296 25267
4836746 210930
4836746 795119
4836746 210894
8133601 8146
8131280 304243
15247347 8510
2825402 100
28346693 74757
48590427 3557
48590427 10471556
11258657 388792
3601154 10806380
8120069 178348
8113847 1443
17635849 1179
15237643 9294
4023925 11543
24917520 11885
28342223 1714
30795757 765043
43776729 11964803
48718727 417253
28360832 829153
10700354 704
17582618 1220
8133958 31658
9016 8999
48718738 255330
46379527 363630
48718739 486341
4075634 10665220
11497889 1683768
8114827 91781
15239720 64785
10700310 1202
15243112 291556
24497284 64898
30686424 508353
48718742 9157303
48718742 2145306
48718743 347813
24917537 239994
28925272 1047062
48718748 1453910
28455480 1214170
8170801 258725
34581311 937469
46395771 1669769
31000289 75936
8748594 6314922
8748594 8748592
28340849 1741
28340849 124394
21978137 1140
10700283 363653
24154774 2813099
3095985 1028967
36639824 76300
28341126 797712
28378160 8351897
34700222 698317
1047899 926207
15812020 763540
8118415 1531920
3529085 17377833
34560538 17648154
8141716 39402
4075633 244639
3529184 55832
15248109 1956704
15248109 1752478
21950491 47903
11484693 36236
1635337 1635334
22742642 2010072
28353956 43546
8123035 39375
13943 13931
11024304 1754213
8123150 159646
31326232 31326231
17936440 1784620
8139423 36058
30795824 1649407
8139578 36060
28359441 35787
24497282 10142
8321163 1447211
22102547 50181
20805659 718492
4281181 4170484
34678805 6470
22156471 331220
34779361 18657460
21948189 5968
49229708 4065776
8303859 219890
8112620 1392
8224805 8224804
49429764 10389735
46522279 795
49474852 15553185
8337891 8337888
15340332 8517206
15290968 65215
15441071 193679
21991123 834813
246791 16142
21994057 73698
35012498 29804460
21970606 540
50050727 60350
46356306 212608
41206132 41206131
46952646 46952645
412648 412647
34543593 8628
9195614 9195613
13138793 2725707
50608058 41303298
50654101 49198624
30474192 58607
21972800 746659
15445939 8825872
15481463 9109634
50739779 35885
2518187 2518185
40548939 176289
101549 101547
40545432 111720
8119599 3554
212142 212139
15248879 9199
46349569 111728
15433483 1205055
28370828 368328
8154223 8154195
8121392 8928
51529084 452482
21518433 6861265
15119694 323875
8159550 791492
22085061 8737748
7982320 7982294
46354647 372539
46354647 2702861
51900022 72445
21982835 15868
51909229 9197
51910452 8626324
8133595 556998
8133595 2588888
21963480 14967
51914223 521658
3530086 47594
