254100 231615
256385 256392
544291 544296
764626 715454
993104 664896
1011831 1011835
1081412 1081418
1147069 779236
1243916 435410
1420612 609878
1448398 827830
1448458 458690
1503612 526075
1572254 1572260
1626926 263420
1629079 1227048
1648351 771438
1660453 1660458
1675553 1171163
2287593 764938
2291055 234721
2322676 474774
2325007 365996
2337398 906422
2342853 704358
2345187 2345189
2346608 637166
2346624 416817
2361483 708899
2361766 1162578
2364360 1485123
2365692 716065
2366011 622022
2366466 1348407
2366513 779081
2366539 342094
2367666 882676
2369225 445500
2371753 722312
2379160 62219
2379232 379773
2379267 117328
2379271 2369857
2380775 456730
2384011 1332029
2388557 453656
2388701 610335
2389458 927775
2390059 740636
2392781 602495
2393218 589806
2393359 551787
2399398 125845
2401036 2401041
2414693 60294
2415012 468497
2432698 1202405
2435231 1094310
2435236 234180
2446749 1486410
2449216 1498430
2467172 575916
2474360 206840
2474633 956051
2508022 806682
2516333 252135
2519305 881228
2519516 926343
2519574 327107
2527842 626924
2528666 948279
2531694 740637
2531713 1087208
2534265 1010072
2537576 373455
2556137 690662
2558637 2558639
2560745 393110
2561564 141149
2568378 713001
2569942 2569947
2574817 306226
2575497 1139728
2576523 2576527
2578401 1169694
2595714 622002
2615258 810475
2617106 2617111
2618361 210479
2618912 1081512
2626357 1542287
2626889 29679
2628490 2628494
2664753 249840
2710528 504188
2728566 2168936
2729919 1628374
2736164 1450240
2743176 937682
2743346 787288
2748626 1032217
2756255 1398010
2772175 745780
2782356 129081
2782359 57116
2786349 1191594
2794823 464277
2795294 2795298
2805105 1315838
2805937 225454
2813635 668278
2819359 812070
2830875 743387
2841435 1945672
2847716 1103426
2847813 1941482
2852895 1600055
2872191 816310
2874949 339337
2876179 953091
2876729 583501
2877499 299626
2880895 947804
2888632 1654729
2894043 85865
2894926 395760
2896416 1269443
2902999 759615
2903991 203473
2904907 1108728
2905055 243534
2910734 257248
2911117 303728
2912753 509469
2920612 272757
2922491 127539
2928431 1210510
2928777 616367
2930049 811666
2940717 275820
2943016 631223
2951825 330537
2954263 488965
2955839 799952
2962966 236334
2964748 870516
2968947 553779
2974848 753828
2976774 770429
3025756 1509785
3026077 351883
3026096 7487
3027426 692985
3035756 464540
3038184 1409340
3039248 515523
3039734 458722
3041343 267183
3042110 1356273
3044145 558190
3044347 319235
3055910 1925775
3058517 213069
3438552 117885
3708073 296209
3708079 1448867
3708093 839457
3708098 246353
3715852 164942
3715862 1650796
3715998 707915
3718573 355467
3718693 326603
3718750 3718752
3719367 488430
3719472 386234
3719732 3719734
3719782 2086277
3720382 273689
3720675 1597641
3803769 171373
3804647 1072807
3804949 1059646
3817064 1225927
4112956 491594
4177859 327313
4189023 555533
4192139 671244
4192246 1292224
4192579 4192584
4192887 304548
4193691 97605
4204731 973585
4205395 244782
4466759 2800586
4557802 464616
4596311 2612958
4601360 2222535
4755253 362395
4755262 225528
4820555 785731
4844290 210994
4844293 621712
4845360 508784
5115650 88153
5217949 735254
5275717 261521
5593743 452040
5593747 165897
5593751 309191
5593756 971329
5593761 791908
5593766 60040
5593827 1863995
5593830 1805478
5593837 2745945
5593839 579580
5593842 478440
5684215 750522
5827785 1085444
6319558 720534
6683272 246207
6806506 1025719
7010744 390038
7350313 2226423
7819726 371935
387967 36664
8516618 391116
8566702 609862
7798562 3556737
8871559 2426482
8881972 103969
8930382 293968
8951767 328246
8960161 213411
9020982 416079
9128718 1018355
9248497 542270
9325388 863252
9332345 577078
9387046 585043
9445687 34436
9747089 1423834
9919371 27871
9922826 2423625
9923576 1681661
9955070 1705612
9964362 919844
9977177 40980
9978289 954449
9982778 506025
9989128 1320401
9989602 234491
9991167 625365
9994845 11136
9995936 313588
10001857 356044
10007571 2781617
10012666 746304
10014030 1700851
10016963 879896
10016974 959853
10016976 1446098
10016980 1862301
10018627 815682
10021989 80029
10026314 712864
10029455 352829
10031430 1512974
10035481 138663
10036859 265630
10038833 821286
10040048 805316
10041177 1058113
10042170 633952
10049599 1756491
10049861 311920
10051707 5856093
10059128 2702843
10061981 716761
10085481 715365
10086953 1077691
10089112 350376
10115259 2753054
10133188 1232495
10133675 689930
10133910 932593
10139333 876259
10144014 5261299
10147379 1414396
10147440 882926
10153351 322406
10182461 25025
10184767 422896
10188859 1365443
10189674 114771
10204962 142422
10219480 621902
10219919 2065810
10223343 861741
10243862 665401
10247142 690434
10265061 879246
10279590 647609
10317802 3004671
10320954 492559
10344474 226901
10347040 1623884
10347971 1095357
10367089 1116476
10369269 8164859
10374142 699735
10386117 2593093
10386195 1692647
10386746 2392174
10387903 306162
10388607 255621
10401798 252283
10414125 48324
10415296 1516002
10420981 498727
10421358 3388851
10421836 65686
10425567 270304
10426060 1475467
10430954 607286
10435436 1294394
10439982 1068684
10439982 406496
10440489 1408366
10449236 405677
10450184 589893
10453980 807686
10461284 915473
10461742 13211
10467934 358359
10469799 150149
10471052 535754
10475255 1360533
10476008 940563
10476503 1428966
10481636 939055
10485906 3564239
10497822 400365
10498410 8758174
10498868 690391
10502262 1543106
10503677 395345
10515324 135355
10518583 2306562
10518684 1701783
10528390 1533257
10529445 518834
10530202 614045
10532092 155621
10533298 178355
10547008 807683
10560056 290675
10565882 866200
10576193 1904665
10578710 16053
10582201 544920
10585738 752605
10586405 359387
10587544 291362
10588412 1954297
10597285 1966788
10597564 592062
10610106 728138
10610180 4299437
10612889 104694
10615328 501646
10617972 592868
10619858 610037
10645181 536679
11186244 2450584
11186249 1976318
11186254 1392157
11186259 116309
11186270 474610
11186281 1106404
11186289 359695
11193449 640784
11194342 196164
11194399 485200
11195707 2616047
11195711 208580
11195724 1055732
11196128 2617831
11196254 751707
11196366 422673
11196676 1175765
11197012 2572685
11197389 156228
11197393 1064395
11197398 1318973
11197428 384036
11249120 3750211
11270143 362431
11271092 2003294
11271594 2385919
11631962 1738813
11632287 1019455
11633234 651283
11633521 419391
11633582 1084024
11641232 1478678
11893187 233648
12000169 347384
12000175 1376815
12000176 1556673
12000180 576180
12144794 567722
12205317 963936
12232620 520595
12256372 1674394
12899910 414140
12899913 1248918
12899915 832992
12899917 376112
12899991 1738121
12899995 541400
13565423 916872
13597135 1887168
13597142 1445029
13597144 759040
14275480 2387471
15418823 1416349
15606114 577036
15606150 389338
7799999 870864
15930722 1320131
15931698 1915631
15945580 387759
16142785 458614
16193001 412621
16413986 1889710
16425267 919258
16610427 206780
16664976 927421
16665181 504998
16665209 908619
16808347 367996
16924265 1156212
16933415 1488507
16947207 1248616
16955892 151477
16961000 987875
16974722 378330
16975973 494009
16977486 108580
16978073 428161
16978153 443533
16978676 748342
16984240 48478
16985489 1036408
16992029 165724
16996360 387826
16996365 1120942
16996378 503361
16996381 2537206
16996384 1906604
16996386 288338
16996388 376130
16996393 72193
16996397 442523
16996409 6042253
16996448 1085743
16998782 1956279
17004446 1010145
17008140 635559
17011587 526963
17013630 429030
17016891 662557
17017481 390990
17019334 737090
17022121 614351
17030177 807060
17037242 166878
17038957 269499
11997177 496831
17041857 7586541
17043030 1021176
17044468 1601397
17047347 917446
17048303 697192
17052521 1035774
17069700 393396
17070205 377700
17071740 494312
17075127 423708
17076541 441345
17086003 289990
17086600 2599244
17100273 821158
17103513 512027
17104340 52227
17109141 546771
17114959 2108174
17123346 709828
17128825 1063910
17134820 898703
17134837 808184
17136942 70026
17137902 4294264
17140920 484198
17140999 1620278
17149326 230824
17150918 1779299
17150938 599266
17205745 132797
17212278 1189352
17218382 1869687
17218382 3187716
17218404 495885
17242639 656258
17278876 2013192
17284568 801138
17286532 96299
17292301 3578346
17293765 1255536
17298784 49317
17299343 304558
17303444 225529
17304077 862994
17305631 148586
17305970 1800650
17321967 194631
17328014 289365
17328027 1479112
17329947 4248123
17333781 1737161
17336220 1136676
17339713 543500
17343002 1239426
17351807 1785638
17351807 310961
17356599 401845
17357631 1843472
17361645 361369
17363989 228331
17366825 66645
17380481 438100
17389404 239863
17394886 1073694
17395852 4418058
17402449 2968579
17402885 1137139
17403147 130347
17408257 1491693
17422498 268512
17423391 246663
17426294 355863
17427058 1513408
17427352 629635
17427726 618653
17433561 50285
17438415 7758034
17439916 461855
17441890 1304261
17448274 1938147
17449248 1256685
17451707 531043
17459160 715693
17462039 545534
17463567 1070514
17466568 143416
17466568 2461409
17467604 583588
17472698 2611538
17476526 2868033
17476716 1058482
17481197 221429
17481689 74604
17487497 388048
17509803 1292421
17521359 280479
17522941 1700240
17523386 1138048
17524945 931472
17528216 805525
17529894 1775125
17532414 583662
17536597 20264
17539247 573175
17539652 89366
17539657 777805
17539660 88341
17539683 675009
17541924 1062722
17552663 2422123
17553094 673437
17553977 1789812
17958161 273226
18090575 765941
18090578 1242820
18090581 525059
18090585 580385
18097407 550982
18097683 1157212
18098117 1344128
18098150 387231
18098191 491259
18098234 763830
18099894 933631
18099900 1882515
18099951 495087
18100735 1046367
18100738 903854
18100922 853688
18100927 158546
18100935 488432
18100937 815321
18100942 6828154
18101206 1300091
18101214 1020205
18168873 1196183
18175452 4367477
18175547 2166287
18371310 1867452
18375234 1411175
18514606 1611996
18514816 2606375
18515662 319280
18515765 436597
18515798 129712
18515866 1566418
18515959 783144
18516049 776961
18516241 271645
18525224 227100
18531636 648348
18531636 730175
18751944 303424
18752126 1422030
18752238 1848941
18752267 176878
18863565 458976
18868178 936465
18879881 1964003
18879884 1452513
18879891 1547962
18992414 314460
18999095 490495
18999630 436287
19001106 1922
19046566 949067
19046599 268090
19057049 271403
19057060 1404792
19083010 354232
19301806 1572756
19705180 79995
19705182 235902
19705186 756915
19705190 640480
19705192 164425
19705199 750846
19705279 1452959
19705286 668978
19839639 107987
19922174 249887
20363968 986344
20901593 933700
20942822 278965
21667556 813795
22078394 2674306
22078728 16012
22078850 4034325
22078950 988986
22285346 434834
22495942 830497
2816054 2820568
22523270 240423
22525476 68607
22605845 1937425
22833913 630825
22833913 1140104
22855185 345337
22905446 1133583
22951436 867753
23030215 648686
23051997 8539576
23272945 405936
23319889 266795
23552676 1218831
23565109 1959096
23573073 587698
23582014 925955
23587353 917795
23587634 2446982
23588240 1877134
23593225 136336
23596994 403531
23606565 566109
23606572 116379
23606575 760114
23606589 337241
23606596 1909124
23606599 1738780
23608787 450105
23608834 130578
23609971 1139411
23614750 855682
23615039 502969
23620382 390426
23620772 641733
23623440 376479
23623729 423015
23623926 869969
23627630 4190378
23628167 382479
23628578 1011918
23643832 925701
23644990 606170
23648581 846475
23648872 226898
23649594 1835409
23649624 649803
23649993 251045
23650995 1328379
23665949 769636
23666254 193345
23677743 5018878
23678406 214677
23680020 3798965
23682039 6605993
23708240 1415575
23713601 517387
23721518 116904
23723553 436014
23726880 418991
23733538 347076
23735715 1169048
23738302 1887233
23742792 1513942
23744460 396936
23746664 1432297
23753616 149456
23755069 621586
23756248 856642
23771764 1459752
23791767 392612
23794313 801139
23821015 143161
23827656 354597
23837291 1036114
23842797 67175
23848889 1053397
23856039 3910720
23880714 354527
23880803 453081
23888637 2077878
23891290 84968
23895919 701906
23900279 1498763
23900636 482848
23918763 2726485
23933044 809904
23937099 1926129
23937099 2106153
23937319 175192
23937361 648132
23952744 4872380
23952990 89377
23952993 4573959
23968445 103234
23972426 375597
23972640 3269091
23978741 5904
23979036 2518270
23981517 241338
23988566 798856
23988566 769630
23994925 246757
23995846 92296
23997410 6340709
23998015 587128
24002701 183209
24005510 415458
24017726 909829
24023035 241079
24026097 2551760
24026289 527794
24028145 1649476
24040196 7688729
24041393 359075
24047218 402022
24047992 269454
24050804 4130732
24051037 1138138
24051098 760883
24051413 817212
24051962 1143909
24052036 398323
24053735 1879152
24054265 703506
24055048 1579944
24060259 437030
24066705 240685
24101450 1969925
24101990 39509
24105489 156640
24106370 271010
24108227 882884
24110643 1268748
24112903 4286435
24114158 280322
24116084 6917397
24120534 665951
24120543 1927381
24120970 1008876
24122711 1198814
24122812 140804
24123124 2510857
24123925 559429
24125755 1055407
24125842 836489
24127664 963959
24129067 361170
24136240 1036520
24138146 685015
24138299 304626
24140525 2546689
24322711 1030153
24422815 2387608
24422829 449354
24646441 208950
24646449 358221
24646463 938180
24654763 1736230
24654768 654128
24655084 160067
24655315 854082
24655579 1185425
24655698 2744040
24655840 248314
24656034 272485
24656227 1154732
24656230 2170427
24656234 152704
24656493 607784
24719101 767230
24722686 300332
24726504 324682
24731493 175863
24731800 926958
25055281 591059
25063528 385197
25064961 6926
25064982 492101
25065122 1387887
25281907 866112
25282582 611102
25388417 2035190
25479993 247670
25593116 665365
25703631 3146912
25740422 947947
26183565 1803634
26183568 435747
26183572 2879385
26257549 459866
26508681 687730
26508696 838508
26739599 2082618
26815103 2312629
28678372 500001
28718469 1785516
28879705 520650
28909778 108100
28917169 161195
28980934 1190510
28981045 317379
28981060 2842818
28996176 1583705
29063878 602216
29127789 1643057
29143173 411665
29187811 822139
29189313 1787034
7793464 240559
29467467 686937
29635305 321904
29640567 1080475
29829103 937063
29841296 938506
29861985 131356
29872142 3556654
29884333 608321
29903975 12889
29908775 9148468
29910425 80544
29915526 495362
29918322 424279
29919595 3694392
29920296 317500
29920572 966363
29923033 1531515
29923464 228197
29935639 115926
29939444 1906871
29939451 188612
29939467 374807
29949969 398950
29950428 490697
29950780 44839
29952971 268179
29953205 214333
29958177 1039609
29958226 1449662
29961339 233561
29966218 688583
29966342 23722
29969547 292094
29976145 549275
29977391 1093325
29980111 3461798
29980239 99199
29981790 3035451
29981863 588626
29983493 666891
29983510 1445815
29985221 743678
29987487 4690737
29998739 488954
30005845 1705046
30007464 627292
30008060 1165756
30008539 443557
30014165 183717
30014835 1530190
30015068 1338257
30015103 346734
30015407 466100
12106900 236744
30025065 1790246
30028531 1662306
30032984 1317089
30040435 1356324
30040437 1431331
30042937 1575555
30043173 416347
30045532 368578
30051235 131326
30054041 1042461
30059070 1456891
30071458 291284
30073820 110468
30075156 743628
30075161 1937561
30076478 1290449
30083564 615592
30085892 1217743
30095454 2003137
30103344 1071712
30118237 147150
30122536 613192
30146599 3536079
30157069 650255
30163914 1857592
30169648 45840
30187362 2725023
30201352 187818
30201963 967761
30207007 195516
30208358 1310852
30208392 1543662
30215694 1214635
30216972 523291
30220201 1164641
30220301 1212636
30225711 1229972
30226423 385190
30227722 158828
30237950 900118
30245543 1609935
30249836 1361803
30250852 687609
30251958 1771604
30253484 300630
30254813 328727
30254815 258901
30255055 243785
30260809 141842
30260814 1062039
30267289 597261
30273277 4887184
30273605 2077715
30274154 1684729
30275793 142718
30290470 1049943
30290814 190500
30295179 857834
30295213 2220282
30300305 53013
30300874 2326828
30302250 1236039
30303281 2707900
30309055 830401
30313041 948247
30315990 10337849
30317106 428809
30318324 394768
30318995 294651
30323489 273679
30329659 979532
30330276 52518
30330471 1384137
30330502 226970
30340616 1123251
30341677 438083
30342827 627677
30347381 597078
30347712 392421
30356345 2406125
30356684 1918265
30364431 1648140
30364904 921561
30370430 228078
30370537 782009
30374075 3229940
30375467 681673
30381081 374291
30394733 710787
30409058 333011
30423668 112603
30425310 785509
30427097 2292220
30429808 330666
30431159 398792
30433394 677123
30436830 841488
30436836 1330112
30437784 470592
30438762 1865348
30439350 550038
30439798 360158
30440209 698572
30440955 92939
30441105 548662
30441254 1106673
30451189 1034392
30451400 280463
30456990 805054
30724507 587395
30725189 1135132
30725972 450530
30942634 750366
30942642 718515
30942644 1677135
30942650 2160366
30942652 481856
30942655 892905
30949181 505810
30949260 762616
30949352 252139
30950811 165407
30950827 750330
30951540 4185727
30952299 324316
30952302 2906704
31023717 5550900
31024331 618263
31024753 263056
31341967 788485
31342460 1171277
31343227 1361624
31352963 22676
31437103 363944
31566690 2292310
31566970 1054291
31672063 358868
31676269 3911762
31686792 328161
31796327 500583
31801219 1124919
31852312 118764
31852323 68953
31898859 886940
32425365 770809
32425367 948297
32425370 644105
32425374 635277
32627637 749481
32727877 976940
33341958 2739380
33524666 1654541
34354670 1017003
21648056 300303
34558080 2874034
336445 705518
34657128 737314
34767825 1068995
34830514 356710
35049935 602352
35079005 757039
35151309 453189
35151316 550630
35173376 563032
8781271 2223873
35282762 157280
35330826 462842
35569031 1030756
35579880 206421
35594574 589881
35795227 3527751
35813162 234449
36047233 109439
36051642 18552
36054881 1251464
36058926 595214
36065369 1816703
36066087 1502850
36067008 810362
36067128 693799
36069101 354526
36069264 594234
36075313 26205
36076300 234631
36080563 2079991
36083179 260065
36084698 266776
36084711 439052
36084713 491185
36084719 182497
36085928 815619
36086827 6819352
36092462 3657109
36092520 1618287
36092738 1895147
36092751 2706548
36095777 758618
36104898 995894
36105755 772794
36110175 603967
36110756 728050
36118174 836479
36118445 1939438
36120354 149028
36123051 2089559
36123051 612581
36125902 776323
36128645 2564987
36140263 673450
36152812 1352749
36156427 1834462
36156956 42282
36157074 8438206
36157344 345250
36159333 644235
36162200 469131
36168274 1199944
36181480 577661
36185483 1434093
36185653 1839328
36186340 74196
36188655 336241
36192036 642179
36208678 606461
36215672 302029
36223244 573787
36223385 2145193
36260275 1748288
36276197 1303137
36286438 766700
36307330 183922
36313517 753915
36340438 557472
36345398 1183223
36349685 4127075
36356695 1031094
36356958 2450698
36359950 507739
36361918 562208
36371305 1021319
36372997 2382592
36373089 714184
36373246 821783
36373284 1859286
36375693 541651
36380766 355567
36387170 615509
36387172 454459
36387530 322824
36388241 726367
36388331 3446242
36390814 1742336
36395253 1025595
36395582 537379
36399665 1170029
36401750 535780
36406473 1605338
36407279 1670861
36413201 428920
36417744 927297
36421644 731785
36422324 1001327
36422753 438828
36423251 5109815
36427111 121791
36429228 1265341
36435086 576144
26850501 408999
36447967 4289540
36450627 1046372
36454713 422453
36455742 62009
36456143 586098
36458208 788508
36462452 2361838
36463878 1095557
36468831 2739667
36472729 416837
36478623 3451894
36479011 682255
36479106 1680060
36483340 1023151
36483394 119155
36487062 1940824
36487083 90660
36489201 555751
36489337 169710
36489843 1631155
36493307 2613405
36494281 2003178
36494576 309185
36497264 744689
36504973 145684
36507090 374053
36511367 1745965
36513962 394278
36515604 657514
36522362 436280
36535923 6858099
36541771 104393
36543575 209215
36553053 540260
36563557 634944
36565390 1146018
36565724 1093830
36565751 399196
36567435 662117
36568649 828895
36568649 755873
36569873 1244547
36570545 361505
36577852 240260
36602136 92979
36833784 1099980
36833947 2261478
36834862 749905
37047923 476795
37047937 1098519
37047941 375080
37047947 85853
37051589 834519
37053942 1806616
37054288 1215357
37054580 419129
37054847 353179
37055142 229753
37056071 133644
37056281 588589
37056611 748836
37056857 583252
37056961 1230623
37057535 456070
37057537 1115048
37057737 2065398
37104707 682084
37111824 487339
37113659 3795434
37115712 856466
37123138 2525804
37125351 189052
37308754 1768136
37435514 963991
37435722 2600209
37435935 929466
37439546 518359
37440600 1838875
37445374 1884993
37653562 126318
37726404 1206408
37726741 104639
37756126 1065350
37756130 985788
37756138 1509341
37756147 892256
37867858 321961
37874517 294277
37880351 32750
37931578 854002
37949964 347495
38062980 1807449
38215059 78251
38471344 897569
38471394 226846
38471399 807069
38471401 1993179
38774176 1661090
38991600 259386
39228624 179503
40275486 60015
40357262 499878
40391573 443187
40393684 249738
40393684 1655275
17105981 2387854
38660055 346148
40735296 561228
40834523 1449313
40930229 252187
40987738 1470434
2980017 260296
41088861 545271
29619858 36272
41109787 798630
41123476 513215
41143659 1030789
41265935 1925612
41284656 981783
35535728 957382
41317451 1181678
41346323 654031
21642892 316409
41419384 1485826
41430129 246635
41447413 1809085
41473370 157866
41486984 326629
41517766 544358
41531988 815432
41545144 275556
41687843 938108
41769827 526261
41888452 1140481
41968677 747371
41969160 204825
41976204 297549
41982806 1069971
41982959 80685
41993722 1442844
42005102 1884608
42017184 308559
42019675 2044390
21645900 703961
42023725 587900
42028092 709783
42031872 346052
42031902 121978
42031905 2075340
42031908 2188976
42031913 1462207
42031915 271887
42031918 651068
42031921 1240362
42039909 399904
42040134 1017814
42040625 543757
42042151 1408358
42042214 1021794
42043694 753416
42044097 1894642
42049331 974563
42049964 611002
42050413 367606
42057662 781054
42061052 2262332
42062812 586000
42066208 1478837
42067420 1692267
42068911 586730
42070195 986068
42071056 447683
42071341 917815
42071347 593762
42071355 774660
42071434 1055127
42072155 421996
42074040 2591280
42074172 337888
42089208 2416705
42092428 106746
42093749 308595
42095514 1583489
42099613 784872
42101293 1122640
42101615 165749
42111631 243139
42111852 125455
42127716 272928
42136966 1057270
42137490 299523
42146621 565240
42149654 8578898
42154355 4587025
42154368 3912860
42156790 1467390
42160289 615816
42162221 1949436
42168550 2817727
42179807 198476
42186778 621964
42201032 752821
42264207 140348
42269192 48843
42273178 3928306
42273234 1412559
42286194 1547876
42286256 9610215
42287683 371865
42297689 1084310
42304874 587062
42321345 2907551
42322656 314326
42323137 169657
42324946 2505821
42329200 1093981
42330149 131348
42337388 941544
42343703 387830
42349233 405516
42350229 540175
42354547 465583
42356678 2834339
42358083 931870
42359633 181998
42367006 813585
42367570 3063815
42367632 304997
42370113 4854090
42375746 1717905
42375874 826306
42376410 4032379
42377381 296595
42377440 5742161
42380291 333756
42381133 505723
42386920 1787051
42387535 1885945
42390645 488668
42399700 2999337
42401577 181512
42407837 275434
42413150 759220
42415799 1264950
42420420 437051
42421561 1181296
42424486 694429
42426574 1668538
42432399 1036777
42432524 267362
42433121 463933
42434317 51412
42434931 187569
42438239 598655
42438377 539854
42438867 1644174
42444236 99753
42449796 606193
42449955 530074
42452395 178144
42453626 496379
42454018 66437
42458056 2104209
42487418 1588717
42491045 188261
42491055 961588
42491879 185255
42492396 128587
42493785 2327973
42496032 1702351
42501038 1747609
42503199 1965521
42505522 1091848
42514656 466981
42516317 991696
42537190 870762
42567174 562635
42758098 710435
42969739 205375
42969745 1191419
42969745 557388
42969754 641877
42969757 1076502
42969760 451169
42969764 605019
42969770 73674
42969774 453725
42969790 245846
42977489 610390
42977495 4579948
42977625 1817742
42978403 616126
42978464 1019317
42978477 299911
42978629 1247692
43030787 305811
43044699 3205721
43353327 1115887
43353738 192190
43354011 671122
43565156 1611755
43566070 439761
43664639 1763862
43668607 2020197
43668610 983314
43683043 1356611
43753137 362123
43762645 533069
40149172 1419205
44351078 2711085
44351081 9217485
44351084 1012129
44351088 4874275
44351131 348011
44533707 377165
44707665 1090809
45964387 2407728
46074296 147178
46139437 99077
46360839 893280
46470646 879905
46633143 1895148
46653776 4299245
46751695 187996
46927937 1535599
38035287 564682
47067226 1075016
47144873 406737
47172067 77424
387966 587552
47309909 44417
47324993 1600025
47325983 237160
47339203 182050
47341856 944213
47434524 330303
47539757 494840
47759563 108366
47763476 632408
47769245 110633
47769881 212133
47782202 457822
47783251 384463
47785336 579443
47790237 1074248
47793651 678902
47793865 289402
47795349 1900756
47799458 959369
47801877 368409
47802416 48467
47811724 609046
47811739 5068725
47811742 19623
47811747 584888
47811752 774763
47811800 504673
47813634 247226
47814320 57482
47819483 1273441
47822546 673185
47823115 479264
47826728 1183455
47831356 88796
47842007 616204
47846274 1154886
47847207 1406554
47850001 7333354
47850281 189375
47863830 319153
47865163 507065
47865633 772524
47869623 302476
47870922 767568
47878204 260860
47878254 2186579
47879024 336198
47888039 1924839
47899505 63919
47900296 1059544
47921366 386457
47927015 40132
47931217 340152
47934127 1696007
47934797 55177
47934797 1125513
47946954 957
47951012 162457
47960905 831288
47978754 1201064
47985301 247027
47995122 697877
48000935 548597
48005501 408350
48015033 1278207
48026952 1635207
48033554 325212
48053022 1075182
48054280 370438
48059333 1058463
48067771 603960
48071072 154900
48076763 331052
48090089 237186
48092340 1683255
48093528 576159
48096412 294883
48099659 2034039
48101025 1211967
48101027 782568
48101059 636130
48102039 2581525
48104222 669457
48106560 158869
48106710 1487589
48106856 2403068
48117434 818022
48118537 1075617
48121302 146356
48129007 1295657
48131765 995115
48134110 912157
48141206 1916293
48144539 587544
48146850 310297
48150044 220832
48150047 2339202
48151098 24364
48156805 2562896
48158682 809497
48160092 487878
48160427 1582741
48160440 322476
48160900 2089483
48164049 1065718
48165085 792967
48168433 1464574
48169106 332585
48170959 1091577
48172169 121157
48177441 1669010
48177507 1366445
48178594 223269
48194516 90694
48198460 2718511
48201241 230760
48204616 1721103
48206401 1955914
48209524 1355821
48214151 272026
48214302 1056491
48217345 1295393
48217350 1595853
48223381 805976
48243044 43130
48260746 127809
48260752 225952
48260757 93628
48267438 878417
48268963 870346
48269030 544829
48269492 2825477
48271005 931564
48271916 388509
48272928 468785
48280948 720573
48282769 365571
48284715 813027
48513053 741500
48720406 1657058
48720413 335519
48720416 813049
48720422 240864
48720425 1062233
48720427 2992249
48720432 703963
48720443 219948
48726543 294749
48726769 489493
48727309 818466
48727909 516345
48727912 1083687
48727944 4070817
48727969 1297481
48728259 7603551
48728370 57619
48729095 85827
48729264 93875
48729306 1471943
48785408 4031460
48787594 429177
48973005 757642
49096106 1346421
49096328 227679
49096719 671912
49182696 2545687
49302636 374527
49302969 6038355
49402070 436013
49402076 625368
49511513 91297
49514192 3577142
49520038 1155062
49520094 735059
49521568 127780
49557645 423575
49568830 51654
49568832 246373
50050105 438085
50050108 1240283
50050111 818299
50050116 605840
50050125 96458
50050127 771434
50050129 449000
50585561 1294995
50611806 2130490
51860217 324981
51860661 498613
51884534 377843
