1905982 697450
1905982 1905983
2134649 2134650
771087 771088
771087 771085
771087 4283296
771087 4283297
771087 4283298
771087 4283299
771087 4283300
771087 4283301
771087 4283302
771087 4146039
771087 4283303
771087 4283304
771087 4283305
771087 4146077
771087 4283306
4467301 296921
92123 4470494
92123 2992660
4522200 154251
4522200 154241
4522200 4522208
4522200 1609817
4522200 154252
4522200 719560
4522200 4522209
4522200 1609818
4522200 4522210
4577066 4577067
4577066 4577068
4577066 4577069
4577066 4577070
333534 711783
333534 4803302
333534 1438419
333534 4803303
333534 1453017
333534 4803304
210930 795119
210930 210894
7079329 885449
7199617 7199618
4562153 1379485
8046967 1402462
4215847 704327
4215847 116407
4215847 2034181
4215847 1073360
4215847 2485299
4215847 704328
8138259 8138263
12328 12330
12328 8226005
12328 8226006
12328 224896
12328 390233
12328 594880
12328 3536343
12328 8226007
12328 8226008
12328 8226009
12328 8226010
12328 8226011
12328 8226012
12328 8226013
12328 8226014
12328 8226015
12328 8226016
12328 8226017
12328 8226018
12328 8226019
12328 8226020
12328 507157
12328 8226021
12328 8226022
12328 594881
12328 8226023
12328 1559282
12328 8226024
12328 8226025
12328 618710
12328 8226026
12328 8226027
12328 8226028
12328 8226029
12328 8226030
12328 615780
12328 8226031
12328 8226032
12328 8226033
12328 8226034
12328 8226035
12328 8226036
12328 8226037
12328 8226038
12328 8226039
12328 3421678
12328 8226040
12328 8226041
12328 8226042
12328 8226043
12328 8226044
12328 628358
12328 8226045
12328 8226046
12328 41731
12328 8226047
12328 8226048
12328 8226049
12328 12329
8354412 8354408
103530 145087
103530 5862641
917816 917802
917816 917803
917816 9218050
917816 4761054
917816 4761055
917816 4761053
917816 8622736
1539624 1539623
1543535 9613323
1543535 9613324
1543535 9613325
1543535 729684
1543535 9613326
1543535 9613327
1543535 9613328
1543535 9613329
6859080 9677023
6859080 4140408
6859080 6859077
752517 1666947
752517 752516
178495 178493
178495 10601946
178495 10601947
178495 10601948
2226026 859076
2226026 11495507
2226026 859077
2226026 859072
347700 3436628
347700 11740705
347700 11740706
347700 9379655
347700 9379654
347700 347698
347700 11740707
347700 11740708
347700 11740709
347700 457698
347700 694277
347700 11740710
347700 694274
347700 694275
347700 694276
347700 694278
347700 11740711
347700 11740712
347700 1007108
347700 11740713
347700 11740714
347700 11740715
347700 11740716
347700 11740717
347700 5224910
347700 1273013
347700 11740718
347700 11740719
347700 11740720
347700 11740721
347700 11740722
347700 11740723
347700 11740724
347700 1911252
347700 11740725
347700 2138738
347700 11740726
347700 11740727
347700 11740728
347700 2661974
347700 11740729
347700 11740730
347700 11740731
347700 11740732
347700 3436594
347700 11740733
347700 11740734
347700 694279
4470406 780258
12953414 12953415
14702395 474396
14702395 2745450
14702395 474395
1302331 1302314
1302331 1302315
1302331 1302316
1302331 15149505
1302331 15149506
1302331 9408885
1302331 14970671
1302331 15149507
1302331 11715316
1302331 15149508
1302331 15149509
1302331 2988461
347079 116404
347079 116405
347079 116406
347079 8778820
347079 15173562
347079 2485298
347079 704327
12143376 15214783
12143376 11653234
12143376 15214784
12143376 8720402
12143376 8387908
12143376 15214785
413634 875910
262985 262947
262985 8552347
262985 1040676
262985 1494065
262985 262946
411395 561557
1240598 16044733
1240598 16044734
1240598 16044735
916625 1264448
916625 15842830
916625 16581114
916625 1815911
916625 14493117
916625 2082441
916625 2082442
916625 16581112
916625 16581113
916625 16703026
916625 1025186
916625 1025187
916625 16703027
1283596 1283595
16703793 461756
70319 518111
70319 10335427
70319 10501129
70319 2472852
70319 2324628
70319 16707306
70319 16664662
70319 10611025
70319 2982659
70319 16707307
70319 16707308
70319 2426197
70319 518109
70319 1895129
70319 1895133
70319 2945861
70319 9524369
70319 70302
70319 16707309
70319 14527415
70319 44349
17238609 17238610
1110240 1110236
1110240 228469
6151 49460
2464587 2464586
2464587 19104884
193312 193304
193312 193279
193312 193305
193312 200088
193312 312843
193312 312887
1470047 8385086
1538925 11056937
1538925 20833586
1538925 20833587
1538925 1244994
15113303 15113302
15113303 21818081
7985159 10373697
7985159 21819079
7994939 7994936
142652 4784973
142652 617274
142652 142655
142652 4902212
142652 6010389
142652 9537130
142652 2713585
142652 6045436
142652 5814288
142652 461716
142652 5601229
142652 5592775
142652 326238
142652 5619135
142652 15506984
142652 5601230
142652 5601231
142652 5619136
142652 5601236
142652 5601237
142652 5689010
142652 1464403
142652 5619076
142652 3060249
142652 1464405
142652 5186878
142652 7724253
142652 1464406
142652 5689011
142652 7457751
142652 5619518
142652 13566472
9635852 652617
1140780 6313970
11601323 1707145
11601323 11601320
11601323 11601321
11601323 11601322
11601323 11576583
11601323 2691419
11601323 2691414
11601323 2691420
11601323 23327789
11601323 23327790
11601323 23327791
11601323 7620399
11601323 7620396
11601323 23327792
50995 101697
50995 8727447
50995 22000244
50995 106668
50995 106669
50995 15304856
50995 106701
50995 23327796
50995 8187558
50995 23327797
50995 23327798
50995 23327799
50995 101830
50995 23327800
50995 23327801
50995 22000798
50995 23327802
50995 10655197
50995 101704
50995 23327803
50995 107447
50995 23327804
50995 8188874
50995 101831
50995 23327805
50995 23327806
50995 23327807
50995 8188959
50995 22023782
50995 23327808
50995 8727448
50995 23327809
50995 22001243
50995 23327810
50995 23327811
50995 8184083
50995 22001334
50995 23327812
50995 23327813
50995 13786796
50995 108169
50995 23327814
50995 23327815
50995 23327816
50995 15842993
50995 23327817
50995 22646521
50995 15799373
50995 2668337
50995 23327818
50995 1084859
50995 23327819
50995 23327820
50995 9424151
50995 23315520
50995 9493645
50995 16696088
50995 10524466
50995 18528695
50995 101705
50995 18429707
50995 23327821
50995 23327822
50995 23327823
50995 2983438
23648633 2047702
23691597 885449
707321 598148
707321 24186815
707321 9816681
1007060 24440379
594521 25038522
2582631 579182
2582631 24960438
583573 15366017
583573 583576
583573 315516
583573 315513
583573 8138263
583573 8138259
583573 15366024
583573 11020637
583573 22313454
583573 583572
583573 8649181
583573 15867066
583573 15869881
583573 9682767
583573 15892696
583573 15892695
583573 8830284
583573 9682071
583573 6516545
583573 10272010
583573 6516557
583573 1191514
583573 25148630
583573 23334594
583573 16550706
583573 1813689
583573 8649183
583573 1843861
583573 583575
583573 16550707
583573 16550708
583573 9541616
583573 1884822
583573 25148631
583573 2931116
583573 25148632
583573 1931697
583573 13749394
583573 20510790
583573 23215816
583573 25148633
583573 8830285
583573 1991731
583573 9682070
583573 1985710
583573 25148634
583573 25148635
583573 16688516
583573 23315319
583573 8830286
583573 8649182
583573 1985708
583573 583574
583573 1985709
583573 16690176
583573 23316023
583573 1988243
583573 1813690
583573 16648580
583573 3395590
583573 1813691
583573 2931114
583573 6516600
583573 6516601
583573 17501041
583573 25148636
583573 1988246
583573 22313455
583573 25148637
583573 25148638
583573 3123774
583573 24304310
583573 10825250
583573 1988245
583573 17501042
583573 10825252
583573 10825251
583573 10920297
583573 22313456
583573 10940601
583573 24421007
583573 4308690
583573 10920299
583573 4308691
583573 6516579
583573 25148639
583573 10940602
583573 11020636
583573 25148640
583573 15867067
583573 25148641
583573 4308689
583573 11567814
820418 8338739
820418 15614725
820418 15773414
820418 25154147
820418 25154148
820418 15781665
820418 15781666
820418 9748307
820418 15781667
820418 25154149
820418 25154150
820418 15781664
820418 15781661
10085012 25201672
10085012 11794688
10085012 10085011
10085012 25201683
10085012 25201684
10085012 25201685
10085012 25201686
10085012 25201687
6781689 1491954
6781689 5619451
6781689 1714724
6781689 1242747
6781689 93309
6781689 20969140
6781689 10046692
25731160 7334282
3125436 3137914
3125436 4039111
3125436 4874379
3125436 11029030
3125436 9269792
3125436 27626939
3125436 27626940
3125436 16778375
3125436 27626941
3125436 27626942
3125436 5180035
3125436 27626943
3125436 5180044
3125436 12197500
3125436 17361006
3125436 20874719
3125436 25355216
3125436 27626944
3125436 25702964
3125436 17361005
3125436 13615544
3125436 27626945
3125436 11963843
3125436 25356914
3125436 27626946
3125436 27626947
3125436 27626948
3125436 10405835
3125436 7297549
7562199 282763
7562199 282762
7562199 7809463
7562199 7809464
7562199 7809465
7562199 7809467
7562199 16428177
7562199 7563205
7562199 16428178
7562199 16428179
7562199 11079196
7562199 7562200
7562199 7562201
3020937 407702
3020937 28093403
3020937 9440062
3020937 3020934
3020937 9440068
3020937 28088994
3020937 3779763
3652031 3069780
10638275 29090996
17645025 29236101
2987039 3134506
2987039 2987024
2987039 16413568
2987039 29285501
2987039 3151773
2987039 8420453
2987039 6347133
2987039 13592687
2987039 13063023
2987039 29285502
2987039 13104946
8987056 1818291
8987056 29620790
8987056 29620791
8987056 9061051
8987056 29620792
8987056 29620793
8987056 29620794
8987056 9607817
8987056 29620795
8987056 29620796
29835031 29835032
93803 93812
93803 8250398
93803 8178300
93803 1405775
93803 93802
93803 1043335
93803 1654142
93803 13275999
93803 30034332
93803 311934
93803 7542405
93803 6308529
93803 8675481
93803 8745687
93803 30034333
93803 30034334
93803 16214790
93803 1177341
93803 795705
93803 795707
93803 6308613
93803 6308614
93803 795706
2532624 30138887
2532624 9682263
2532624 30138888
2532624 30138889
2532624 10419162
2532624 30138890
2532624 30138891
30142173 8814892
30142173 8814891
7379 31520205
7379 24060118
7379 7742533
7379 7715583
7379 7401
7379 799500
7379 11018868
7379 865375
7379 51301
7379 4188997
7379 509122
7379 7378
7379 865372
7379 509128
7379 15158576
7379 24613633
7379 1985045
7379 6804056
7379 3006186
7379 7316303
7379 15656542
7379 31520206
7379 28023261
7379 8640352
7379 8640350
7379 44300
7379 29265387
7379 22458761
7379 819227
7379 9196323
7379 8640353
7379 106636
7379 3536376
7379 28966298
7379 30763105
7379 8819233
7379 15990358
7379 589170
7379 15990356
7379 31520207
7379 1395236
7379 9196321
7379 29265385
7379 1395239
7379 1727495
7379 22921030
7379 1703860
7379 16398855
7379 10423766
7379 1457123
7379 1395238
7379 7709508
7379 9283359
7379 8955375
7379 1565613
7379 1592476
7379 2449976
7379 9283362
7379 9286248
7379 1565610
7379 16368770
7379 1575303
7379 9286247
7379 1592475
7379 1592473
7379 31520208
7379 1457125
7379 819229
7379 9283361
7379 1482817
7379 819230
7379 2449977
7379 9421610
7379 1703858
7379 14974673
7379 9434829
7379 1703859
7379 9515202
7379 17295982
7379 8955374
7379 9434831
7379 23124592
7379 1565612
7379 9421612
7379 9434832
7379 1457126
7379 23108344
7379 16528149
7379 1575307
7379 16528151
7379 29524720
7379 1140542
7379 23232230
7379 22506855
7379 23232231
7379 2026212
7379 1440446
7379 31520209
7379 3536377
7379 1575306
7379 2026209
7379 1679202
7379 1679200
7379 708184
7379 44280
7379 44242
7379 3035944
7379 106635
7379 44246
7379 9986610
7379 10423767
7379 44292
7379 708153
7379 44296
7379 3035945
7379 9640799
7379 708213
7379 708125
7379 29934432
7379 1339034
7379 44335
7379 44334
7379 44333
7379 708233
7379 17019233
7379 7853425
7379 708126
7379 708200
7379 9986611
7379 44278
7379 44277
7379 2449974
7379 106637
7379 51308
7379 708121
7379 2458874
7379 708127
7379 16992093
7379 708160
7379 708128
7379 106618
7379 708202
7379 708189
7379 2493279
7379 708157
7379 17098505
7379 23704042
7379 44259
7379 51310
7379 708147
7379 2026213
7379 708148
7379 708227
7379 44297
7379 708196
7379 708232
7379 9421613
7379 17393619
7379 708203
7379 10423764
7379 708131
7379 23994856
7379 708191
7379 44254
7379 708163
7379 10458066
7379 44321
7379 44282
7379 17420979
7379 44344
7379 14925547
7379 44247
7379 30398060
7379 708122
7379 51381
7379 14859114
7379 3128076
7379 1679201
7379 44235
7379 708216
7379 106630
7379 24060101
7379 7787007
7379 29380
7379 30377754
7379 7709461
7379 2958367
7379 2958369
7379 10524456
7379 24060107
7379 14925544
7379 30377757
7379 7787078
7379 14858943
7379 708186
7379 708217
7379 44349
7379 7727167
7379 4140439
7379 17472306
7379 17472431
7379 31520210
7379 21574108
7379 44318
7379 1080589
7379 44228
7379 2458877
7379 708194
7379 10543316
7379 106621
7379 9470853
7379 23704044
7379 708168
7379 708141
7379 44236
7379 708143
7379 7709499
7379 708206
7379 708156
7379 17505207
7379 10073290
7379 708176
7379 708133
7379 708135
7379 44260
7379 15726274
7379 708137
7379 708149
7379 31520211
7379 1440445
7379 708228
7379 708169
7379 708174
7379 708129
7379 708175
7379 708204
7379 51380
7379 708159
7379 17019234
7379 708230
7379 24080172
7379 708188
7379 2365404
7379 708226
7379 2292816
7379 106638
7379 44341
7379 708164
7379 7715647
7379 3035943
7379 708134
7379 31520212
7379 708229
7379 708214
7379 17295981
7379 3077943
7379 44266
7379 708220
7379 708218
7379 708221
7379 708219
7379 2941143
7379 7709530
7379 717060
7379 708187
7379 708152
7379 708223
7379 708198
7379 708154
7379 708207
7379 708145
7379 25026255
7379 28980483
7379 44237
7379 3035948
7379 44270
7379 708192
7379 31520213
7379 7787047
7379 7787068
7379 708177
7379 106622
7379 708138
7379 24703766
7379 12143375
7379 7709737
7379 7709765
7379 7709786
7379 5986295
7379 14854407
7379 31520214
7379 14853676
7379 14853677
7379 7688877
7379 8028937
7379 7688876
7379 31520215
7379 27647337
7379 21225170
7379 7322796
7379 14848052
7379 865363
7379 44229
7379 44230
7379 44231
7379 44232
7379 1679193
7379 2510870
7379 16268362
7379 7714022
7379 708123
7379 1679194
7379 708124
7379 51376
7379 44233
7379 865364
7379 8032178
7379 44234
7379 16268363
7379 51302
7379 51303
7379 1679195
7379 1679196
7379 51377
7379 708130
7379 16471984
7379 708132
7379 14857587
7379 7714077
7379 708136
7379 1679197
7379 7714135
7379 7714180
7379 7714208
7379 14853398
7379 708139
7379 106619
7379 1080588
7379 44238
7379 44239
7379 3128073
7379 44240
7379 44241
7379 708140
7379 3128074
7379 7714200
7379 7709487
7379 8492953
7379 3128075
7379 708142
7379 7714392
7379 708144
7379 865365
7379 44243
7379 708146
7379 51304
7379 865366
7379 7709515
7379 44244
7379 14858548
7379 44245
7379 1679198
7379 708150
7379 7709523
7379 106620
7379 3437591
7379 7715138
7379 708151
7379 44248
7379 865367
7379 44249
7379 708155
7379 14858683
7379 44250
7379 708158
7379 15585536
7379 44251
7379 44252
7379 865368
7379 9640795
7379 7715208
7379 44253
7379 27981804
7379 44255
7379 44256
7379 708161
7379 708162
7379 44257
7379 44258
7379 51305
7379 708165
7379 44261
7379 15726273
7379 14858727
7379 708166
7379 44262
7379 44263
7379 16268364
7379 44264
7379 708167
7379 7715236
7379 44265
7379 44267
7379 44268
7379 3128077
7379 708170
7379 708171
7379 9640794
7379 44269
7379 14858755
7379 708172
7379 708173
7379 44271
7379 8148538
7379 44272
7379 44273
7379 1679199
7379 3128078
7379 708178
7379 7709707
7379 44274
7379 9640796
7379 708179
7379 708180
7379 21574054
7379 708181
7379 7709721
7379 44275
7379 27981956
7379 14858804
7379 14858808
7379 44276
7379 3128079
7379 44279
7379 708182
7379 9640797
7379 708183
7379 7714396
7379 44281
7379 44283
7379 865369
7379 44284
7379 3128080
7379 2510871
7379 14853634
7379 7715365
7379 14853650
7379 31520216
7379 27986814
7379 7715371
7379 106623
7379 51378
7379 44285
7379 1339031
7379 106624
7379 708185
7379 14858849
7379 9640798
7379 44286
7379 106625
7379 3128081
7379 44287
7379 44288
7379 7715413
7379 7715417
7379 51306
7379 44289
7379 708190
7379 44290
7379 3128082
7379 44291
7379 14858888
7379 44293
7379 44294
7379 44295
7379 708193
7379 3128083
7379 44298
7379 708195
7379 44299
7379 44301
7379 44302
7379 7715438
7379 7714186
7379 21569832
7379 14858937
7379 106626
7379 106627
7379 708197
7379 44303
7379 14858940
7379 106628
7379 44304
7379 708199
7379 14858958
7379 106629
7379 44305
7379 44306
7379 44307
7379 7710613
7379 44308
7379 44309
7379 44310
7379 708201
7379 7715474
7379 44311
7379 7715481
7379 44312
7379 44313
7379 865370
7379 708205
7379 3128084
7379 44314
7379 7710672
7379 865371
7379 1519777
7379 44315
7379 44316
7379 1339032
7379 14854491
7379 708208
7379 14859040
7379 44317
7379 708209
7379 44319
7379 44320
7379 3128085
7379 14859064
7379 44322
7379 14859073
7379 51307
7379 44323
7379 44324
7379 44325
7379 708210
7379 7710698
7379 708211
7379 708212
7379 44326
7379 3128086
7379 3128087
7379 1440444
7379 44327
7379 708215
7379 44328
7379 7715572
7379 14859126
7379 106631
7379 44329
7379 44330
7379 44331
7379 21574296
7379 44332
7379 14859160
7379 106632
7379 27987026
7379 27987030
7379 15158433
7379 44336
7379 1339033
7379 44337
7379 708222
7379 44338
7379 106633
7379 1679203
7379 21574348
7379 27982859
7379 21569936
7379 27982864
7379 27987076
7379 3128088
7379 708224
7379 44339
7379 1519778
7379 27987087
7379 708225
7379 106634
7379 1080590
7379 51309
7379 44340
7379 3128089
7379 44342
7379 51379
7379 14854563
7379 1080591
7379 44343
7379 16268365
7379 906612
7379 44345
7379 865373
7379 708231
7379 865374
7379 21574382
7379 44346
7379 708234
7379 31520217
7379 7729165
7379 3437592
7379 3437588
7379 3437589
7379 3437590
7379 3437593
7379 3437594
7379 15368728
7379 28023260
7379 10548250
7379 7709729
7379 7767730
7379 21569822
7379 28036972
7379 14912781
7379 14853667
7379 14853641
7379 2898186
7379 30382205
7379 7787058
7379 7710744
7379 7710713
7379 7787097
7379 14914748
7379 7709462
7379 9590321
7379 8970165
7379 969411
7379 9983527
7379 14526399
7379 23813387
7379 24084760
7379 708235
7379 9524191
7379 21593182
7379 16586680
7379 2987063
7379 9590320
7379 23247462
7379 22418795
7379 16504058
7379 16674583
7379 7337937
7379 23247463
7379 3316015
7379 16627532
7379 1910456
7379 31520218
7379 1971301
7379 23247735
7379 16674582
7379 16677377
7379 15821058
7379 9669882
7379 16586681
7379 16677378
7379 9669880
7379 15748971
7379 9670561
7379 29650680
7379 29650681
7379 16627533
7379 9670562
7379 9670560
7379 16677376
7379 1186828
7379 9669881
7379 23304651
7379 23304649
7379 1971298
7379 1186830
7379 23052491
7379 1971297
7379 542051
7379 9680692
7379 1054347
7379 1735497
7379 23313074
7379 1054334
7379 29659357
7379 1983527
7379 14883469
7379 7356186
7379 2319157
7379 708239
7379 1983553
7379 2881162
7379 9683380
7379 10126466
7379 10547407
7379 24070850
7379 10098597
7379 22287417
7379 987455
7379 2330588
7379 3574986
7379 30037389
7379 31520219
7379 2784502
7379 2897280
7379 30036349
7379 10129328
7379 7795218
7379 9688176
7379 30371298
7379 17103833
7379 10132596
7379 2513970
7379 2367500
7379 865377
7379 23712941
7379 9983528
7379 2967792
7379 31331837
7379 31520220
7379 10132598
7379 2513973
7379 10048764
7379 10006340
7379 24028221
7379 30001817
7379 10037687
7379 23813386
7379 10553088
7379 10469635
7379 17189594
7379 23964777
7379 28367395
7379 28911050
7379 10553613
7379 10548738
7379 2640914
7379 2641691
7379 10547406
7379 23712943
7379 2990212
7379 17211405
7379 3435273
7379 23813384
7379 23713013
7379 10249561
7379 17555701
7379 23651334
7379 30057221
7379 2398356
7379 17042030
7379 2330587
7379 17262253
7379 44348
7379 16996285
7379 3574987
7379 2897306
7379 8955376
7379 14302536
7379 31520221
7379 3499865
7379 30788668
7379 10470003
7379 17317208
7379 9687429
7379 2268057
7379 2965021
7379 2784499
7379 17419255
7379 10470270
7379 2804462
7379 3536360
7379 10401817
7379 10553276
7379 1849405
7379 17317210
7379 9680767
7379 10085099
7379 9681075
7379 708244
7379 1983882
7379 1983790
7379 708240
7379 1983417
7379 635468
7379 14883455
7379 1983868
7379 1849402
7379 708241
7379 708237
7379 1054348
7379 1983441
7379 1983869
7379 708242
7379 3317443
7379 1983867
7379 1054333
7379 542052
7379 1140586
7379 1983542
7379 9680769
7379 8713198
7379 30036552
7379 2996363
7379 1989981
7379 1989980
7379 17262255
7379 7807980
7379 1990186
7379 1989979
7379 9686184
7379 1990187
7379 7742534
7379 31520222
7379 1990160
7379 16692568
7379 23304650
7379 708243
7379 31520223
7379 1990184
7379 31520224
7379 16692570
7379 9687425
7379 1992485
7379 1992489
7379 1990163
7379 1571618
7379 23986590
7379 865376
7379 2268762
7379 2992619
7379 8713197
7379 2292812
7379 10026703
7379 9943561
7379 24028220
7379 2972326
7379 21569878
7379 9959436
7379 29960296
7379 3004279
7379 9962266
7379 9974691
7379 2330585
7379 24076457
7379 9983525
7379 28476613
7379 9988235
7379 865378
7379 30413999
7379 17533410
7379 24009767
7379 9995268
7379 23588517
7379 7400
7379 1983555
7379 21569827
7379 708236
7379 30377993
7379 11619879
7379 10249563
7379 8480724
7379 542049
7379 22287415
7379 17717999
7379 10524643
7379 635466
7379 7795219
7379 7807979
7379 16674584
7379 15748970
7379 987454
7379 8713195
7379 15821057
7379 2991511
7379 28911048
7379 22957396
7379 969412
7379 2965020
7379 7742516
7379 969410
7379 9235889
7379 987451
7379 993481
7379 993485
7379 1910457
7379 993486
7379 9687428
7379 15821059
7379 1054330
7379 1054344
7379 15726275
7379 8970164
7379 1140584
7379 1186827
7379 9235887
7379 22504903
7379 24473130
7379 10048943
7379 3536359
7379 10006339
7379 17035145
7379 2367355
7379 2367498
7379 16997869
7379 23964871
7379 10544989
7379 16996283
7379 9974693
7379 10026702
7379 8032177
7379 9943563
7379 8955373
7379 10460798
7379 2398354
7379 10037685
7379 17189596
7379 10048761
7379 10048940
7379 9988238
7379 7742583
7379 708238
7379 2972327
7379 17031625
7379 2513972
7379 9962268
7379 17486024
7379 10520263
7379 10401818
7379 2881161
7379 31520225
7379 17295655
7379 2983999
7379 1519779
7379 2897912
7379 2982603
7379 1140585
7379 1983556
7379 30027538
7379 17497234
7379 799503
7379 2455512
7379 10098137
7379 16499412
7379 9680693
7379 9680768
7379 31520226
7379 23914228
7379 30001816
7379 17503732
7379 2985699
7379 2466129
7379 2466126
7379 31520227
7379 16928504
7379 2849867
7379 10548739
7379 2804465
7379 2641694
7379 10098594
7379 10245784
7379 10126468
7379 2367501
7379 17211407
7379 30027536
7379 3408098
7379 2927366
7379 2832342
7379 10098596
7379 17121209
7379 23964869
7379 6804058
7379 23969053
7379 23973894
7379 30276122
7379 31520228
7379 30296541
7379 10129331
7379 2849865
7379 29662596
7379 21969235
7379 2934603
7379 10554265
7379 10576612
7379 10558340
7379 1814175
7379 18502839
7379 17486023
7379 30057222
7379 2934604
7379 2881159
7379 849622
7379 30320254
7379 30320387
7379 17493577
7379 2883463
7379 2367357
7379 1463166
7379 8480726
7379 10470004
7379 30001818
7379 9961273
7379 2455514
7379 10553614
7379 23646304
7379 2979687
7379 10466219
7379 2466128
7379 17419252
7379 2897278
7379 2897302
7379 2493280
7379 10470001
7379 2897910
7379 10470268
7379 3016760
7379 2958990
7379 30320256
7379 17422152
7379 2832344
7379 9959439
7379 17427620
7379 9943564
7379 17857076
7379 24028218
7379 2897281
7379 17427622
7379 2927363
7379 17420981
7379 31520229
7379 3006185
7379 30353810
7379 10500788
7379 2934600
7379 10503600
7379 30037390
7379 17306218
7379 30401667
7379 29661559
7379 10048942
7379 2268765
7379 9995271
7379 1032316
7379 10520261
7379 30377990
7379 10524640
7379 17168371
7379 2958988
7379 24078365
7379 2965018
7379 2897305
7379 9187700
7379 2967790
7379 24070847
7379 2972324
7379 16985310
7379 17486021
7379 17501368
7379 10338318
7379 10500789
7379 14526390
7379 17427623
7379 2979684
7379 2268058
7379 17492848
7379 10544987
7379 24078363
7379 31520230
7379 10557213
7379 2982601
7379 17492846
7379 14859132
7379 1463167
7379 2983996
7379 24079654
7379 31331791
7379 17103835
7379 16990562
7379 8032148
7379 14854408
7379 31520231
7379 31520232
7379 10548736
7379 2985696
7379 23319322
7379 29673821
7379 2987060
7379 2990211
7379 2987062
7379 17496003
7379 17860454
7379 17493847
7379 24389643
7379 708245
7379 17496005
7379 2958991
7379 29979857
7379 2990210
7379 2927365
7379 23712889
7379 10553274
7379 24084759
7379 8023110
7379 21637658
7379 21637676
7379 31520233
7379 31520234
7379 799502
7379 7984103
7379 15112545
7379 23811476
7379 11260355
7379 1463168
7379 4609595
7379 3408097
7379 7984098
7379 21788926
7379 2367358
7379 865379
7379 15158465
7379 799497
7379 15158467
7379 7356069
7379 23673101
7379 7040855
7379 17516568
7379 20377150
7379 7337936
7379 1463169
7379 7984104
7379 7984102
50996 101697
50996 7696090
669435 8938742
669435 8606892
669435 1576346
669435 9273325
669435 28566759
669435 8938740
669435 1576347
669435 3155359
591361 591357
591361 12156140
5851147 799552
305118 444
305118 22400752
305118 448
1488546 520324
1488546 546082
1488546 114211
1488546 1488545
1488546 546084
820374 717744
820374 8931643
820374 717743
820374 22403324
820374 28789417
820374 717746
820374 21560657
1678187 1678183
1678187 1678185
1678187 1678184
1678187 13706884
1678187 34119536
1678187 14497210
1678187 1678186
1678187 20545411
3779666 3779665
3779666 9699319
3779666 18833381
3779666 3779663
8023210 379779
512891 522546
512891 35035995
512891 552412
512891 552352
512891 4370980
512891 23246315
512891 11286990
512891 15916294
512891 23679930
512891 4370952
512891 11795632
512891 3086067
799568 803672
799568 8357849
116385 15488579
116385 35095056
116385 23314732
116385 1491390
116385 834931
116385 29692720
116385 23938321
1571914 2147184
1571914 1571908
2289872 2289873
1224746 2910170
1224746 8775170
1224746 154257
1224746 15949846
1224746 154272
1224746 154274
1224746 154273
1224746 23068662
1224746 154275
1224746 15829870
1224746 8756998
1224746 15657328
1224746 9343166
1224746 30467367
1224746 2413126
1224746 35482226
1224746 2966883
1224746 29486921
1016829 1016835
1016829 1016828
1016829 1016834
1016829 1834194
1016829 1834201
1016829 34240540
1562697 2601272
1562697 35561975
1562697 35561976
1562697 35561977
1562697 35561978
1562697 2601273
1562697 21969731
1285824 1379374
1285824 544985
1285824 1572657
59064 58984
59064 35598481
728325 16786424
728325 728327
2293637 9632380
2293637 9632376
2293637 34805622
2293637 24080077
2293637 24080076
2293637 34805624
2293637 10548447
2293637 34805623
2293637 2996357
2293637 17495282
2293637 23954307
2293637 2293639
2293637 2293634
2293637 10548448
2293637 10579769
2293637 2293940
2293637 11654178
2293637 2293941
34918757 906582
25196857 827395
25196857 377718
25196857 15449565
9484633 1771943
32160380 22633564
32160380 38230241
32160380 1812294
32160380 19915721
32160380 26264424
32160380 23205500
32160380 12376050
32160380 38598071
32160380 5761293
32160380 38598072
32160380 26195579
32160380 32160379
32160380 38598073
32160380 26195580
32160380 38598074
32160380 38598075
32160380 38598076
32160380 38598077
32160380 38598078
32160380 38598079
32160380 38598080
32160380 38598081
32160380 38598082
32160380 19881385
32160380 38598083
32160380 15885223
32160380 29677315
32160380 35726977
32160380 38598084
32160380 5830192
32160380 16713999
32160380 38598085
32160380 29677313
32160380 38598086
32160380 5797482
32160380 38598087
32160380 38598088
32160380 38470264
32160380 38598089
32160380 38598090
32160380 38598091
32160380 38598092
32160380 38598093
13912218 25646233
13912218 18386434
13912218 18386445
13912218 27374972
13912218 13912214
13912218 25646248
13912218 27674602
27376998 10758755
27376998 27376995
15461058 7316302
15461058 11018868
15461058 15203534
7959641 9130371
7959641 14765598
7959641 7959642
7959641 7959643
7959641 14718428
7959641 7959644
7959641 21655604
27966809 27966808
7890364 8515491
7890364 7890361
7974766 1380143
5836389 5836388
4609602 31520218
4609602 2982603
4609602 36148250
4609602 30401667
4609602 2958990
4609602 17103835
4609602 30763105
4609602 7111492
544667 4322393
8215148 2532918
8215148 40659674
8215148 40737797
8215148 41356802
8215148 41356803
8215148 25491490
8215148 24087990
8215148 41356804
142755 142746
359470 359449
359470 359478
359470 25417696
359470 41646010
359470 935796
50905 1813999
50905 1813994
50905 25295560
50905 11941
50905 253737
50905 11942
50905 11943
50905 11946
50905 367864
50905 330918
30534188 3174186
9426017 3107833
9426017 9202618
9426017 2141295
2986605 1885982
2986605 4350604
2986605 2986602
2986605 4350603
2986605 4350605
2986605 10440679
10298893 25259836
10298893 11856989
10298893 18728304
16449870 5110567
20411953 25150934
20411953 13111290
20411953 25150925
44880861 8563586
44880861 9489782
44880861 9159826
44880861 35739211
7285809 474215
7285809 4466949
7118960 15439147
7118960 24445031
7695836 7695837
715783 715771
715783 715773
715783 14773280
7808436 19390239
7808436 7808433
15159929 15159928
1601784 1748885
1601784 8640231
1601784 1657924
1601784 1657925
1601784 8640232
1601784 7953299
1601784 22127040
1601784 15423091
1601784 41876221
1601784 41533166
1601784 35806755
1601784 40965497
1601784 1617779
1012336 46814863
142536 8725445
142536 15820683
142536 154288
142536 15869597
142536 35534160
142536 46928454
142536 154266
142536 1365242
142536 2104511
142536 1762979
142536 46956636
142536 2625001
142536 10417464
142536 46956637
142536 36539805
142536 17660974
142536 2084525
822095 822096
822095 822097
822095 822098
822095 822099
822095 8609783
822095 15489237
822095 15302379
822095 28089655
822095 18886009
822095 822100
822095 822105
822095 23000555
822095 7641204
822095 2941649
822095 2123528
822095 16520793
822095 822101
822095 822102
822095 822103
822095 9172296
822095 822104
822095 2712642
822095 10532231
822095 19385185
1717803 881597
1717803 19041230
1717803 19041229
433236 310239
433236 433238
433236 310222
232300 46737
1715657 2711917
1591137 1776372
42740 368335
42740 368323
42740 16511694
42740 42742
4369771 4369770
4369771 11647850
4369771 25200050
4369771 4369769
4369771 33717477
22124998 1142872
2622273 185884
2622273 707133
740299 740273
740299 740252
740299 18527200
740299 29890571
740299 29890577
740299 30269927
740299 16691797
740299 5996405
740299 1090455
740299 47162382
740299 9220530
740299 9220529
740299 9220531
740299 16045749
740299 16045747
14364124 4742592
7295487 7295483
7295487 14472764
7295487 14472745
7295487 7295484
7295487 7295485
7990065 7990064
