0 180
1245 2348
1165 4285
1208 5105
1201 6241
1182 7051
1177 7182
7905 7966
29683 29721
31325 31379
31381 31436
38110 27732
39596 39625
39596 39626
18079 40519
87298 87309
158270 158396
29793 83083
268097 268102
296135 296141
306106 306127
330144 330163
331286 4285
334904 334913
416 339435
337995 39626
384549 384560
487239 12893
508928 508933
524151 524398
426839 597990
614850 614864
583688 1046640
1047834 1047837
1047834 4740
1145615 1145621
1159923 1159927
1223048 158396
1376564 1376566
1447021 1447026
1508002 1508004
502033 321135
1931929 1931935
2031260 2031267
2031391 2031396
2032546 2032547
2280198 2280201
2280538 2280201
2280546 2280548
2286611 2286613
2289739 40519
2299725 323466
2336109 2336111
2341777 1159927
2342424 2342427
2383804 2383805
2389804 2389812
2405371 2405376
2435319 463004
2510826 2510828
2567286 602593
2648068 2648070
2719699 2280201
2916092 2916094
2916095 2916097
2921943 2921945
2921960 320309
2955282 2955284
2955353 2955355
2955809 4740
2981314 339435
3018146 3018156
2289542 3022651
3034634 2885880
3056589 3056590
3783421 3783427
4084660 1245884
4097127 4097130
4315895 4315896
4664174 4664176
4664246 4740
4664255 2993152
4664266 4740
5187297 5187306
5198456 5198458
5735032 573646
5735130 4740
5735217 5735219
5735443 5735447
5853854 5853857
6332702 5198458
6404737 6404738
6404737 27732
6722038 27732
6842976 6842979
6981712 40519
7010708 7010710
7096089 4740
7111388 6241
7284739 27732
7318162 4740
7331812 7331817
7618934 27732
7689425 4740
7692127 2405376
7698608 7698612
7724691 7724693
7809725 7809726
7811787 7811789
7826234 7826237
7875366 7875370
7959257 614864
7989752 1634537
7985161 4740
7997176 1136423
8008572 8008575
8042180 8042186
107 4285
1443 8113907
1180 8114137
1234 2348
386386 8116289
1223 5105
1210 8116647
1237 7051
1167 8117355
1218 8117702
1217 7051
1199 7391
1166 40519
55462 8119291
7913 4740
298 833252
541345 8134897
31371 8134927
263047 228693
646542 8161057
6741087 8117355
16763 4740
31 8171090
92164 8173738
970087 4740
611490 8286792
1130808 8354274
7760692 8361423
507611 8363714
271338 8379188
8570415 7618921
4586745 4740
8621377 4740
574184 8657338
505360 8674133
8709977 8709983
701378 3018156
377191 7495431
113814 27732
7143754 8851994
7789676 8867030
7177510 8885692
8933891 5188206
8933891 8933893
8933891 89978
7177507 6241
9016761 9016763
2511946 59899
9121781 9121786
5015832 9125262
9125774 9125776
1482303 1047837
601964 9251366
9260620 7675912
848462 339435
9473836 9473838
9476100 416020
9597304 8171090
9689454 9689457
9705864 9705869
9814728 4740
9834758 9834762
9899964 9899967
6965007 7051
9922797 9922799
9932408 7841900
9937915 9937918
2289541 44918
9932033 9939552
2299726 9939922
9964322 9964326
10062161 10062164
10001118 10097666
556707 10110137
10137606 10137619
10165801 10165805
10179657 4740
10179921 10179923
10101390 4740
10281740 10281757
10389814 4740
10418705 993721
2362311 1136423
10461449 2916094
10486710 339435
10492504 1145621
1593566 4968011
10498761 10498762
10511128 8885692
10512054 10512057
10521462 10521464
10521637 4740
10521652 40519
7553073 10536553
10557673 4656337
10574994 10574997
10586969 6782022
10598915 10598918
10689111 4285
10915681 2389812
11196191 11196192
11571508 27732
11639294 11639296
4851089 11738625
11213439 11795622
11213439 4740
12061913 8363714
12061917 12061918
12061948 12061949
12061960 330163
12062693 3882562
41939 5210065
12536019 12536028
13028425 9627
5735220 13028732
13051620 13051623
13148128 12061918
13513590 1047837
13553984 1383833
13555754 13555755
13593904 1832968
13693887 27732
13751424 4740
13918179 12061949
13954548 1832968
14086505 14086508
14123925 14123927
9939928 40519
9939928 40519
14215095 4664988
14295402 14295403
14296159 1047837
14488175 29721
14516844 4740
14523288 7826237
14657232 2480
14877868 1047837
14952979 2646330
15113306 27732
15118189 15118190
15156270 597990
15196806 15196810
704 7051
1737 15239602
1151 15239650
1395 6241
1225 15239893
1397 2529668
1242 180
1235 15240270
1439 15240336
1715 15241598
1194 180
1186 7051
700 7051
210873 15242726
9610 15244216
9292 15244781
307905 39626
887051 330163
585372 15266489
238130 15273759
316927 12061949
27241 15285886
448166 602593
448166 833252
133567 4285
98089 12060671
316065 15319387
8348 2905185
8280041 4855550
1125685 15392314
15405505 15405515
4205508 2396882
320188 1047837
15427151 15427153
15428400 15428404
2820535 8361423
9273325 15455698
15456662 9939922
892010 15467204
4075421 27732
3078557 4740
48995 4740
15494009 597293
15499857 15499859
63275 4740
240051 234591
15737764 15737770
701380 588281
13997055 15744451
15767687 8147203
15810349 15810352
5991893 8657338
15823579 15823583
15906911 4740
2476887 4664988
563309 15285886
1054663 2110866
2489930 16048471
773746 16106780
8458778 16180537
577718 2529668
626978 8885692
12535804 16408535
16413720 2110866
16432049 27732
16457051 229575
16555940 11044835
30682 16634830
4109334 1047837
16808380 16808381
2826589 1890951
16837853 16837857
9922645 2280201
16919218 16919219
9939559 9939552
17018904 4740
17036250 17036262
17049304 6782022
17078044 12061949
17078931 1046640
2533002 17121720
17269567 17269570
17344068 17344070
17362240 17362243
12230678 6901599
17382764 306127
17437467 40519
17467260 4740
17467626 1145621
17470168 17470169
10518149 4740
17522358 10119723
1629687 17524410
3313952 18097082
18382685 18382686
18529413 1136423
18649098 229575
18747664 18747667
18922568 4740
18922607 347660
18922664 347660
18922700 414821
18990154 339435
19019364 19019367
13028733 19826683
19826778 19826782
19827038 6436435
20037366 8009883
6869147 8379188
9939929 20916305
20916319 3261793
20917290 100696
20966473 20966477
20990014 8885692
21024392 21024393
21115017 15823583
21228774 21228777
21230176 4740
21241929 82901
21242172 14790487
21498354 21498356
21574413 15927676
21663333 1112328
21680256 16408535
21786893 21786897
21792673 2342427
21912515 64894
21912515 4740
1229 21937073
1143 21938294
92 40519
28 588281
1219 7638253
1720 15239893
1163 825182
1246 9473838
1170 8117702
1162 6241
1243 21940917
1716 21941109
1184 6241
51991 8113907
4694 21942758
58111 2347399
7910 2405376
33924 21943452
31431 1047837
725607 21973619
386387 21975916
3100849 6327334
875367 16227
54964 1832968
3538664 22008167
3538664 15565665
5821677 22087436
27509 1112328
683626 22113487
10139706 22116459
8239993 22117146
22121344 13625762
22130029 8363714
5204358 22131526
1290922 6902174
8123628 8361423
1223268 1047837
2364388 22199086
17117574 22285084
8631774 29721
8631774 17291530
8631774 309791
8631774 8651598
8631774 9939922
8631774 4740
8631774 8009718
8631774 6901599
8631774 2280548
8631774 39625
8631774 1047837
8631774 22347185
8631774 9939922
8631774 27732
8631774 22347186
8631774 22347187
22369009 22369011
6880873 22378908
22388577 22388580
138342 22410265
2033706 1047837
5084818 22440125
2173074 22442909
337361 27732
22514533 4740
10635900 4740
22540792 22540793
22632905 22632907
10718121 2348
4554727 10137619
8823447 9473838
6425573 22835098
13615334 334913
5684 22955709
22969477 22969480
23000374 1136423
23063790 4740
1832595 4740
23087193 4740
23087193 23087197
9932030 23128884
23129289 23129290
16589696 11006881
23444153 23444154
2226766 57555
23532680 512908
23537475 4740
2289024 1136423
23562718 4968011
23611281 1226850
23640036 23640038
23677941 339435
23677987 4968011
23705339 23705342
23744082 5188206
23744082 4740
23749307 5735447
2457781 8921299
2318977 4968011
23899649 23899651
23949586 23949587
23955523 23955527
23978631 23978632
24027179 3261793
24037460 24037461
24057475 8748313
24057475 24057477
2690388 1653887
24058581 7841900
17347006 2286613
11621897 24060595
24069401 4740
24072026 4968011
12146114 24137728
4924558 4740
24979635 40519
5193374 25020700
25075095 25075096
24097525 12061918
25444276 25444278
25444284 6241
25444291 1064
25444297 6418509
15466095 40519
17359211 100696
25857919 8851994
25880973 4740
5839367 25906062
26110090 26110091
26195913 26195917
19826681 26298534
19827039 670551
19826779 26298610
26298746 14496343
26311808 1047837
26784706 1047837
26786025 26786029
13607103 229119
26860832 26860834
27053591 2843588
27186568 4740
27228157 27228158
23128200 27333149
16911251 27348615
27400124 27400127
27631060 1608894
27661838 8009354
27676730 4740
27803399 3018156
27852826 8885692
28092650 8657338
28095262 28095266
28154743 28154745
655 14086508
33725 28339080
1241 26257801
1159 28340186
1239 28340253
1741 339435
797714 334913
797712 4967495
39862 28341540
1226 7051
1714 334913
1207 4740
1200 18097082
233603 4740
7909 28344442
278229 1047837
840131 28353115
2857083 4740
493 21839497
31432 8134927
1864 28357262
308346 7051
294843 5198458
8351897 2280201
2392761 28379785
4153423 28380562
964722 1983538
390235 10062164
49593 4740
9932044 28506861
11816 4740
762951 28523004
8000 484110
664108 28344442
2377571 23018012
828377 28544025
8913628 28574290
591080 2530202
11639756 4740
28636406 10062164
520867 28685447
21938736 614864
8928204 4740
28775022 28775025
15170103 28789170
1869132 40519
1326949 524398
28892847 28892849
39727 24929475
28995390 28995393
22915713 40519
29070610 29070616
5188234 1087166
29108128 64895
29132449 29132451
867645 3443862
14834158 29148899
22201089 14789166
2724869 40519
29415252 8010228
810337 2280201
29651579 40519
29858020 29858022
16911250 993721
29872374 29872376
9939556 28344442
29861799 40519
9939558 9939552
29904521 229584
10507815 29944102
29967622 27228158
29968164 29968168
620517 4285
24974134 1047837
30082159 40519
30082259 4603426
30163937 4740
14976067 30204191
30263796 339435
30271594 28371554
2307840 1145621
30346564 27348615
30346564 30346566
30356556 28305513
30356624 323466
30356631 19179856
30360130 30360132
30365914 261608
30369942 2458871
30373623 4740
30375901 30375903
30378875 4285
30383862 30383864
30426902 1047837
30432553 30432555
16911254 2286613
30450976 8851994
14835645 4740
2166370 5188206
31363814 31363817
31642214 31642218
5616186 12061918
31724752 27912601
32144933 1047837
6422766 4740
32213774 32213775
32424760 7051
5735132 573646
5735036 32537880
19826780 32548016
28212164 8885692
14215096 833252
33039363 8379188
19826684 33370057
33448947 22669427
33523077 33523079
9938467 33537105
9938467 33537106
23538146 16682430
33606808 4740
8657597 33608465
33691594 33691597
14384673 4740
33885877 23916029
7698435 14653993
23859249 14289030
34158796 1047837
34214539 1543906
34231570 7189164
34253350 64894
22489674 34292041
34472562 7762448
1726 1790888
1169 306127
1168 34527612
797713 4740
1731 15239893
685651 10126
1191 40519
1711 15239893
120655 4285
1196 557208
1161 7051
1238 15241598
1231 180
106 1159927
1154 7051
1221 34529594
1213 180
1727 5105
447151 2347399
800906 15136088
1568197 34530724
71285 2347399
386723 34531189
292934 34541900
31370 8113907
34546431 4740
848666 61683
96972 524398
2559141 34565544
10143630 34567896
1587 2280201
98090 34576894
2930818 27732
7471148 515717
509483 2348
282820 23390520
376566 7114396
9122468 39625
34977557 100696
7289 34982610
1336989 34989894
940341 588281
1180940 14123927
35027989 4740
23724111 35028163
30373903 6901599
35063135 28353115
28574289 28574290
501072 4285
35175403 1226850
35176193 4740
35256861 4740
1498011 35279267
3475033 15392314
1236357 13950438
1337646 40519
35533171 4740
35659741 34879872
29478422 35755859
35782731 35782732
35893210 2972438
35978835 10574792
8951717 9939552
36015590 36015591
36015782 25020700
23537490 7123214
11650408 100696
9937909 4740
9932032 9939552
20901701 36021155
2828895 4740
36058172 1047837
36118743 1159927
36193717 36193719
36218128 4740
36395430 36395432
36409943 614864
36468892 1407957
36478838 36478841
36485251 228693
36485472 8885692
8614604 2280201
36501257 29872376
36505473 7826237
36505604 4285
1478084 296141
2556265 2579468
36540469 2972438
36554964 1047837
25282393 37111660
37425820 339435
37457235 37457237
18600847 22669427
37697093 4740
25020703 25020700
25020703 1216975
5187125 37730406
37766312 339435
37809944 347660
37809950 37809951
37809954 37809955
37809962 7875370
37809963 4740
35819990 12061918
37854117 37854119
25282392 38001548
32076365 339435
38201273 15433869
38464051 4740
5735589 4740
38577339 38577341
13028538 38577365
5735445 38577390
26298564 38577651
38577340 38577796
38661533 38661535
38665492 38665494
32629465 32751653
38783680 6901599
13559576 38785998
21190889 22347187
16601523 4740
39062425 39062427
2289021 30204191
39141453 39141455
39141468 1159927
39534919 4740
9932059 17361349
9939927 3261793
39587032 39587035
39610600 2916094
8657594 39613487
39672503 833252
39672735 39672736
39855572 354609
39859540 1407957
39864872 821244
39875414 8363714
39991297 614864
40101555 40101556
40114961 40114963
40121339 4740
40152830 7182
40154339 40154340
9750330 40154868
28095263 4740
21663327 1047837
40322403 4740
15212534 1047837
85081 33639666
278231 1047837
28461 1585061
1240 7051
1736 40513008
1212 8651598
1236 40513359
1132151 20120469
1203 180
1183 4740
349620 29721
57245 40515019
9291 34529594
7912 588281
24255 40526398
355351 27732
363752 40527077
4697 2529668
326456 12061918
10 100696
3461785 416020
3461785 1508004
3461785 17883566
3461785 40570196
3461785 40570196
3461785 2993152
374475 40600548
158284 158396
15428406 40679524
822834 8134927
29007146 5188206
21959135 10085108
113910 6782022
111557 323466
35688264 1047837
40956912 7762448
16192308 40967110
21354390 27972033
5798454 11511640
8874081 339435
41041792 28474967
20038977 4786843
309338 1983538
1376524 27732
41103249 41103251
283841 7635063
6839643 3018156
41291625 100696
508815 8885692
41314403 41314406
41387601 41387602
20699168 41390761
41428962 6241
41544342 810287
2829792 7637657
41727954 41727955
41744114 41744117
41778684 41778687
2822750 2992300
41832929 1047837
30373904 993721
3387716 339435
42052103 339435
2289019 42067862
32619227 2280201
42072470 8921299
42093503 4968011
7090951 42097646
585922 42097970
42143150 19056931
14051533 42145468
42166451 2523535
42277024 4740
42356055 5188206
42397436 4740
42417103 42417105
42417106 1136423
14193252 3933661
42421179 17470169
42429990 4740
42430453 923472
42432980 17121720
42433746 4968011
41368870 421808
42442060 29721
42443830 330163
42444073 23939550
42444308 2500975
42444313 4740
42444589 3568636
42454798 42454799
23870917 23320246
42499318 42499320
42516081 40519
42521877 42521880
42666395 2446527
43233706 1046640
7323823 15854145
4084669 43688382
43720862 43720863
43720874 17361349
43720876 4740
16910 1508004
34399445 515717
43846718 43846720
43858904 25906062
43859231 43859232
44034524 10039656
44115416 515717
44130195 2405376
44344145 44344147
6550230 25020700
38577650 1543906
5735221 12359008
5735133 44451960
5735446 44452016
229793 29721
44632391 44632392
44888868 7114396
45051836 4220875
6722747 4740
30275931 2972438
9932057 20916305
16911255 12525489
45520395 45520396
45696026 100696
21095482 29721
7494518 229119
45856560 14210718
14776112 810287
42492788 28357262
46088547 3018156
46116977 46116979
46196354 339435
46196499 42558237
1888130 229119
1220 2529668
3679157 23159480
1176 1159927
1396 334913
4698 8921299
9613 33591093
102 180
1179 46345421
1188 7051
1204 13462593
705 46345791
1197 7051
1740 1047837
9293 23021495
326455 321135
1442 27732
260545 1047837
260545 4740
886984 588281
72172 15240270
598777 34970549
23673 40519
2692747 4315896
2692747 6241
416596 46493549
2048781 46499695
12203321 46505112
519881 28383473
9143660 4740
309071 321135
46523453 46523462
1034467 1047837
4093424 46533966
46536248 2529668
315560 46605239
281256 40519
8499453 524398
562522 40519
46684285 4603426
46732415 2405376
9286458 1566141
8131902 46767387
97648 14653993
250122 18257
8169047 8117355
4477250 46860585
46860696 46860698
19912562 4740
369691 5188206
1481732 15239893
46951295 1047837
46969445 38577796
46977349 4740
78817 1145621
47035040 47035043
1255895 22117146
47112028 433965
735144 13625762
8256743 285616
47207183 8161057
47219471 47219476
14422859 1016620
11261487 47362158
47391527 1704025
47428440 31502657
47442996 47442999
47551832 8885692
1583298 8885692
2289537 14947890
16911253 9922799
47749458 7123214
12389606 8403831
47749798 34970549
9939924 47749923
47751678 1047837
47758188 339435
5193070 47779250
47803587 47803590
47822712 47822714
47774151 23021495
47849944 12061918
47858906 2916094
47875200 12335983
5038684 7675912
48021235 48021237
3094503 29858022
48064728 10062164
27616109 48118412
48186063 4285
48186065 49223
48186068 15136088
48186070 9939552
48196633 42558237
48203172 339435
48210041 21483
30373905 48210288
48212290 6901599
30119504 8326251
30783181 17883566
18460150 48397008
48399400 4740
48510913 2913335
22699626 8171090
48747098 48747101
48770302 48770303
2004423 49014802
49050794 29721
49067868 23955527
49202659 49202660
18866953 100696
49452569 49452571
6404740 27732
13028427 7092986
5735035 9627
32548014 50147267
38599938 15512402
49547225 4740
32911279 50499381
50573252 1047837
43956502 50610841
39049520 22347186
50624022 7841900
50666418 4740
50917756 2405376
50932513 9939922
51061361 51061362
23537492 588281
51110592 28357262
34159225 51357732
49170547 22669427
51685662 1543906
51747145 14086508
51750551 3018156
51804600 4855550
51820916 1983538
