650976 650978
650976 650979
1131191 316713
1512909 1512910
1694158 1694160
1922009 77506
2401538 0
2561770 2561773
3012967 1529021
3436287 3436288
3436287 3436289
3436287 3436290
3436287 3436291
3436287 3436292
3436287 3436293
3436287 3436294
3436287 3436295
3436287 3429617
4075449 4075450
4203689 252362
4364859 4364860
4594460 4594461
4889891 1264149
5823048 2379774
5831133 2972979
6399135 6399136
7171763 7171765
7171832 7171834
7171855 7171857
7171859 7171861
7172302 7172304
7172305 7172307
7172308 7172310
7172311 7172313
7172314 7171578
7172316 7172318
7172319 7172321
7172322 7172324
7172325 7172327
7172328 7172330
7172331 7172333
7172334 7172336
7172337 7172339
7172340 7171874
7172342 7172344
7172345 7172347
7172348 7172350
7172351 7172353
7172356 7172358
7172359 7172361
7172362 7172364
7172365 7172367
7172368 7171335
7172370 7171781
7172373 7172375
7172376 7172378
7172381 7171414
7172383 7172385
7172386 7172388
7172389 7172391
7172392 7172394
7172395 7172397
7172398 7172400
7172401 7172403
7172404 7172406
7172407 7172409
7172410 7172412
7172413 7172415
7172417 7172419
7172420 7172422
7172423 7172425
7172428 7172430
7172434 7172436
7172437 7172439
7172440 7172442
7172443 7172445
7172446 7172448
7172449 7172451
7172452 7172454
7172457 7172445
7172459 7172461
7172462 7172464
7172465 7172467
7172468 7172470
7172471 7172473
7172474 7172026
7172476 7172478
7172479 7172481
7172482 7172484
7172486 7172488
7172489 7172491
7172492 7172494
7172495 7172497
7172498 7172500
7172501 7172503
7172504 7172506
7172508 7172510
7172511 7171418
7172513 7172515
7172516 7172518
7172521 7172523
7172524 7172526
7172527 7172529
7172530 7172532
7172533 7172535
7172536 7172538
7172539 7172541
7172542 7172544
7172545 7172547
7172548 7172550
7172551 7172553
7172554 7172556
7172557 7172028
7172559 7172561
7172562 7172564
7172565 7172567
7172568 7172570
7172571 7172573
7172574 7171469
7172576 7172578
7172579 7172581
7172582 7172584
7172585 7171783
7172587 7172589
7172591 7172593
7172594 7172596
7172597 7172599
7172600 7172602
7172603 7171960
7172605 7172607
7172608 7172610
7172611 7171966
7172613 7172615
7172616 7172618
7172619 7172621
7172622 7172624
7172625 7172627
7172628 7172630
7172631 7172633
7172634 7172636
7172637 7171629
7172639 7172641
7172642 7172644
7172645 7172647
7172648 7172650
7172651 7172653
7172656 7172658
7172659 7172661
7172662 7172664
7172665 7172667
7172668 7172670
7172671 7171894
7172673 7172675
7172676 7172678
7172681 7172683
7172684 7172686
7172687 7172689
7172690 7172692
7172693 7172695
7172696 7171684
7172698 7172700
7172701 7172703
7172704 7172706
7172707 7172709
7172710 7172712
7172713 7172715
7172716 7172718
7172719 7172721
7172722 7172724
7172725 7172727
7172728 7172730
7172731 7172733
7172734 7172736
7172737 7172739
7172740 7172742
7172743 7172745
7172753 7172755
7172756 7172758
7172759 7172761
7173416 7173418
7173419 7173421
7173422 7173424
7173425 7173427
7173428 7173430
7173431 7173433
7173434 7173436
7173437 7173439
7173440 7173442
7173443 7173445
7173446 7173448
7173449 7171310
7173451 7173453
7173454 7173456
7173458 7173460
7173462 7173464
7173465 7173467
7173468 7173470
7173471 7173473
7173474 7173476
7173477 7173479
7173480 7173482
7173483 7173485
7173486 7173488
7173489 7173491
7173492 7173494
7173495 7173497
7173498 7173500
7173501 7173503
7173506 7173508
7173509 7173511
7173512 7173514
7173515 7173517
7173519 7173521
7173523 7173525
7173526 7173528
7173529 7172092
7173531 7173533
7173534 7173536
7173537 7173539
7173542 7173544
7173545 7173547
7173548 7173550
7173551 7173553
7173554 7173556
7173557 7173559
7173560 7173562
7173563 7173565
7173566 7173568
7173569 7173571
7173572 7173574
7173575 7173577
7173578 7173580
7173581 7173583
7173584 7173586
7173587 7171387
7173590 7171503
7173592 7173594
7173595 7173597
7173598 7173600
7173601 7173603
7173604 7173606
7173607 7173609
7173610 7173612
7173613 7173615
7173616 7173618
7173619 7171676
7173621 7173623
7173624 7173626
7173627 7173629
7173630 7173632
7173633 7173635
7173636 7173638
7173639 7173641
7173642 7173644
7173645 7173647
7173648 7171451
7173652 7173654
7173655 7173657
7173658 7173660
7173661 7173663
7173664 7173666
7173667 7173669
7173670 7173672
7173673 7173675
7173677 7173679
7173680 7173682
7173683 7173685
7173686 7173688
7173689 7173691
7173694 7173696
7173697 7171839
7173699 7173701
7173702 7173704
7173705 7173707
7173708 7173710
7173711 7173713
7173714 7173716
7173717 7173719
7173720 7173722
7173723 7173725
7173726 7173728
7173729 7171908
7173731 7173733
7173734 7173736
7173737 7173739
7173740 7173742
7173743 7173745
7173746 7173748
7173749 7173751
7173752 7173754
7173755 7172581
7173757 7173759
7173760 7171293
7173762 7171912
7173764 7173766
7173767 7173769
7173770 7173772
7173773 7173775
7173776 7173778
7173779 7171637
7173781 7173783
7173784 7171696
7173786 7173788
7173789 7173791
7173792 7173794
7173795 7173797
7173798 7173800
7173801 7173803
7173804 7173806
7173807 7173809
7173810 7173812
7173813 7173815
7173816 7173818
7173819 7173821
7173822 7173824
7173825 7173827
7173828 7173830
7173831 7173833
7173834 7172134
7173836 7172082
7173839 7173841
7173842 7173844
7173845 7173847
7173848 7173850
7173851 7171986
7173853 7171401
7173855 7171343
7173857 7173859
7173860 7171457
7173862 7173864
7173865 7172144
7173867 7172148
7173869 7173871
7173872 7173874
7173875 7171401
7173877 7173879
7173880 7173882
7173883 7173885
7173886 7173888
7173889 7173891
7173892 7173894
7173895 7173897
7173898 7173900
7173901 7173903
7173904 7173906
7173907 7173909
7173910 7173912
7173913 7173915
7173916 7173918
7173919 7173921
7173922 7173924
7173925 7173927
7173928 7173930
7173931 7173933
7173934 7173936
7173937 7173939
7173940 7173942
7173944 7173946
7173947 7173949
7173950 7173952
7173953 7173955
7173956 7173958
7173959 7173961
7173962 7173964
7173965 7173967
7173968 7173970
7173972 7171588
7173974 7173976
7173977 7173979
7173980 7173982
7173983 7173985
7173986 7173988
7173990 7173992
7173993 7171523
7173995 7173997
7173998 7174000
7174001 7172061
7174003 7174005
7174006 7174008
7174009 7174011
7174012 7174014
7174015 7174017
7174018 7174020
7174021 7174023
7174024 7174026
7174027 7171552
7174029 7174031
7174032 7174034
7174035 7174037
7174038 7174040
7174041 7174043
7174044 7174046
7174047 7174049
7174050 7174052
7174053 7174055
7174056 7174058
7174059 7174061
7174062 7174064
7174065 7174067
7174068 7174070
7174071 7171525
7174073 7174075
7174076 7174078
7174079 7174081
7174082 7174084
7174085 7174087
7174089 7173675
7174955 7174957
7331625 7331627
8186253 8186254
9477431 1080463
9885758 1895265
9885758 9885760
9990079 9990081
9990079 9990082
10343129 5193057
10428445 8610129
10498882 10498883
10536988 10536989
10573399 10573401
10964705 10964706
11604796 8972945
12059859 12059860
12059899 12059900
7081215 11568812
13612109 13612110
14018664 14018665
14354550 14354552
14354975 14354977
14354978 14354980
14354981 14354983
14354984 14354986
14354987 14354989
14354990 7172541
14354992 14354994
14354995 14354997
14355000 14355002
14355003 14355005
14355006 14355008
14355009 14355011
14355012 14355014
14355015 14355017
14355018 14355020
14355021 14355023
14355024 14355026
14355027 7172347
14355029 14355031
14355032 7171325
14355034 14355036
14355037 14355039
14355040 14355042
14355043 7171741
14355045 14354377
14355047 7172000
14355049 7171727
14355051 14355053
14355054 7171633
14355056 14355058
14355059 14355061
14355062 14355064
14355065 14354470
14355067 14355069
14355070 14355072
14355073 14354105
14355075 14355077
14355078 14355080
14355081 14355083
14355084 14355086
14355087 7171950
14355091 14355093
14355094 14355096
14355097 14355099
14355100 14355102
14355103 14354174
14355105 14355107
14355108 14355110
14355112 14355114
14355115 14355117
14355118 14355120
14355121 14355123
14355124 14355126
14355127 7172010
14355129 14355131
14355132 14355134
14355135 7171635
14355138 14355140
14355141 7172442
14355143 7171635
14355145 14354089
14355153 14355155
14355156 14355158
14355159 14355161
14355162 14355164
14355165 7172024
14355167 14355169
14355170 14355172
14355173 14355175
14355176 14355178
14355179 14355181
14355182 14355184
14355185 14354695
14355187 14355189
14355190 7172016
14355192 14355194
14355195 14355197
14355200 14354516
14355202 14355204
14355205 7172589
14355207 14354418
14355209 14355211
14355212 14355214
14355215 14355217
14355218 14355220
14355221 14355223
14355224 14354428
14355226 14355228
14355229 14355231
14355232 14355234
14355235 14355237
14355238 14355240
14355241 14355243
14355244 14355246
14355249 14355251
14355253 14355255
14355256 14355258
14355259 14355261
14355262 14355264
14355265 14355267
14355271 14354485
14355273 14355204
14355275 14355277
14355278 14355280
14355281 14355283
14355284 14355286
14355287 14355289
14355290 14355292
14355293 14355295
14355297 14355299
14355300 14355302
14355303 7171557
14355305 7171964
14355311 14355313
14355314 14355316
14355317 7172661
14355319 14355321
14355322 14355324
14355325 14355327
14355328 14355330
14355331 14355333
14355334 14355336
14355337 7171984
14355339 14355341
14355342 14355344
14355345 14355347
14355348 14355350
14355351 14355353
14355354 7171461
14355356 7171323
14355360 7172378
14355362 14355364
14355365 14355367
14355369 14355371
14355372 14355374
14355375 14355377
14355378 14355380
14355381 14354330
14355383 14355385
14355386 14355388
14355389 14355391
14355393 14355395
14355396 14355398
14355399 14355401
14355402 14355404
14355405 7171592
14355407 14355409
14355410 14355412
14355413 14355415
14355416 14355418
14355419 14354347
14355421 14355423
14355424 7171611
14355426 14355428
14355429 14355431
14355433 14354364
14355437 14355439
14355440 14355442
14355443 14355445
14355446 14355448
14355985 14355987
14355988 14354368
14355990 14355992
14355993 14355995
14355996 14355998
14355999 7171571
14356001 14356003
14356004 14354302
14356006 7173430
14356008 14356010
14356011 14354307
14356013 14354091
14356016 7172541
14356018 14354297
14356020 14356022
14356023 14354076
14356025 14356027
14356028 14356030
14356031 7173603
14356033 14356035
14356036 14356038
14356039 14356041
14356042 14356044
14356045 14356047
14356048 14354790
14356050 14356052
14356053 14356055
14356056 14356058
14356059 14356061
14356062 14356064
14356065 14354596
14356067 14356069
14356070 14356072
14356073 14356075
14356076 14356078
14356079 14356081
14356082 14356084
14356085 14356087
14356088 7171920
14356091 14356093
14356094 14356096
14356097 14356099
14356100 14356102
14356103 14356105
14356106 14356108
14356109 14356111
14356112 14356114
14356115 14356117
14356118 14356120
14356121 14356123
14356124 14356126
14356127 7171367
14356129 14356131
14356132 14356134
14356135 14356137
14356138 14356140
14356141 14354144
14356143 7171878
14356145 14356147
14356148 14356150
14356151 7173503
14356153 14356155
14356156 14356158
14356159 14356161
14356162 14356164
14356165 14356167
14356168 14356170
14356171 14356173
14356174 14354191
14356176 14356178
14356179 14356181
14356182 7172100
14356184 7172683
14356186 14356188
14356189 14356191
14356192 14354448
14356194 14356196
14356197 7171644
14356199 14356201
14356202 14356204
14356205 14356207
14356209 14356211
14356212 7171805
14356214 14356216
14356217 14356219
14356220 7172110
14356222 14356224
14356226 14356228
14356229 7172112
14356231 14356233
14356234 14356236
14356237 14356239
14356240 7171485
14356242 14356244
14356245 14355277
14356247 14356249
14356250 14356252
14356253 14356255
14356257 14356259
14356260 14356262
14356263 14356265
14356266 14356268
14356269 7172122
14356271 14356273
14356274 14356276
14356277 14356279
14356280 14356282
14356283 14356285
14356286 14356288
14356289 14356291
14356292 14356294
14356295 14356297
14356298 14355258
14356300 7171918
14356302 14356304
14356305 14356307
14356308 14356310
14356311 14356313
14356314 14356316
14356317 14356319
14356320 14356322
14356323 14356325
14356326 14356328
14356329 14356331
14356332 14356334
14356335 14356337
14356338 14354837
14356340 14356342
14356343 14356345
14356346 7171709
14356348 14354446
14356350 14356352
14356353 14356355
14356356 14356358
14356359 14356361
14356362 14356364
14356365 14356367
14356368 14356370
14356371 14356373
14356374 14356376
14356377 14355080
14356379 14356381
14356382 7171459
14356384 14356386
14356387 14356389
14356390 7171397
14356392 14354644
14356394 14356396
14356397 14354659
14356399 7171851
14356402 14356404
14356405 14356407
14356408 14356410
14356411 14356413
14356415 14356417
14356418 7171849
14356420 14356422
14356423 7171853
14356425 14356427
14356428 14356430
14356431 14356433
14356434 14356436
14356437 14356439
14356440 14356442
14356443 14356445
14356446 14354233
14356448 14356450
14356451 7171356
14356453 7172636
14356455 7173897
14356457 14354315
14356459 14354770
14356462 14356464
14356465 14356467
14356468 7171942
14356470 14356472
14356473 14356475
14356476 7172057
14356478 14356480
14356481 7171405
14356483 14356485
14356486 7172042
14356488 14356490
14356491 14354677
14356494 14356496
14356497 14356499
14356500 14356502
14356503 14354248
14356505 14356507
14356508 14356510
14356511 14354064
14356513 14354066
14356515 7171288
14356517 7171473
14356519 14356521
14356522 7171513
14356524 7171519
14356526 14356496
14356529 14356531
14356532 14356534
14356535 7171291
14356537 14356539
14356540 14356542
14356543 14354775
14356545 14356547
14356548 14356550
14356551 7171539
14356553 14356555
14356558 7172063
14356560 7172573
14356562 14356564
14356565 14356567
14356568 14356570
14356571 14356573
14356574 14356576
14356578 14356580
14356581 14356583
14356584 14356586
14356587 14356589
14356592 14356594
14356595 14356597
14356598 7171487
14356600 14356602
14356605 14356607
14356608 14356610
14356611 14356613
14356614 14356616
14356618 14354228
14356621 14356623
14356624 14356626
14356627 14356629
14356630 14356632
14356633 14356635
14356638 14354642
14356640 14356642
14356643 14356645
14356647 14356649
14356650 14354783
14356652 14356654
14356655 7171463
14356657 14356035
14356659 14356661
14378107 14378108
14785221 683719
14837525 8358996
16193931 16193932
16300422 2577115
16300422 1298325
16881707 40855
17599029 1953
18522117 18522118
18527190 8306873
18747551 797720
18989268 17831876
19225047 8898388
19225047 11494930
20363712 325790
15239150 300576
15239150 15239164
21090352 21090354
21090357 21090359
21090361 7172330
21090363 21090109
21090365 21090367
21090368 7171992
21090370 7171467
21090372 21090374
21090375 14354107
21090377 21090379
21090380 14354524
21090383 14354687
21090385 21090387
21090389 21090391
21090392 21089766
21090394 14355069
21090396 21090398
21090399 21090072
21090401 14354689
21090403 21090116
21090406 14354726
21090408 7171416
21090410 14354406
21090412 21090414
21090415 21090417
21090418 21090420
21090421 21090423
21090424 21090426
21090427 7172008
21090429 21090431
21090432 21090434
21090435 21090437
21090438 21090440
21090441 21090443
21090444 21090446
21090447 21090449
21090450 21089853
21090452 21090454
21090455 21090457
21090458 21090460
21090461 14354468
21090463 14354732
21090465 21090467
21090468 21090470
21090471 21090473
21090474 21089749
21090476 21090478
21090479 21090481
21090482 21090484
21090485 14354178
21090487 14355164
21090489 14355172
21090491 21090493
21090494 21090496
21090497 21090499
21090500 21090076
21090502 21090504
21090505 21090507
21090508 21090510
21090511 14355214
21090513 21089763
21090515 21090080
21090517 21090519
21090520 21090522
21090525 14354295
21090527 21090529
21090530 21090532
21090533 21089815
21090536 14354430
21090538 14354311
21090540 21090542
21090543 14354218
21090545 21090547
21090548 21090550
21090551 21090553
21090554 21090556
21090557 21090559
21090560 21090082
21090562 14354699
21090564 21090566
21090567 21090569
21090570 14354749
21090572 14354577
21090574 14354755
21090576 14354228
21090578 21090580
21090582 21090584
21090585 21090587
21090588 21090590
21090591 7172394
21090593 7171751
21090595 14354737
21090597 7171441
21090599 21090601
21090602 21089691
21090604 21090606
21090608 21090610
21090612 21090614
21090615 21090617
21090618 21090091
21090620 7171972
21090622 14354707
21090624 14356422
21090627 21089524
21090629 21090631
21090632 21090634
21090635 21090637
21090638 14355341
21090640 21090642
21090643 7171584
21090645 7171353
21090647 7172647
21090649 21090651
21090652 21090654
21090655 21090657
21090658 21090660
21090661 14355333
21090663 21090665
21090666 21090668
21090669 21090671
21090672 7171892
21090674 21090676
21090677 21090679
21090680 21090101
21090682 21090684
21090685 21090687
21090688 21090690
21090691 7173580
21090693 21090695
21090696 21090698
21090699 21090701
21090702 21089626
21090704 21090706
21090707 21090709
21090710 21090712
21090713 21089510
21090715 21090717
21090718 21090720
21090721 7171407
21090723 21089721
21090725 21090727
21090728 21090730
21090731 21090733
21090734 21090736
21090737 21090739
21090741 7171596
21090744 14354342
21090746 21090748
21090749 21090751
21090752 21090754
21090755 21089741
21090757 21090759
21090760 14354360
21090762 14354345
21090764 14354354
21090766 14354352
21090768 21090770
21090771 21090773
21090774 14354349
21090776 21090778
21090780 21090782
21090783 21090785
21090786 21090788
21090789 21090791
21090792 21090794
21090795 7171321
21091330 7173424
21091332 21089709
21091334 7171576
21091336 7172324
21091338 21091340
21091341 21091343
21091344 21091346
21091347 21091349
21091352 21091354
21091355 14354293
21091357 14354291
21091359 21091361
21091362 21091364
21091365 21091367
21091368 21091370
21091371 14354650
21091373 21091375
21091376 7171866
21091378 7171868
21091380 21091382
21091383 14354131
21091385 21091387
21091388 14354237
21091390 7171453
21091392 21091394
21091395 21089579
21091397 14356084
21091399 21091401
21091402 21091404
21091405 21091407
21091408 21091410
21091411 21089488
21091413 21091415
21091416 21091418
21091419 21091421
21091422 14354801
21091424 21091426
21091427 21091429
21091430 21091432
21091433 21091435
21091436 14354603
21091439 7171872
21091441 21091443
21091444 7171471
21091446 21089996
21091449 21091451
21091452 21089680
21091454 21091456
21091457 14354267
21091459 7171374
21091461 21090169
21091463 21091465
21091466 21091468
21091469 21091471
21091472 21091474
21091475 21091477
21091478 21090695
21091480 21091482
21091483 21091485
21091486 21091488
21091489 21091491
21091492 21091494
21091495 21089616
21091497 21091499
21091500 21091502
21091503 21091505
21091506 21089934
21091508 21091510
21091511 7171733
21091513 21090174
21091515 21091517
21091518 14355023
21091520 21091522
21091523 21091525
21091526 21091528
21091529 21091531
21091532 21089948
21091534 21091536
21091537 7171527
21091539 7171801
21091541 21089973
21091543 21091545
21091546 21091548
21091550 21089579
21091552 21091554
21091555 21089668
21091557 21091559
21091560 7171441
21091562 14354813
21091564 21091566
21091567 7173685
21091570 21091572
21091573 21091292
21091576 21091578
21091579 21091581
21091582 14354583
21091584 21091586
21091587 21090140
21091589 21091591
21091592 21091594
21091595 21091597
21091598 21089841
21091600 7172118
21091602 7172120
21091604 21091606
21091607 14354821
21091609 21091611
21091612 21091614
21091615 14354824
21091617 7172124
21091619 21091621
21091622 21091624
21091625 14354828
21091627 21091629
21091630 21091632
21091633 21091635
21091636 21091638
21091639 21090196
21091641 21091643
21091644 21091646
21091647 21090040
21091649 21091651
21091652 21091654
21091655 21091657
21091658 21090037
21091660 7171395
21091662 21091664
21091665 7171882
21091667 21091669
21091670 21091672
21091673 21091675
21091676 21091678
21091679 21091681
21091682 21091684
21091685 21089769
21091687 21091689
21091690 21091692
21091693 7171640
21091695 21091697
21091698 21089780
21091700 21091702
21091703 21091705
21091706 21089521
21091708 14354099
21091710 21091712
21091713 21091715
21091716 21091718
21091719 21091721
21091722 21091724
21091725 14354206
21091727 21091729
21091730 21090204
21091732 21091734
21091735 21091737
21091738 21091740
21091741 21091743
21091745 7172142
21091747 21091749
21091750 14354201
21091752 14354848
21091754 14356061
21091757 21091759
21091760 21091762
21091763 21091765
21091766 21090046
21091768 7171928
21091770 21091772
21091773 21091775
21091776 21091778
21091779 21091781
21091782 21090614
21091784 14354400
21091786 7172510
21091788 21091790
21091792 21089584
21091794 21090053
21091796 21091578
21091798 14354246
21091800 21091802
21091803 21091805
21091807 14356413
21091809 21091811
21091812 21091814
21091816 21091818
21091819 21091821
21091822 21091824
21091825 21091827
21091828 14354680
21091830 21091832
21091834 21091836
21091837 21091839
21091840 7174043
21091842 21091844
21091845 21091847
21091848 21091850
21091851 21091853
21091854 14354256
21091856 14354665
21091858 21091860
21091861 7171521
21091863 21091865
21091866 21091868
21091869 7171535
21091871 21091873
21091874 21089662
21091876 14354274
21091878 21091880
21091881 21091883
21091884 21091886
21091887 7171533
21091889 21089693
21091891 21091893
21091894 21091896
21091897 21091899
21091900 14354285
21091902 21091904
21091905 7174084
21091907 21091909
21091910 7171297
21091912 21091914
21091915 21091917
21091918 14354272
21091920 21091922
21091923 14354070
21091925 14354278
21091927 21091929
21091930 21091932
21091933 21091935
21091936 7171565
21091938 14354074
21091940 21090012
21091942 14354151
21091944 7171387
21091946 21091948
21091949 14354276
21091951 21091953
21091954 21091956
21091958 21089611
21091960 21091962
21091963 7171369
21091965 7171463
21091967 21091969
21091970 14354153
21091972 21091974
21091975 21091977
21091978 21091980
21091981 21091983
21091984 21091986
21092722 7172364
7178149 7178146
21206002 21206003
21687615 2603653
3010323 3010321
23451742 8465621
9871099 23496918
9871099 9714539
9871099 2177829
9871099 23496919
9871099 2185584
9871099 23496920
9871099 23466758
9871099 23496921
9871099 23496922
9871099 23496923
9871099 9871097
9871099 9872432
9871099 8359218
9871099 23496924
9871099 2246937
9871099 23496925
9871099 2248863
9871099 2255602
9871099 9911621
9871099 2265612
23591777 23591778
23746427 413352
24102871 24102872
24102871 1119320
24102871 24102873
24120903 1050481
24719466 8446064
25008591 16917300
25133318 25133321
25133318 25133322
4566797 13578713
26817530 8427784
26885534 23687042
14266801 95626
14266801 27434125
14266801 21004128
14266801 14266782
14266801 27434126
14266801 27434127
14266801 14266799
14266801 27434128
27516937 27516939
27516949 21090122
27516963 14354728
27517350 14354392
27517352 14354313
27517354 27516706
27517356 14355237
27517358 7171576
27517360 7172553
27517363 27517365
27517366 14354682
27517368 27517370
27517371 27516767
27517373 27517375
27517376 14354398
27517378 27517380
27517381 7171994
27517383 27517385
27517386 7171828
27517388 27516535
27517390 21089945
27517392 27516883
27517394 7171816
27517396 27517398
27517399 27516769
27517401 27517403
27517404 27517105
27517406 7172004
27517408 14354717
27517410 7171739
27517413 7172391
27517416 27517418
27517419 7171481
27517421 14354721
27517423 27517113
27517425 14354724
27517427 27517429
27517430 27517432
27517433 27517435
27517436 27517438
27517439 7171584
27517442 27517444
27517445 14354089
27517447 7172014
27517449 27516543
27517451 27517453
27517454 27517456
27517457 27517459
27517460 27517462
27517463 7172055
27517465 27517467
27517468 7171886
27517471 27517473
27517474 27517476
27517477 27517479
27517481 27517483
27517484 27517143
27517486 27517488
27517489 14354373
27517491 27517493
27517494 27517496
27517497 27517499
27517500 27517502
27517503 21089939
27517505 27516935
27517509 14354370
27517511 27517513
27517514 21091790
27517516 14354140
27517518 27517520
27517521 27517523
27517524 27517526
27517527 21089499
27517530 27517532
27517533 7171886
27517535 27517537
27517538 21089532
27517540 14354592
27517542 14354751
27517544 27517147
27517546 27517548
27517549 21090126
27517551 7171293
27517553 21091664
27517555 14356564
27517557 27517559
27517560 27517562
27517563 27517565
27517566 7172412
27517569 27516935
27517571 14354546
27517573 27516621
27517575 27517577
27517578 27516641
27517580 7171509
27517582 14354263
27517584 27517586
27517587 21089684
27517589 27517591
27517592 14354702
27517594 27517596
27517597 27517599
27517600 27517602
27517603 27517084
27517605 27517607
27517608 27517610
27517611 7172500
27517613 21089538
27517615 14354125
27517618 27517089
27517620 7171353
27517622 27516713
27517625 27517627
27517628 14354508
27517632 7171896
27517634 27517636
27517637 27517639
27517640 27517642
27517643 14354101
27517645 14356342
27517647 27517649
27517651 14356173
27517653 27517655
27517656 27516634
27517658 27516824
27517661 27517663
27517664 7171690
27517666 7171694
27517668 27517670
27517671 27517673
27517675 27517677
27517678 7171924
27517680 27517682
27517683 27517685
27517686 14354324
27517688 27517690
27517691 21089724
27517693 14354321
27517695 14354319
27517703 27517705
27517706 27517708
27517709 14354332
27517711 27516718
27517713 27517715
27517716 27517718
27517719 27517721
27517722 27517724
27517725 27517727
27517728 27517730
27517731 7171409
27517734 27517736
27517737 27517739
27517740 27516732
27517742 7171590
27517745 7171617
27517747 27517749
27517750 7172584
27517752 7171613
27517754 27517756
27517757 21089757
27517759 7171623
27517761 7171627
27518252 7171990
27518254 27518256
27518257 14354472
27518259 27516999
27518261 27518263
27518265 7171580
27518267 21090542
27518270 21089550
27518273 27518275
27518276 27516690
27518278 27518280
27518282 27518284
27518285 27517502
27518287 27518289
27518290 21089604
27518292 27518294
27518295 27518297
27518298 27518300
27518301 27518303
27518304 14354598
27518306 27518308
27518309 14354133
27518311 27516630
27518313 27518315
27518316 27518318
27518319 27518321
27518322 27516578
27518324 27518326
27518327 27516632
27518329 27517178
27518331 27518333
27518334 21089819
27518336 27518338
27518339 27518341
27518342 7172084
27518345 27518347
27518349 27518351
27518352 7171864
27518354 27516555
27518356 27517520
27518358 14354140
27518360 21089550
27518362 7171372
27518367 27518369
27518370 27518372
27518373 7172090
27518375 27518377
27518378 27516978
27518380 27516976
27518382 27516974
27518385 27518387
27518388 27518390
27518391 7172094
27518393 7172044
27518395 21089567
27518397 21089587
27518399 14354805
27518401 7172102
27518403 27518405
27518406 27516601
27518408 27518410
27518411 7173539
27518413 27518415
27518416 27518418
27518419 27517196
27518421 27518423
27518424 27518426
27518427 7173778
27518430 27516771
27518432 7171828
27518434 21090179
27518437 27518439
27518440 27518442
27518443 7171351
27518445 27518447
27518448 14354113
27518450 7171527
27518452 21089967
27518454 27518456
27518457 7171539
27518459 7171731
27518461 27518463
27518464 21089682
27518466 14356239
27518468 14356244
27518470 27518472
27518473 14354231
27518475 27518477
27518478 14354231
27518480 21090184
27518482 27518484
27518485 27518487
27518488 14354819
27518490 21090190
27518492 27517216
27518494 27518496
27518497 14354833
27518499 27518501
27518502 7172126
27518504 27518506
27518507 7172136
27518509 27518511
27518512 27518514
27518515 21090214
27518517 21090216
27518519 27518521
27518522 27516584
27518524 27518526
27518527 27518529
27518530 27518532
27518533 21089574
27518535 14354161
27518537 21090025
27518539 27517225
27518541 21090200
27518543 27518545
27518546 27518548
27518549 14354384
27518551 27518553
27518554 21089839
27518556 27518558
27518559 7171713
27518561 27518563
27518564 21089829
27518566 27518568
27518569 21089846
27518571 27516848
27518573 14354454
27518575 27518577
27518578 27518580
27518581 27517231
27518583 27518585
27518586 14354163
27518588 27518590
27518591 14354485
27518593 27518595
27518596 27518598
27518599 27518601
27518602 21090220
27518604 21090222
27518606 27518608
27518609 27518611
27518612 27517028
27518614 21090226
27518616 14354852
27518618 14354650
27518620 21091948
27518623 7171926
27518625 27517032
27518627 7171902
27518629 27518631
27518632 14354235
27518634 27518636
27518637 14354087
27518639 21090150
27518641 27518643
27518644 21089737
27518646 27517159
27518648 14354590
27518651 21089608
27518653 21089538
27518655 7172532
27518657 14354607
27518659 21090138
27518661 27516710
27518663 14354165
27518665 27517034
27518667 27517038
27518669 7171936
27518671 27518673
27518674 27518676
27518677 27518679
27518680 7173903
27518682 27518684
27518685 14356430
27518687 21089980
27518689 27516710
27518691 21090057
27518693 27516587
27518695 21090059
27518697 27518699
27518700 21090061
27518702 27517058
27518704 21090142
27518706 14354170
27518708 27518710
27518711 27518713
27518714 14354252
27518716 27517166
27518718 27518720
27518721 14354258
27518723 27518725
27518726 7172059
27518730 27518732
27518733 27518735
27518736 14354627
27518739 27518741
27518743 27516608
27518745 27516987
27518747 14356376
27518749 27518751
27518752 7171545
27518754 27516662
27518756 27518758
27518759 27518761
27518762 7171898
27518764 27518766
27518767 21089676
27518769 27518771
27518772 7173976
27518774 27518776
27518777 7171303
27518779 27518781
27518782 27518784
27518785 21090154
27518787 27516679
27518789 27518791
27518793 27516624
27518795 7171305
27518797 27518799
27518800 27518802
27518803 7171493
27518805 21090021
27518807 27517001
27518809 7172065
27518811 27518813
27518814 27518816
27518817 14354304
27518819 14354781
27518821 27518823
27518824 14356626
27518826 27517172
27518828 27518830
27518831 27518833
27518834 27517026
27518836 14354635
27518838 27516576
27518840 14354605
27518842 27518844
27518845 27516594
27518847 27518849
27518850 21091554
27518852 21090160
27518854 7172071
27534086 27534087
27534086 27534088
28602156 17066111
29185098 29185100
29185098 2840645
29185098 15080112
29185098 17826301
29185098 24188906
29185098 29185101
29185098 7797887
29185098 24207126
29185098 29185102
29185098 17821207
29185098 29185103
18540994 3426948
18540994 3426950
18540994 4223328
18540994 29300682
29434476 8166379
30076219 11005714
30076219 30076220
30076219 22581024
30076219 30076221
30076219 30076222
30076219 23221441
30076219 30076223
30076219 24481766
30076219 25599597
30076219 12560016
30076219 17919882
30076219 26372936
30076219 30076224
30076219 4836679
30076219 8538556
29972588 8480631
4078014 4161304
31724797 15067799
31725421 1264149
33076198 23797709
33076198 25769375
33576432 777652
33576432 5673758
33576476 777652
33576476 5673758
33576476 33576477
14277669 1473954
14277669 16745824
14277669 2235305
14277669 841057
14277669 33649980
14277669 33649981
14277669 21015000
14277669 14277668
33721554 33721556
33721637 21089526
33721639 33721641
33721997 21089524
33721999 27516507
33722001 7171656
33722003 21089792
33722005 7171658
33722007 7173933
33722009 7171582
33722011 14354313
33722013 33722015
33722016 27516801
33722019 14354540
33722021 33722023
33722024 27516946
33722026 14354553
33722028 33721729
33722030 33722032
33722033 7171662
33722035 33722037
33722038 27517103
33722040 33722042
33722043 33722045
33722046 33721771
33722048 33721773
33722050 14354480
33722052 33721586
33722054 33722056
33722057 14354172
33722059 21090070
33722061 7171948
33722065 33722067
33722068 21090118
33722070 33722072
33722073 33722075
33722076 33721777
33722078 14354404
33722080 21090423
33722082 27517432
33722084 27517121
33722086 27516479
33722088 14355117
33722090 33721627
33722092 14354691
33722094 7171737
33722096 21089546
33722098 33722100
33722101 7172012
33722103 33722105
33722106 14355134
33722108 33722110
33722111 7171826
33722113 14354730
33722115 33722117
33722118 33722120
33722122 33722124
33722125 33722127
33722128 7172022
33722130 7172022
33722132 21089507
33722134 33722136
33722137 33722139
33722140 33722142
33722143 7171619
33722145 33722147
33722148 21089593
33722150 33721293
33722152 14354362
33722156 14354094
33722159 33721789
33722161 33722163
33722164 14354375
33722166 33722168
33722169 7171783
33722171 33722173
33722174 33722176
33722177 14355211
33722181 14354607
33722183 7171555
33722185 14354741
33722187 33722189
33722192 21090001
33722195 7171818
33722197 33721242
33722199 7171820
33722201 21090132
33722204 21090135
33722206 7172034
33722208 14354757
33722210 33722212
33722214 14354516
33722216 33721226
33722218 21089658
33722220 27517080
33722223 21090086
33722225 14354072
33722227 27516512
33722229 21089823
33722231 14354704
33722233 27517087
33722237 27516860
33722239 27516545
33722241 27516545
33722243 14354506
33722245 33722247
33722248 27516860
33722250 33722252
33722253 33722255
33722256 7171670
33722259 14355350
33722261 14354101
33722264 33722266
33722267 27516614
33722269 14354629
33722271 27516826
33722273 7171692
33722275 21089810
33722277 21089806
33722279 21090105
33722281 7171682
33722283 33721486
33722285 14354646
33722287 33721566
33722289 33722291
33722292 7171586
33722294 33722296
33722297 33721400
33722299 21089729
33722301 14354338
33722304 21089733
33722306 14354334
33722308 33721213
33722310 21089505
33722312 33722314
33722315 33721360
33722317 21089595
33722319 27516916
33722321 21089503
33722323 27516726
33722325 7171601
33722327 27517096
33722329 14354358
33722331 27516738
33722333 27517098
33722335 33722337
33722338 33722340
33722807 7171648
33722809 7171561
33722812 7171902
33722814 14354299
33722817 14354080
33722819 33722821
33722822 33721389
33722824 33721391
33722826 27516703
33722828 27517520
33722830 27516557
33722832 21090001
33722836 33722838
33722839 14354078
33722841 33722843
33722844 14356642
33722846 14354117
33722848 33721627
33722850 33722852
33722853 33722855
33722856 33722858
33722859 33722861
33722863 21089989
33722865 33722867
33722870 27517015
33722872 7174957
33722874 33722876
33722877 7171910
33722879 21090690
33722881 7173586
33722883 21090166
33722885 33721821
33722887 33722889
33722890 33722892
33722893 33721670
33722895 14354239
33722897 33722899
33722900 7171465
33722902 27517007
33722904 14354158
33722906 14355214
33722908 33722910
33722911 33721827
33722913 14354803
33722915 33721830
33722917 33722919
33722920 33722922
33722923 33722925
33722926 33721261
33722928 14354137
33722930 7171381
33722932 33721649
33722934 33721647
33722936 33722938
33722939 33722941
33722942 7171376
33722944 33722946
33722947 33722949
33722950 33722952
33722953 33722955
33722956 33722958
33722959 33722961
33722962 27518802
33722964 33722966
33722968 33722970
33722971 33722970
33722973 33722975
33722976 21090172
33722978 33722980
33722981 27517192
33722983 27517194
33722985 21089680
33722987 7172105
33722989 21089817
33722991 14354267
33722993 33722995
33722996 33722998
33722999 33723001
33723002 33723004
33723005 7171664
33723007 14354565
33723009 27516840
33723011 7173464
33723013 33723015
33723016 14354811
33723018 14354221
33723020 33723022
33723023 33723025
33723026 33723028
33723029 21089678
33723031 33721324
33723033 14356038
33723035 7173663
33723037 21089975
33723039 33723041
33723042 7171331
33723045 7172114
33723047 33723049
33723050 14354581
33723052 33723054
33723055 33723057
33723058 33723060
33723061 21089682
33723063 33723065
33723066 14354817
33723068 21090186
33723070 7172110
33723072 27517211
33723074 33723076
33723077 14354826
33723079 33721849
33723081 21089569
33723083 14354197
33723085 21090198
33723087 27516566
33723089 33721854
33723091 33721860
33723093 33723095
33723096 33723098
33723099 21090218
33723101 33723103
33723104 21091718
33723106 7171447
33723108 33723110
33723111 27516495
33723113 33723115
33723116 33723118
33723119 33723121
33723122 7171916
33723124 21090027
33723126 27516605
33723128 14354835
33723130 33723132
33723133 7172128
33723135 21089771
33723137 21089773
33723139 21089775
33723141 27516836
33723143 7171700
33723145 33721316
33723147 27516526
33723149 33723151
33723152 33721503
33723154 33723156
33723157 33723159
33723160 7171341
33723162 7171711
33723164 33723166
33723167 33721516
33723169 7171715
33723171 7171717
33723173 14354450
33723175 33723177
33723178 21090210
33723180 33721695
33723182 33723184
33723185 33721384
33723187 14354798
33723189 33723191
33723192 21089587
33723194 7173488
33723196 21090063
33723198 33723049
33723200 7171455
33723202 27517236
33723204 33723206
33723207 27517240
33723209 33723211
33723212 27517242
33723214 33723216
33723217 14354850
33723219 14354648
33723221 14354654
33723224 7171399
33723226 33721702
33723228 33721700
33723230 33723232
33723233 27516549
33723235 7172048
33723237 27517155
33723239 33721631
33723241 33723243
33723244 14354319
33723246 7171356
33723248 7171847
33723250 27516621
33723252 33723254
33723255 33721277
33723257 33721708
33723259 33723261
33723262 14354244
33723264 27517163
33723266 33723268
33723269 7172641
33723271 14354167
33723273 7171946
33723275 33723277
33723278 27517149
33723280 33723282
33723283 33721333
33723285 33723287
33723288 7171385
33723290 33721661
33723292 14354269
33723294 21089666
33723296 33723298
33723299 27516670
33723301 7171543
33723303 27517044
33723305 7171299
33723307 33723309
33723310 14354665
33723312 27516657
33723314 33723316
33723317 33723319
33723320 33721663
33723322 14354280
33723324 27518781
33723328 14354619
33723330 7171563
33723332 33723334
33723335 33723337
33723338 14356610
33723340 33723342
33723343 14354155
33723345 14356216
33723347 27517169
33723350 7173844
33723353 33723355
33723356 14354228
33723358 21089978
33723360 21090569
33723362 14354579
33723364 14354594
33723366 27516547
33723368 14354121
33723370 14354577
33723372 27516967
33723374 33723376
33723377 21089558
33723379 7171876
33723381 14354210
33723383 21089571
33723385 33721668
33723387 21091847
33723389 33723391
34519819 21653938
34519819 2982149
35128318 23281
35128318 982903
35128318 22050140
35128318 22177645
35128318 35128320
35128318 35128321
35128318 35128322
35128318 22026789
35128318 8202415
35128318 35128323
16657662 97123
16657662 1046048
16657662 22519188
16657662 4878001
16657662 35348822
16657662 522453
16657662 9021737
16657662 35348823
16657662 31331867
16657662 9722875
16657662 1046072
16657662 23782622
36163632 1874373
5751649 5751648
36377331 2430928
36552844 7763165
37441201 121725
37441201 76161
37441201 1517279
37441201 391899
37441201 10327995
37808224 9293
37808226 9293
39062120 33038650
39062120 39061892
39144133 2347943
39144133 29903866
15285346 15285343
39724966 39724968
39724981 33721740
39725332 33721470
39725334 27516765
39725336 14354315
39725338 21090542
39725340 21090359
39725342 39725344
39725345 21090001
39725347 21089597
39725349 39724820
39725351 39724817
39725353 21089910
39725355 14354204
39725357 33722892
39725359 7171411
39725361 7171906
39725363 7171349
39725365 21090113
39725367 21089903
39725369 39725371
39725372 39725374
39725375 39725377
39725378 7171335
39725380 27516906
39725382 27516893
39725384 39724800
39725386 39725388
39725389 14355058
39725391 7172002
39725393 27517071
39725395 14355264
39725397 39725399
39725400 21090074
39725402 21090120
39725404 27516891
39725406 39725408
39725409 39725408
39725411 21090417
39725413 21089601
39725415 33722922
39725417 27517126
39725419 21089621
39725422 39725424
39725425 33721525
39725427 39725429
39725430 21090126
39725432 7172727
39725434 21089507
39725436 7172024
39725438 14354743
39725440 33721291
39725442 21090130
39725444 39725125
39725446 33721215
39725448 27517132
39725450 39725452
39725453 39725455
39725456 7172018
39725458 39725460
39725461 33721450
39725463 7173470
39725466 39725468
39725469 33721354
39725471 7171578
39725473 7172570
39725475 39725477
39725478 7171327
39725480 27516746
39725482 14356427
39725484 33721617
39725486 39724595
39725488 39724946
39725490 14354115
39725492 39724948
39725494 39725496
39725497 7171845
39725499 27518823
39725501 7172030
39725503 39725131
39725505 39725507
39725508 14354295
39725510 14354426
39725512 33721346
39725514 33721204
39725516 27517113
39725518 39725520
39725521 27516505
39725523 27516904
39725526 33722176
39725528 33721862
39725530 33721568
39725532 39725534
39725535 21089651
39725537 39725077
39725539 7171507
39725541 21089649
39725543 39725545
39725546 27516500
39725548 39725080
39725550 27516757
39725552 39725554
39725557 21090099
39725560 39725562
39725563 14354711
39725565 39725567
39725568 14354506
39725570 39725015
39725572 21090019
39725574 39725087
39725576 14354625
39725578 14354621
39725580 27516989
39725582 27516790
39725584 21089726
39725586 39725588
39725589 39724813
39725591 21089624
39725593 21089619
39725595 39725597
39725598 33721758
39725600 27518318
39725602 7171688
39725604 39724620
39725606 21089656
39725608 39725610
39725611 39725613
39725614 39725616
39725617 14354317
39725619 39725621
39725622 27516868
39725624 33721404
39725626 27516715
39725628 39724769
39725630 21089735
39725632 33721412
39725634 21089501
39725636 33721420
39725638 39725640
39725641 39725643
39725645 33721431
39725647 14354356
39725649 21089743
39725651 39725653
39725654 39724790
39725656 27516741
39725658 7171625
39725660 21089759
39725662 39725664
39725665 27516744
39725667 39724815
39725669 7171652
39725671 14354388
39726159 14356331
39726161 27516822
39726163 39726165
39726167 7171578
39726169 39726171
39726172 39724760
39726174 33721733
39726176 39726178
39726179 33721394
39726181 39725153
39726183 39724670
39726185 14354605
39726187 7174064
39726189 14354785
39726191 39726193
39726194 33721531
39726196 7173491
39726198 21089821
39726200 14354390
39726202 39724809
39726205 21089542
39726207 39724989
39726209 39726211
39726212 21089992
39726214 27516969
39726216 21089544
39726219 33721683
39726221 27517021
39726223 21090035
39726225 39724788
39726227 7172075
39726229 39726231
39726232 27517185
39726234 7172077
39726236 39726238
39726239 39724660
39726241 39726243
39726244 14354633
39726246 39726248
39726249 39726251
39726252 7172086
39726254 21090431
39726256 14355992
39726258 33721258
39726261 27516564
39726263 39726265
39726266 7172538
39726268 7171870
39726270 14354601
39726272 39726274
39726275 39726277
39726278 39725004
39726280 39725000
39726282 21089556
39726285 27516928
39726287 33721232
39726289 7171757
39726291 33721540
39726293 14354191
39726296 14354629
39726298 39724687
39726300 21090701
39726302 39726304
39726305 39724606
39726307 14354807
39726309 7171449
39726311 39724617
39726313 21090176
39726315 14356442
39726317 27516811
39726320 7173623
39726322 39724856
39726324 14354518
39726326 39724629
39726328 21089678
39726330 14356219
39726332 27517204
39726334 21089878
39726336 39726338
39726339 33721340
39726342 39726344
39726345 7173696
39726348 7173691
39726350 7171485
39726352 14354119
39726354 39725183
39726356 21091953
39726358 39725186
39726360 39726362
39726363 27516775
39726365 33721844
39726367 27517213
39726369 39726371
39726372 27517220
39726374 39724691
39726376 39726378
39726379 39725195
39726381 21089646
39726383 39726385
39726386 39725204
39726388 39724665
39726390 21089880
39726392 33721862
39726394 14354241
39726396 14354185
39726398 7171469
39726400 27517559
39726402 33722212
39726404 39726406
39726407 39726409
39726410 7171914
39726412 7171775
39726414 33721856
39726416 39726418
39726419 27516749
39726421 27516755
39726423 14354379
39726425 33721456
39726427 39724803
39726429 27516697
39726431 39724858
39726433 14354436
39726435 21089827
39726437 7172130
39726439 7171707
39726441 21089628
39726443 7171329
39726445 39724693
39726447 21089843
39726449 39724867
39726451 39724865
39726453 27516850
39726455 33721513
39726457 14354839
39726459 39726461
39726462 39726464
39726465 39726467
39726468 21089582
39726470 39726472
39726473 33723254
39726475 27516926
39726477 39726479
39726480 39726482
39726483 33721864
39726485 21090228
39726487 14354846
39726489 27517244
39726491 14356064
39726493 21090043
39726495 39726497
39726498 27517032
39726500 39726502
39726503 27517153
39726506 21089491
39726509 21089980
39726511 39726513
39726514 7172633
39726516 14354127
39726519 39726521
39726522 33721552
39726524 39726526
39726527 14354661
39726529 33721552
39726531 21090050
39726533 33721279
39726535 7171497
39726537 39726539
39726540 39725038
39726542 21090055
39726544 39726546
39726547 39726549
39726550 39726552
39726553 39726555
39726556 14354669
39726558 39726560
39726561 21089689
39726563 14354671
39726565 7171403
39726567 7171286
39726569 33721719
39726571 39724682
39726574 27516486
39726576 14354250
39726578 33721348
39726580 39724708
39726582 14356389
39726584 7171515
39726586 21089664
39726588 39724585
39726590 27516649
39726592 39726594
39726595 27516498
39726597 14354663
39726599 27516666
39726601 39724732
39726604 33721311
39726606 27516672
39726608 21089672
39726610 39725146
39726612 27516985
39726614 27516568
39726616 39724653
39726618 14355261
39726620 39726622
39726623 21089687
39726625 39724750
39726627 39726629
39726630 39726632
39726633 7173378
39726635 21089695
39726637 39726639
39726640 27516684
39726642 7171489
39726644 39726646
39726647 39726646
39726649 39726651
39726652 14354151
39726654 21090590
39726656 21089563
39726658 33722961
39726660 7171904
39726662 14354777
39726664 39724656
39726666 39725640
39726668 14354779
39726670 14354287
39726672 39724753
39726674 7171567
39726676 39726678
39726679 21089540
39726681 21089540
39726683 21089546
39726686 14354623
39726688 39726690
39726691 33721675
39726694 39726696
39726697 27518595
21090033 21090031
40370222 9766593
40485829 40485831
40485829 40485832
40485829 40485833
40485829 31744035
40485829 28307592
40485829 7737100
40485829 16464596
40485829 37841735
40485829 3637409
40485829 22095641
40485829 4684114
40485829 28301216
40485829 22946163
40485829 40485834
40485829 7997339
40485829 40485835
40485829 4214709
40485829 40485836
36649778 3410710
41238513 156872
41238513 156904
41291514 24221690
41291514 41291515
41291514 1128170
41291514 35532997
41291514 41291516
41291514 41291517
41989686 10030252
42009859 316713
42365980 1694160
42490689 18182280
42522376 213613
42531410 15908065
54448 54432
42638901 3802512
7759279 7759274
7759279 42639676
7759279 29323329
42647118 5193057
43360689 8468987
43653230 10045366
44957898 777652
45298575 1319232
45572253 21089599
45572255 45572257
45572284 45572286
45572569 33721475
45572571 14354396
45572573 45572575
45572576 7171582
45572578 33721218
45572580 33721286
45572582 21089707
45572584 21090107
45572586 14354415
45572588 27517100
45572590 45572592
45572593 33721725
45572595 33721564
45572597 21089512
45572599 14354684
45572602 27517067
45572605 39725094
45572607 27516940
45572609 27516900
45572611 14354520
45572613 7171325
45572615 27517069
45572617 45572619
45572620 45572622
45572623 14354715
45572625 27517108
45572627 33721775
45572629 7171337
45572631 27516858
45572633 7172400
45572635 33721733
45572637 7171768
45572639 21089884
45572641 7171761
45572643 45572391
45572645 39725101
45572647 39725103
45572649 45572651
45572652 45572395
45572654 27517117
45572656 27517429
45572658 39725111
45572660 27517124
45572662 21091432
45572664 7171841
45572666 21090437
45572668 14354693
45572670 39725114
45572672 33721781
45572674 21090124
45572676 7171952
45572678 27517130
45572680 27517073
45572682 33721441
45572684 33721444
45572686 21089751
45572688 33721796
45572690 27517141
45572694 39724680
45572696 14354084
45572698 7171954
45572700 39724604
45572702 33721519
45572704 33721747
45572706 27516783
45572708 7171319
45572710 14354176
45572712 45572714
45572715 45572717
45572718 14354737
45572720 21090128
45572722 27516904
45572724 14354546
45572726 14356105
45572728 33721218
45572730 39725066
45572732 14354426
45572734 39724854
45572736 39724610
45572738 14354603
45572740 39724612
45572742 45572083
45572744 7171956
45572746 21090084
45572748 39725074
45572750 27517063
45572752 7171958
45572754 27516618
45572756 45571965
45572758 39725129
45572760 33721805
45572762 14354216
45572765 27516495
45572767 27516657
45572769 33723316
45572771 27516608
45572773 39724599
45572775 7172020
45572777 7173894
45572779 45572011
45572781 7171853
45572783 27517078
45572785 7171531
45572787 45572363
45572789 45572791
45572792 45572367
45572794 45572166
45572797 39725085
45572799 14356410
45572801 21090089
45572803 21090094
45572805 39726549
45572807 7171629
45572809 7171383
45572811 45572813
45572814 27516539
45572816 21090637
45572819 39725567
45572821 45572823
45572824 45572826
45572827 27516992
45572829 14354099
45572831 7171341
45572833 14354214
45572835 21091494
45572837 45572163
45572839 45572841
45572842 33721313
45572844 45572846
45572847 45572103
45572849 45572043
45572851 45572378
45572853 45572855
45572856 39724764
45572858 21089719
45572860 33721398
45572862 45572864
45572865 39725534
45572867 14354336
45572869 33721414
45572871 14354328
45572873 45572381
45572875 39725090
45572877 45572063
45572879 33721422
45572881 7171594
45572883 45572106
45572885 27516728
45572887 39724778
45572889 45572891
45572892 33721433
45572894 33721210
45572896 45572898
45572899 7171609
45572901 7171615
45572903 33721387
45572905 21089755
45572907 39724786
45572909 39724722
45572911 33721447
45572913 45572915
45572916 45572118
45573389 33721465
45573391 14354299
45573393 21089707
45573395 21089714
45573397 14354311
45573399 39725344
45573401 14356427
45573403 14354309
45573405 7171313
45573407 14354212
45573409 7171307
45573411 21089705
45573413 14354289
45573416 39724755
45573418 14354764
45573420 7172692
45573422 14356629
45573424 14354226
45573426 39724715
45573428 14355120
45573430 14354442
45573433 45572138
45573435 27516813
45573437 45573439
45573440 45572136
45573442 45572134
45573444 45573446
45573447 45572132
45573449 14354158
45573451 14354648
45573453 33721252
45573455 21089635
45573457 7171358
45573459 39724642
45573461 39724992
45573463 14354129
45573465 45572327
45573467 33721677
45573469 27516982
45573471 33721685
45573473 27517019
45573475 45571998
45573477 39724658
45573479 33721688
45573481 14354444
45573483 21090164
45573485 7171443
45573487 33721823
45573489 14354182
45573491 7171443
45573493 39724720
45573495 33721271
45573497 33721273
45573499 7171389
45573501 39724722
45573503 14354640
45573506 45573508
45573509 14354187
45573511 39725165
45573513 39725165
45573515 45572448
45573517 45573519
45573520 21091343
45573522 21090553
45573524 39724998
45573526 33721384
45573529 21089998
45573531 21089560
45573533 27516668
45573535 45573537
45573538 14354189
45573540 33721833
45573542 7171749
45573544 39724900
45573546 7172098
45573548 33721533
45573550 7172044
45573552 33721298
45573554 39725171
45573557 45573559
45573560 39725173
45573563 39726126
45573567 27516668
45573569 27516541
45573572 21089931
45573574 27517201
45573576 7171835
45573578 21089973
45573580 14356228
45573582 7173660
45573584 27517204
45573586 33721677
45573588 39726338
45573590 7173701
45573592 21089606
45573594 39724634
45573596 33721625
45573598 21090748
45573600 27517523
45573602 45573604
45573605 21090182
45573607 27518472
45573609 39724717
45573611 14354815
45573613 7171505
45573615 45572473
45573617 33721847
45573619 14354195
45573621 27516572
45573623 45572321
45573625 27517003
45573627 27516761
45573629 39725193
45573631 45573633
45573634 33721306
45573636 39724697
45573638 7172138
45573640 27517234
45573642 7171501
45573644 7172578
45573646 27516955
45573648 14354571
45573650 7171631
45573652 39724805
45573654 7171642
45573656 45572130
45573658 7171698
45573660 45573662
45573663 21089833
45573665 45573667
45573668 33721508
45573670 33721331
45573672 21089519
45573674 7171721
45573676 14354458
45573678 45573680
45573681 45572176
45573683 39725201
45573685 45572486
45573687 33721304
45573689 7172132
45573691 39725162
45573693 7171445
45573695 7171499
45573697 7172080
45573699 39725159
45573701 7171561
45573703 21089790
45573705 21090634
45573707 33721673
45573709 45573711
45573712 39725209
45573714 21090224
45573716 7172146
45573718 7172150
45573720 7172152
45573722 45573724
45573725 21091292
45573727 21090146
45573729 45573731
45573732 21090048
45573734 14354766
45573736 33721812
45573738 21090148
45573740 7173912
45573742 45573744
45573745 21089631
45573747 21089982
45573749 39725143
45573751 21091802
45573753 21089633
45573755 21089538
45573757 21091435
45573759 21090654
45573761 45572339
45573763 39725036
45573765 7171934
45573768 33721282
45573770 33721631
45573772 7172053
45573774 7171849
45573776 27516961
45573778 7171843
45573780 21090651
45573782 21091775
45573784 21090152
45573786 7172055
45573788 45572282
45573790 7173915
45573792 45573794
45573795 7171944
45573797 27517049
45573799 39725043
45573801 39725046
45573803 27517055
45573805 14354673
45573808 33721809
45573810 7172040
45573812 33721721
45573814 27516692
45573816 33721343
45573818 21089660
45573820 27516489
45573822 45573824
45573825 27516651
45573827 21089670
45573829 39724730
45573831 27516653
45573834 45572067
45573836 7171541
45573839 7171900
45573841 33721369
45573843 21090014
45573846 7171295
45573848 45573850
45573851 7171537
45573853 39724747
45573855 7171550
45573857 45573859
45573860 45573862
45573863 39725040
45573865 27516682
45573867 21089697
45573869 45571983
45573871 7171569
45573873 7171569
45573875 21089563
45573877 7171491
45573879 21090156
45573881 21089567
45573883 7172067
45573886 33721328
45573888 39724588
45573890 45572427
45573892 21089978
45573894 7171845
45573897 21089971
45573899 39726248
45573901 45572429
45573903 45572336
45573905 14354656
45573907 27517017
45573909 7171932
45573911 7173682
45573913 21090158
45573915 21090016
45573917 45572433
12262730 12262731
142650 184430
142650 149200
142650 23282
142650 4571853
142650 114636
142650 1219417
142650 146522
142650 34674813
142650 152550
142650 117124
142650 8219509
142650 35298720
142650 34584135
142650 1035718
142650 6839899
142650 34130738
142650 145440
142650 14929455
142650 22026789
142650 149213
142650 114603
142650 2460283
34512708 34512703
46797998 8707750
46797998 41342454
46797998 1337255
46797998 10789960
46797998 31823687
47641567 12017538
47789985 712762
47971204 25046561
48137101 2176108
48214234 9218831
48236614 34625346
48511930 45559061
48511930 42754205
48511930 8318689
48511930 1336830
48511930 36830741
48511930 16250451
48511930 3431036
49045194 41142503
28474356 6428687
8127604 777650
20806034 1265202
20806034 35563060
20806034 11051436
20806034 16073481
20806034 22046564
20806034 19022560
20806034 43807785
20806034 19020104
20806034 22615945
20806034 36545704
20806034 36545705
20806034 12171420
20806034 12179313
20806034 49535395
20806034 43808228
20806034 12168945
20806034 12168946
20806034 49535396
30605869 12471853
50042603 3101614
40485830 251557
40485830 29923225
40485830 11497412
51110573 777652
51110573 8403818
51110573 6805900
51110573 23179178
51110573 34874051
51187454 33661828
51244441 39724677
51244720 39724827
51244722 45572149
51244724 14354980
51244728 27516706
51244730 33722015
51244732 14354989
51244734 14354311
51244736 7172550
51244738 39724888
51244740 33721550
51244743 33721727
51244745 33721764
51244747 21090111
51244749 7171888
51244751 21090067
51244753 51244755
51244756 21089528
51244758 14354557
51244760 33721767
51244762 51244398
51244765 33721731
51244767 27516777
51244769 39724870
51244771 14355267
51244773 7171481
51244775 27516753
51244777 7171770
51244779 14354456
51244781 39724900
51244783 39724908
51244785 27517111
51244787 27517565
51244789 7172006
51244791 27517119
51244793 39725109
51244795 51244173
51244797 27516545
51244799 7171353
51244801 39724879
51244803 7172448
51244805 45572350
51244807 33721786
51244809 7172488
51244811 39725070
51244813 27517134
51244816 7171886
51244818 14355172
51244820 14354745
51244822 33721798
51244824 39725127
51244826 21089857
51244828 27516590
51244831 39724793
51244833 27516509
51244835 27516902
51244837 51244530
51244839 7172020
51244841 14354739
51244843 27516930
51244845 51244427
51244847 39725062
51244849 14356105
51244851 14354997
51244853 51244289
51244855 21090078
51244857 39725064
51244859 51244534
51244861 14354216
51244864 39724614
51244866 39725344
51244868 14356117
51244870 14354697
51244872 33721523
51244874 33721800
51244876 27517145
51244878 33721803
51244880 7172032
51244882 14354753
51244884 45572413
51244886 51244572
51244888 7172664
51244890 7173759
51244892 14354404
51244894 7172397
51244896 27516902
51244898 51244146
51244901 14354265
51244903 33721365
51244905 33721375
51244907 27517082
51244909 33721750
51244911 45572365
51244913 33721752
51244915 21089825
51244917 45572369
51244919 7171968
51244921 7171970
51244923 21090096
51244925 14354127
51244927 7173909
51244929 7171584
51244931 21090671
51244933 14355330
51244935 21090642
51244937 14354508
51244939 51244484
51244941 27516994
51244943 7171890
51244945 21089790
51244947 27516616
51244949 27516616
51244951 21090684
51244953 45573667
51244955 51244545
51244957 14354434
51244959 27516612
51244961 21091482
51244963 51244345
51244965 27516831
51244967 27516833
51244969 21090103
51244971 39724844
51244973 45572153
51244975 7171686
51244977 27516664
51244979 27517093
51244981 45572142
51244984 51244266
51244986 14354326
51244988 7171315
51244990 51244372
51244992 33721408
51244994 45572097
51244996 7171735
51244998 39724772
51245001 51244112
51245003 21089731
51245005 33721418
51245007 33721416
51245009 7171988
51245011 33721761
51245013 21089797
51245015 45572109
51245017 39724775
51245019 7171603
51245022 21089943
51245024 27516735
51245027 21089745
51245029 7171654
51245031 21089753
51245033 45572383
51245035 39724813
51245037 7171646
51245039 21090065
51245512 14354366
51245514 39724590
51245516 51244106
51245518 21089701
51245520 27516688
51245522 51244256
51245524 27516697
51245526 21089716
51245528 14355234
51245530 14355223
51245532 21089499
51245534 39724758
51245536 51244108
51245538 45572078
51245540 51244200
51245542 51244250
51245544 51244200
51245546 51244248
51245548 7172073
51245550 21090162
51245552 21091956
51245554 51244494
51245556 21089576
51245558 7171391
51245560 51244500
51245562 7171841
51245564 21089788
51245566 51244301
51245568 33721463
51245570 7171814
51245572 45572292
51245574 7171360
51245576 39724645
51245578 7171362
51245580 39725027
51245582 7171393
51245584 45571995
51245587 39724662
51245589 51244214
51245592 51244503
51245594 14354438
51245596 27517180
51245598 39725520
51245601 27517183
51245603 45572437
51245605 27516636
51245607 21089614
51245609 21089639
51245612 45572013
51245614 45572323
51245616 51244491
51245618 27516574
51245620 39724788
51245622 45572444
51245624 7172088
51245626 21091346
51245628 14355231
51245630 14355223
51245632 39724647
51245634 45572298
51245636 7171471
51245638 45571979
51245640 45572294
51245643 33721255
51245645 51244180
51245647 21090006
51245649 45572303
51245651 39725002
51245653 33721263
51245655 27517188
51245657 27516872
51245660 7172096
51245662 51244381
51245664 7171755
51245667 27516881
51245669 7171493
51245671 7174052
51245673 39724685
51245675 14354193
51245677 27516582
51245679 27516599
51245681 14354809
51245683 7171719
51245685 21089835
51245687 39725177
51245689 45572458
51245691 45572460
51245693 7171680
51245695 7171349
51245697 7171705
51245699 45572463
51245701 27516897
51245703 39724713
51245705 14354528
51245707 33721839
51245709 21089969
51245711 39724975
51245713 33721622
51245715 33721622
51245717 21091545
51245719 27517532
51245721 45572011
51245723 33723065
51245725 27516952
51245727 7171483
51245729 14354123
51245731 45572280
51245733 45573604
51245735 51244143
51245737 33721842
51245739 39724702
51245741 7174061
51245743 45572468
51245745 39724823
51245747 27517207
51245749 27517209
51245751 14354394
51245753 39725190
51245755 21090192
51245757 14354135
51245759 14354831
51245761 51244187
51245763 27517222
51245765 39725206
51245767 14354842
51245769 14354199
51245771 51244191
51245773 14354844
51245775 7172140
51245777 21090587
51245779 51244489
51245781 51244470
51245783 27517012
51245785 45572481
51245787 21089855
51245789 39724904
51245791 45572057
51245793 51244119
51245795 27516751
51245797 39725197
51245799 45572125
51245801 14354382
51245803 39724807
51245805 33721499
51245807 14354759
51245809 7171479
51245811 21089831
51245813 51244361
51245815 27516842
51245817 33721511
51245819 21089837
51245821 27516528
51245823 14354452
51245825 45572174
51245827 45572170
51245829 51244367
51245831 33721858
51245833 33721825
51245835 39725157
51245837 7171922
51245839 27516985
51245841 33721700
51245843 7171495
51245845 14354542
51245847 45572497
51245850 14354652
51245852 7172038
51245854 27518679
51245856 45572419
51245858 51244146
51245860 33721249
51245862 33721635
51245864 21090631
51245866 39726126
51245868 33721249
51245870 7171930
51245872 27517036
51245874 7173618
51245876 21089987
51245878 39724796
51245880 14354233
51245882 51244579
51245884 14354761
51245886 14354772
51245888 7171938
51245890 14354667
51245892 45572009
51245894 21089589
51245896 27517051
51245899 39725048
51245901 27517053
51245903 33721717
51245905 51244523
51245907 27517061
51245909 45572424
51245911 21089591
51245913 27516484
51245915 21089654
51245917 27516505
51245919 51244581
51245921 33721350
51245923 27516645
51245925 33721206
51245927 21089495
51245929 27516996
51245931 51244165
51245933 27517042
51245935 27517040
51245937 33721204
51245939 51244517
51245941 45572313
51245943 39724742
51245945 33721202
51245947 45571987
51245949 45572055
51245951 51244102
51245953 45571931
51245955 33721371
51245958 51244237
51245960 14354282
51245962 3003565
51245964 27516980
51245966 45571981
51245968 14354146
51245971 33721380
51245973 21089699
51245975 14355995
51245977 14354148
51245979 14354180
51245981 7171904
51245983 39725012
51245985 51244472
51245988 51244487
51245990 39725136
51245992 21089905
51245994 7171547
51245996 51244586
51245998 14354592
51246000 39725150
51246002 39724632
51246004 7172069
51246006 21091969
51246008 14354615
51246010 21089565
51246012 14354638
51246014 33721679
51246016 14354210
51246018 7173669
51246020 33721815
51246022 51244588
51246024 14354785
51246026 27518844
51246028 51244198
51625373 14662872
51625373 40116435
51658138 36426039
51658138 2410381
6919128 6919127
51900476 28233670
