606 656
28458 1800
29683 3493
33344 15109
41929 41935
73364 17865
87192 87198
93153 1965
123656 123662
146269 146290
214393 214395
255676 255684
276168 276172
279094 279105
279791 279797
282201 282220
290819 290823
298135 57414
303604 303628
305327 305335
306429 67953
308916 308924
313323 27571
316923 316929
325161 325165
335300 54620
346134 346138
357700 357706
368703 368711
372666 372669
387716 387733
396097 396101
409362 409367
425064 425066
433314 433318
434453 434458
435096 435101
439254 439256
439634 439638
449921 449923
450829 450832
457265 457279
466922 466925
486042 44810
547837 547843
548059 548066
574527 574534
609751 609771
622283 622290
626449 626451
10167 630090
650955 650957
679820 679829
680939 680941
681330 681334
699252 699255
700631 700634
705039 705048
717575 405808
721577 721581
722560 722562
742327 742330
744078 744092
748164 115917
753345 753348
755650 755652
767741 27571
769098 769101
780753 780759
781902 781907
782200 782204
785348 785351
799551 799563
811382 520237
813688 813695
815977 104698
821629 160086
823691 823694
839039 839043
840219 840222
857095 602126
865627 865635
874685 65843
876524 876528
878179 444245
878702 878708
223292 879727
883343 883346
889186 889190
891217 891223
898743 898751
899591 899596
899776 899778
905336 130834
910010 910012
910876 109553
913953 913956
918116 918118
918442 591617
923999 924003
940914 940919
944533 944537
947623 947629
952326 952334
952529 952533
959617 959619
959686 959690
975184 975186
985398 985402
990364 163069
999520 999522
219892 1000406
1003998 15350
1005173 67953
1009226 1009237
1009925 1009929
1024167 1024170
1032853 1032861
1042995 1043003
1046326 1046334
627434 134440
627434 27899
1048843 1048845
1056297 202089
1057374 1057377
1059006 115085
1066251 1066254
1079374 1079377
1079985 1079988
1081400 1081403
1086392 1086397
1088499 1088504
1106117 144396
1115709 1115712
1122858 1122860
677132 1124341
763033 1129469
1133315 1133319
1136090 1136092
1141404 1141406
1143659 1143664
1145313 1145322
1145628 1145633
1147075 1147077
1162298 32299
1164627 1164629
1168068 1168072
1216983 893687
1233555 1233557
1239714 1239719
1243350 1243356
1243994 1243999
1245307 741916
1250435 1250439
1255667 1255670
1258030 1258033
1282423 67953
1285813 1285815
1289335 1289338
1297122 55525
1299572 1299579
1302016 1302022
1352244 511465
1354545 353008
21199 1355065
1359261 1359263
1378875 1378877
1381390 1381392
1386602 1386609
1412121 1412124
1421072 1421079
1422983 1422987
1431491 1431495
1443030 1443032
1445493 1445496
1456083 1782
1472711 40643
1476847 1476849
1479133 1479137
1529870 61719
1539237 95244
1547553 1547555
1549209 1549212
1556781 122285
1559532 1559534
1559863 1559867
1570285 1570289
1576237 1576241
1581017 1581019
1581716 363614
1584639 1584641
1585614 1585618
1586637 1586639
1588764 676670
1589627 198777
1590012 1590015
1591053 1591055
1591095 1591099
1591796 1591798
1592851 1592853
1601846 1601849
1606611 39127
1607800 1607803
1634562 1634564
1643068 248149
1679667 1679671
1681879 626080
1699055 104577
1704047 1704049
1709677 1709680
1713735 1713737
1737636 1737638
1738914 5807
1738977 1738979
1748852 1748855
1758724 1758727
1758850 1758852
1772576 1772603
1776597 48276
1779454 1779456
1781143 1781151
1781554 1781556
1794165 1794167
1795709 1795711
1796582 1796584
1805151 1805153
1810084 1810087
1813677 1813680
1813966 1813973
1814782 1814784
1824459 1824461
1825389 1825392
1825685 1825689
1827470 823933
1833653 1833655
1834921 1834923
1836363 1836365
1838517 1838521
1839763 91019
1854331 1854333
1854618 1854621
1855240 1855242
1858674 1858677
1858834 1858836
1860199 1860201
1872932 1872934
1873010 1873012
1882540 1882542
1890402 1890406
1892035 1892038
1905829 1905831
1910541 1910543
1913000 1913002
1917391 1917393
1922400 1922403
1931082 1931084
1933080 1933082
1936572 1936574
1940532 1940534
1954760 1954768
1960524 1960528
1961103 56293
1962168 1962171
2000826 2000828
2098622 2098630
2105276 2105280
2113789 2113792
2129527 2129531
2140937 189712
2142942 104960
2144046 2144048
2160275 2160279
2161227 503093
2189031 311075
2224529 2224531
2229750 2229753
2246768 2246770
2270895 40433
2289733 2289736
2290574 2290576
2297177 2297179
2301561 2301564
2304513 2304516
2313536 141313
2350591 2350594
2350642 2350645
2352413 2352417
2354016 22286
2360492 2360494
2364794 1691475
2367267 2367269
2368401 1859893
2377025 2377027
2391415 333561
944353 2391451
2395497 2395500
2424970 2424973
2426559 2426561
2431835 2431837
2439370 2439372
2440159 2440164
2442726 1963776
2456965 2456968
2462682 2462684
2463250 2463253
2469917 2469919
2470612 74005
2481439 2481441
2488894 2488897
2492709 2492712
2499653 2499656
2507440 2507443
2512383 2512385
2513114 2513116
2513242 2513245
2516796 2516799
2517040 2517042
2517983 2517985
2529565 2529567
2546224 2546227
2571214 2571216
2582207 2582209
2611484 2611486
2634755 1130461
2645071 774498
2385074 2646034
2654012 2654015
2701457 2701464
2743813 2743816
2748924 2748926
2748936 2748940
2772618 2772620
2806371 2806373
2814459 2814461
2827178 2827182
2830818 2830820
2832792 1181064
2850446 2850448
2855198 2855200
2867160 2867162
2876840 828044
2894971 1307323
2898104 2898107
2917663 2917667
2920093 2920096
2948059 2948061
2954096 2954098
2954157 2954159
2958591 2958595
2962387 2962391
2966654 2966656
2966906 2966908
2972983 2972985
2978937 2978939
2983327 2983329
2984939 2984942
2986516 2986518
2449336 2992186
2995309 2995311
3010207 3010212
3015044 3015047
3017045 3017047
3018146 1434557
3040619 3040621
3056449 3056451
3060638 3060640
3061207 341317
3062970 375729
3064245 85060
3064299 3064301
3141869 3141871
3303549 3303551
3349420 3349423
3385913 3385916
3388583 3388585
3504840 120760
3506436 105644
3530062 3530065
3554380 3554382
4061098 4061102
4062385 4062388
4062797 4062799
4113544 4113546
4128080 4128083
4128410 4128412
4152094 4152096
4165449 4165452
4165586 4165589
4169225 4169227
4196618 4196620
4200453 64806
4200978 4200981
4210515 4210519
4210688 3050849
4217066 3512576
4218473 4218476
4219417 273201
4220515 985711
4220609 4220615
4220684 4220687
4222567 4222569
4225209 4225212
4309746 4309748
4463602 4463607
4466880 4466882
4589997 4590004
4628979 4628982
4641000 4641004
4696868 4696871
4717711 4717715
4718134 4718137
4719619 1875122
4748687 4748690
4752471 4752473
4756091 4756093
4758268 4758272
4821208 4821212
4845537 4845539
4845620 4845622
4886484 4886486
4900335 220304
4902965 4902967
4903006 4903008
4975229 593777
4976757 4976760
5111550 5111552
5114845 5114848
5186235 5186236
2724335 279463
5198576 5198578
5198624 612173
5198687 5198689
5217794 5217797
5582963 697485
5582969 5582972
5672240 5672242
5823206 459960
5823328 5823330
5843796 5843798
5843897 5843899
5853854 546299
6329298 6329301
6348572 6348574
6352869 6352871
6368762 6368764
6377806 6377808
6400597 6400601
6799539 6799548
6865828 291090
6865892 892311
6890086 6890092
7009651 1493
7343946 7343952
7505619 985154
7563126 7563129
8072349 3453001
4244169 10876
78825 62347
82885 67953
1214628 40490
8141055 12494
777648 8146256
8177407 592499
8183041 8183044
8190339 8190341
8193201 53120
8239289 6849
3673006 43978
8257560 8257563
8267048 8267051
1427697 66481
1434940 637109
2974383 8292581
8354014 79958
8369178 53132
8400029 50728
8401621 8401626
8415850 8415853
8419196 3636258
7827882 48211
8433340 8433345
3396012 32738
8494363 8494365
8495371 8495374
8495636 2441728
2583165 8497698
8515279 8515282
8528266 8528275
8529688 8529691
8575054 961699
8602996 953563
2559332 8613091
8622053 49903
8633377 3274284
777649 401092
8645856 374173
8682630 8682637
8704662 8704665
7352124 8727915
8728616 8728623
8741144 8741146
8749869 979126
8752064 8752067
8762785 8762788
8770790 8770798
8771178 662386
8776716 645466
8799606 8799610
8802251 1765930
8805923 8805925
8807308 8807312
8824405 8824407
2407797 6538
8842252 8842254
7177510 289079
3267533 132328
8911808 8693569
8933814 157769
7177507 4216186
8963343 86461
8981877 8981882
9026556 115450
9030443 46523
9030564 9030566
9031054 9031059
9032151 1138082
9037879 890141
796488 618487
9086080 9086084
9113808 9113818
9115953 1250616
9157821 9157824
9223524 9223526
8949520 390274
9255266 45114
9263849 9263852
9266555 9266557
9308431 9308433
9329663 9329665
9335081 9335083
9352783 2162246
9362740 56898
9370711 9370713
9380418 8158326
9407274 9407276
9419631 9419635
9428910 9428912
9428990 410845
9439411 190290
9450199 186341
609761 8605157
9472047 9472052
9472198 9472200
9476100 672115
9486261 9486264
9495149 9495151
9504862 692085
9508550 92312
9525382 9525384
9541944 88371
9565046 709696
9581971 9581973
9597149 9597151
9608382 9608385
9631250 9631254
9637816 9637818
9645428 9645430
9660395 9660397
9674128 9674131
9699393 9699395
1872219 9710803
7990052 9716915
9721481 9721484
9734026 1100731
3818990 9784688
9791659 4678507
9809694 718073
9813250 416996
9814473 3513239
9814728 590832
9814983 9814987
9831655 9831658
9832279 9832281
9832344 14041
9834704 9834708
9938361 9938363
9941054 9941056
9941714 515887
9947919 9947922
9948973 9948976
9966081 9966083
9969738 9969741
9980027 8148963
9985490 9985492
9986981 9986987
9999902 9999904
10006421 10006423
10012681 506265
10012716 37729
10012831 10012833
10014696 868176
10029326 9071856
10033319 10033321
10047700 10047703
10049358 10049363
9946758 10050267
10051243 10051245
10054836 10054838
10055122 10055124
10066921 10066923
1216988 893687
10091021 10091023
10091189 10091192
10101793 2741177
10101798 10101800
10101874 10101876
10102526 10102529
10129869 10129871
10131244 10131246
10132545 4696105
10145133 10145136
10147299 605534
10149016 877920
10151290 10151294
10152011 10152013
10164564 10164568
10170153 10170156
10175204 10175206
10175856 54073
10177489 317715
10182710 10182713
10191503 7826062
10236359 10236361
10246826 257652
5799343 973386
10281700 10281703
10282066 860674
10323419 10323421
10343817 10343820
10370237 2389965
10371325 29676
10371343 10371345
10377946 10377948
10380951 10380964
10382566 928920
10407453 10407456
10413411 10413413
10415057 10415061
10415481 813826
10415513 10415516
10419423 10419426
10424597 10424599
10427554 762140
10427730 10427732
10427881 10427883
10440520 10440522
10442490 10442493
10449454 10449459
10450179 10450181
10451119 10451121
10457069 877173
10459895 10459898
10461864 155196
10466322 10466324
10467911 10467913
10468618 73414
10496827 10496831
10498901 10498907
10499088 10499091
10499835 954008
10502597 10502599
10507364 10507366
10508344 10508352
10511819 769209
10513753 870131
10514184 10514186
10517225 10517229
10525025 10525027
10525041 614543
10533623 1105443
10536507 564967
10536531 10536533
10539039 10539042
10539612 9166354
10539735 10539737
10543001 10543003
10543730 10543732
10546988 10546990
10555535 638765
10557327 10557329
10565553 10565556
10571684 10571687
10580015 10580017
10581338 10581341
10588719 10588721
10591107 93501
10597305 10597307
10597353 10597356
10600992 10600994
10601609 10601611
10619818 10619821
10641164 8957138
10678896 10678898
10690172 10690174
10692621 1976327
10785732 10785733
10795375 636765
10826028 624704
8559393 1582613
11003270 11003272
11045051 11045054
11106856 11106858
11284315 4678380
11420850 2859009
11528309 809569
11538306 4336775
11559887 11559889
11572879 11572881
11574315 11574318
11592023 11592025
11607910 172200
11622656 11622659
11636048 11636050
11639642 837499
11641430 11641432
11647215 11647218
11648953 55099
11654648 139311
11656423 11656426
11657321 642446
11657559 11657563
11657952 11657955
11666077 4680265
11693860 11693865
11712582 1374154
11721673 11721675
11738514 11738517
11757482 11757484
11764359 102658
8023546 53395
11869133 11869135
12013019 12013022
12111386 1056880
12114558 12114561
12147827 12147829
12212089 1664832
12219217 12219219
12219536 12219538
12226867 12226869
12227002 12227005
322803 10063761
12343716 390354
12430212 8155770
12438330 12438333
12469611 12469614
12542783 12542785
12542815 12542818
12542883 12542886
12542907 4678177
12542951 12542954
12542986 12542989
12543033 12543036
12543048 12543050
12543081 12543083
12906928 449837
13129278 13129280
13134026 13134028
13590008 13590011
13592653 13592655
13593890 13593893
13593904 13593907
13600236 11490952
13611415 13611417
13611738 13611740
13614919 504077
13916487 10796840
13997515 13997517
14016689 14016691
14017300 14017302
14018566 14018568
14034849 461806
14072878 1111869
14202510 14202512
14229027 14229029
14361473 155242
14366445 284991
14768080 14768082
15072777 316094
7642991 15089209
15106030 6309226
15202833 15202836
612 996716
2756364 2419488
2150133 15241425
1033871 15241484
3098611 15263752
15275949 15275953
806155 15276470
8558704 446048
15286884 15286886
1006924 15109
6316894 178141
15315829 15315831
15329877 15329882
15388144 292702
356176 31505
15395572 15395576
15398574 293109
4669058 47295
15419266 374598
15424061 14067542
15425531 15425541
25282 15466937
15509147 38547
15515185 15515188
15518169 15518171
15525267 15525269
732365 15525544
15527461 53105
46776 69792
15562682 15562687
15566337 15566340
15568671 15568673
1342583 15577075
14659481 15584762
15629747 337731
15647210 15647212
15647537 15647541
15648104 9158040
6432324 15650449
12184822 162874
15667072 15667075
15683009 15683012
15689074 15689077
15700879 15700883
15708474 15708477
10669171 15710224
15726227 15726229
15733818 188075
15735024 15735028
15740249 15740253
15741507 15741509
825587 15745639
7196736 15753619
15757648 15757651
15763761 4136605
1099326 15766713
15770286 11669516
15774068 1289208
15775669 15775672
12568410 3453170
2700028 104395
39597 15790846
15802248 15802253
15818465 15818467
322257 250240
15826009 223756
15838344 15838350
15840793 15840802
3155936 15844720
9978302 826023
8854911 15846318
1748854 15849619
15864718 302383
15879903 15879906
15879938 623716
15886237 2671731
10905911 314554
15890850 15890852
15893162 403498
15894068 5202140
15894739 15894741
15905175 15894818
15918854 15918857
15920848 240508
15922955 15922957
15923016 15923018
15927679 15927684
15931659 1087649
15933679 15933683
1234149 27867
15936340 15936344
15939190 15939197
15946136 703060
15960161 292702
15961756 15961758
15961949 15961952
15964210 15964214
15964301 15964303
1933149 160071
15983450 15983452
15989902 116329
15996466 15996468
16003250 16003252
16018772 16018774
16020260 16020263
8964411 16020297
1054663 604543
16024287 16024290
16024977 16024979
16027130 256582
1838235 16036726
16049184 16049188
3107044 16049533
16051298 37710
16054202 16054206
16056132 16056135
16059354 16059358
16070544 16070548
2854000 61293
16084752 16084754
871783 16086955
16091331 16091333
16094843 16094848
11527082 1172977
11284960 16123584
11579154 724258
16125369 16125373
16125462 16125469
16129168 16129171
7547403 16130061
16148809 16148811
7297042 36444
16165395 16165399
16168068 41718
16169277 379580
16170563 16170565
16172028 16172030
1081435 16181568
16194445 16194447
16215708 16215710
12892402 16221910
8774503 16225337
16227750 16227752
3913545 11581841
16238909 16238911
16242582 16242586
16263407 16263409
16276701 16276707
16280805 16280808
1181900 16288374
16295351 16295355
16295633 16295635
16303968 25454
16307607 16307610
16308551 16308553
16312823 8657529
2378837 315749
16320364 8283475
16333602 3283660
16339004 61719
16341142 16341144
16373254 54606
16380325 16380327
16392879 16392881
16413720 523780
16415844 16415846
131789 16429928
13965007 512164
16435855 16435859
16440842 16440844
11535773 80753
16441772 16441774
16477698 2300956
16479390 16479392
4453102 16484098
16487647 16283056
16489448 16489450
16494007 16494012
16503285 16503287
16514041 16514044
16517398 16517400
16519777 16519782
16523118 16523120
16524748 16524750
16528236 16528238
1736370 16528985
16533030 16533032
9709978 16535640
1858042 16538110
8783405 16538277
16541941 16541943
16545444 16545447
16550575 16550578
16556181 27571
16558165 16558167
16559412 16559419
16560325 3453104
16563062 16563064
16565001 16565003
14301941 16566797
16570044 16570046
16570460 16570462
16571125 16571128
13915897 246070
16575151 16575153
16579784 16579788
16511353 16588739
16589403 16589406
1804733 613936
16616015 17655
16618696 16618698
16619411 16619415
16630419 16630421
16637746 16637748
16647223 16647231
16684393 16684395
16688292 15443330
16695683 16695686
16709138 16709141
16718639 16718641
16719932 16719934
16727808 16727811
9246695 1016734
16770047 16770050
16787946 53590
16801503 96714
5081970 45396
16809499 16809501
16810321 1563589
16811311 16811313
16811577 16811580
16821210 16821212
16826838 30435
2174729 16844059
16881699 13953742
16924205 16924207
16926869 1369263
16932747 16932750
16933512 56543
16945409 838374
16964316 16964318
16966430 16966433
16971676 3577141
16981102 12074932
16982553 16982555
16982997 16982999
16987225 16987228
16987244 16987246
16990977 16990979
17007468 67953
17008128 17008130
17028234 17028236
17034335 17034338
17043800 3288610
17044841 17044843
17047373 17047375
17064846 17064849
17064893 155260
17066265 17066267
17072021 17072022
17089539 157705
7813441 134423
17100009 17100014
17102031 17102033
17107611 17107613
17108483 17108485
17123558 1382477
17137406 3589101
17157608 17157610
17169238 17169240
17185906 17185908
17218128 17218130
17268507 17268509
17268685 17268688
17280527 17280529
17284996 1571888
17304570 204246
17304855 17304857
17306586 17306588
17319303 17319305
17343004 17343007
17354394 37943
17368234 17368237
17370065 17370067
17370139 17370141
17370290 17370292
17379007 17379009
17382082 17382084
17390416 124251
2479612 3455070
17417821 17417823
557150 17435812
17440014 17440018
17441981 296872
17447767 17447769
17448522 17448524
17454634 1703782
17456150 17456152
17462944 17462947
17463504 387806
17464210 143759
17467787 17467789
17469050 100168
17475908 17475910
17477881 1249573
17483584 17483587
17484526 17484529
17485197 17485199
17485811 17485813
2929995 2265099
17492741 17492743
17493700 17493702
17493857 17493859
17501899 17501901
17502044 17502046
10789469 17505010
17509421 8995670
17509996 69841
17515177 17515181
15848604 17520457
17526557 17526560
17527137 1090090
17531704 17531708
17539903 17539907
17553459 17553461
17554104 17411385
17554732 17554734
17555189 10780521
17555257 297433
17555929 990983
17558234 3515249
17558329 257638
5673660 335897
17621623 628309
17629462 17629464
5853878 460099
17743712 17743715
17747496 55979
17827836 17827838
17831121 810061
17870085 520164
18184284 18184286
18383475 18383477
18386165 18386170
18415203 132212
18428167 18428170
18436600 57402
18446386 18446388
18480785 204905
18481406 926139
18481757 18481759
18486531 5979208
18492616 18492619
14661352 18493656
18496287 18496289
18508428 102186
18509643 68353
18518564 49396
18519165 18519168
18521901 18521903
18522874 3512275
18527564 18527566
18529119 18529121
18530024 18530026
18531052 18531054
18531066 18531068
18531870 2239117
18535976 18535979
18536543 18536545
18537804 18537809
18538222 694480
18538301 2819722
18626409 18626411
18761572 18761574
18761908 257637
18761994 7812657
18764932 18764934
18830013 18830015
18832924 18832927
18854173 2638347
18856092 18856094
8249797 4675345
18956938 18956940
9630734 18972690
18994058 99650
18999559 18999563
19000532 19000534
19001681 19001683
19023613 257645
19039192 19039194
19068400 19068403
19077719 56192
19130338 19130341
19187243 19187245
19258588 280736
19302319 19302321
19305607 1464763
19307570 19307572
19324959 19324961
19374525 19374527
19374636 11888618
19374673 19374675
19374724 19374727
5382889 9619509
2454463 19722644
19774738 19774740
19841025 19841027
19903221 356533
19525774 19908224
19910019 8567121
19911367 32502
19926866 19926868
609762 19928718
20057124 52899
1435959 2880535
20359826 20359828
12354278 3514355
20360919 524309
20366405 20366407
20377029 20377031
20379733 20379735
20385130 20385132
20431370 20431372
20537867 20537875
20679678 20679680
20770271 20770273
20820190 291090
20840341 20840343
20867862 284524
20942463 20942465
20942989 302265
21074798 21074800
21112504 122192
21248389 868551
21488842 21488845
21497455 21497456
21922575 11105495
148658 167
2549639 41926
21964208 21964212
9721486 1781
4906967 21976502
3100849 21984816
21987781 21987787
22070537 53694
22075098 981264
22077784 22077788
6743870 26398
22106906 22106911
4913464 20984
2895340 94954
22130029 12074325
5204358 853846
3280754 505740
22141911 20744
3518989 4322
14496953 922502
22187596 22187599
22195821 58006
22199873 22199876
22200612 17923827
22212965 1097401
3089893 22214194
22231570 22231574
797292 47698
22274675 4680355
22296663 22296667
2651305 18531054
22376103 988354
22386291 22386297
22389287 22389292
28594 32278
22402897 3512544
16645251 22417111
10725203 187780
1690745 609771
4070971 22443540
22468429 22468432
19112065 53132
4585109 1469090
22509190 1774807
5082467 22562213
22584474 59169
22585725 22585727
22588202 22588207
22590028 1306882
22593872 22593874
22598695 554216
22600684 22600688
2435815 44064
22637899 22637905
22639241 22639244
22642820 1591458
8016641 49903
22678279 132722
22681027 10614915
6272854 54752
22710034 514653
22719152 22719154
22729433 22729436
22729826 22729830
22729826 6803321
15059136 13937459
22825866 22825872
22839155 22839157
245829 22865970
7614164 14350
22882688 22882690
10700128 1357083
22941222 22941225
22948183 22948185
15123138 2658
22964975 22964978
22970117 105924
5988240 43978
22978508 340934
22995108 22995111
23024679 704715
23035118 572213
23060956 23060958
23061557 592344
23063790 315378
23068109 2736521
23108814 13946866
23110797 23110799
23115334 133331
23122907 23122909
21671865 23147604
23186773 413229
23194509 23194511
23204086 23204087
23214883 23214885
23221341 23221344
23241007 11009275
23247156 388665
23258790 299564
23277788 45107
23293236 23293238
23299496 331841
1900047 23306894
14229674 172202
23313400 1591798
23314197 12427
23314764 23314766
23330391 23330393
23343437 392707
23360094 9410
23402757 807515
23407882 721028
23419804 23419808
23420165 3056768
23427407 23427409
23427654 23427656
23427770 23427773
23429224 23429226
16855079 23429545
23429714 8380184
23430272 3275951
23430520 18424038
23430555 23430557
23430596 23430598
23449827 8492450
23476713 23476715
23492308 23492310
23516046 602104
23522238 23522240
23545368 23545375
23545378 23545381
23549809 23549811
23550539 23550541
23578131 23578133
23578143 9822765
23579353 23579355
23581114 9507418
23581222 1043472
23581744 23581746
23607767 23607769
23621493 23621496
23633285 16288808
23635743 4037613
23645643 2162177
23650039 629215
23651664 15899605
23651887 30362
23653837 22193078
23655839 23655842
23665490 23665495
23665940 617018
23674408 544539
23678149 23678152
23682442 23682444
23685218 23685221
23705119 23705123
23705758 617772
23705968 14790546
23706585 23706587
23709453 23709455
23734833 23734836
23752291 52587
16511272 23763994
23770484 23770486
921202 23777983
23781257 8415982
23786270 23786273
23793521 358290
9966095 23804318
23808344 23808348
23819728 3759703
23821219 23821221
23824386 2077788
23824618 528757
23827499 84952
23860975 23860977
23868126 23868128
23881657 23881660
2209442 23885801
15764901 23894406
23899216 23899219
23913724 102882
23924362 238460
23951581 23951583
23952631 23952633
23955465 15533378
23955757 23955759
23956241 155260
23960864 23960866
23961929 23961931
23962989 1024985
23969375 23969377
23970684 23970686
23978271 23978273
23985793 23985796
23985797 23985799
23994735 23994738
10589909 1016794
24001027 24001030
24004065 156256
24007999 17836875
24012100 24012102
24039089 24039091
24050727 24050729
24053442 9768214
24054431 24054434
24063748 8337467
24070354 3645418
24070669 15716827
24070722 24070724
24073327 24073329
24078438 173713
24078964 599638
24079183 2526409
24082356 24082358
24084590 24084594
24095313 18010251
24097114 3513017
24097523 10683
24102468 24102471
24105001 22760587
24105777 24105779
24111763 24111766
24118462 32178
24124522 24124524
14123210 24125405
24126691 21941724
24127021 24127025
24143580 24143583
24144768 24144771
24171526 54709
24195247 1362727
24197010 24197012
24230604 55301
24238914 1606741
24251188 24251191
24282138 41580
24312356 608822
24437369 24437371
24462326 10605
16645248 24577347
24675127 757467
24708015 2078196
4664265 1004299
3913542 3275103
24953464 24953466
24966746 1111869
25003295 25003297
25023859 23273886
25026410 25026412
25033885 25033887
25058576 25058578
25058612 25058615
25064906 691653
25068584 13491697
25069436 107790
25069993 25069996
2670884 25070635
25074499 25074501
25074674 25074677
25075000 25075002
25077535 25077537
25077675 11147730
25085102 25085104
25284232 25284234
25358545 7936490
25360765 25360767
25428048 25428050
4564401 813426
25471670 23608751
5198616 1252726
25524566 10393837
25525158 25525161
25580275 973336
25594958 9227562
25628176 25628178
25646085 25646088
25694347 413789
25714346 25714348
25728910 25728913
25729265 25729267
25748568 25748570
25809868 3515261
25812248 15808299
25812497 25812499
25816364 25816367
25871326 25871330
25880733 25880738
25880754 25880756
25880829 15916019
25880855 25880857
25880916 25880918
25880954 25880956
25880973 25880976
26175524 299694
26175564 26175570
26264127 751270
26322844 1004299
26330018 4678872
26356192 26356195
26376563 26376566
26379678 511522
26382164 26382166
26395469 26395471
26396064 26396066
26399801 429207
26404565 26404566
26578608 26578610
26782130 26782136
26811307 17737878
26812253 316094
26812481 122294
26812485 26812487
26812489 26812491
26828209 751270
26830785 26830787
26856153 308582
26877131 26877137
26947363 26947365
27153839 27153841
27156119 27156121
27264613 27264616
27270456 27270459
27373420 2432117
27931943 722699
27964956 8134064
4595668 15906073
10714407 122303
28339921 15513789
14769005 28340310
2150131 12494
39862 162
707553 760
16645246 25455756
5118380 27571
282157 7336
8121451 46541
469766 941703
386749 28442681
7714131 105377
28520247 22590882
28528477 28528479
1835505 55491
28549366 23310133
714643 28549520
2835042 681141
1410698 2419854
3100207 28582650
28587167 28587172
25834552 318689
28588623 102164
28588628 28588630
801165 28591592
28601356 28601359
28601995 3453261
28617353 28617357
28618405 15955493
24707830 28618660
28618939 62099
28627120 28627122
28638147 28638150
28638238 28638241
6859877 28646012
1909339 28649019
16964681 28676137
28676491 28676498
28691519 28691521
21936535 28696281
1099649 28696797
9637801 28707618
28709367 28709369
28724052 292702
28746010 28746012
28750427 22577795
2350621 54427
28753736 42371
707551 718268
8921769 28777210
24170608 28783343
379959 141303
3126766 28791163
14084245 28793523
28801114 132210
28801160 745745
1040983 28803947
6440657 28805511
28807269 28807276
28810051 28810053
28816119 22084523
28819766 28819769
1090526 41558
6184091 13936956
28851488 28851491
23637459 28857161
28857396 3514351
12012045 28859917
28860174 8848044
28862626 697026
28863638 28863640
28863929 28863931
28874421 28874424
28874824 28874828
28878278 28878284
28881699 28881702
28886996 28886999
328023 28889667
28892249 22134166
28892762 3493
14336480 321606
28898191 28898193
28899240 50277
365243 28899971
28901137 28901140
28905202 28905205
12399589 127880
28912763 28912768
15860555 28918416
6862119 28920371
10101885 28924805
385768 60758
385768 49294
28936170 8300
28936170 47623
28938363 28938366
21662576 28940258
28954809 28954811
28956349 28956352
28959088 28959090
28959318 28959321
28960413 28960417
28964940 28964942
28974711 28974713
28975016 28975018
28988113 28988117
28998597 28998600
421672 28998694
28998757 28998760
29002754 29002757
424487 29006055
29006802 292702
3007737 29006950
188982 29008284
23209901 10026
6473993 11665954
29009788 29009790
322231 39068
29013658 1378095
20355449 29020615
29022177 29022179
1116941 29041686
29042842 29042844
29050102 680933
29057932 29057934
29063541 680234
29063787 29063789
27852420 29073245
322253 18776
4121128 27887
29092244 29092247
8455754 29102848
29103467 292702
24146278 68353
13177340 105924
15807455 8537610
29121882 29121885
2313239 29124116
29125516 29125523
6046424 25457061
5974093 4152096
29132449 15645133
29142627 355392
29148300 29148303
29151099 123250
29152962 29152964
22679336 29156110
15277933 176884
29159624 10097
29160145 29160149
29177422 29177425
29177843 29177845
29177850 29177852
29183225 3269589
24163909 29185021
29189068 505143
29189632 29189634
1539874 29191691
29192621 29192624
1665804 29203894
29221375 29221377
18540228 4217108
19364812 317681
29248503 8748827
29251954 29251959
8442472 22946072
29275179 4740866
29277740 11624757
29287143 29287147
29295435 29295438
29296859 29296862
29303055 36444
1514750 29304433
11158845 29308286
29308890 29308893
10477130 10811426
29317466 1445911
29321689 29321691
29324110 29324113
29329497 29329499
29340712 29340714
3098746 29345016
29346665 29346667
29350657 680876
16588921 29350873
29362366 257610
29385692 29385695
4823761 29391568
29394049 29394051
17608827 29398548
29401077 29401080
29409080 6719820
29419722 29419724
29430617 29430619
29443289 29443296
29451354 41880
29478276 512805
29479924 17718329
29481384 1381033
29494402 603145
29494813 29494817
29495217 20414238
29500150 29500152
29507131 823740
16645249 1016734
29510424 29510426
29512881 29512883
1783317 29513652
29524327 29524330
1840460 29524372
29525177 29525179
29539864 8115623
3913543 950040
15146885 29542704
21785357 29546449
29550257 29550259
29551624 29551626
29562011 29562013
29565093 29565096
29568813 29568816
6855932 29578241
29580340 29580346
29593411 29593413
29594270 29594272
29603675 29603676
29607202 29607204
29608194 29608196
29618581 10813722
29620637 29620639
29627667 29627669
29663810 29663812
29008129 9208609
29678918 1665324
29693438 18467692
6553067 98994
29708199 29708201
29726477 1345231
29739056 29739059
29758925 675377
29762638 29762641
29769329 29769334
29769546 18936180
29770094 28903034
25745198 29770608
29771022 933755
29771065 542614
29771076 29771078
29771718 3270831
29772098 15644801
2191427 29774728
29784656 29784658
29786258 29786261
29813031 1466741
627433 15109
29863313 15736342
29881124 29881129
29908858 29908860
29909011 326013
29909013 29909017
29909835 29909837
29912417 3300417
29914086 29914089
29916267 29916270
29919834 1825560
29926640 3453231
29935997 4674819
29947779 10726468
29950178 29950181
29950196 2247925
29966635 8411412
29967156 29967159
29996994 29996996
30004177 30004180
30006006 7190243
30006538 30006541
30008225 30008227
30008564 30008566
1736331 8312100
30021551 8160153
30027658 30027660
30028261 30028264
30034755 30034757
30036488 615253
30036537 30036540
30037419 30037421
30038255 29220112
30038923 11010817
30039544 30039546
30041126 30041128
30042927 28964130
30054215 154993
30054548 30054550
30056239 30056242
30057244 30057246
714125 17155
30073752 939891
30077820 30077822
23551506 30116356
30116518 4036454
30117533 30117535
30122231 30122235
7984624 30131948
14877703 30133191
30133856 30133858
30136706 433001
30159054 30159057
30166378 2389473
30208660 30208662
30210417 30210419
30214614 30214616
30220767 30220769
30228439 981042
30237358 30237360
30246154 30246156
30250873 30250875
30271950 30271952
30273369 30273371
30275729 301793
30275740 30275741
30275804 54787
30278103 30278106
30283216 30283218
30286022 122267
30296803 30296805
30297009 30297011
30297065 30297068
30297080 30297083
30297091 30297094
30297123 30220769
30324597 8634119
30330550 30330552
30332134 30332136
30345940 30345942
30356600 30356602
30369281 57734
30373782 122280
30374917 132204
30377873 30377875
30390393 23332537
30392514 607341
30394112 30394115
30394938 1080058
30395758 23628537
30396201 30396203
30396253 30396255
30396385 17720312
30406309 30406311
30412478 30412480
30414207 309722
30414772 30414775
30417456 30417458
30426637 991900
30431859 30431861
30439770 330983
30442827 2423383
30452767 2831538
30453601 30453603
30455786 30455788
30456720 1087599
14835645 108988
14835645 617044
30609761 278768
30619324 30619326
30703417 30703420
21096824 103591
30999161 30999163
31003341 24654
4862943 3665850
31242999 31243001
31249919 6353
31311823 176889
31325616 8357408
31330643 31330645
31336414 31336416
31336875 25775734
31345416 31345418
31348680 31348682
31348893 31348898
31349735 31349738
31352539 31352542
31353691 15315831
31357589 31357591
31361324 31361327
31362816 31362818
31363814 31363818
31363923 31363925
31365557 31365560
31435569 31435571
31561803 877724
31566391 984103
31575424 31575428
31576754 31576756
12113962 31644799
31671945 31671949
31736663 187197
31792350 31792365
31794451 124232
13927166 31794935
31820152 1992103
31867210 9068489
31872497 15774000
22328403 31878016
31922969 4774125
31931431 80100
32000051 32000054
32007115 9831858
32028976 16402405
32044188 4772348
32077281 892311
32082570 32082573
32083399 32083403
32083500 9989953
32083541 47622
32083580 32083582
32111033 722680
32135957 32135959
32137369 32137371
32144802 32144804
32144810 32144812
32144912 1380952
32144963 32144965
32147761 32147764
32614474 32614477
32622130 51849
32631658 32631660
32632848 2516361
32742127 236938
32818515 122303
33032807 33032809
2047280 33032828
33039434 524049
33089354 27643
33143413 979919
33366780 600889
33391442 33391444
33424818 33424820
33430604 33430605
33448947 33448951
33465566 291090
33465663 892311
33466162 60391
34032815 34032818
34056583 34056587
34347845 34347847
28207913 34375519
34546431 82597
2116460 37943
2559141 17156
12227036 34617485
15439026 34727425
5011307 30726038
15797379 22635427
34750223 955025
4372820 391
34768579 95724
34779909 15592464
24314516 122265
142758 34808584
3425011 2419989
5582991 27868
34922143 34922147
13600387 34931407
15756853 34940368
34943693 260320
2472553 34960310
34575893 34962984
34966581 401888
34973078 9181617
29605571 317681
8930588 614498
34992189 14683
1921834 14592
34995282 8817734
3156415 16383
35015601 1471199
22698879 35017195
35018995 35018997
424261 26398
35053197 4561084
1863199 18932082
35076570 35076574
35080252 42304
2633928 35124479
27671443 6806339
34606566 70316
35146674 15952305
35152499 35152502
35164133 3268922
35166481 35166485
35173105 19012883
35173608 429207
15849616 173705
35191305 9068216
35192585 4674900
6470932 208620
6470932 2658
35212978 35212981
4851094 18064653
35252645 79220
2694891 35257056
35258436 35258438
34460286 17719409
1922238 35286113
35318557 9348090
35343962 672170
35387240 35387243
35400033 35400036
35440050 35440052
35452551 35452553
6724225 319732
35481117 856
35491882 8270079
35509522 52582
35515548 35515555
24167843 890141
15886491 750
35526295 7638894
35540563 4554862
2964291 29213636
35582500 35582502
33658961 23307914
35609376 1460397
35617036 35617038
35637909 1563018
35662866 17865
35680524 141306
22201072 35692038
35692226 3279208
35696335 9161533
35704279 1383367
35710790 737613
1838519 22433710
35715384 35715386
12982569 619018
29938147 4696121
35754196 15719086
35754250 35754252
35754829 2336856
35760418 35760424
35760569 12428
35769909 35769912
3106395 17247
35819581 35819583
4220111 96903
35832981 35832983
35833718 35833721
35839975 965973
20778740 750
35872213 950040
35904781 35904783
8249796 35920383
8429137 35921590
35923258 959382
35935674 24299759
35971339 196197
35976869 35976871
1017231 210759
36002700 36002703
2880905 36014939
36015550 10797381
36020539 36020541
36020902 36020905
36023328 36023331
36029878 262708
36031186 36031188
36040607 36040609
36045773 36045775
7696459 1022794
36065891 36065893
36071704 11690754
36097658 9423153
36098762 4173439
36124840 36124842
36143857 157014
36148859 36148862
36149030 36149033
36155716 36155718
36156117 9525892
36156196 15493913
36169060 377504
36176710 161810
36176724 36176726
36177668 36177671
36178298 11069974
2449350 9242985
36182503 36182505
36187117 8570636
36194939 36194942
36199994 36199996
36206789 1434623
36208427 36208429
36213578 36213580
36222224 36222226
36244854 36244857
36269145 36269148
36273254 1130461
36273302 36273304
36278567 36278569
36279174 36279178
36283935 36283937
36286872 36286874
36305630 36305632
36309739 458788
34401358 397105
36344977 876574
36355355 36355357
36356337 877890
36358941 36358943
36378943 1143664
36379237 382112
36382225 11525114
36396471 36396473
36404939 36404942
36406700 36406702
36406925 36406927
36418432 405950
16401344 36427746
36435339 36435341
36448103 36448106
36448329 93355
36451306 36451308
36458523 55301
36461422 28368741
36462140 36462142
36477167 17730170
36487579 36487581
2522945 36489129
36489585 36489587
36490776 36490779
36496133 636765
36499336 36499338
36501914 12074807
7181129 317047
36522125 27926340
36522696 36522699
36523460 36523462
36533124 4678485
36539867 7953744
36545793 36545795
36548942 9276397
36550168 85579
36554040 682340
36558552 36558555
36566935 36566937
10789470 36568132
36578224 3591677
36581424 36581427
36583420 36583422
21497577 36626267
36635492 1534431
36659602 36659605
36679934 36679937
36701833 70316
36734056 36734058
36800953 36800955
36846215 323411
36878783 36878788
16107365 36888260
36919561 36919563
36919938 3388101
37065887 37065890
37104135 37104138
37316568 37316571
13635350 42611
1234150 17431
37351154 37351157
37356525 37356529
37377420 37377422
37377823 140464
4176685 632083
6553068 11128
37428900 37428902
37429199 616195
23925196 604663
37438263 37438265
16987391 15743778
7696458 284524
37443333 37443336
37449691 752755
37449811 144396
37450554 663499
37454689 974425
37454713 8910940
37454734 37454737
37455241 15082874
37455538 37455540
37455628 293700
37455635 37455637
35737303 9119822
37526878 37526881
37535620 37535623
37547202 37547205
20488634 37648359
17540300 29592516
37726819 37726821
37728281 37728284
37767412 37767415
21584086 37804707
29041678 3003954
37856104 95724
37882719 37882721
23196084 37912363
37945243 37945244
37981978 604562
38000887 38000889
38002591 32511
38050904 490345
38081831 38081833
38107107 25455756
38122171 687832
32076365 38136610
38148821 38148823
38152554 2480426
38152595 38152598
38155486 38155488
38156157 38156159
38215266 172996
38215284 38215287
38473842 38473846
39059053 39059056
39076729 39076731
21640699 8684787
39077815 2722272
39081297 24577959
39104898 39104902
37387692 621110
39358149 39358151
39415911 39415913
39433779 39433782
39480160 892311
39481280 24293898
39587561 95032
39720066 109240
39850814 429201
40108740 47020
2150134 214364
2150134 315775
2150134 53105
2150134 228416
11998264 745350
36330987 40512303
1581721 78420
36587064 40523853
872271 154
6327385 40548552
40552326 21956742
40556883 67953
689836 27571
3461785 57414
40570473 40570476
8884327 2238524
19125782 988565
603128 30596052
40652443 2403671
28374414 16383
9559865 40666301
16700427 1001186
1992347 1731024
32743468 46628
1002067 27571
40691891 40691897
40704596 40704599
8121436 20096
4836635 11582523
30344309 612377
2971178 16288897
1654601 141306
4698816 40722543
9087252 54913
40726791 19928718
25393355 40735956
40753464 40753466
32643103 28930673
8883621 40756505
17641203 6552
16645253 14041
40763699 40763704
40775169 7638003
40779237 40779243
28055193 40783977
40785447 40785449
4732189 2942696
40796889 40796891
40797843 40797845
7715184 47114
9871662 680876
40834867 652221
25012916 12242
40867248 40867252
40868039 40868043
2570384 40869732
40875555 40875560
40882915 40882917
40887116 40887119
40895867 40895869
40920335 40920337
31771617 40923363
40935318 40935320
40937347 555093
3064047 214364
40948113 40948116
40951151 47641
40961321 40961328
131788 762140
29042358 40968036
36615256 40970543
3004905 621475
40991141 40991144
210150 40995772
70389 40997604
41011663 41011665
41014326 41014328
16645250 41014788
113491 41015226
16697591 41016895
25471660 41019688
24669819 41021312
41021545 292702
15584962 41025668
5679929 41026225
5672097 3059763
29041679 327578
15802250 15802253
15551083 109404
1376243 276470
41049669 41049675
41049965 10471018
41059219 17736899
41060603 41060607
41061111 41061120
40139391 41069966
17100422 4086052
41071940 514401
41075011 71573
41090229 686137
29469243 22047574
41115006 41115012
13755726 1771930
2911459 21357952
41128548 35459697
646432 41131887
29431336 41134341
41140016 477407
41146576 41146579
41147437 41147443
41151650 22535049
30069950 257650
9886640 41153285
6808828 41156941
21640236 41162335
41168273 41168275
41181651 41181655
18458479 41183410
24049230 41185846
36206901 41206552
41208648 41208651
41217581 41217585
978927 41236127
41236746 41236748
41244950 41244952
16619515 41259528
17501403 68971
41266976 41266980
1376242 41273737
11626762 36713740
41284666 41284669
41289912 41289914
41291757 41291759
41305211 41305215
41313461 54671
41314270 41314272
41316155 41316158
5858967 41323642
41326269 41326272
41344310 41344312
41347257 41347259
40124309 41348151
41365116 2894499
41366103 685271
41372877 41372880
2619823 741916
41378194 8586727
41380072 1589242
41385584 41385589
16301071 41396280
41402288 41402295
41408900 12074429
41410128 41410130
2257653 41410641
408333 41415077
41420004 41420009
693377 1960955
41437910 260549
41447470 41447472
146261 10811223
815981 41486472
41486974 41486976
9506287 281701
41489477 876199
41491324 41491326
41493721 41493723
20456063 41498673
41499285 41499286
41509391 41509395
41512624 41512626
9590674 41519349
24319157 41522805
41526959 41526960
29685 41539987
41548623 41548627
41567520 41567524
41573718 41573720
8738083 41573957
24031337 41574235
41585233 41585235
41588936 41588938
41590937 159092
41593510 41593512
41600408 292702
93763 41601139
14082270 41614495
41614524 22135386
41618320 41618322
41628052 41628058
41628775 41628777
567257 41637014
24218239 41642887
41653006 41653008
2778298 41653698
41660088 41660091
41660490 41660492
41661723 41661725
29551714 41668332
41668659 41668662
41673752 684530
41674220 940577
41675037 41675039
41675162 41675164
41677622 41677625
41677872 41677874
41678386 41678390
41703472 597252
41707433 41707435
41709800 41709802
1931869 28782069
41711756 41711761
41751789 17718844
24995025 17742532
41773267 621551
41781907 41781909
41782140 1748855
41790708 597417
41834522 41834524
13560127 85149
41847392 8658075
41855587 41855589
41874948 41874951
41875346 4678749
41875596 41063538
41876248 712281
27977486 41876483
41876897 310565
41889476 41889478
41920731 29270245
41959545 41959547
41981210 316095
41989004 38563
41999808 5047665
42015891 42015893
42019794 209159
42024146 42024149
4110388 40983
42040928 155196
42041966 42041968
42056737 42056739
42057712 42057714
42060060 42060063
42065348 42065351
42069500 42069502
42076493 42076496
42080961 42080963
42088228 42088230
1716328 34967267
42093963 42093965
42100206 42100209
42101009 42101011
42109114 42109116
42122512 42122514
42122617 42122620
42127238 42127242
42128322 42128325
42129351 291657
42144645 42144648
42144819 1101018
42151498 42151501
42155866 698573
42163760 85551
42178133 42178135
42178398 42178402
42204709 42204711
42211228 42211230
42217529 42217532
42226008 42226011
10691412 315591
42228536 42228538
42238797 42238799
42248391 42248393
42288359 42288362
13053551 22470907
42292359 42292361
42293112 42293114
42293332 42293339
28725374 2858848
42304423 42304425
42317106 42317108
42323273 42323275
42327839 42327840
42338404 42338409
42338736 1578491
42350019 42350021
42351330 8536750
416554 623109
42351341 2880534
29092110 205010
42358331 42358337
42366430 2190297
42374141 42374144
42376395 42376397
42388107 42388110
42388509 42388512
41002423 161953
42390334 42390337
42390371 42390373
42396173 1147703
42397349 34579250
42401771 42401773
42402451 42402453
42407909 42407911
42407918 42407920
42417309 42417311
42421472 42421475
42433537 42433539
29021343 8553230
42434425 42434427
19307579 42442288
42442687 36845245
42449563 42449566
42450358 42450360
42451113 9176666
42451940 389571
42455291 298773
42456004 42456008
42458665 734525
34344694 42459242
42464887 42464889
42468464 30593122
42470043 1777715
42472801 42472803
42000982 42474450
42480262 42480267
42480292 42480294
42484358 685303
42487609 42487611
42487887 2050825
42489388 1149555
29976976 42489673
42492776 42492778
42498363 42498366
42503819 42503821
42505185 126356
42507786 1018689
42512362 42512365
42516563 22932792
42520274 42520276
42537256 15372950
33597307 22815844
42558289 2162022
42567178 42567180
42724948 42724950
42744677 42744679
14898113 42755731
42778355 505954
42815063 292745
42842516 42842522
43016806 43016808
43017379 767382
43084351 43084353
7386015 43263006
43272623 824690
43278563 16224167
43312383 10241996
43319774 43319776
38538641 158454
43356518 43356521
43356670 1776396
43356681 1087766
43356692 43356694
43356695 8832103
43360124 1684076
43361909 43361911
43362492 275635
43371401 35086584
43371440 3453086
43371686 3453170
43372415 36519088
43372421 9776984
43372449 677276
43373273 43373275
43381108 43381109
43443354 33352621
43443657 162879
43464757 43464759
43488172 16210907
43565047 43565049
43565465 43565467
43574141 25128832
43574148 43574153
25738293 34940368
8359936 78090
43670976 43670978
43680236 43680239
43771007 43771010
43789686 43789689
43791060 43791062
43793745 43793748
43793832 25055820
43795404 613968
43821265 196204
43830650 43830652
43891585 1924980
43895281 43895284
43958456 1430405
43967663 25714348
43980842 8578966
43996171 3278924
44059866 257641
44075412 42893347
4814918 647846
44115620 44115622
44115727 44115730
44115738 44115741
44218312 14670
44350957 34110478
44532740 44532742
44542464 44542468
44645742 1812146
44921168 44921171
44921595 20281296
44922183 44922185
10789472 44925076
36528372 8565209
44938928 1019847
44942702 44942704
45005774 45005776
6508686 45079526
45195870 45195872
1743494 31409658
39652600 16975718
45330909 291090
45330992 892311
45330994 1163169
45351418 626783
45511876 45511878
45516614 4161237
45592273 107186
6508687 45996488
46075079 11667521
21867702 46210042
1888130 2058
18082905 8569586
12011738 973879
3679157 154903
18567201 862036
4026543 498572
613 46374578
11038529 691286
26208594 793831
548064 1501
13305423 1386040
2186590 14592
10610324 46427414
3725006 16966433
26067567 72822
46462992 257624
4172116 24725
46473642 15657072
20882586 1030481
21654196 56541
46554643 46554647
46554945 16676127
4128940 444245
46562736 172209
25058551 401884
46575505 46575510
32725816 22562533
6924427 8552918
46616593 54379
3784542 46617873
46630349 46630351
6709074 64946
46647893 41137316
46684285 18544524
4110416 55312
8431681 54737
46692884 46692888
46692910 599191
46693973 46693975
46694560 46694562
34544963 46979
46706838 592512
707555 107262
46732660 188075
5870753 8591
32989090 355392
46746652 617151
46748971 46748973
34683193 46752980
10391272 3512276
46762001 46762003
46772537 376071
2774916 46807919
24707152 206954
46831937 840187
46845810 46845813
46850431 16391459
46851480 11126253
46851495 773422
46852697 23096772
2004757 703177
16645247 46867376
24060701 792775
4112285 7141
46876149 46876154
46902923 983156
46943443 2217468
46949673 46949675
3030409 46949924
46951866 46951869
16027 46954402
46962350 46962353
1371218 319469
24709360 53903
1628728 33407100
47013941 47013944
9781724 47025064
47030617 47030619
46956501 656842
47035523 47035524
40709169 40419
7006682 1973577
47083552 276451
10101886 51595
17491287 40952093
47087222 47087225
47126183 47126185
47152081 47152084
2113791 374639
47163558 47163561
47164604 28393765
12892413 16285
47171041 47171043
47177783 2617756
47206691 24563468
47210313 47210315
47218568 47218570
47219471 15844809
47221727 47221729
47221758 47221761
20818847 84931
46936174 47291682
8125720 54737
1266252 155267
47343711 47343717
15368000 97074
47356960 47356962
17916965 47357663
47372427 47372429
47373502 22129348
47375760 47375762
47384540 29297420
7972053 72673
47422675 47422676
47447266 47447268
6716482 1464939
47456393 6740779
26410571 30597614
8423515 268295
47514814 47514817
47521390 47521393
47522483 47522487
47542464 42656099
47555173 47555176
17854682 591425
5195575 47562897
25502339 9365636
47609425 156788
47645217 22506520
47656035 41372152
715702 190209
47659255 47659258
47659912 9030473
47660130 3450941
4851093 477161
47686411 8159083
31698741 47759253
47760947 47760949
47771220 4086770
47784974 47784976
47793593 47793595
47794365 3453239
47798943 18934432
47799380 35799814
47799744 11147693
47812163 47812165
9723420 47812806
7838219 10389
47824442 17979282
47826744 173710
47827076 47827079
47827898 47827901
47828894 24560721
47829045 47829047
47838717 9046127
47843318 47843322
47851611 47851615
47853943 47853945
47854875 42647884
47856181 401891
47865211 47865214
22274678 47865885
47869794 47869796
40518041 188075
15620357 28962965
47878436 47878438
47878466 47878468
12987213 47888615
47890373 866584
47890569 47890572
47891729 47891731
47898919 47898921
47899515 47899518
40913075 47902153
47903134 47903136
47917902 47917904
47919150 47919152
47919282 47919284
47936660 35475765
47949092 47949095
47973886 8575071
47975826 3453230
47976928 621959
47980265 47980267
47981729 47981732
47990043 47990045
48028625 11128892
48030148 48030150
48047444 28650593
48050347 249914
48058960 360142
48059659 48059661
48067291 40660603
48076137 48076140
48076497 48076499
48086366 48086369
11540733 48092757
48093258 48093261
48096138 11625131
48113834 132601
48116597 8512085
48120175 48120179
48123972 48123974
48124614 48124616
48131702 48131706
14171268 1648102
48141394 48141397
28635146 48141575
48158195 48158197
48158774 48158776
48159515 48159517
48160194 4675667
48169113 48169116
48172016 8832951
48172655 48172658
48177386 469146
48182318 48182321
48195316 160408
48197444 48197447
48200347 48200350
48202235 48202239
48203758 48203760
29874297 48206801
48207468 48207471
48210375 53395
44111616 2487014
48219466 48219468
48221257 48221260
48224053 48224057
2706686 39073
48227570 48227573
48229026 48229028
48230063 48230065
48232199 48232201
48232934 48232936
48236760 48236762
48238463 1767024
48241092 48241095
48241148 48241150
48241253 1482756
48244788 48244790
48246323 48246326
48251678 48251681
14834083 102574
48258906 48258908
48260680 4037725
48260825 48260828
48263392 48263396
48266992 2930890
48272310 48272312
48273702 48273704
48281306 48281309
48283551 408259
48283750 48283753
48286934 524370
48300989 48300992
48335257 48335260
48348838 19187245
48399400 1288161
28621447 48474428
48474658 48474660
18416383 48484441
48484883 488096
48491355 48491357
8957933 250103
48522047 11496188
48556452 176898
48571751 48571753
29479562 48574912
1575354 48595170
48605437 893687
25824646 40518317
23319231 1705016
48779015 48779017
48972251 520031
49004544 4086717
416553 413131
49017445 49017447
49037058 49037060
49042211 47112113
49058606 779662
49081302 49081304
49090549 40521862
49091058 49091060
49099070 49099072
49099332 846413
49102583 49102585
49103260 49103262
49103905 49103907
49105452 383947
49105844 49105846
49106004 49106006
49107285 49107288
49108479 2746814
49108822 49108824
34208118 17310897
49112627 49112629
49113096 49113098
49113163 3198697
49113689 962923
49114554 30362
49115159 15659711
49117739 16084754
21471813 7638883
49182658 49182662
30383157 697485
49203422 4680235
49302032 49302034
49311367 49311369
49312094 8658011
4641168 122283
49374569 49374571
49377054 3270821
49377294 49377297
49405178 49405180
49408624 49408627
49409196 49409198
27852834 715855
49412840 49412842
29082136 49510858
49515182 15296840
49523775 49523777
49533575 49533578
49574742 49574744
49587193 49587196
49612426 22842862
10697341 10594913
40121950 1172977
12980495 49639654
49682805 115794
49684520 49684522
49708225 742728
38679840 49734731
49778089 543353
49779063 49779066
49779160 6718874
49782485 855131
49782636 32623
49784533 14790493
49796995 1383377
49797073 49797075
49829870 2056329
49835205 160086
49835240 49835242
49835268 24541238
49835390 49835393
49835395 8486918
50020499 3596840
50041234 50041238
50042727 50042729
50055686 747690
50170214 602935
50177460 50177464
50222433 626783
50225647 810307
50243260 8598143
6231017 104909
50608198 50608200
50609095 774716
50676160 10797397
50690712 50690714
50968210 50968212
51010055 291090
51010136 892311
51107895 8159628
51110433 105377
51111252 276451
51203058 51203063
51245350 188177
51251346 51251354
51340787 3637212
34159225 51357730
7402576 51432889
51721158 51721160
51830269 51830272
51890346 38327
51905459 51905461
15200959 51942073
51987072 51987074
