750541 750542
765291 765292
778301 778305
43486 398584
788255 788261
835788 835793
1122005 1122006
1134059 1134060
1134066 1134067
1224602 1224603
1381510 1381512
1687503 1687504
1858310 1858311
1858317 1858318
1858324 1858325
1858331 1858332
1858337 1858338
1858344 1858345
1858351 1858352
1858358 1858359
1858365 1858366
1858371 1858372
1858378 1858379
1858385 1858386
1858392 1858393
1858399 1858400
2129094 2129098
2135452 2135457
2512757 2512763
2531046 2531054
2804437 2804444
2838741 2838745
2934057 2934061
2946237 2946243
2976769 2976772
3104699 3104706
4086086 4086087
4209563 4209568
4209565 4209573
4210605 4210615
4217325 4217335
4477473 4477475
4680982 4680996
4680982 4680997
4786462 82284
4788437 4788448
5206734 5206737
5619854 5619862
5798371 5798376
5798390 5798392
6147023 1079643
6335847 6335853
6409689 6409692
840331 32387
6409698 914291
6409703 603455
6409709 6409713
6409715 6409717
6409719 109510
6409724 141311
6409737 397105
6409741 798103
6409744 186321
2498815 1185708
6409749 744309
6409754 6409758
6409760 610332
6409768 860739
6409781 1918045
6409787 614640
6409792 6409795
6409811 521424
6409814 4255540
6409819 6409822
6409824 541706
6409829 196192
6409831 477055
3409915 6409836
6409837 3514045
6409842 6409844
6409846 6409848
6409849 6409852
6409854 174536
6409857 97214
6409860 942242
6409706 203004
6511709 259566
6413825 69626
1335848 6511725
6511728 521630
6414126 6511733
6414356 139245
6409745 2139487
798308 6511741
6414461 811502
6414522 682340
6409763 96943
6511747 122260
6409790 1127821
6511755 703396
6414720 321606
6414689 4704959
6414626 50918
6409818 6511760
6414610 4210094
6414826 4675588
6414880 401383
6414812 3294683
6415123 225914
6511796 58640
6414903 6511799
6415099 221965
6415161 555019
6415312 6511818
6415242 1016734
6415472 1472388
6511824 107391
6415344 6511828
6415484 4036606
6415460 711245
1487669 6511834
7188572 7188576
7188617 620261
7188622 7188625
7188887 7188890
7188895 7188898
7188902 7188905
7188907 7188911
7188920 1486
7188921 652283
7188927 3022182
7188936 7188937
7188940 605130
7188941 73414
7188946 7188949
7188955 993293
7188966 289901
7188976 7188979
7189293 144882
7189311 609451
7189344 7189347
7189532 978845
7189593 28654
7189683 391372
7190054 3295215
7190087 75400
7190090 7190093
7190179 2106149
7190200 11113
7190224 1100250
7190242 7190244
7190261 10876
7190278 250417
7190280 7190281
7190289 312267
7190340 7190342
7190436 7190439
7190441 61493
7190506 58003
7190511 131185
7190512 64103
7190666 58760
7190711 512740
7190717 414914
7190746 670670
7190795 2360535
7190807 39772
7190825 597278
7190833 751800
7190961 236941
7191009 44540
7191015 53120
7191047 41252
7191049 46657
7191055 324349
7191058 107222
7191089 99674
7191101 59021
7191103 102186
7191106 290485
7191109 257646
7191136 36452
7191139 126
7191141 56293
7191151 58003
7191163 61493
7191170 143759
7191174 344512
7191218 14602
7191222 163069
7191223 700729
7191228 155116
7191229 1162742
7191230 256869
7191232 256869
7191233 188408
7191234 125997
7191242 54041
7191248 44842
7191251 862760
7191253 2667025
7191258 7141
7191260 143319
7191261 638819
7191262 383947
7191263 14592
7191264 203141
7191269 821032
7191271 679461
7191273 391
7191275 187937
7191277 29813
7191279 97214
7191281 545009
7191289 17247
7191296 3451737
7191298 27868
7191323 602978
7191329 387085
7191333 82812
7191335 755991
7191343 160086
7191349 1782
7191352 1191655
7191364 57402
7191365 54787
7191368 52950
7191371 837072
7191382 95323
7191383 95281
7191385 16383
7191399 206954
7191400 862761
7191401 21008
7560951 84011
7563224 7563229
7934539 878713
7937991 7937997
8078412 8078419
238619 8226715
788265 8517978
9063374 9063386
9267974 9267977
9354557 9354558
9361339 9361340
9577601 9577602
9577608 9577609
9577615 9577616
9577622 9577623
9577629 9577630
9577636 9577637
9577643 9577644
9577650 9577651
9577656 9577657
9577663 9577664
9577670 9577671
9577677 9577678
9577683 9577684
9577690 9577691
9577696 9577697
9577703 9577704
9577709 9577710
2512759 9703526
9708982 9708986
9808975 9808979
9834493 9834497
4209566 9875273
10069966 10069974
2946239 10132248
3265420 290485
10471016 10471018
10501645 10501650
10560744 10560747
10576485 10576488
9267975 10576490
10820747 10820751
11228538 11228539
6815445 11347738
11796889 11796890
7553912 8156177
11971287 11971288
12005092 45967
12144759 12144762
12157519 11010229
12170696 711400
12175033 12175040
12343691 12343697
13089616 13089621
13622090 13622092
6413407 649235
2891260 1288161
6413634 1975538
6413738 811768
6413795 13649434
6413880 9221676
6413833 13649437
6414156 27853
6414196 602993
4207297 766891
6414355 1358380
6414269 3411359
6414477 219817
6414347 53287
6414453 1423701
6414623 642036
6414629 3515265
6414471 72879
6414733 257656
6414686 2925254
6414854 3512808
6414879 106035
799369 13649498
6415121 103315
6415098 729910
6415007 23474
2889514 1559686
6415054 138713
6415229 826912
6415326 1375699
6415235 1897755
6415245 841704
6415399 84952
6415355 13649504
6415482 8741337
13649505 840954
6415377 605044
13708787 13708789
6413807 161323
6413797 963823
6414192 10795933
6413878 8184303
4207298 3514703
6414142 630460
6414262 13744985
6414274 1026795
2498816 4576845
6414396 85263
6413964 13744995
6414532 7392
6414566 7953863
6414650 306555
4205443 8134317
6414833 588755
6414771 301796
6414884 616195
6415061 513632
6415193 13745018
6415141 872220
6409845 9015122
2889515 1021634
6701448 2175924
6415400 245810
6415522 956038
562643 677618
6415464 4815054
13911477 13911479
14369873 418119
14369938 6409721
14369944 14369947
14369948 12917664
14370195 8832920
14370209 45396
14370234 650523
14370237 3443641
14370259 841704
14370264 648016
14370267 795914
14370281 250417
14370284 27853
14370290 9180
14370483 61473
14370544 4564879
14370595 476648
14370734 4678175
14370946 27734
14370981 986504
14370985 603515
14371055 2733375
14371069 14371071
14371396 3440697
14371412 48276
14371433 3291534
14371486 650772
14371519 9102786
14371549 344037
14371550 14371551
14371573 11668595
14371586 14371589
14371622 39127
14371644 2046172
14371752 477055
14371775 1265940
14371783 258941
14371789 176891
14371796 2490244
14371942 85236
14371960 14371961
14371971 55312
14371979 129986
14372052 26398
14372165 134423
14372232 95281
14372239 293109
14372260 475938
14372262 7502
14372272 874658
14372275 832060
14372290 11971123
14372291 47526
14372292 46704
14372301 44842
14372312 206472
14372313 321788
14372315 105377
14372317 176905
14372319 206954
14372325 136216
14372329 27953
14372330 778823
14372343 397525
14372359 829234
14372361 129759
14372364 190726
14372366 97165
14372387 451988
14372390 14953
14372394 155092
14372398 16285
14372415 78929
14372418 321834
14372423 11206
14372429 10101876
14372431 65268
14372433 12427
14372434 1176225
14372435 122263
14372438 2046172
14372439 10040
14372442 735911
14372444 107130
14372446 32421
14372448 54913
14372449 311644
14372454 62919
14372455 36452
14372456 218963
14372458 26392
14372459 321490
14372460 122300
14372462 54041
14372470 1410480
14372472 49313
14372474 311075
14372476 99674
14372477 14372478
14372479 324349
14372480 173710
14372481 11113
14372483 82597
14372485 451426
14372486 448638
14372499 27867
14372509 245882
14372511 14953
14372512 51844
14372513 651689
14372514 2236333
14372530 67310
14372532 53120
14372537 105683
14372541 6342
14372543 27667
14372548 93388
14372550 132210
14372551 594860
14372554 323411
14372558 85664
14372560 38150
14372561 53995
14372572 374731
14372574 11206
14372578 52006
14372588 1486
14372590 206954
14499151 14499153
14774316 9178222
15068776 363614
15471815 15471816
15767890 15767891
15859157 433082
16030582 16030583
16500713 16500715
16589026 1858311
16589027 16589028
16589034 16589035
16589040 16589041
16589046 16589047
16589053 16589054
16589060 16589061
16589068 16589069
16589075 16589076
16589084 16589085
16589090 16589091
16589097 16589098
16589104 16589105
16589111 16589112
16589118 16589119
2934058 16738084
11537311 17106878
2946240 17452301
14899429 17466374
17505370 17505374
12005093 21385
18937207 18937208
12170698 9892018
19079181 19079185
19216125 19216126
19726887 19726890
20387588 20387592
1632569 20411971
6415875 105468
6413558 260698
6413578 401260
6413749 408259
6413658 1815798
6413805 177162
6413809 72920
6413782 20414231
13653136 193043
6413963 93879
6413848 161953
6413873 286442
6413890 4467646
6413877 20414241
6413960 9752
6414124 848252
6414215 176893
6414184 405233
6414260 20414252
6414336 1097401
6414395 419265
6414323 104469
6414464 1520061
6414562 4675284
6414352 777868
4207378 20414277
6414518 412037
6414570 655955
6414681 45107
6414625 243451
6414769 1684076
6415031 54709
6414883 101264
6414994 32557
6414819 20414300
6415137 15685809
6415079 2441727
6415087 1224754
6415156 974809
6415190 20414306
6415140 103133
6415017 20414308
13654121 747848
6415247 122283
6415275 122278
6415316 413515
6415518 20414311
6415505 149673
6415361 366865
6415388 391649
6415342 1682844
6415458 40485
6415501 8632296
6409693 8551890
6413579 706301
6413656 868176
6701452 14602
6413681 259566
6413726 176899
2874123 20506369
840332 6718834
6413783 20506374
6413758 8516062
6413819 3058643
6413953 1218101
6413836 15984852
4207076 20506384
6700709 8862827
6413920 122263
6409743 4037200
6414312 1975573
6414328 1024603
6414337 414279
6414446 1569570
6414555 599191
6414389 20506398
6414535 20506407
6414734 124255
6409813 84801
6414913 704715
6414746 55601
13653968 985305
6414939 759120
6414847 8907585
6414810 477075
6414820 20506419
6415138 15496489
6409833 1561238
6415088 985305
6415171 511465
6415295 104469
6409856 176891
48558 401890
6415257 676670
6415512 1727752
2369695 20506432
6415508 632083
6415492 1253890
21104895 21104898
21105019 21105022
21105029 21105032
21105054 21105055
21105058 11526227
21105314 21105317
21105318 21105321
21105327 21105330
21105337 9579
21105357 21105359
21105368 890265
21105396 328390
21105413 3512544
21105415 16423214
21105856 21105859
21105938 140464
21106004 50525
21106047 576869
21106051 9234959
21106349 8591
21106357 130065
21106366 1018295
21106373 1025380
21106385 21106388
21106428 21106431
21106434 382829
21106468 523780
21106501 241882
21106503 8059
21106558 729697
21106632 932346
21106637 684987
21106642 27734
21106643 46557
21106646 14005
21106748 8287464
21106761 809365
21106804 54343
21106820 85958
21106836 47621
21106873 257631
21106886 45425
21106900 44540
21106922 21106924
21106943 40486
21107017 47622
21107045 14953
21107067 124241
21107069 53694
21107070 52950
21107071 45299
21107072 46704
21107073 300108
21107074 211693
21107075 96001
21107077 372423
21107078 617857
21107079 123587
21107119 383589
21107144 947710
21107146 12197
21107148 21107149
21107158 58179
21107164 21813
21107166 15990606
21107169 449408
21107173 791710
21107176 11091
21107183 328390
21107189 51595
21107190 508063
21107201 335777
21107202 45098
21107207 746596
21107208 319394
21107213 1097401
21107216 68995
21107218 240049
21107221 61473
21107222 21107225
21107227 31973
21107230 7502
21107231 810797
21107232 244164
21107235 37876
21107236 14212711
21107239 14005
21107241 47622
21107242 99503
21107243 34738
21107245 62919
21107247 15294132
21107251 340256
21107252 841704
21107253 81590
21107254 46704
21107255 89484
21107256 95281
21107257 355392
21107259 656321
21107262 47234
21107264 41558
21107270 53694
21107272 324280
21107273 1289868
21107280 21107283
21107286 14592
21107287 3646351
21107288 10682
21107291 42987
21107293 38563
21107295 128685
21107297 44540
21107300 290485
21107304 670670
21107306 1291
21107317 590019
21107323 652221
21107329 21658
21107340 54041
21107348 335668
21107350 724367
21107356 1781
21107359 93918
21107364 17424
4902920 4676124
21440068 101160
7563228 21442176
21751642 21751647
21810633 21810634
22073221 22073222
8498678 22236730
8226714 22325237
4680992 22404647
43483 36221
22481895 22481896
22494441 22494444
17460171 22617501
22660076 22660079
22688180 22688181
22688187 22688188
22688196 22688197
22688203 22688204
22688210 22688211
22872040 22872041
23023037 23023038
9834494 23220041
23220747 23220748
23220754 23220755
23220760 23220761
23220766 23220767
23220773 23220774
23220780 23220781
23220786 23220787
23220793 23220794
23220802 23220803
23220809 23220810
23220816 23220817
23220823 23220824
23220829 23220830
23220835 23220836
23220842 23220843
23220848 23220849
23220855 23220856
23220862 23220863
23451452 23451457
23714700 23714704
23962973 23962977
4191399 13978354
2135453 24105598
25363662 25363663
4209572 25520743
13253518 25526470
4786467 8172991
25591834 25591839
25647814 25647816
25787922 25787923
7696949 196202
20280897 25898487
43488 1019373
26215544 26215546
26380793 26380794
26510403 26510405
18156275 26817747
9708984 26823704
6413543 432470
6413684 405808
6413654 3280325
6413724 56543
6413591 391373
3413729 1040239
6413951 1373776
6413851 58399
6414071 8184592
6413901 6821856
6413866 878002
6414222 357938
6415853 803724
6414537 9665667
6414531 27989
6414321 8532331
6414512 384734
6414507 712525
6414851 43052
6414744 705048
6414652 1014384
6414601 1261706
6414825 3495927
6414729 26863457
6414778 3511597
6414804 93907
6414866 1149555
6414839 1050400
6414938 3452934
6414788 517864
6414800 85247
6415069 514939
6415884 17347
6415090 401882
6415511 1311760
6415435 1427460
6415368 10523718
4133123 26863464
6415432 106092
6415408 935065
6415531 301797
2891261 1035925
6415876 614543
6413560 628869
6413685 1073843
6413719 381568
6413649 85149
13649424 471088
4133009 3453161
6413912 181087
6414028 124256
6414480 246074
6414455 476442
2135940 395122
6409753 1296852
6700657 609241
6414513 9250452
6414630 8601220
6414529 22433769
6414852 301311
6414727 2577401
6414763 4137541
6414996 1435735
1574868 571302
6415020 608740
6415038 172205
6415028 1051868
3409916 1380981
6414998 94437
6409841 138283
6415187 141320
6409853 9242985
6415209 1015388
6415276 122298
6409859 660386
6701078 892349
6415528 290137
548139 12406119
13649507 597565
705824 26952592
27105045 27105048
27508106 27508107
27531612 27531615
27531681 27531683
27531685 23280734
27531690 23444043
27531694 27531697
27531700 27531703
27531934 84931
27531938 10044
27531940 17155
27531941 144466
27531942 4786465
27531947 712281
27531950 2162035
27531957 62259
27531962 50277
27531965 158229
27531966 43978
27531971 69792
27531975 64103
27532293 10820815
27532318 53164
27532349 15685976
27532453 1019847
27532505 132950
27532518 983389
27532600 1434557
27532610 615345
27532612 27532613
27532615 258462
27532649 344194
27532672 416018
27532689 78697
27532714 124251
27533034 27533036
27533060 27533061
27533137 56898
27533169 723758
27533180 1965
27533187 211024
27533202 27533204
27533257 4639330
27533326 51435
27533329 51738
27533337 3513818
27533350 451632
27533368 535968
27533369 1207656
27533371 13643
27533372 928891
27533373 11113
27533480 122282
27533497 418122
27533567 32299
27533573 46500
27533575 51738
27533587 93918
27533592 720603
27533601 12428
27533658 12427
27533672 47963
27533706 346321
27533714 46500
27533717 32421
27533718 11172
27533740 47047
27533759 35465
27533762 17923635
27533765 512740
27533773 69626
27533780 541352
27533782 11206
27533786 47622
27533787 729212
27533801 42611
27533803 54041
27533817 591425
27533821 103519
27533831 27533834
27533851 177652
27533859 226514
27533860 4696105
27533862 416018
27533865 663947
27533867 779773
27533869 93355
27533870 6347
27533872 1291
27533874 250417
27533875 13643
27533876 141292
27533877 17870677
27533878 3454530
27533879 82312
27533882 28057
27533888 80000
27533890 11173
27533891 159597
27533892 43978
27533894 44540
27533899 1380806
27533906 47640
27533907 185557
27533908 1472
27533914 395136
27533925 55312
27533935 129557
27533942 206954
27533943 155116
27533947 11091
27533949 41558
27533950 47272
27533951 64104
27533953 104993
27533959 17923881
27533963 235633
27533964 682340
27533970 162874
27533973 129557
27533990 34738
27533997 69841
27534006 27534009
27534014 237838
12184307 384616
27658056 27658059
10472287 228443
27857842 27857858
28265698 28265705
778306 28831162
15859159 46000
22583426 28960808
29058620 29058621
29058627 29058628
29058634 29058635
9062295 29076646
29170562 29170563
29352574 29352576
22404648 29383363
29568597 29568598
29568604 29568605
29568611 29568612
29568618 29568619
29568625 29568626
29568632 29568633
29568638 29568639
29568644 29568645
29568650 29568651
29568657 29568658
29568662 29568663
29568669 29568670
29568676 29568677
29568683 29568684
29568689 29568690
29568696 29568697
29568702 29568703
29568709 29568710
29568716 29568717
29718555 29718556
23451454 29848517
2129095 29856488
7621862 3038444
7556902 30318782
30390320 11566700
30407962 30407964
10576486 30421643
2135454 30421657
961797 30483926
24973893 317715
212205 31363709
31574775 31574776
164788 31745650
10580523 32055831
14219512 32801851
33004646 33004648
33056305 33056307
6413846 24548167
6413824 2926229
6413818 6406943
6413897 932346
6413838 18934460
4207075 10368738
6413930 301792
6413863 56486
3565219 5048168
6413934 161420
6414224 593757
6414310 2569794
6414280 273201
6414449 1030895
4112559 387603
6414649 1976846
6414558 200461
6414466 155900
6414780 1162567
6414932 2419854
6414977 55668
6414902 33083538
6415063 91265
6415208 158689
4132661 8854341
6415287 333984
6415289 2835254
6415263 59102
6415471 27667
2369694 33083541
6415415 109201
6415467 109699
13646713 3038716
6413635 663970
6413750 320451
6413584 253735
6413812 2795813
6413884 14338
6700862 176884
5122754 3511658
6413931 132200
6700808 242788
6413852 8324797
13653186 104993
6414334 15846765
6414348 645466
6414353 1111869
6701459 2958897
6414399 131821
6414508 726606
6409796 1692960
6414802 1081938
4598647 615345
6414659 1224945
6414933 2735668
6700904 555091
6415113 617857
6415081 161323
6415094 53665
6701099 1075189
6415144 4233592
6415337 21983886
6415497 122263
6701013 729594
4133124 33170799
6415416 809924
8847599 33678087
33735847 1533589
33735851 33735854
33735858 33735861
33736087 840850
33736092 1441825
33736098 198777
33736102 751800
33736103 521424
33736105 511522
33736108 726248
33736116 1755447
33736117 42371
33736118 46657
33736124 603455
33736128 202089
33736131 176897
33736134 249872
33736139 40490
33736360 3493
33736385 1406824
33736391 4462
33736520 226555
33736540 1553082
33736581 11091
33736667 33736669
33736740 2859549
33736764 2244595
33736769 96001
33736774 73815
33736825 122292
33736848 16388558
33736863 158229
33736868 81867
33737138 31973
33737170 88371
33737173 1019302
33737194 100168
33737227 1689066
33737228 607887
33737230 4462
33737248 121353
33737289 33213
33737412 58179
33737414 810888
33737428 1030481
33737433 375729
33737435 615055
33737436 463551
33737450 228443
33737544 207251
33737564 21727
33737593 72829
33737614 159054
33737620 1444051
33737627 10040
33737634 3453140
33737636 55506
33737680 891938
33737682 2156330
33737687 541352
33737724 722742
33737726 97393
33737761 319469
33737773 33737776
33737788 206954
33737803 236941
33737804 403309
33737805 105659
33737806 129986
33737807 600440
33737812 129753
33737823 10792
33737830 18515419
33737845 49313
33737847 215715
33737864 53361
33737873 50525
33737874 818367
33737876 11128518
33737877 839148
33737879 416018
33737899 8300
33737917 604663
33737919 416018
33737933 430938
33737936 8679
33737937 72222
33737938 159498
33737945 698167
33737946 791710
33737947 16383
33737950 58706
33737951 617044
33737952 97393
33737955 161420
33737956 82375
33737957 16221
33737958 24654
33737960 51799
33737963 838374
33737965 206954
33737982 200402
33737983 177162
33737985 35768
33737986 46500
33737987 5868
33737988 50728
33738006 48276
33738007 474824
33738036 289813
33738055 47621
33738057 7502
33738061 503415
33738064 29105
33738065 915402
33738067 54709
33738074 1486
33738076 50277
33738080 209159
33738086 517833
33738092 84952
33738098 10389
33738117 1075189
33738130 15109
33738135 39772
33738141 315749
33738144 60391
33738151 338129
33738153 1372572
33738155 10790
12161043 431326
34054576 10044
34110829 34110834
34367491 414279
7994703 738341
22283221 34849170
34711707 34892127
9062294 35169678
35227599 35227600
34315 35262483
22463011 35354495
35725850 35725851
35725857 35725858
35725863 35725864
35725869 35725870
35725876 35725877
35725883 35725884
35725891 35725892
35725898 35725899
35725905 35725906
35725912 35725913
35725919 35725920
35725926 35725927
35725932 35725933
35725939 35725940
35725946 35725947
35725952 35725953
35725958 35725959
35725964 35725965
35725970 35725971
35817082 35817084
2512760 36004779
4681137 729483
13638353 679832
9020485 36611828
37314367 37314369
4704216 37448797
17061911 4678248
12170699 22120051
38226200 38226201
5798377 38484579
5798398 38633250
39031564 39031566
7759576 2390221
6413717 106544
486414 39107770
6413733 982620
6413648 1424793
2874122 39107775
6414027 172203
829633 39107777
6414258 9974277
6414325 730909
6414332 39107781
6414366 39107783
6414554 399620
3408318 39107788
6414398 614340
6414695 320752
6414796 1007494
6414724 144466
6414748 39107823
6414897 537861
6414752 672170
13653840 158581
6414955 505213
6414809 366865
6415013 144466
6415027 299931
6414929 1617084
6414948 39107827
6415159 1758885
6415202 613695
6415143 39107828
6415177 246077
6415280 249914
6415241 623005
6415336 4204801
6415380 55301
6415442 107629
6415421 462010
9166372 742458
6413639 766670
6413678 2828011
1632570 39192269
6409700 7953856
6413898 618293
6413875 122304
6413870 1019162
6413906 1759845
13919633 590983
6414197 3453177
6414185 84825
370513 320344
6414571 4255526
13653735 344037
6414786 705881
6414749 2274819
6414861 106035
6414731 8516361
1150429 39192288
6414759 1497187
6414869 102358
6415032 296067
6414968 12076843
6415044 79296
6701412 159092
6415015 704594
6415008 889544
6415327 1774186
3408647 1230881
6414373 611757
6701072 176884
6415436 1087131
6409863 250311
6700918 853275
6415369 736301
13654383 141315
7685518 39197206
30856925 39389181
39549198 39549203
39738795 8197946
39738836 39738839
39738876 592769
39738879 4678151
39738882 39738885
39738887 9343959
39739104 700054
39739110 396213
39739122 700196
39739129 16826174
39739134 31607
39739136 249878
39739138 1297485
39739371 39739372
39739418 17156
39739474 385091
39739504 807389
39739516 11257
39739612 807389
39739637 356993
39739658 39739661
39739685 446839
39739707 54709
39739831 40973
39739856 22357902
39739859 190001
39740098 2831538
39740138 24432456
39740145 122246
39740159 696662
39740223 642633
39740241 778713
39740243 85707
39740265 1940240
39740279 8413808
39740284 91019
39740301 859955
39740357 590983
39740421 52950
39740434 76960
39740441 39740444
39740447 16383
39740462 391856
39740466 91019
39740469 18614594
39740470 22252685
39740475 39740476
39740607 210558
39740621 4076394
39740623 1380082
39740624 369867
39740650 94954
39740666 751800
39740857 59021
39740859 1472
39740869 44614
39740876 372432
39740877 46657
39740880 53264
39740884 10040
39740885 605017
39740902 21385
39740903 94954
39740905 61473
39740906 11173
39740908 700599
39740911 699711
39740912 16882
39740917 54415
39740919 591617
39740920 57402
39740927 42088
39740930 41558
39740935 56307
39740938 616220
39740939 338129
39740945 609707
39740953 72822
39740954 240049
39740956 82312
39740958 159705
39740960 728240
39740968 211311
39740971 54427
39740974 324349
39740984 47622
39740996 41580
39741002 608911
39741003 619292
39741010 496340
39741011 53704
39741013 679832
39741015 9962872
39741016 2040716
39741018 32557
39741019 319469
39741020 947710
39741021 129986
39741022 399159
39741023 1782
39741026 27887
39741027 11128
39741034 8078
39741036 648016
39741038 44976
39741039 11135399
39741041 505668
39741042 903091
39741044 950962
39741045 95032
39741046 403309
39741047 340256
39741048 463659
39741049 289813
39741050 52905
39741051 115537
39741054 589816
39741057 85060
39741058 51027
39741061 103519
39741062 603455
39741063 39741066
39741068 10026
39741070 53955
39741081 505740
39741097 139143
39741104 1024603
39741116 53969
39741126 36177
39741128 121353
39741136 77746
39741137 49903
39741138 10876
39741140 88343
39741142 329523
39741145 186321
39741151 64104
39741153 545009
39741156 50277
39741179 6337
39741181 600737
39741184 803727
39741187 165677
39743564 39743567
36354371 22977
17551918 46608
7995458 40053834
19923843 40243073
40258328 40258329
40258331 40258336
40355813 728574
14499155 40369332
21895069 337365
41199048 41199049
41238182 41238183
41367293 41367294
33357900 41432461
10576489 41584925
41684248 41684249
41684255 41684256
41684264 41684265
41684271 41684272
41684277 41684278
41684283 41684284
41684290 41684291
41684297 29568639
41684298 9577651
41684299 41684300
41684306 41684307
41684312 41684313
41684318 41684319
41684325 41684326
41684331 41684332
41684338 41684339
41684345 23220863
41684346 15255905
23220038 41815101
9808976 42487523
43350193 1687504
43644855 43644856
26215547 44380327
44382968 4680997
44417426 34667855
44502762 24285687
44524297 44524300
44880938 44880941
21970412 44921394
21970412 27508107
44943225 44943226
44963383 44963385
6413689 728240
6413574 2888794
6511729 41718
13653185 95338
6413918 172212
6414141 3532374
6414305 10809173
6414521 62080
6414490 8349408
6414488 51799
13653734 315749
6414719 329544
13653854 285870
6414762 1465277
6414741 172219
6414863 8739544
6414891 3273351
6415104 284991
6415060 1293028
6415185 132203
6415256 602126
6415406 382112
6415454 1039965
6415463 826150
13652892 697026
486415 45051696
6413690 741080
6701022 925865
6413827 45051700
6414064 22807419
6409740 587767
6414251 1406028
6414281 101160
6414303 1360598
6415854 109201
6409784 27945
6414636 2265099
6701002 329544
6414602 841704
6409823 18011521
6414908 173473
6414867 13649434
6700762 94732
6409826 102018
6414892 23026334
6414919 102463
6415055 410511
6415236 290455
6700855 46628
3412117 45051732
6415381 119395
4207177 47616
6415409 3291116
6415389 177162
13654338 552587
45549626 45549629
27508109 44921394
45579610 9175277
45585709 45585712
45585798 31269519
45585799 45585802
45585804 45585806
45585811 45585814
45585817 2531054
45586007 45586010
45586012 35028612
45586027 45586030
45586043 9125351
45586045 94954
45586047 76345
45586051 624704
45586053 22189155
45586057 50277
45586059 1036689
45586065 155242
45586071 608378
45586087 27915
45586091 289813
45586098 741916
45586460 19876
45586491 15982844
45586498 1971343
45586514 16443689
45586537 17721925
45586611 59169
45586625 27753
45586630 238748
45586640 226555
45586675 42336
45586696 32511
45586706 1374679
45586708 310698
45586709 1815798
45586717 54989
45586722 214364
45586992 139311
45587013 1375953
45587039 1303369
45587045 311086
45587060 8411183
45587078 1217137
45587079 273038
45587090 97217
45587114 99563
45587116 619373
45587123 388680
45587131 44524
45587156 12427
45587163 211718
45587165 1737638
45587166 223756
45587183 8612739
45587248 915402
45587253 9177712
45587284 405808
45587286 11091
45587291 1079548
45587292 56523
45587293 275635
45587296 8679
45587384 2274940
45587409 381861
45587410 85149
45587470 21008
45587559 3513394
45587604 48211
45587658 81590
45587671 47622
45587676 78776
45587678 2057334
45587679 10790
45587680 47483
45587681 44614
45587682 14006
45587695 317013
45587711 236941
45587712 51738
45587724 53694
45587728 40419
45587739 45474
45587741 507640
45587753 60391
45587758 1486
45587778 29274570
45587779 68395
45587782 431892
45587784 40973
45587793 454653
45587794 670670
45587806 16383
45587813 44582
45587830 81118
45587847 340256
45587850 809365
45587851 129557
45587852 3453024
45587856 1988
45587857 102137
45587858 1939007
45587859 7188937
45587865 117215
45587866 319287
45587867 23725641
45587868 45965
45587869 6552
45587871 3282191
45587872 29105
45587876 11090
45587877 42251
45587879 108194
45587883 33213
45587884 618293
45587885 45826
45587887 36451308
45587901 256582
45587902 65268
45587905 840035
45587906 48276
45587908 318949
45587910 59021
45587913 85707
45587924 45965
45587943 15109
45587950 82597
45587956 61473
45587958 846037
45587963 16383
45587968 1781
7995459 45895106
46191614 375671
47063252 47063253
47125081 47125082
47298339 47298344
47370629 47370631
47474561 47474562
47474568 47474569
47474575 47474576
47474581 47474582
47474587 47474588
47474594 47474595
47474601 47474602
47474607 47474608
47474612 47474613
47474618 47474619
47474625 47474626
47474631 23962977
47474637 47474638
47474644 47474645
47616956 47616958
23451453 47653477
47817568 47817570
7618919 24434428
37433050 29264762
47977040 47977043
7620622 7953682
4191398 3268815
7557606 1172984
16065182 48358955
48830271 48830273
49202614 49202615
7554620 49372312
49538154 49538155
49538185 49538186
50080519 4680996
11649644 50101687
50117914 50117915
50235486 50235490
50541646 406257
50604166 34578311
6413572 80237
6413740 3514350
6413702 53721
6413680 9181439
6413669 1172743
6413815 159236
6413903 104616
4207477 3199027
6414063 10388256
6414234 1257739
6414296 3453140
6414460 826003
6414380 160033
6414784 173709
6414699 1960962
6414573 16164326
6414635 1184829
6414832 880173
6414609 1361994
6414912 7953654
6414693 2721292
6414757 1149340
6414967 9663438
6414846 1669307
6414921 124253
6415041 155045
6415010 8667804
6415037 124231
6415112 597417
6414918 107679
6414990 11118415
6415166 85206
6415294 1591718
6415303 9962583
6415311 1296852
6415324 602104
6415301 86195
2058284 50655097
6415495 122298
13654361 80137
6415526 335009
479683 62959
548138 1214854
6415394 303298
6415488 391363
50701214 9060728
6413545 3515270
6413736 827169
6413659 4675366
6413816 36221
6409714 1403707
6413842 4678250
6413856 196181
6414108 2956629
6413961 515251
6414231 418117
6414157 302998
13653431 372347
6414249 46480732
6414265 7636473
6409759 3299142
6414539 2236303
5225467 14050
13653666 1464387
6414708 9776984
6414475 4190244
6414581 45574253
6414703 50736749
6414753 55689
6700784 17924675
6700954 276470
6409830 124256
6415108 100998
6415074 22579
6700680 1098200
3409043 29212501
6415064 132201
6415163 2432518
6415203 97217
6415018 29982428
4205777 8626134
6415180 73962
4132662 11693838
6415232 1064730
13654184 626754
13654208 505180
6415265 15662622
6700970 4845332
6415363 476648
6700975 697485
9166373 909436
6415378 371369
38941890 50741479
41750672 51188236
51257670 51257673
51257891 51257894
51257897 15883078
51257898 51257901
51257902 11288607
51257905 9231485
51257910 2356801
51257922 15698056
51258134 1305328
51258135 797946
51258139 7953760
51258141 753439
51258143 3497242
51258146 163069
51258152 109472
51258155 28057
51258156 51258158
51258160 64946
51258391 104889
51258415 1380802
51258568 2612446
51258572 260696
51258606 57793
51258648 1376352
51258667 8414795
51258700 10792
51258717 14670
51258725 454653
51258757 340256
51258793 8121593
51258799 15823449
51258807 519836
51258821 132328
51258830 500838
51258847 79295
51258864 71655
51259141 28194504
51259161 40486
51259241 859872
51259270 176881
51259346 34567280
51259439 42251
51259444 864424
51259448 1017607
51259450 391856
51259576 36160
51259586 59021
51259615 1380926
51259691 1473157
51259693 700599
51259813 42251
51259817 55149
51259832 58006
51259834 375671
51259837 76857
51259842 26398
51259843 102998
51259851 11173
51259866 99503
51259890 53872
51259891 1085881
51259893 375732
51259900 61473
51259902 45847
51259903 375732
51259909 10113
51259941 109472
51259943 541156
51259947 34112
51259949 53132
51259951 403309
51259954 733881
51259955 340903
51259958 58518
51259959 8699762
51259963 8591
51259965 591425
51259970 660386
51259971 226555
51259972 792246
51259980 31250
51259982 515251
51259983 10097
51259985 885536
51259987 132188
51259989 4137576
51259990 2432118
51259991 9020428
51259992 889591
51259993 31363709
51260001 321834
51260006 681141
51260008 44976
51260009 205010
51260018 69841
51260023 38471
51260024 337308
51260029 17248
51260030 390354
51260032 1419854
51260033 27953
51260035 61473
51260037 779773
51260039 104975
51260048 399144
51260050 45425
51260058 344512
51260065 102186
51260066 60391
51390953 11490792
40158459 51832381
51853559 327578
