34321 34326
34329 32111
185111 185112
274167 274168
280586 280590
295340 295341
337832 337834
545835 545839
680984 680985
680986 680987
680988 680989
742361 742364
846806 846808
853131 853133
1010435 1010436
1040626 1040633
1049390 1049391
1057592 1057593
1060137 1060139
1174061 764827
1261553 854043
1265168 1265169
1292393 1273733
1318222 811637
1355048 1355049
1370472 909602
1370497 1370498
1422681 1422682
1472212 1472213
1474050 1474051
1507394 1507395
1659678 1659679
1666325 420267
1690234 199551
1705356 1705358
1715316 143374
1789377 1015212
1814779 1814781
1823495 1823497
1871606 1871608
1955430 1204133
1958668 272773
1959946 1959947
1983619 1983620
2063669 2063670
2083932 120356
2095121 2095122
2402026 680174
2402027 453183
2402028 2402029
2402030 2141497
2402031 2402032
2402033 2003735
2402034 1855565
2402035 1344751
2402036 1530904
2402037 1348599
2402038 2402039
2402040 2061858
2402041 1695683
2402160 792571
2402169 2402170
2402237 862447
2407979 1853982
2499983 2499985
2607052 2394195
2625961 2625962
2639522 2639523
2639528 2639529
1564319 2639530
2639535 436275
2639539 681496
2639542 1137735
2639544 2639545
2639546 1166638
2818254 44809
2819204 1309424
2823838 1309424
2856489 2651089
2865134 2865135
2879655 2879656
2879658 1191903
3124085 1924061
3126327 3126328
3168471 187757
3168481 1967150
3170829 2868811
3173802 2673507
3173806 755599
3173814 3173815
3174050 817587
3174065 1526532
3174078 3174079
3174080 1260367
3174082 1349082
3174083 2008653
3174084 1530316
3174085 2268865
3174090 168384
3174103 3174104
3174108 1136648
3174168 1363962
3174169 3174170
3174196 181586
3176240 3176241
3183992 2588044
3183993 1959396
3183994 712361
3185338 3185340
3185857 1259992
3185858 648540
3186773 1353873
3186788 690578
3186795 1031539
3186804 658591
3186806 2452439
3186809 3186810
3186811 2919899
3186812 1689048
3187182 3187183
3187186 3187187
3187640 1453703
3187751 2805554
3188529 2993658
3188536 2058616
3188538 3188541
3188547 790533
3188556 3188557
3188558 2793180
3188563 559087
3188569 3109677
3188570 2071084
3188571 499296
3188572 43137
3188573 2698466
3188574 3188575
3188576 3188577
3188578 2023629
3188582 861690
3188585 2348883
3188588 1720029
3188589 3188590
3188602 3188603
3191993 3191996
3192610 3192611
3192614 3192615
3192631 695789
3192633 1085774
3192638 3192639
3192642 427128
3192643 3192644
3192700 2177739
3192701 483232
3192815 3192817
3194155 1872690
3194157 3194158
3194160 1983215
3194161 3194162
3194163 1093445
3194166 3194167
3194299 3194300
3194597 1339167
3194598 2058316
3194599 3141854
3194600 1578969
3194601 248604
3194602 3194603
3194604 3194605
3194606 3194607
3194608 815581
3194609 1236040
3194610 1224448
3194612 2583047
3194613 1872462
3194614 1009939
3194615 85472
3194616 3194617
3194618 576544
3194619 3194620
3194621 298274
3194622 460707
3194623 1560650
3194624 1722806
3194625 1567127
3194626 2599486
3194627 1392730
3194629 979383
3194630 257341
3194631 1250334
3194632 425855
3194633 1919894
3194634 547260
3194635 333683
3194636 554868
3194969 550914
3194972 1247655
3194975 2520720
3194976 810379
3195334 3195335
3195632 3195633
3196621 1792256
3197242 360847
3197833 175517
3197837 2343780
3198376 1233099
3198378 1065657
3198379 190346
3198600 2698466
3199016 2095316
3199018 283385
4041906 1722468
4147632 1250721
4148024 4148025
4148588 820686
4197498 2665966
4225027 4225028
4225029 2421978
4225164 1173321
4226405 1109976
4232887 123198
4285599 4285600
4285607 4285608
4285613 1513610
4285621 4285622
4285623 1551692
4285629 4285630
4285639 267341
4569186 3577142
4608700 476179
4615087 749673
4736595 567334
4853429 4853430
4970319 4233606
5847912 1050201
5979217 5979218
6402319 585837
6439578 919509
6942625 1096732
6942638 6942639
6965932 6965933
7006524 2820917
7027072 2048324
7027073 1083475
7027074 657404
7027075 289952
7027076 2299045
7027077 644873
7027078 233284
7039754 3402177
7126880 1022049
7302240 4853430
7354563 1322392
7699171 7699172
7708407 921998
7708480 7708481
8482191 1197798
4788491 627521
8593848 2378567
663876 7423745
8623126 590660
8623188 813273
8635361 5420333
8655125 4576015
190308 8775062
8842591 2967106
8873021 778693
8873040 8873041
8877571 641877
8908527 1474051
8959693 1136182
8962408 2015451
8982565 2810321
9030578 955217
9031469 793394
9122837 493667
9212177 3881929
9233459 3558661
9354846 387038
9396439 1649108
9396700 80537
9428019 9428026
9429029 1037472
9448696 332428
9482222 1887711
9520009 151759
9521412 3551701
9821804 679839
9998427 1249706
10024423 750325
10029052 2402032
10036588 1820218
10036990 876498
10036991 1206459
10036992 3783395
10036995 3606125
10036996 1304912
10036997 1597049
10036998 6976291
10036999 665041
10037000 1570932
10037001 1106046
10037002 9130497
10037003 1091566
10037004 273743
10037005 1116930
10037006 1898294
10037102 2436761
10037105 1073893
10053542 1457260
10053776 1048140
10060985 598249
10120320 1517521
10128896 10128897
10243075 410700
10243076 334697
10243085 1260868
10243091 1536042
10243092 1456622
10243112 1931399
10243114 902633
10243116 2186027
10243135 854043
10243153 1657618
10259446 4038149
10400771 2193747
10433232 6055175
10433235 4009262
10454060 435313
10454061 4105125
10483789 3199710
10487079 10487080
10491844 1102819
10669326 956492
10670404 646955
10672379 1282024
10687731 351121
10704871 2010746
10710314 429033
10711100 273630
10713698 1125887
10713708 690578
10713726 2607764
10713940 1327138
10713954 7501110
10713968 231973
10713970 2289964
10715608 1173296
10715625 10715626
10723511 4476359
10723626 4208431
10723663 2871213
10723667 1108599
10723914 10723916
10724010 66092
10724292 442283
10724294 7558032
10724295 1394241
10724302 49003
10724306 6056495
10724307 1417626
10724308 2196052
10724309 2323605
10724311 894368
10724312 266929
10724314 284670
10724593 1427230
10725059 1026292
10725575 2584626
10725790 209248
10725793 682192
10725992 1099737
10725994 2116639
10726001 10726002
10726003 1567124
10726009 148205
10726016 7765272
10726017 1603561
10726020 2007523
10726021 5042742
10726022 1577100
10726025 2833593
10726026 3000157
10726471 10726472
10726473 636531
10729617 2009346
10730762 1237120
10730776 2181331
10730792 274297
10730793 2426651
10730796 1279184
805366 10731112
10731117 2262708
10731221 1331316
10731222 1263283
10731223 2309879
10731224 2600327
10731226 783212
10731227 2794592
10731228 324085
10731229 8484217
10731230 3679936
10731231 802954
10731232 1699911
10731233 1893244
10731234 1735445
10731235 255616
10731236 1483552
10731237 581604
10731238 2470409
10731239 1822214
10731240 1929355
10731241 1670839
10731242 3255363
10731243 124538
10731244 823037
10731245 2160931
10731246 1584469
10731247 1347141
10731248 8679015
10731249 8488001
10731250 6055920
10731546 3542331
10731564 1121174
10731592 2440671
10731594 2071317
10731889 2185964
10731890 3973409
10732059 6120787
10733009 1011242
10733860 664294
10734092 1559693
10734094 371724
10734501 1263281
10818733 2062575
11273943 11273944
11592575 1884968
11629789 2913529
11632834 747745
11661637 1777629
11662854 676083
11662855 5735955
11662857 1094384
11702396 157028
11717463 1867802
11717466 2484427
11717467 2337247
11717468 2036577
11717470 2035186
11717471 2115546
11717472 7928364
11717476 1185542
11717477 5716044
11717478 1606207
11717479 1295308
11975507 2780717
12013122 919414
12175393 2738907
12176134 1570378
13134728 44664
13134749 2059260
13135216 1664016
13596815 618679
14216488 14216489
14218301 6371222
14218302 690328
14218303 1725157
14218304 8431653
14218305 1215959
14218306 278895
14218307 7023818
14218308 1201448
14218309 3531553
14218310 3799169
14225535 417413
14225781 1566759
14311285 7923737
14311295 2519918
14311320 235784
14368429 849821
14476775 2599228
14841307 1396271
14845401 715872
14852575 1897002
14928383 886195
14929868 1261995
14951172 169899
15260888 15260891
15644256 1222458
15695306 15695308
15707297 1200523
15721709 3558680
15740209 1503620
15799027 618679
15931183 552943
15937684 2702715
15939452 1095749
15954576 1084357
15958242 1793995
15963468 686508
15970307 3877460
16012893 3532528
16088600 3150439
479611 641837
16148731 6053648
121651 96843
16265948 2318842
16267189 795127
16273748 773257
16291202 824878
16293707 1253814
16317185 1007847
16317186 2599912
15335308 828361
8632539 2057883
16426823 821108
16437566 657868
16441127 923953
16511458 1246595
16528339 187558
16564766 1798794
16578040 2347698
16585643 2052155
16589521 16589525
16625228 2058970
16692003 61117
16745217 4522878
16756834 2705255
16766440 2215877
16766919 1384767
16982252 212991
17003181 66645
17013657 6903243
17014706 2629234
17015170 2296400
17015171 9742579
17015172 5182600
17015173 1868078
17015174 1809207
17015175 3749768
17015176 92887
10724293 442283
17015177 1435052
17015178 1692303
17015179 1599139
17015180 585831
17015181 3108559
17015182 512205
17015296 2119799
17015297 1811795
17015298 1690811
17109661 9327426
17109662 1224103
17208684 1374079
17208703 9439682
17208708 818177
17208710 1462344
17208722 3121005
17208723 317576
17208724 1475339
17208751 3799682
17208756 701441
17208760 1775411
17208761 67639
17319355 3624486
17353657 3614611
17385035 1895084
17402342 3489038
17406347 1063657
17412940 1094777
17415920 2058011
17576520 3534063
17592862 207544
17598948 623766
17610026 1264301
17646249 17646250
17647714 2491948
17647719 2375231
17647734 8248264
17647976 2600888
17647991 2745945
17647992 358369
17647993 9509256
17648045 679293
17648046 3607238
17649312 780330
17654589 16989001
17654806 735371
17654807 339244
17654808 2859479
17656414 1147271
17656454 268471
17656455 98970
17656779 995428
17656782 2712087
17657074 216937
17657086 2185955
17657091 486305
17657098 402440
17657099 2471648
17657101 9261467
17657790 1061829
17658857 1911978
17658858 709623
17658860 758486
17658868 2049348
17658875 2539548
17658876 4428775
17658877 1536750
17658879 17658880
17658883 416048
17658890 1995713
17658893 170582
17658894 1855479
17658895 1682351
17658898 2461409
17658900 1338069
17658901 4512122
17658903 3105261
17658910 209248
17660677 2947675
17661558 6055483
17662084 17662086
17662496 712827
17662532 1096629
17662533 3799358
17662594 2878158
17663866 860532
17663879 9067097
17663915 2911516
17663916 575237
17664027 19735
17664206 730311
17664293 2545912
17664294 2087666
17664295 3598735
17664296 1798545
17664297 4512544
17664298 238915
17664299 643612
17664300 7010408
17664301 435155
17664302 187746
17664303 7101627
17664304 1873267
17664305 976240
17664306 2366226
17664307 437285
17664308 2189195
17664309 292524
17664310 732000
17664311 3082168
17664312 2010798
17664313 60324
17664588 1328494
17664590 2894736
17664636 17664637
17664902 2374681
17664903 730105
17664909 3799723
17665776 34937
17666867 905416
17667384 1098344
17667961 2623485
18478190 2563022
18518056 2172345
18519443 945006
18519447 3193609
18542446 405508
18542447 8494497
18542448 5238862
18542457 1867452
18543745 1735259
18543747 2425218
18595042 2609562
18595048 159828
18595049 2819439
18595050 1102280
18595052 1310653
18595058 11167955
18839799 712056
19028979 655998
19029476 9626655
19929437 2059260
19929796 303638
19929991 1572616
19930757 6330403
20459215 4124722
20958183 2796188
20958184 2923387
20958185 323364
20958186 1516104
20958187 1435977
20958188 731659
20958189 965823
20958190 450944
20960841 3466110
20966841 192137
21047987 2574582
21048004 322968
21219307 4853430
21567980 119144
21568105 1835218
21568284 968349
21641523 542174
21687410 4800642
21824552 82711
22052666 22052667
369981 1797611
190305 22190355
22265897 1344495
3754565 1639989
22380201 939109
22380203 3879745
22380205 1057896
22411341 75262
22564519 1883958
22665608 1339130
22677086 4069183
22741494 2644106
22769188 22769189
22769728 935615
22812857 877013
22868342 16864777
22868641 304713
22871122 3799084
22896542 22896543
22941724 1854753
22943227 736897
22946062 1429839
22999737 3010290
23143033 4036616
23198706 2614993
23267581 1496272
23269679 2349122
23272393 1709476
22521650 874367
23337552 9986411
23570687 2016554
23590507 749680
23614642 7187767
23624407 766641
23624408 909315
23624409 1693465
23624410 869668
23624411 164481
23624412 1135072
23624413 1726911
23624415 2519874
23624416 415957
23624417 4512433
23624418 1768473
23624541 450443
23624545 2195245
23624546 2514649
23624547 2850941
23643516 2007523
23713839 3456411
23717561 4511916
23747008 1484950
23809418 5714751
23809420 262531
23809432 1576827
23809439 1762003
23809445 733577
23809469 4192493
23949673 2417902
23979922 504780
23987676 23987677
23997514 824140
24012123 3037333
24034661 2202860
24157498 607212
24157499 24157500
24183716 1309424
24185247 893275
24191230 24191232
10729747 2049806
18840710 119163
24220336 1603603
24220345 3211317
24220639 531015
24220650 89108
24220660 1961826
24220689 34877
24226479 696008
24226480 224874
24226481 1008801
24228057 1867655
24228060 7922960
24228173 658582
24228194 24228195
24228196 1150277
24228741 1308856
24228767 908885
10724019 66092
24228775 2357192
24228776 720479
24228777 623766
24228778 2521059
24229130 964188
24229131 2387471
24229578 247396
24230205 289952
24230357 1994386
24230358 2175741
24230360 24230361
24230362 743256
24230363 1987217
24230365 4535931
24230366 313061
24230367 2790315
24230368 3394285
24230370 709871
24230371 618135
24230374 592992
24230379 2264307
24230383 326400
24230385 232347
24230388 2050428
24230396 1105339
24230397 787638
24230398 1115691
24230403 296016
24230406 1674757
24230407 972778
24230409 2353621
24230410 2354152
24230411 17288057
24230412 1775441
24233151 1529574
24233734 1809560
24233740 3690253
24234056 3569245
24234058 8946651
24234061 6828088
24234123 893275
24234124 1295011
24234125 1477905
24234162 435666
24234423 2922093
24235196 24235197
7991366 3878598
24235209 15279754
24235211 1536559
24235509 481178
24235513 141960
24235622 2138822
24235623 1352183
24235624 10279262
24235625 504172
24235626 283699
24235627 1538106
24235628 330883
24235629 2501619
24235630 362968
24235631 7004584
24235632 1292546
24235633 9291127
24235634 385250
24235635 2223683
24235636 3737356
24235637 2176282
24235638 638901
24235639 2452576
24235640 3422892
24235641 1642929
24235642 392970
24235643 220789
24235644 1608241
24235898 2125108
24235899 1284833
24235900 935615
24235957 380475
24236165 2628042
24236166 10229640
24236170 3426302
24236171 4509690
24236864 580377
24237796 385432
24237797 1439456
24238240 24157500
24238241 855774
24238242 24238243
22866470 24238244
24238773 1140388
24238789 1867901
24987383 24987384
25019744 1291629
25053346 416083
25080929 717973
25080932 4040074
25080933 2959265
25080948 979362
25080973 933848
25080974 25080975
25132643 2506978
25132644 4063720
25132645 2085026
25132646 4068742
25132647 25132648
25132649 25132650
25132658 2407906
25132659 934590
25132661 1787482
25132662 294521
25366350 755709
25367290 117700
25546427 661365
25697749 1659821
25752691 2566385
26398248 7600154
16079778 1595961
26814794 618679
27388566 436751
27388567 2239733
27388568 9078917
27388569 1256793
27388570 27388571
27388572 8652433
27388573 609372
27392561 27392562
27394466 575400
27476956 2369685
27846803 1876900
27966583 27966584
27981020 10025539
27981071 27981072
27981366 2348041
27986559 2594223
28068369 434907
28090289 266618
28346688 3446858
28369830 28369832
15185888 2543231
6402093 2056090
263842 1449528
366097 1898737
28747700 92887
28767380 1452389
28767381 60166
28790398 1564263
28803724 2089642
28810335 2325563
28850511 1448868
10730578 28918206
28937118 555514
8959695 1136182
28957248 28957249
3191995 706995
28983386 870204
28985627 2418463
28996338 12665538
28996339 959170
29005739 574638
757671 858165
29124615 302582
29127146 941420
29139364 29139365
25411941 40132
29186595 2605568
29186599 1536829
29197425 877107
29272926 2161930
29273804 1565639
29280552 136091
29306835 913984
29621141 2751568
6942626 29738545
29855084 521740
29880418 4171563
29956435 478913
29956442 764336
29956735 9616003
29956736 776929
29956737 473374
29956738 1449943
29956739 2547425
29956740 188514
29956741 88486
29956742 344224
29956745 557948
29956746 3558664
29956747 908687
29956890 3412938
29956891 1073476
29956894 909418
29956963 2949264
29960062 217374
29960063 1891499
29960064 1870115
29971203 596816
30045894 2600529
30045895 812507
30057932 3809762
30083287 2804365
30100752 2256613
30105502 1266260
30137887 1584479
30137893 1681131
30137896 2058713
30191227 1092717
30314903 8797777
30316510 3121826
30318385 1133192
30318387 9666769
30462999 3414692
30463000 943729
30470863 1379471
30493051 15043942
30497573 920586
30526936 1041101
30526991 4513180
30527919 2546807
30528671 588657
30528865 895678
30528871 6055907
30528886 3263031
30528936 2093836
30528940 1630403
30529119 714095
30529445 262100
30529972 724541
30533849 648533
30535300 482265
30535301 1181086
19703176 1448637
30535451 6055234
30535783 1054614
30536066 273843
30536067 2534728
30536068 1261992
30536069 2056152
30536075 3851700
30536079 1054614
15188784 490438
30536865 2359563
30537580 30537583
30537750 30537751
30537752 1958285
30537765 1254987
30537766 4120626
30537768 2290601
6815876 584794
30537770 1304759
30537776 2546279
30537777 2863519
30537779 3270101
30537780 1563612
30537783 8401376
30537784 6473815
30537785 671012
30540802 1592285
30540814 17505903
30541084 1422954
30541099 3131232
30541149 980111
30541739 1577099
30542294 679377
30542298 29588102
30542299 785486
30542647 4308723
30542651 176214
30542652 1771555
30542653 1020732
30542654 1254081
30542655 3051089
30542656 2521070
30542657 2297616
30542658 1567601
30542659 30542660
30542661 683668
30542662 388606
30542663 2600125
30542664 10161120
30542665 1188308
30542666 596919
30542667 4307498
30542668 30542669
30542670 1711141
30542671 1296822
30542672 3620468
30542673 2059680
30542675 1755528
30542676 1553145
30542677 2758571
30542678 5581494
30542679 9009609
30542680 2115353
30542960 1759380
30542961 749256
30542962 3679316
30542966 619862
30542968 14063492
30542980 1643585
30543016 1827440
30543325 15804638
30543326 3799564
30543327 809987
30543328 5336349
30543602 3054548
30544050 1084999
30544136 557474
30544185 1808264
30544186 1209985
30544631 773167
30544633 17282308
30544634 3448778
30544636 1016560
30544637 276138
30544638 310172
30545077 2333400
30613319 2295604
30706125 937256
31011742 1058117
31308385 2050463
31308386 246993
31308848 1870977
541177 863133
31313477 31313478
31344882 424229
31346050 371575
31367342 1271296
31367390 1010279
31368384 756824
31368385 1613349
31368386 1751764
31368387 837618
31368390 370932
31373680 752217
31418442 1008825
31650712 3820314
31650798 31650799
31825212 31825213
31970493 1910373
31970494 249623
32634357 2141625
32634608 1664016
32635384 14119638
32635393 557987
32635394 581588
32645753 9826705
33590475 919515
33590476 2498097
33590477 1139338
33590478 257995
33590479 2369722
33590480 1286622
33590481 1620415
33590482 1052437
33590483 148364
33681415 4358744
34173564 320497
34173603 537511
34173692 1579505
34173740 34173741
34173888 4914884
34252378 996637
34253691 5673202
34254726 34254727
34261138 3682864
34318298 12536200
34545003 4615617
34545027 285888
4898902 3195633
35085696 1867806
35142783 9573711
35143742 1889067
35161266 35161267
35166434 589301
35172316 266899
30033572 872187
35207906 3799854
1344709 1552502
8483368 3877873
2726952 1857592
35300412 765682
29880419 995913
35359698 3853367
35388000 9798996
35396311 810709
35431709 996664
35546824 531698
35546829 317782
35632946 1839854
35656776 3921319
35676911 1701674
35677214 5082684
35680439 2048880
35780654 3188557
35794242 3034773
22518964 645034
35858471 693484
35878382 3817744
35885214 4535379
35885448 1912705
36069934 752217
36101434 1752521
36101820 434825
36101822 356713
36101823 1827440
36101824 909526
36101825 534360
36101826 3440874
36101827 141679
36101828 1176920
36101829 4331398
36101830 2047985
36101831 2512102
36101832 810470
36101833 2518820
36101834 1519592
36101911 255620
36186151 2309770
6402310 5583377
36277268 1364583
36277285 2702655
36277302 3799144
17662876 36409555
3190545 2180520
36449644 2343808
36450147 1764656
36450148 242669
36463268 239214
36519814 890628
36544967 1027171
36611280 938834
36615365 1358740
36619043 1566140
36644383 776779
36644726 9502105
36646018 3679022
36646935 111066
36646937 694264
36646938 389097
36646939 1277971
36646948 645032
36647210 4143756
36647212 1067260
36650931 1779730
36651024 9002781
36651025 1270429
36651026 2061869
36652390 1768345
36652460 3568457
36652477 2597133
36652519 3852479
36652536 3064670
26191350 1572197
36653168 1854411
36653169 8437
36653172 861044
36653176 893275
36653177 2821614
36653178 1865852
36653179 995428
36653180 587128
36654527 3690234
36654528 488417
36654532 22999030
36654537 2525446
36654539 36654540
36654542 1105883
36654544 4124229
36654545 1662227
36654546 36654547
36654563 7901250
36654564 2374479
36654565 2068191
36654566 2052729
36654567 2685499
36654570 662404
36654571 2101216
36654573 3370543
36654574 2403787
36654575 2820917
36654576 36654577
36654581 1597143
30083288 2133649
36656112 641832
36656287 36656288
36656730 3410083
36656891 36656892
36657377 2433577
36657508 2181163
36657509 1208436
36657510 1151841
36657511 36657512
36657514 2875516
36657839 2656210
36657845 743347
36657866 4307449
26399415 168018
36658467 2058940
36658962 3026237
36658966 2176482
36659195 2088118
36659270 606939
36659271 237231
36659272 1571749
36659273 403899
36659274 644148
36659275 2250489
36659276 480333
36659277 3120072
36659278 3412600
36659279 770494
36659280 4560578
36659281 1807385
36659282 12486023
36659283 449371
36659284 3356394
36659285 1869740
36659286 764950
36659287 1840600
36659288 1108540
36659289 2526708
36659290 255581
36659291 148360
36659292 1248974
36659293 1667892
36659294 11923358
36659295 3298508
36659296 9736718
36659297 781163
36659298 856071
36659299 1059211
36659300 2461388
36659580 621614
36659581 5448131
36659583 797384
36659606 772958
36659630 3879259
36659631 8797731
36659825 675881
36659826 1010089
36659827 1912190
36659839 2371246
36660100 7296537
36660909 196717
36661092 6056452
36661644 1210129
36661884 1422928
36662027 763144
36662441 36662442
37403035 37403036
37407790 628610
37434888 1413084
37439031 577145
37459062 37459063
37459064 649953
37459065 417128
37459117 37459118
37459244 3130747
37460092 1029758
37508117 8308017
37508118 568744
37508123 5664989
37508126 1263281
9544529 10726472
37508127 1747442
37508128 2057361
37508131 591182
37734523 5180486
37905662 10232560
38047006 1572898
38660932 1689048
38675305 1030737
39404714 39404717
39600812 770338
39600813 281485
39600814 1065265
39600815 1800386
39600816 3707116
39717015 772060
39879582 3433206
39884178 39884179
40154320 40154321
40157117 6054331
40159971 40159972
40167222 40167223
40529295 2620116
10708782 1615154
7950989 145978
40740856 1054276
40888888 1190419
15826608 2393863
40953525 40953526
41000717 16536034
41017459 2880200
41082195 2057161
41116088 2648247
41139352 612582
41156125 1282142
41241228 1934941
41364098 3232312
41499573 1116428
41505477 7818877
28054433 1084357
41663202 536968
41704383 1477417
41048179 2069903
41832625 7595435
41832710 2131587
41839979 951054
41953218 1211900
41999593 870350
42022312 2600920
42029511 1101077
42048224 1098433
42048531 563904
42048532 6041698
42048533 7595438
42048534 2036759
42048535 402440
42048536 1119645
42048537 434803
42048538 2986616
42048539 361448
42048540 2905044
42048541 271802
42048542 1781922
42048543 691586
42048634 941550
42050858 896756
42051572 125451
24230380 2264307
42061868 3707160
42061869 1660252
42062318 12353476
29233271 7546994
42220233 999120
42220244 1078548
42220245 1250350
42346923 1173856
42347565 1025579
36653518 42374193
42374349 6055224
42390671 680842
42414816 818919
42455048 2182479
42527926 2630957
42531596 42531597
42551851 452744
42574941 2795740
42574942 10667626
42574943 1824890
42575252 2540549
42575340 2490213
42575669 3192058
42575751 34124257
42577209 436558
42577214 6956345
42577435 346537
42577466 42577467
42578095 3256985
42580263 417494
42581648 9039103
42581742 482660
42582050 1854411
42582326 2501689
42582327 6420381
42582350 863281
42582893 3576666
42583102 1920816
42583712 707914
42583722 691858
42583723 445276
42583726 2372245
42583732 1087074
42583738 42583739
42583741 9574972
42583742 2023559
42583743 1367359
42583745 336224
42584151 666571
42586169 2597905
42586562 1474051
42586563 42586564
42586673 2660497
42586969 4828861
42586970 2601092
42586971 874075
42586972 1482365
42587327 1261838
42588127 636853
42588128 8308038
42588129 277715
42588130 2056899
42588251 878600
42588252 587991
42588267 2551613
42588440 924970
42588441 1892051
42588442 968593
42588443 294981
42588514 482324
42588515 1488996
42588516 613043
42588517 6914882
42588518 648833
42588519 4640125
42588520 1858067
42588521 6330407
42588522 4512720
42588523 2368164
42588524 3690206
42588525 384089
42588526 2315214
42588527 1584850
42588528 2363852
42588529 1191575
42588530 3034577
42588531 585751
42588532 725967
42588812 2875258
42588813 6376803
42588841 2927722
42589857 42589858
42590314 6976085
42590707 42590711
42590994 510832
43016236 1067466
43321349 703695
43321712 916530
43321995 17054009
43322111 3572984
43357291 3531083
43357292 464108
43357293 748387
43377197 1175121
43377199 1907386
43377227 389490
43377269 18440
43377424 1009671
43378222 1803034
43424913 3800141
43424914 1807409
43424921 232059
43424923 961499
43647367 579227
43952141 249623
21824555 639660
43953962 3852888
43953963 2008096
44547766 2501579
44548484 1520709
45272373 908771
45286368 1312697
45449166 4575317
45449175 336526
45449176 1893559
45449177 1142807
45449178 910201
45449179 712100
45449180 247958
45455505 801477
45533787 10604975
45533838 2959720
45684567 4853430
45858908 2983481
46007349 1306945
46010547 16330995
20407783 2494985
46445265 1954364
46445266 1058654
46482429 2076824
6716853 6372465
46609686 1913415
46631765 863434
34840559 1867697
46653663 3568528
8382029 2992819
41045568 2175554
13642463 848233
46854535 2428708
46883147 826192
35110090 272332
46913556 9304370
46937501 1629200
47012634 4307331
47044964 1436910
47242692 686052
47364928 383877
3083299 1666389
47390074 1235981
47428104 1870319
47428194 789269
47428206 574078
47539689 279039
15801443 3542028
47616697 818533
47776753 3093673
8324445 1803034
47817639 311371
47826936 3312807
47827276 818178
47827277 929114
47827278 440218
47827279 1467689
47827280 762566
17664635 1643585
47827281 4508937
47827282 3212934
47827283 5061659
47827284 1818255
47827285 1751174
47827286 1444460
47827287 2606952
47827288 9847464
47827400 67519
47840206 712075
7703818 47893561
47994348 1049485
47994356 588927
47994386 2495935
47994403 1777231
47994404 203784
48096367 3572409
48098901 1022112
48104235 1049843
48117535 2356837
48117542 3435089
1058074 197290
48159914 785476
48159915 211259
379378 48160453
41751997 2058880
48197617 1111490
48214367 2209396
16512045 820664
48335030 10503013
48335500 3048859
48336148 1575508
48336151 6965933
48336152 3145170
48336153 2772710
48336156 48336157
48336390 4568927
48336391 1871740
48336394 1710384
48336397 1549331
48336398 1590767
48336403 147195
48336410 2570519
48336411 3188557
48336412 2510121
48336433 1095027
48336884 230150
48336945 6055545
48336946 1274902
48336947 535506
48338487 9470884
48338488 3690927
48339464 889860
48339800 3188557
48339802 3391349
48339847 48339849
17642144 48339851
48340197 2521059
48340213 1208944
48340428 1856301
48340438 2560485
48340439 419124
48340441 402440
48340442 6056647
48340443 3537453
48340444 9312628
48340729 2087719
48340730 3035387
48341152 877625
24234810 48341898
48341902 420083
48341903 1779354
48341910 3016331
48341911 3852050
48341912 1115546
48341913 48341914
48341915 2538765
48341916 888406
48341918 730215
48341921 1190419
48341922 1176762
48341924 633673
48341928 479616
48341929 9575738
48341931 491387
48341933 1868832
48341935 2002448
48341936 2135466
48341937 767437
48344077 2598275
48344506 48344507
48344632 2932755
48344887 3851869
36450705 3251982
48344900 162602
48345988 1902312
48346191 3691476
48346204 689926
48346324 1776306
48346325 4488614
48346326 2285207
48346327 3035021
48346328 3820680
48346329 3812677
48346330 9164652
48346331 795277
48346332 2466818
48346333 1505430
48346334 3679932
48346335 3205529
48346336 2598910
48346337 3258555
48346338 4308897
48346339 2864547
48346340 757522
48346341 1243512
48346342 1512243
48346343 4535889
48346344 2465178
48346567 909446
34254686 3799200
48346592 226919
48346807 2055678
48346808 153143
48346813 1871583
48347524 513546
48348076 48348077
48348081 1512727
48348859 291668
48348860 655915
48397728 1779113
48422384 2458942
49099687 2371904
49118574 141679
49118598 1888440
49118601 1201475
49118602 1666389
49118717 3573062
45530594 572644
49165350 450888
49165351 2004895
49165355 2640990
49165356 1254171
49165359 1263281
49165360 5410596
49165361 3229950
49165362 2276123
49165363 1596128
49165364 49165365
17649313 780330
49165366 1800364
49165367 74861
49433425 1992981
49543026 1378684
49633414 632898
50116455 1078548
50229934 2754236
50242647 89108
50242727 764201
50263166 4914119
51075960 497582
51123111 1232319
51123112 1768539
51123113 1620839
51123114 2051957
51123115 1393036
51123116 1420423
51125207 6907873
51125344 576174
51137386 1103301
51137731 1992981
51206122 11168327
51206151 606280
51206152 1317999
51206157 51206158
51206178 2629135
51231082 1339415
51658505 51658506
51664485 51664486
51671385 4639571
51671446 1634881
51671567 496093
