258404 258421
259904 259911
416859 416871
500620 500631
506058 506065
537805 537810
542329 542339
606853 606859
626831 626836
634651 634656
653932 653940
707291 707294
714260 714261
717564 717570
319556 733233
643411 820804
820805 820816
929549 929558
996867 996869
1071653 1071669
1194368 1194397
1199502 1199510
1217877 1217884
1264810 1264814
1289426 1289430
1290592 1290595
1357581 1357585
1379437 1379441
1421377 1421382
1424310 1424315
1436194 1436199
1441585 1441589
1447868 1447875
1456342 1456348
1475901 1475908
1581865 1581868
1402473 1583155
485229 1615346
1616890 1616897
1622605 1622612
1653340 1653343
1664191 1664196
1665420 1665427
1678103 1678108
1703697 1703705
1707205 1707209
1786637 1786645
1786642 1793316
1814367 1814373
1831830 1831835
2012021 2012027
2072814 2072818
2079156 2079159
2122465 2122471
2133098 2133105
2370012 2370019
2427174 2427179
2467408 2467413
2493806 2493812
2493806 2493813
2549532 2549536
2584851 2584852
2631955 2631959
2879799 2879801
2966909 2966911
3007804 3007807
3072207 3072208
3645713 3645719
4200353 4200356
4218597 4218600
4226447 4226448
4750994 4750999
4852070 4852078
4875846 4875857
4883450 4883456
5208909 5208910
5208911 5208913
5619048 5619050
5673030 5673035
5860511 5860514
6262583 6262586
453736 6304074
6304270 6304273
6304703 6304706
6304714 6304718
6348306 6348311
6510166 6510170
6812974 6812977
6924874 6924876
7123380 7123384
7165850 7165851
7316339 7316343
7617449 7617450
7754636 7754637
906741 7758811
7808476 7808477
7808476 7808478
7815814 7815815
7816379 7816380
7825730 7825731
7825736 7825737
7827902 7827903
7850913 7850915
2952064 7855469
7894758 7894761
7894758 7894762
7904262 7904264
7904534 7904536
7904534 7904537
7904742 7904746
642368 7904778
7904792 7904795
7904907 7904908
4190703 7905336
4190703 7905337
7905648 7905651
7905660 7905663
7911418 7911419
509704 7913676
509707 7913752
7916348 7916350
7919926 7919928
7919988 7919990
7920197 7920199
7932952 7933902
2836153 7936256
7936976 7936978
7938122 7938124
7955370 7955372
7955370 7955373
7980573 7980574
7985071 7985073
7985261 7985266
7988866 7988868
7989692 7989694
7989814 7989816
7992660 7992662
7992660 7992663
7994645 7994648
7995556 7995558
7999457 7999458
8008081 8008082
8008100 8008101
8078580 8078584
8090486 8090488
8090486 8090489
8090486 8090490
8095381 8095382
8095381 8095383
8182135 8182141
8286971 8286978
2957396 8435952
8499522 8499533
8576558 8576562
8586940 8586945
947848 8645093
8654486 8654489
1447871 8658418
1290598 8668987
8669023 8669028
8680855 8680858
1717215 8698172
8702221 8702229
2036155 8713731
8733708 8733717
250445 8750050
898432 8789613
2038480 8807715
8822591 8822599
1703700 8864049
8875022 8875023
8875022 8875024
1489970 8908263
8914711 8914732
9051536 9051546
1425978 9118851
9172160 9172165
9173920 9173924
259907 9195414
9237251 9237257
9268573 9268579
9296671 9296677
9180605 9353553
9377415 9377418
626834 9398040
9406974 9406979
9420966 9420971
9429388 9429391
2546044 9430138
1624885 9450029
9451457 9451461
9539097 9539102
9645971 9645975
9715504 9715509
9763049 9763051
9770526 9770528
9774541 9774544
9782437 9782443
9782456 9782462
9922275 9922280
10084728 10084730
10090838 10090843
10121000 10225617
10239443 10239447
10385627 10385630
10411180 10411185
10411180 10411186
10507110 10507114
2075585 10530969
10533229 10533233
10537427 10537431
543277 10575147
10900284 10900287
11640901 11640904
11652795 11652798
543278 11655207
11779904 11889086
1455719 12006068
12006063 12092181
12092277 12092282
12131914 12131915
12169341 12169343
12281172 12281177
12281174 12442864
12525278 12525280
12527566 12527570
12552944 12552945
12553104 12553105
12918624 12918631
13090332 13090334
13091041 13091044
13138375 13138379
13138380 13138383
13138384 13138388
13138389 13138392
5870747 13261878
13539178 13539183
13552947 13552950
13553273 13553276
13677133 13677139
13677137 13696461
13921828 14032512
14139664 14139668
14203560 14203564
14326647 14326650
14364633 14364634
14858919 14858920
14881238 14881242
14887035 14887036
14953590 14953594
14960350 14960351
14960368 14960369
14960375 14960376
2998287 14985344
15034329 15034330
15034329 15034331
15035408 15035409
15038288 15038290
15038288 15038291
15038297 15038299
7930290 15038531
15038540 15038543
15038561 15038565
15038561 15038566
881323 15039375
509700 15044687
509703 15044738
509703 15044739
509705 15045972
509709 15046043
15049179 15049181
3045755 15051363
15051887 15051889
2982838 15061102
15066079 15066080
15070290 15070293
15074633 15074684
10330116 15085651
10330116 15085652
15085907 15085909
15109757 15109760
15112070 15112072
15112364 15112366
15112547 15112549
15112592 15112594
15113060 15113062
15113060 15113063
15113060 15113064
15113060 15113065
15113060 15113066
15113060 15113067
15113060 15113068
8905560 15113096
15113801 15113804
15116404 15116406
15117010 15117011
15122447 15122448
15122857 15122858
15123148 15123149
15123309 15123310
15123353 15123354
15125741 15125742
15125741 15125743
15125741 15125744
1091501 15134611
15134672 15134673
15193930 15193931
15193930 15193932
15193930 15193933
6288732 15202050
8982096 15216398
15236816 15236824
9228462 15686585
15698596 15698603
8658417 15739528
820812 15747407
2493807 15758288
15434486 15820576
15850886 15850895
8789661 15861143
15869702 15869705
9237256 15893565
15897362 15897370
15897584 15897593
2604907 15907821
15749694 15931238
16114242 16114251
235795 16175093
9464057 16191683
16258440 16258443
16291071 16291074
9195411 16355762
16364408 16364413
9406978 16368031
16378987 16378990
15481707 16428768
16469708 16469714
626833 16470606
9175093 16471978
16471976 16472343
16526451 16526454
16470604 16567729
16769689 16769691
1768071 16799923
2726311 17037932
17083656 17083659
10137182 17224045
2389378 17244962
17291998 17292002
17305494 17305499
10225618 17328379
17382961 17382962
453733 17420355
2926314 17479730
17498254 17498255
10129882 17501452
17514121 17514124
18151870 18151875
18400545 18400547
18612178 18612179
18766911 18766912
18989774 18989776
19066751 19066756
19132943 19132953
19136316 19136322
19280320 19280326
19698971 19698975
19726008 19726009
16562688 19932672
19941733 19941736
19941735 19941738
19941739 19941741
6293167 20280638
9296012 20316678
453735 20321637
20321806 20321809
20522740 20522743
20633650 20633654
20954728 20954730
21232109 21232111
21549639 21549642
18504842 21596499
21605955 21606655
21605955 21606656
21608048 21608052
21693962 21693964
21693962 21693965
21741176 21741179
2749256 21745794
21745902 21745904
21746397 21746399
21746397 21746400
21746413 21746415
16964200 21746614
16964200 21746615
15074636 21747143
15074636 21747144
21747756 21747763
21747756 21747764
7935540 21751724
21751726 21751729
21751731 21751733
7935541 21751795
509701 21752484
21756352 21756354
21758704 21758707
21773274 21773277
21773976 21773978
21773976 21773979
21775061 21775063
21777650 21777651
21817468 21817470
21817988 21818076
21817988 21818077
21820832 21820834
21821356 21821357
8360817 21821690
21821907 21821909
21824412 21824417
21824444 21824447
21817992 21826636
11649347 21826837
21826852 21826854
21826852 21826855
21826876 21826877
7994944 21827201
15877970 21827247
21827331 21827332
21827331 21827333
21827635 21827636
21827820 21827821
21830630 21830631
1422364 21901674
21902580 21902700
21903687 21903690
19181943 21904379
10537386 21908088
15673746 21908404
21919271 21919272
21919271 21919273
21919271 21919274
21919271 21919275
21919271 21919276
21919271 21919277
21919271 21919278
22100985 22101008
8768352 22101164
2949952 22109605
8361869 22172109
16191679 22195397
22208372 22208376
15881096 22381085
1457827 22412860
839201 22418459
22526559 22526563
22536615 22536618
22536615 22536619
22608255 22608257
1506303 22628501
22708005 22708010
9658663 22738968
22951342 22951346
15897372 22956808
11648840 23002532
23014559 23014562
4158484 23053846
1650548 23069734
23077838 23077841
4783584 23088231
23113342 23113347
23135246 23135248
23149812 23149815
23221602 23221605
9702165 23222098
23365319 23365322
23579523 23579527
17514122 23597885
23622723 23622728
431806 23646597
23673272 23673275
23803918 23803921
15508758 23806420
23924734 23924741
24091093 24091096
2493815 24197831
453729 24198818
17782957 24283738
24470806 24470812
23706094 24522533
24708245 24708246
24979018 24979020
2631961 24994335
10427081 25008120
25028707 25028708
25033509 25033510
25068510 25068513
18529557 25069125
25123123 25123126
25357165 25357169
9345946 25379887
25782958 25782962
19698974 25786258
25813256 25813259
25890331 25890332
25890340 25890341
16562690 26108011
6262584 26200933
19903797 26264279
26374424 26374426
453737 26775511
26775612 26775615
26775616 26775619
26815635 26815637
26860823 26860826
26884696 26884699
26909644 26909648
26990968 26990969
27189754 27189758
27220313 27220314
27468482 27468483
27511621 27511622
22194487 27521228
6780302 27623624
27776454 27776458
27847119 27847120
27914704 27914707
27914704 27914708
27963572 27963574
27967836 27967840
27968997 27968998
27997721 27997723
906742 28021878
28056709 28056710
28078994 14960351
22813780 28103185
28103747 28103748
10484973 28106325
641864 28110409
28144593 28144595
28144593 28144596
28150968 28150970
28150968 28150971
28152980 28152983
28152980 28152984
28152980 28152985
28152980 28152986
22650243 28153589
22650243 28153590
1933145 28153618
7935542 28154061
11630864 28154674
11621616 28155493
11621616 28155494
28159307 28159311
21767139 28159316
21767139 28159317
28159320 28159322
28159320 28159323
509706 28161266
509708 28161304
22662286 28162628
28166130 28166133
28166341 28166343
21767140 28173486
28179301 28179302
28181257 28181259
28219813 28219815
28219928 28219930
4795096 28220157
28221369 28221371
28222120 28222122
28222129 28222131
2995894 28223351
23918499 28225393
28226539 28226541
23147893 28228710
28231810 28231811
28231842 28231843
28231842 28231844
10137158 28234383
28232349 28234658
28232349 28234659
28232349 28234660
24095193 28236278
28236813 28236814
28305625 28305627
10223656 28306841
19095364 28307019
10567495 28307244
15203921 28307622
28311304 28311305
28311440 28311441
1701312 28380099
28418683 28418690
820811 28475519
10422216 28485371
8768353 28505655
8356426 28535161
28777153 28777157
28783195 28783198
28804465 28804474
16836827 28827690
9428328 28860377
8356428 28886842
28913454 28913457
23538672 28932111
24292302 28937306
417259 28987876
28510303 29008168
29054725 29054727
4206887 29063646
22913623 29106001
653939 29124796
29144299 29144302
29221636 29221641
29221862 29221865
16311045 29284828
9367841 29354608
29355383 29355386
29355439 29355442
8492446 29387343
29389911 29389914
16396678 29397177
29401851 29401855
15962586 29414831
29425833 29425834
1831833 29436935
16539036 29440758
22950685 29452211
1624884 29458074
9398038 29465058
23004931 29583583
16562687 29588922
29598397 29598403
29710071 29710074
29726563 29763665
24142116 29766917
29771863 29771866
29819000 29819001
29835581 29835584
16443807 29866121
29872941 29872944
25068515 29884061
24127066 29894990
16960938 29977778
15758287 30044478
30111595 30111597
30134637 30134640
24470809 30194172
9695277 30289156
18531532 30318660
17514123 30324496
30383696 30383699
30404573 30404576
23805777 30407602
2631960 30407892
30456788 30456791
30650612 30650613
30703525 30703529
30712830 30712833
18414079 31248733
2133099 31256225
5382140 31268184
31315899 31315901
31318273 31318274
31355091 31355094
31405103 31405105
31670975 31670978
31676541 31729975
31800486 31800489
12092176 31824562
26200931 32048910
19390708 32051542
32153621 32153623
32153637 32153638
32442646 32442648
5860512 32645904
19941740 32645905
5987888 32965177
20938727 32966125
32998743 32998746
32998771 32998774
33001281 33001285
33019878 33019879
33096252 33096255
6807162 33099312
33397788 33397790
6859314 33407134
33472783 33472786
33472815 33472816
33472817 33472818
33639385 33639386
33711581 33711591
7289012 33863865
34200049 34212547
21036197 34253297
34260354 34260355
34268458 34268459
34268481 34268482
8491611 34293695
8491611 34293696
34298664 34298665
34298664 34298666
34298664 34298667
34302807 34302809
34302807 34302810
15134573 34332419
23147766 34341481
23147766 34341482
23147766 34341483
23147766 34341484
23147766 34341485
15074634 34342991
15074635 34343068
34343532 34343535
7935543 34343563
7930291 34344152
9114869 34344307
34347745 34347746
34347783 34347786
15563496 34347791
509710 34349770
17059456 34351481
17059457 34352287
22662289 34352589
22273214 34353924
34353940 34353943
34354449 34354451
1933146 34359430
1933146 34359431
1933146 34359432
29667452 34367660
29667455 34367951
29667456 34368250
29667457 34368867
23410133 34369305
34407407 34407409
34408426 34408428
34408907 34408909
34409001 34409002
3118621 34409183
10090058 34415316
34418427 34418428
34418529 34418530
28232259 34419044
28232260 34419062
28232260 34419063
28232260 34419064
23811227 34428486
23811231 34428532
34432704 34432707
28282047 34468366
28306947 34492547
28306947 34492548
34492557 34492558
34493037 34493038
28318227 34504002
34721160 34721163
34875137 34875138
34943339 34943342
23012552 34944093
429109 34944752
16422207 34980370
17479731 34990681
18834663 35043242
35044811 35044814
35057072 35057080
35062411 35062414
23224815 35069952
22856153 35136199
22257734 35175118
29497766 35269047
35314567 35314584
1647449 35397898
9483491 35431933
2635195 35457943
35471420 35471423
28806916 35515048
506062 35515585
19302641 35527434
34941429 35564858
29451006 35611725
653934 35614954
10110024 35624384
17326274 35657263
15692814 35665577
16000059 35667742
9302675 35695072
1424311 35722794
23581265 35725186
23254235 35749173
9627413 35775493
2038481 35844610
35851129 35851132
35854251 35854254
17360863 35900698
35910477 35722794
35921777 35921782
2292942 35922603
19132652 35978730
6923503 36045138
23734683 36120368
36152682 36152685
17356225 36197230
17072261 36198563
36259949 36259950
36301953 36301954
36120370 36358973
2578091 36431283
36508333 36508337
10090839 36578062
36590912 36590916
453727 36628915
36697877 36697878
11177903 37100492
3645717 37103958
11651880 37125125
37408046 37408053
36515525 37430935
10475516 37453787
31268181 37483782
7353532 37498934
25391929 37547889
37890792 37890794
2612893 37971894
4883451 37981897
28307717 38118112
25813258 38153410
38223878 38223879
38223943 38223944
38462107 38462109
38632505 38632506
6293166 38942003
453731 39025413
39025589 39025592
39025853 39025856
26817625 39062027
39183725 39183726
27675537 39424105
39446944 39446945
39559859 39559863
40108407 40108408
40152195 40152197
40164007 40164008
40180309 40180310
14889505 40199961
40259033 40259034
40259045 40259046
23604852 40330468
21780309 40331839
22650242 40332238
22650242 40332239
16581066 40332247
22650245 40332775
22650245 40332776
40333032 40333034
15074639 40333340
40337457 40337458
509697 40338007
509711 40339445
22662285 40340505
40343567 40343570
40343703 40343705
7930292 40350782
40355793 40355794
17005478 40356503
40383064 40383068
40383118 40383121
40394241 40394243
40396011 40396013
15114215 40397597
15114215 40397598
23918501 40400251
15117384 40400455
21817991 40402577
21817991 40402578
28228898 40402697
40403910 40404398
40403910 40404399
22961592 40404893
40404909 40404910
7994945 40405176
7994945 40405177
4245862 40405757
4245862 40405758
4245862 40405759
23811228 40414749
23811230 40414777
23811232 40414780
28282048 40454537
40472139 40472141
28304974 40476291
16800142 40478074
22146543 40478342
21904276 40478677
34676815 40481752
8982098 40489229
8982098 40489230
8982098 40489231
15893567 40762369
17783359 40811682
15293776 40813511
497784 40815588
779262 40908028
35027020 40924443
1447872 40932076
10137689 40933961
1199509 40998901
22537114 41038898
28419481 41044651
41059698 41059705
41077353 41077361
41245214 41245222
31350779 41441728
41462707 41462710
41466728 41466731
23816512 41495692
23064733 41509957
41548506 41548509
1659657 41552718
22943789 41581043
23217644 41582905
29465056 41583649
10454187 41594874
17624949 41673969
1424314 41680986
17071942 41803534
41825453 41825458
41825453 41825459
14766225 41837826
23365759 41853633
15831159 41874762
41890889 41890892
34990683 42033720
42151561 42151564
2757272 42215705
42224463 42224465
30134643 42304227
10495798 42432471
42441041 42441044
42449621 42449624
33397793 42460156
24064126 42469358
42581416 42581419
18559078 42657878
42758014 42758016
6372502 42810717
42813823 42813824
24731746 43363985
43368226 43368229
8654488 43368842
30134642 43372861
11648080 43375543
18504841 43670841
16562686 43854947
43892175 43892176
43892175 43892177
19111842 43965182
44124459 44124460
44124552 44124553
19248878 44345660
41192890 44504940
16562689 44550531
13641710 44636918
13696618 44854391
453730 44888534
41200120 44888672
41200121 44888677
41192892 44888929
44897480 44897483
20359892 44921791
44946359 44946361
44960638 44960642
45188642 45188643
45298951 45298953
45347977 45347978
45547884 45547885
45567652 45567653
45681049 45681050
45709970 45709972
21516732 45979722
14123466 46020958
14889506 46038299
46080352 46080354
9689976 46112652
9689976 46112653
22813778 46114588
22813778 46114589
9814604 46157599
9814604 46157600
35389247 46162224
35389247 46162225
35389247 46162226
35389249 46165855
35389249 46165856
1079567 46167732
1079567 46167733
29223080 46168663
29223080 46168664
29223080 46168665
16000061 46168758
46169007 46169009
29221495 46169748
46169916 46169917
46169916 46169918
35422493 46172879
509698 46173499
22662287 46176937
22662288 46177045
40727923 46178544
17502907 46178789
28159319 46184617
7932953 46189012
29667458 46192265
46207265 46207266
46229578 46229580
46229671 46229673
46230188 46230189
36724328 46230325
46230756 46230758
46230791 46230793
10368825 46230882
15114214 46231785
23918500 46234129
23918502 46234456
46234771 46234773
7992188 40402697
22961589 46238824
18512807 46238838
38045799 46239224
46239434 46239435
46239438 46239439
28232258 46239610
23811229 46248369
8037457 46275700
8037457 46275701
34483694 46302657
34483694 46302658
15203063 46310945
34676814 46314462
34676816 46314730
34496823 46314830
10427490 46315405
40485473 46318529
46319259 46319261
10690820 46334520
15973615 46489042
22023152 46553720
35844607 46571364
10369532 46602124
9633221 46707789
1295998 46718918
15749731 46720448
46735204 46735207
9406975 46745783
36578515 46754929
22923233 46758795
22344015 46782314
34654013 46802165
46819737 46819740
9375685 46824995
29135571 46831550
22101002 46846523
46857014 46857019
41725528 46858833
1666530 46860571
985340 46871274
35201499 46874070
840404 46889552
46905761 46905764
17543356 46959505
8668988 46966345
843001 47000148
2106190 47015006
47070976 47070983
47086413 47086416
1587410 47171473
47234019 47234022
36127770 47234225
47237847 47237850
41322000 47277466
47291801 47291804
2846795 47294869
40672799 47305072
16469970 47307582
47309883 47309886
15434489 47310275
47317064 47317067
47318009 47318012
47318027 47318030
9284019 47334782
16113815 47341732
1016954 47352756
40672798 47360694
1847300 47467375
25068516 47511685
453732 47513661
47520579 47520582
22273636 47524526
47530485 47530486
43327341 47608261
47632330 47632333
29312229 47656150
28922181 47658366
22526562 47769469
23646596 47798329
47819193 47819194
47900283 47900286
2926315 47926133
47930917 47930918
25523586 47932201
24071493 47973558
47989396 47989401
10554588 47991080
48106683 48106686
17540661 48185466
40541711 48199828
48238249 48238252
17476365 48287513
453734 48321981
30650929 48417246
15861015 48723508
47381330 48766451
47381331 48769332
16562691 49028161
19132944 49516732
25531891 49538142
32048908 49566577
19941737 49586992
19128864 49633450
26505109 49822286
49843948 49843949
49843967 49843968
26202611 49853402
6845169 50064058
12918630 50068514
19726011 50068881
16562692 50244679
19941734 50252510
5860513 50252513
20392937 50408149
17110277 50420768
20359891 50573826
453728 50575826
453738 50575838
41192891 50576199
50629464 50629465
27262636 50635773
50665000 50665002
50671685 50671687
50665003 50771571
14888861 50976742
14888861 50976743
7726873 50979073
50979074 50979075
48166864 51259384
27995241 51561873
17501450 51616741
17501450 51616742
27933903 51683810
16128404 51699294
16128403 51699457
33465733 51708372
51749150 51749151
51756862 51756863
51756865 51756866
51773763 51773764
21780312 51830624
22650244 51830940
46923506 51831824
46923506 51831825
41122521 51832043
41122521 51832044
41122522 51832060
881322 51832739
7932950 51832964
7932950 51832965
16356191 51835971
16356191 51835972
509699 51836146
509702 51836197
509712 51837387
15563497 51838554
15074637 51846675
29667453 51852176
29667454 51852278
25551462 51888034
23918498 51892939
7992189 51896297
51898878 51899179
15751233 51968099
51970006 51970023
9048608 51979281
15228132 51991641
