47962 47968
297578 297581
301908 301911
524495 524497
576606 576609
577562 577565
626058 626060
680213 680215
769576 769578
774128 774131
820724 820726
827124 827126
884700 884705
954740 954742
1019950 1019952
1064898 1064899
1082713 1082715
1199718 1199722
1203133 1203136
1206579 1206581
1206594 1206596
1223475 1223480
1233506 1233508
1273299 1273301
1281233 1281235
1316895 1316897
1336941 1336943
1359683 1359685
1403142 1403144
1506356 1506357
1529096 1529098
1530838 1530840
1545846 1545848
1562104 1562106
1575820 1575822
1586842 1586845
1623078 1623080
1720341 1720343
1736527 1736529
1750652 1750654
1773055 1773057
1798656 1798657
1811067 1811069
1815648 1815649
1859000 1859002
1919297 1919301
1988685 1988687
1989018 1989020
2039768 2039769
2100524 2100525
2136894 2136896
2145587 2145589
2145727 2145729
2145731 2145733
2145734 2145737
2162686 2162688
2189047 2189049
2272581 2272583
2272589 2272591
2273492 2273494
2273499 2273501
2273656 2273657
2273666 2273669
2273864 2273866
2273940 2273942
2274000 2274002
2274355 2274357
2275104 2275106
2275104 2275107
2276408 2276410
2276419 2276421
2277286 2277287
2280573 2280574
2283131 2283132
2283586 2283588
2283918 2283919
2301653 2301655
2304308 2304311
2304347 2304349
2304458 2304460
2314628 2314630
2314631 2314633
2317917 2317918
2317919 2317921
2318139 2318141
2326642 2326644
2339861 2339862
2339884 2339888
2344420 2344422
2363922 2363924
2391378 2391379
2391382 2391384
2397687 2397690
2432270 2432271
2432278 2432280
2438746 2438748
2458470 2458471
2467865 2467867
2484889 2484891
2644296 2644299
2644300 2644302
2677645 2677646
2759038 2759041
2778847 2778849
2842551 2842553
2845865 2845867
2847211 2847213
2855289 2855290
2857080 2857082
2871974 2871975
2919811 2919813
2946898 2946902
2970945 2970948
2973360 2973361
3011847 3011849
3021030 3021032
3021035 3021037
3111471 3111473
3195291 3195292
3199118 3199121
3392954 3392956
3392959 3392961
3455667 3455670
3487516 3487517
3538749 3538750
3575841 3575843
3788273 3788274
241562 3789504
3817156 3817158
4036817 4036819
4076374 4076375
4077783 4077786
4080367 4080369
4091270 4091272
4119417 4119419
4168437 4168438
4168445 4168446
4182927 4182928
4193899 4193901
4204516 4204518
4205940 4205942
4206235 4206237
4211582 4211584
4466088 4466090
4555891 4555892
4560845 4560846
4661393 4661394
4665731 4665741
4666439 4666470
4686705 4686710
4718962 4718963
4026118 4735749
4736841 4736842
4742248 4742249
4742721 4742725
661050 4762496
4762880 4762882
4768925 4768926
4782355 4782357
4783061 4783062
4884759 4884761
5195344 5195345
5352274 5352275
5679824 5679825
5837409 5837410
6253477 6253478
6253631 6253632
6333893 6333896
6342228 6342229
6351365 6351366
6806618 6806619
7225294 7225298
7316447 7316448
7322448 7322450
7331385 7331386
8196177 8196179
8466536 8466538
8497599 8497600
8539914 8539915
8160810 8542365
8566044 8566045
8593074 8593076
8610973 8610974
8657549 8657550
8679030 8679032
8689978 8689980
8695662 8695663
8695743 8695744
8701473 8701474
8703152 8703153
8704220 8704221
8713224 8713225
8734898 8734899
8738443 8738444
8740210 8740212
8740210 8740213
8740486 8740487
8741090 8741091
8741119 8741120
8771745 8771747
8823797 8823798
8956009 8956010
8963219 8963221
8981895 8981896
8985938 8985939
9035819 9035823
241563 9087951
9126095 9126096
9131900 9131901
9217153 9217154
9249800 9249801
9280947 9280948
9318448 9318449
9318621 9318623
9318721 9318722
9341694 9341699
9353967 9353969
9362040 9362042
9386448 9386449
9427106 9427107
9432766 9432768
9503744 9503745
9514124 9514126
9649829 9649832
9700684 9700685
9736423 9736425
9810510 9810512
9817902 9817904
9817905 9817906
9831992 9831993
9842306 9842308
9851152 9851154
9864055 9864056
9864239 9864240
9882532 9882534
9888562 9888564
8491259 9925718
965170 9925826
9925947 9925949
9926312 9926313
9926982 9926984
9927544 9927545
9928466 9928467
9928918 9928919
9931669 9931670
9933963 9933965
9934745 9934746
9935171 9935172
9936552 9936553
9941265 9941266
9941802 9941803
9950202 9950204
9950205 9950206
9950260 9950261
9952275 9952277
9952309 9952310
8160793 9963691
8160797 9963693
9963834 9963835
9971922 9971924
9984051 9984054
9984917 9984919
9985806 9985807
10013158 10013159
10014314 10014315
10031539 10031540
10039776 10039777
10049170 10049171
10049181 10049182
10060998 10060999
10063442 10063443
10064916 10064917
10069163 10069164
10085804 10085805
10085806 10085807
10103098 10103099
10108808 10108809
10112046 10112047
10130570 10130571
10230117 10230119
10274382 10274383
10274398 10274399
10276004 10276005
10321511 10321512
10370271 10370272
10370271 10370273
10372810 10372811
10401449 10401450
10409846 10409848
10417397 10417399
10421020 10421021
10421320 10421322
8352055 10432079
10433311 10433313
10433782 10433784
10433785 10433787
10433788 10433790
10440965 10440967
10489867 10489868
10518784 10518787
10519136 10519137
10533377 10533378
10536536 10536538
10536539 10536540
10536541 10536543
10536544 10536545
10572400 10572402
10572421 10572422
10572426 10572427
10580449 10580450
10583375 10583376
8780315 10584761
10601468 10601469
10731877 10731881
10735175 10735176
10834398 10834400
11196941 11196942
11197010 11197011
11255898 11255899
11484126 11484128
11484238 11484241
11484272 11484273
11495588 11495590
11518790 11518792
11528314 11528315
11529806 11529807
11530444 11530446
11611181 11611182
11611183 11611184
11611193 11611194
11627228 11627229
11636554 11636556
11641314 11641315
11644489 11644491
11644977 11644978
11656481 11656482
11997290 11997291
7330495 12063223
4666239 12066114
12081879 12081881
12111881 12111883
12126840 12126842
12133568 12133569
12137302 12137303
12146128 12146131
12165380 12165381
12168912 12168913
12168940 12168941
12227130 12227131
12365585 12365588
12527725 12527726
13107096 13107097
13110505 13110506
4136833 13556643
13599829 13599830
13613522 13613523
13614481 13614482
13658005 13658006
14018587 14018588
14466952 14466955
14472215 14472219
14490437 14490438
14769603 14769605
14971662 14971663
15292296 15292297
15406582 15406583
15459181 15459184
8876637 15488899
15541386 15541387
15557262 15557265
15260786 15593222
15613073 15613075
15629915 15629917
8160812 15634112
15679905 15679906
15728825 15728826
15801599 15801600
15801778 15801779
15807466 15807467
8160808 15820454
15820688 15820690
15826000 15826001
15826000 15826002
15826000 15826003
15841029 15841030
10439451 15854495
15870988 15870989
15871659 15871663
15932460 15932461
8352057 15944114
15958006 15958007
15958334 15958335
16051682 16051683
16136779 16136780
16201837 16201838
16211006 16211007
16238156 16238157
16264743 16264745
16296207 16296208
16316013 16316014
16350906 16350908
16350991 16350993
16368600 16368601
16382799 16382800
16382799 16382801
16451089 16451090
16452135 16452137
16459936 16459938
16463845 16463846
16467627 16467628
16480244 16480245
16493565 16493566
16627352 16627353
16690700 16690701
16761664 16761665
16764453 16764454
16812781 16812783
16812785 16812786
16845279 16845280
16845356 16845357
16912041 16912042
16913712 16913713
16913804 16913806
16914238 16914239
16914760 16914761
16914839 16914841
16914930 16914934
16915368 16915370
16915411 16915412
16915791 16915793
16915898 16915900
16916769 16916770
16916848 16916849
16918680 16918682
16920155 16920156
16921692 16921694
8160795 16947357
8160799 16947359
16954966 16954968
16963968 16963969
16968069 16968070
16969430 16969433
17010822 17010824
17011672 17011675
17026317 17026318
12158861 17026347
17044634 17044635
17048564 17048566
17107790 17107792
17122512 17122513
17179661 17179664
17207002 17207004
17220033 17220035
17288656 17288658
17289803 17289804
17306212 17306213
17306214 17306216
17347135 17347136
17349488 17349489
17364787 17364788
17369812 17369813
17375672 17375673
16559334 17375987
16559334 17375988
9183305 17375990
17375991 17375992
17376032 17376034
17385759 17385761
17385762 17385763
17387919 17387921
17387922 17387924
9115263 17387926
17401606 17401608
17408724 17408725
17413448 17413449
17426742 17426743
17440544 17440546
17481742 17481744
17521682 17521683
17525341 17525342
17541905 17541906
17544594 17544595
17555271 17555274
17715619 17715620
17821871 17821872
17943530 17943531
18112687 18112689
18379482 18379483
18379488 18379490
18381718 18381719
14473006 18407204
18414781 18414784
18416799 18416802
18437132 18437133
18455224 18455225
18460560 18460561
18498104 18498105
18498104 18498106
18506704 18506706
18512489 18512490
18516032 18516033
18523431 18523432
18524729 18524730
18526487 18526488
18615070 18615071
965169 18922073
603346 18941531
18969923 18969924
18969926 18969928
18988815 18988816
19017873 19017875
19025036 19025037
19077870 19077871
19104698 19104702
19761755 19761757
19907951 19907953
19926805 19926806
19962879 19962880
20380175 20380176
20456296 20456297
20769676 20769677
21113601 21113604
21221167 21221168
21235167 21235168
21235588 21235589
21552708 21552709
21679986 21679987
21681739 21681740
21681759 21681760
21681762 21681763
22071573 22071574
22071573 22071575
22176993 22176994
22265037 22265039
22273576 22273577
22291944 22291945
22292145 22292146
22401200 22401201
22405734 22405735
22453261 22453262
22466783 22466785
22470257 22470259
18715019 22486875
22513475 22513476
22537855 22537856
22539165 22539166
22546567 22546568
22554458 22554460
22555710 22555711
22561500 22561501
22648959 22648960
22695197 22695199
22696161 22696163
22699583 22699584
22716787 22716788
22743761 22743762
22753345 22753347
22865737 22865738
22892167 22892169
22926960 22926962
15404736 22929446
22941151 22941153
22993640 22993641
22993814 22993815
22993928 22993930
22993993 22993994
23005060 23005061
2035206 23035676
23040114 23040116
23075833 23075834
23088672 23088673
23130479 23130480
23155655 23155656
23222574 23222575
23255907 23255908
23256320 23256321
23315942 23315943
23330476 23330477
23383962 23383963
23421666 23421667
23424760 23424761
23431011 23431012
23431068 23431069
23433910 23433912
23443281 23443283
23444129 23444131
23461451 23461452
23528086 23528088
23528109 23528111
23530389 23530391
23531713 23531714
23533356 23533357
23533950 23533952
23534387 23534389
23534635 23534636
23535052 23535053
23539995 23539996
23547573 23547574
23548166 23548168
22128548 23549655
23549675 23549676
23549677 23549679
23549687 23549688
23549726 23549727
23571744 23571746
23580346 23580347
23581026 23581027
23620870 23620872
23634794 23634795
23639812 23639813
22511663 23652405
23667722 23667723
23667725 23667726
23673489 23673490
23697148 23697149
23726217 23726218
23726219 23726220
23812779 23812780
23837651 23837652
23837653 23837654
23872612 23872614
23887558 23887560
23896478 23896479
23954615 23954616
23957942 23957943
23968560 23968562
23980113 23980114
23991869 23991871
23991872 23991873
23991874 23991875
24030039 24030040
24070351 24070352
24070704 24070705
24102073 24102074
24107833 24107835
24108991 24108992
24109042 24109043
24187029 24187031
24187032 24187033
24288519 24288520
24412910 24412912
16559335 24419175
24505767 24505768
24717507 24717508
24917791 24917792
24919819 24919821
24931694 24931698
24971386 24971387
24988956 24988957
25036598 25036599
25036607 25036608
25036611 25036612
25036614 25036615
25036623 25036624
25071941 25071942
25079020 25079021
25135787 25135788
25150369 25150372
4666237 25446096
25489367 25489369
8160800 25490259
25490262 25490263
25490267 25490268
5909682 25502973
25507011 25507012
25510776 25510778
329480 25530879
12158859 25533374
23020755 25536332
4775410 25536827
15260787 25537942
15260788 25538157
25876499 25876500
15937111 25992831
26203973 26203974
26390968 26390969
5909681 26415674
26797628 26797629
26817884 26817885
27207246 27207247
241565 27628758
27628930 27628932
27652172 27652173
27654189 27654190
27672070 27672071
27680414 27680415
28090552 28090553
28090584 28090585
28403471 28403473
28589576 28589577
28655477 28655478
8160811 28657781
28659275 28659276
17367199 28663714
28814103 28814105
8780314 28822154
28828591 28828592
28829224 28829225
8160802 28869570
28876390 28876392
28882408 28882410
8160807 28930741
28933881 28933883
29016317 29016318
29108328 29108329
29121915 29121916
29173299 29173300
29228015 29228017
29243567 29243569
29247494 29247495
29278776 29278778
29297358 29297359
29351814 29351815
29360219 29360220
29378905 29378907
29379503 29379504
29379503 29379505
29414935 29414936
29421443 29421444
29438381 29438382
29442873 29442874
29451025 29451027
29460444 29460445
29546789 29546790
29548203 29548204
29555651 29555652
29580106 29580107
29597558 29597559
29618554 29618555
29676785 29676788
29676790 29676791
1714473 29676792
29772742 29772743
29772744 29772745
29772744 29772746
29785258 29785259
8352053 29804386
29863840 29863841
29863856 29863857
29864013 29864015
29864018 29864020
29864049 29864050
29864053 29864055
29864201 29864203
29864278 29864280
29864789 29864790
29864794 29864795
29864845 29864847
29866077 29866078
29866298 29866299
29868209 29868210
29875075 29875077
29882457 29882458
29882464 29882465
29882481 29882482
29884220 29884221
29884243 29884246
29891116 29891117
29905108 29905109
29912574 29912575
29937282 29937283
29940082 29940083
29950431 29950433
29967233 29967234
29967273 29967274
29979797 29979798
29979935 29979936
30014960 30014961
30034237 30034238
30043665 30043666
30056163 30056164
30056942 30056943
30072172 30072173
30118378 30118380
30141507 30141508
30147895 30147896
30213182 30213183
30213508 30213510
30213740 30213741
30221434 30221435
30228582 30228583
30249896 30249897
30272425 30272427
30273072 30273073
30290704 30290705
30300998 30301000
30301936 30301937
30313048 30313049
30324074 30324075
30337926 30337927
30373459 30373460
30373675 30373677
30387578 30387579
30387583 30387584
30387837 30387838
30424968 30424969
30430581 30430582
30455952 30455953
30621407 30621409
30625562 30625563
30648345 30648347
30952234 30952235
30952234 30952236
9092372 30952336
30959808 30959809
30999543 30999544
31011535 31011536
31208684 31208685
17150495 31242414
18467019 31249622
31324575 31324576
31337594 31337596
8649197 31342283
31351829 31351830
31355494 31355495
31361917 31361918
12086436 31713729
4665732 31728395
4666238 31730118
15656888 31744276
31798961 31798962
31806685 31806686
9494267 31815890
16968065 31819802
31872419 31872420
31999939 31999940
32076104 32076105
32076485 32076486
28650285 32415717
32612847 32612848
32614260 32614261
32627596 32627597
33035948 33035949
33108169 33108170
33121191 33121192
33847813 33847814
33849976 33849977
8160809 34544866
34544904 34544905
19905346 34551199
34603665 34603666
34686060 34686061
34686060 34686062
34693468 34693469
34756711 34756712
34764816 34764818
34825274 34825275
11480726 34825571
34840776 34840777
34857167 34857168
241564 34865379
25232097 34876180
34881336 34881337
34890360 34890361
34978342 34978343
35061793 35061794
35068615 35068616
35072111 35072113
35076021 35076022
35085326 35085327
35088395 35088396
35093957 35093958
35103077 35103078
35104917 35104918
35147771 35147772
35174262 35174263
35219005 35219007
35290224 35290225
16228214 35323699
18715015 35323837
35325709 35325711
35397335 35397336
35407023 35407025
35446619 35446620
35496508 35496509
35510671 35510672
35513533 35513534
35521567 35521568
35528158 35528159
35533868 35533870
35542757 35542758
35553330 35553331
35569982 35569983
35594139 35594140
35597090 35597091
35607103 35607104
35607381 35607382
35659651 35659652
35670380 35670381
35678277 35678279
35704657 35704658
35708240 35708242
35737762 35737764
35758670 35758671
28650286 35760633
35814178 35814179
35830642 35830643
35847795 35847796
35918800 35918801
35918802 35918803
35924508 35924509
35924601 35924602
35924603 35924604
35924606 35924607
28343384 35924609
28376523 35936833
35949812 35949813
35979480 35979481
36012033 36012034
36012366 36012367
36012470 36012472
36012896 36012897
36013455 36013456
36015326 36015327
36017142 36017143
36031375 36031376
36037920 36037922
8160796 36040677
8160801 36040678
8160806 36040679
8160794 36040680
36057470 36057472
36058824 36058825
36059829 36059830
36061787 36061788
36095737 36095738
36097113 36097114
36111779 36111780
36131888 36131889
36157185 36157186
36157187 36157188
36157189 36157191
28650287 36162084
36178911 36178913
36179685 36179686
36179806 36179807
36198001 36198002
36225842 36225843
36230214 36230215
36280701 36280702
36301090 36301091
36362726 36362727
36392754 36392755
36404883 36404884
36404885 36404886
36419792 36419793
36433999 36434000
36436626 36436627
28375394 36455470
36477762 36477763
36477806 36477807
16559336 36517317
36517702 36517704
36517705 36517706
36522214 36522215
36522378 36522379
36548990 36548991
36551131 36551132
36552415 36552416
36552417 36552419
36552420 36552422
36552424 36552425
36557806 36557807
36569428 36569429
36583822 36583823
36708174 36708175
36904596 36904597
37056937 37056938
14266580 37111771
37131837 37131838
37318375 37318376
17150496 37340018
37418562 37418563
37428633 37428634
37442661 37442663
37443720 37443721
37443724 37443727
37455076 37455078
37462833 37462834
30800594 37506004
22266343 37510693
37547653 37547655
37642735 37642736
37728411 37728412
37763950 37763951
9287810 37813354
29482631 37871085
25526991 37887863
37896397 37896398
35261874 37896674
37897171 37897172
37899802 37899803
37987037 37987038
38004791 38004792
38157611 38157612
28650284 38496297
38529759 38529760
38546152 38546154
38669005 38669006
39065320 39065321
39143643 39143644
39613427 39613429
39643038 39643039
21203563 39833370
14473249 39834799
14473249 39834800
39834803 39834804
39856184 39856185
39862323 39862324
40813883 40813884
21003943 40814035
9012534 40814036
37604474 40814123
40821683 40821684
12170273 40857440
8160804 40857761
40873234 40873235
28542089 40877047
40944674 40944675
16085241 40948445
40960471 40960472
16937958 40965167
40999654 40999656
41018433 41018434
41021383 41021384
41044539 41044540
8160792 41053260
41066696 41066698
41162711 41162713
8390783 41185848
41267835 41267836
41279427 41279428
29945637 41281608
41341943 41341944
41364639 41364640
41370893 41370894
41378954 41378956
41440742 41440744
41440742 41440745
41460289 41460290
41478389 41478390
41478414 41478415
41478423 41478424
8500131 41486295
8500131 14481358
41522961 41522962
7724456 41533979
41565247 41565248
41596194 41596195
41655654 41655655
41669583 41669584
8780313 41717199
41786850 41786851
41786852 41786854
41786862 41786863
41798003 41798004
41871744 41871745
41877556 41877557
39946901 41877559
41888870 41888871
41905049 41905050
41934804 41934805
41961597 41961599
41961654 41961655
41961927 41961929
41961932 41961933
41962004 41962006
41962541 41962542
41962757 41962758
41965171 41965172
41965781 41965782
35188938 41966706
41966930 41966931
41967531 41967533
41978343 41978344
41978362 41978363
41979885 41979886
41979913 41979914
41979920 41979921
41979928 41979929
41981885 41981886
8160803 41989423
41989556 41989557
42005120 42005122
42006531 42006532
42011023 42011024
42028994 42028995
42032473 42032475
42032585 42032586
42032817 42032819
42037485 42037486
42058208 42058209
42066657 42066658
42068694 42068695
42069938 42069939
42101268 42101269
42102022 42102023
42102024 42102025
42102026 42102027
42128072 42128075
42174160 42174162
42223473 42223474
42236985 42236986
34722553 42247017
42248386 42248387
42294329 42294330
42295902 42295903
42297705 42297706
42319768 42319769
42322413 42322414
42355084 42355085
42364434 42364435
42364455 42364456
42373168 42373169
42374709 42374710
42374711 42374712
12158860 42385155
34703319 42426264
42441226 42441227
42446711 42446713
42456048 42456049
42456050 42456051
42456053 42456054
42460892 42460893
42487210 42487211
42490553 42490554
42490555 42490557
42507507 42507509
42507646 42507647
42524678 42524679
42580651 42580652
42619065 42619066
42724210 42724211
42724212 42724213
42929932 42929933
42963015 42963016
42997234 42997235
43008443 43008444
43038404 43038405
43100940 43100941
43238259 43238261
43238729 43238730
17150494 43258552
17150497 43259638
43359550 43359552
43360983 43360984
43362772 43362773
1050142 43364256
43367901 43367903
43420688 43420689
43643192 43643193
43643194 43643195
4687787 43738344
43762891 43762892
43775967 43775968
800339 43775976
18990694 43782149
43805620 43805621
4295591 43805623
4775111 43805809
25540471 43808207
43967832 43967834
44055759 44055760
44370000 44370001
44853071 44853072
44924091 44924092
44924093 44924094
44926841 44926842
44926848 44926849
44939033 44939034
44939039 44939040
44991928 44991929
45002898 45002899
8157805 45678580
21205126 45679782
14102063 45680054
45682220 45682221
45682501 45682502
36511610 45694248
34950935 45701442
46157244 46157245
46401792 46401793
46585356 46585358
46601814 46601815
46640413 46640414
46640425 46640426
8160813 46675933
46686370 46686371
28542090 46689725
46692144 46692145
46715981 46715982
46740776 46740777
46742071 46742072
46754334 46754335
46758601 46758602
17622732 46827678
46847216 46847217
46866792 46866793
34722556 46906073
28375393 46950893
47046229 47046230
47049980 47049981
47052109 47052110
47053447 47053448
47081283 47081284
47110805 47110806
47114214 47114215
47165105 47165106
47218210 47218212
47221670 47221671
47231232 47231233
47270537 47270538
47273474 47273475
47290003 47290004
47326327 47326329
22511662 47353294
47368171 47368172
47392416 47392418
47398530 47398531
47431288 47431289
47431288 47431290
47454089 47454091
47457676 47457677
47463809 47463810
1414826 47466349
9092373 47572904
47572907 47572908
47660584 47660585
47660587 47660588
47672211 47672212
47679291 47679292
47712569 47712570
34703320 47712893
17150493 47741674
47742232 47742233
47742355 47742357
47742355 47742358
47742516 47742517
47742875 47742876
47743354 47743355
47743851 47743852
47744095 47744096
47746322 47746324
47747373 47747375
47747381 47747382
47759092 47759093
25540472 47759095
47759099 47759100
47760680 47760681
47762264 47762265
47766877 47766878
47766879 47766880
8160798 47769488
47775734 47775735
47787000 47787001
47801983 47801984
47809544 47809545
47812349 47812350
47815654 47815655
47823475 47823477
47836598 47836599
47836600 47836601
47836620 47836621
47848117 47848119
47850061 47850062
47855472 47855473
47875073 47875075
47879343 47879344
47906144 47906145
47906146 47906147
47913025 47913026
47984771 47984772
47993095 47993096
48000886 48000887
48022013 48022014
48022015 48022016
48022017 48022018
48112699 48112700
48117052 48117053
48134191 48134193
48134194 48134195
8352058 48142689
48142779 48142780
48143108 48143109
48143110 48143111
48144080 48144082
48144083 48144084
48164935 48164936
48194440 48194441
48208041 48208042
48223247 48223248
48253468 48253469
48256650 48256651
48271395 48271396
48364970 48364972
48396625 48396626
48414413 48414414
34722554 48447414
48479678 48479679
48524018 48524020
28542088 48607598
48763171 48763172
31817137 48779285
48789325 48789326
48845423 48845424
48846339 48846340
48976917 48976919
49011130 49011131
49014217 49014218
49019111 49019112
49020926 49020927
49029158 49029159
8352056 49043012
7436658 49064147
49064148 49064149
49079500 49079501
49089546 49089547
49089563 49089564
49092145 49092147
49104470 49104471
49182121 49182122
49301783 49301785
49376103 49376104
29900571 49384816
49507276 49507277
49508571 49508572
29064152 49526553
8132988 49532443
34950934 49532448
49535275 49535276
15260789 49537519
49591259 49591260
49623333 49623334
49630347 49630348
49778598 49778599
49784047 49784048
49838000 49838001
50235442 50235443
50611122 50611123
50687849 50687850
50769802 50769803
50968791 50968792
51134930 51134931
51220609 51220610
51265745 51265747
48129159 51349330
45678882 51349862
10131178 51350547
29806 51353092
51358847 51358848
51366412 51366413
51377110 51377111
51379316 51379350
29488157 51973248
