35616 35621
759136 759139
817655 251744
911643 863771
988384 988386
1026974 63244
1131883 1131884
1241008 1117919
1338718 1090571
1383733 208788
1389773 151797
1394082 630896
1395035 290642
1398985 676941
1399429 1213318
1402537 1073459
1404009 351731
1405599 1405600
1407644 1407645
1409427 1086667
1411177 233725
1411221 1118
1415018 1415019
1422558 54398
1424289 1424290
1441311 1441312
1455186 1455187
1461648 4903
1462234 214265
1464889 493394
1474262 169253
1475181 177144
851365 209757
1486739 461981
1509826 1094270
1515570 1515571
1524695 322075
1525253 17899
1527125 268665
1537036 1399500
1537062 1537063
1545278 269811
1570209 346361
1572172 1572173
1578807 1578809
1581252 1581253
1584274 1584275
1586339 628901
1596516 251269
1602583 291362
1604223 734678
1612986 659073
1617572 846921
1630653 148731
1401509 567776
1651453 298263
1674110 616818
1685797 430293
1687866 1687867
1695030 646506
1695030 1072730
1712447 66081
1720746 1410107
1722779 560812
1725856 422046
1727229 419379
1727420 129708
1730480 659985
1742167 1062888
1751540 502781
1751863 933701
1759770 837856
1789565 336180
1821197 656832
1858811 112120
1876377 127461
1933362 608795
1957527 1703990
2281268 66614
2284615 480890
2359586 1049521
2369185 553449
2417032 91884
2421774 560563
2475089 2116052
2507078 2507079
2891203 2891204
3565955 236744
3576665 3576666
3590764 1798804
3673909 623734
4072690 2970157
4073031 1845965
4073174 1909102
4073982 167340
4081720 178049
4081723 878815
4522837 1199567
4522906 1602810
4566628 556450
4566631 1058463
4601979 870006
4726246 605574
4740268 376130
4746039 2441063
4746041 1764652
4746042 14193
4746813 122484
4748264 704593
4748379 278046
4748393 119844
4748395 128759
4751601 2537735
4770964 831662
4770991 173411
4883266 557160
4900034 848920
4900081 506473
4906262 196595
4906868 914426
4907064 492855
4994033 273117
5036913 328246
5039729 635671
5053625 424935
5053629 886423
5072729 909104
5080244 1096242
5089501 2132948
5109642 609073
5109908 663478
5190420 635711
5190780 1026316
5199041 1710646
5216435 640229
5245549 3226735
5526521 1754484
5623611 979530
5684324 101334
5834948 228073
5985787 111412
6255295 211765
6255437 46479
6312417 506013
6331082 3848220
6376827 440919
6377876 887190
6380291 806206
6384963 593907
6393429 304717
6398807 1922344
6399902 362392
6406982 209107
6411297 4348061
6415602 413737
6415660 48282
6417510 2146821
6417521 1028553
6419508 2775582
6426986 262486
6437260 6437264
6441632 805131
6462808 684960
6516166 772718
6556510 4398
6562360 1053863
6705509 263308
6719084 69445
6772980 4444448
6772992 3227812
6784302 350354
6788913 6788915
6805940 387640
6811695 591213
6850570 9496
6859240 2415421
6859713 2315742
6864371 208157
6864451 4498306
6864462 1007883
6868717 325612
6884655 326330
6948836 67361
6974100 607808
7042421 128701
7064174 1700783
7096925 328232
7097184 224013
7103928 83696
7107775 13191
7180599 1814407
7180607 2111524
7182357 1814364
7183360 2214033
7293147 469806
7347222 965225
7471873 140674
7557507 201107
7629717 823468
7692976 232332
7748881 966928
7757940 7757942
7784014 1799696
7847441 496096
7872449 1301717
7905890 2981778
7906173 1006799
7906436 558995
7911288 1133629
7912060 925799
7912064 397856
7912068 323368
7912071 7912072
7919420 223271
7935787 1892926
7935789 7935790
7935800 7935801
7935806 7935807
7935811 728071
7935815 1166801
7937018 6455535
7939226 3606938
7939228 7939229
7939259 4071307
7939787 7939788
7939789 7939790
7939792 77143
7939793 3204044
7939800 7939801
7939810 1369713
7939811 1376003
7939815 7939816
7939818 7939819
7939821 1310277
7939895 490088
7939896 385190
7939897 911036
7939926 884586
7939943 2100961
7940008 897074
7940643 427660
7940644 225038
7940657 1031507
7942159 378587
7967627 1690763
7973558 460453
7974418 2354152
7976822 289737
7977647 607563
7977648 46819
7977651 1116972
7977652 2736173
7977657 136992
7989826 2058759
7997210 7373827
8068173 519108
8068197 226470
8062970 840026
8059941 504105
7804933 488542
8696661 62736
8731432 799764
7801502 372986
8810443 788137
9114297 1929011
9182881 2154774
9185670 761651
9186034 463141
9187997 685756
9189098 3378554
9202815 1449916
9209063 258953
9213854 9213856
9217439 5705766
9225855 209212
9228214 482660
9228559 43303
1404346 1091591
9279375 1489494
9283875 3412246
8059128 2179857
9301043 1325608
9302336 3895308
9302936 1427420
9303834 580843
9303972 1084358
9304457 1752736
9311908 391259
9312212 48516
9314339 804084
9321966 3763633
9322242 354782
9323388 216686
9323501 454693
9329165 2024226
9338050 2061150
9346234 755924
456168 1193182
9357758 493176
8810447 247076
9360008 93631
9372133 976117
9392316 485438
9395515 9395516
9225791 217727
9403385 1729593
9412688 9412690
8063036 103026
9419314 1976445
9422803 1939131
1602497 1979543
9449480 4975792
9461155 296104
9428689 261087
1577649 3796334
9469575 8717411
9470722 1636761
9498220 1067633
7802901 3954849
9539571 775689
9603079 1458466
9655714 7758863
9878726 409432
10000876 2046386
10006063 10006064
10047994 2694256
10171456 4033656
10182024 938731
10599278 221734
11032905 953187
9250605 1215762
11034856 1412559
7803244 830848
11075251 2864790
11078070 442283
11102099 805680
11420613 1874660
11523235 1582770
11523742 450347
11523838 859639
11524095 1327126
11524199 175865
11524310 2439475
11526181 362089
11526469 4081
11718047 5220
11933775 1008877
12005769 976621
12005770 456703
12092629 1005887
12131508 1074623
12136522 967379
12137153 403197
12137159 812199
12138801 2782159
12138896 473832
12138899 402041
12138902 681100
12138903 489846
12151110 346203
12159025 173876
12221597 861103
12281446 21526
12283510 76453
12283513 4029325
12283517 14284
12291260 2132046
12411230 1431605
12411382 422896
12411411 1082826
12411435 128999
12428111 1522265
12437975 9000534
12463911 442559
12463913 798630
12525217 248530
12526022 89395
12749289 826281
13140052 1354015
13263560 1007885
13501315 1572245
13513229 1955453
13552753 2976259
13605860 1019711
13616288 484710
13617824 632786
13624115 227004
13626634 116753
13626695 577181
13635527 547732
13636977 1115115
13638255 663106
13638322 2140573
13639294 2133671
13639540 382433
13639995 208670
13640035 394637
13640618 1517844
13640846 1645463
13646623 266308
13652771 414422
13654574 286573
13654840 1363785
13664218 834551
13664221 3906983
13664966 498630
13669028 908680
13676402 417877
13691249 1034549
13695331 1051221
13697913 1378545
13708652 8720452
13708868 1294512
13782148 135775
13923872 443376
13931276 285001
13956619 682698
14005429 873380
14058570 1637732
14070830 660564
14074933 2136133
14077153 5983489
14083329 91387
14130533 1701341
14130533 420300
14184104 422435
14226322 1928034
14229285 2726407
14283098 150666
14360971 2333822
14363726 178986
14364244 317584
14364513 1034300
14364960 349270
14514454 828641
14515183 311478
14515183 1323692
8911857 114596
14515487 141730
14662556 159583
14684476 5008898
14699295 1942962
14831155 141092
14877984 60166
14935931 148618
14935934 1599414
14981905 142767
14981916 70323
15001653 491528
15038803 2860022
15039330 10499122
15039332 4589418
15043868 1709088
15043906 7389051
15044365 364492
15045501 15045502
15045505 8701823
15065171 70323
15066663 378926
15066665 1710036
15066674 1233792
15066682 442134
15066687 1032118
15066690 922613
15066695 2427724
15066696 251832
15066699 3204158
15066702 1647753
15069634 2005565
15070308 14043334
15070341 382986
15070342 3061804
15070343 15070344
15070346 300893
15070349 8660593
15070447 498537
15070449 34912
15070452 947479
15070493 213157
15070512 509615
15070563 1910185
15070564 52003
15071194 133263
15071195 324725
15071213 440845
15071222 1207021
15072558 839504
15072560 1310611
15073965 88372
15074461 2111119
15074464 1884849
15081346 3800973
15082163 5749860
15084172 120763
15088496 3040083
15102388 2800779
15105631 4032552
15105632 677991
15106331 1036331
15106332 15106333
15106335 1886748
15106338 256726
15106339 153341
15106345 6038061
15106346 2180518
15193044 2732834
1974661 487943
15423010 654780
15554200 901761
15686697 1689120
15727670 428270
15738631 734788
15831277 1956746
15187282 1589104
15924391 196059
16049179 443705
16135864 63914
16227372 261843
16234546 347042
7802491 422814
16239027 1277999
16242513 752802
16244060 1624418
16257232 588776
16259016 430489
16260176 914214
16263703 1805043
16266696 2599653
16269821 264878
16271445 1187686
16275266 1314607
16284483 677260
16285332 1710706
16286393 1607443
16289529 775348
16293267 261683
16296555 2909313
16296710 1390957
16306749 781131
16310892 9395823
16311602 1075837
16317211 1086287
16325466 484123
16326349 747452
16333159 693072
16334988 60916
16335359 1980359
16337953 3217855
8059163 5216122
1406032 795312
16357898 598289
16360616 497935
16360700 223439
16361193 1807486
16366170 745552
16366866 2043600
1697628 11994681
16368638 249933
16369025 793044
16369971 3445046
16376047 6966415
16376085 2492160
1635929 1610724
16382042 721439
16400976 3394989
16405490 235322
16408694 691088
16409029 1818110
16410825 2761326
16417309 48454
8062997 8451274
16418411 407546
16418718 195525
16419706 283994
16434219 2496479
16438503 1022377
16441859 3183846
16447820 8691858
16449887 1214589
16450112 1707602
16453252 1869846
16457386 429956
16460515 6908762
16462132 1014957
16464623 284128
16464649 1345576
1729393 950629
16480522 376731
9140038 27834
16490058 3283138
16502918 4846761
16520422 1681586
16533225 3231686
16544426 1423587
1393682 3009622
16617563 354454
16676975 363891
16688027 1963180
16463098 9460600
16712926 4043175
16871356 172328
14941784 671144
16912609 292450
16925318 2956008
17015629 709903
17109161 3534138
17183402 2824814
8058202 1057414
17944072 295546
17963774 595362
17985348 437205
17985354 877975
18126307 48503
18400054 1000971
18412498 816958
18413070 266912
18419020 61697
18754413 2255476
18799892 491283
18800008 4411228
18838312 128293
18868696 24237
18993296 1826442
18993927 953186
18993928 501370
18995309 495623
18995413 1443442
18995415 582629
19011293 986566
19012102 5119924
19104915 767568
19126758 708992
19126862 630578
19128901 91806
19130567 541714
19132373 292629
19132558 3973347
19179506 2087762
19200742 306892
19219312 583667
19228702 546779
19237627 530971
19246444 906045
19250866 247571
19250921 1498628
19251066 1540981
19273005 642399
19273369 2972956
19275805 1869811
19281328 217605
19300207 542496
19300428 550632
19300437 963241
19300443 3401956
19358863 200747
19359897 2846478
19373102 115264
19698286 36485
19711337 1095563
19886366 752055
20280222 707705
20285722 65529
20345228 6013481
20383827 1698875
20383842 199885
20384180 308104
20389125 515101
20401257 203515
20402567 584173
20403101 1676123
20403725 6746293
20409878 5602010
20409879 159468
20412160 225398
20417291 204243
20425598 8761559
20458254 2352404
20465621 406454
20470706 1313081
20505028 118070
20510499 252442
20510628 1073673
20523141 1492050
20523180 1251181
20536350 200866
20537768 261329
20537808 382907
20705361 1596033
20730065 911501
20770140 950735
20778595 86351
20806633 96329
20818659 929264
7802616 4349655
20818701 608450
20818725 602069
15187829 8319603
20901620 580271
20902491 3428673
20904746 417788
20924788 469357
20963032 1362549
20966281 327657
20968682 765541
20971992 133192
21003822 1526289
21019404 1482669
21020270 939900
21099182 1143867
21099297 728706
21099944 2426111
21161500 1485633
1698676 411739
21245400 884680
21246196 67935
21246224 1788411
21440093 10445610
21489798 152718
21552673 268526
21634598 1030422
21747408 9296619
21747410 218545
21751693 157429
21758666 1366896
21773155 4022531
21776130 4034372
21776148 21776149
21776583 492453
21776586 375306
21776588 655614
21776636 211576
21776638 411691
21776639 447027
21776641 1673857
21776693 1677188
21776696 2650417
21776700 1992916
21776741 354617
21776749 254752
21777300 165723
21777317 291069
21786964 203427
21786974 2168065
21792320 8788425
21794287 1746238
21802626 9217425
21806676 1861272
21810722 1480540
21810723 3518915
21810856 137689
21810858 3207748
21811093 362015
21811529 779834
21811531 56423
21811532 3742937
21811533 2883141
21811537 1264709
21811539 34921
21811540 1953551
21811541 2072190
21811550 41130
21817220 3836531
21822506 4076867
21822509 1651884
21822510 1148942
21829208 3034890
21868886 98955
21893621 1077524
223259 2885538
22268682 4769215
22485413 17713605
9398080 1882862
22693195 2385751
22735070 452210
22774084 261860
22021422 166329
22860017 1024128
22880967 185455
22882019 745478
22890109 202504
22892054 8310824
22899508 519338
15975488 8653379
22909310 2420127
22909575 58896
22913465 231666
22915296 1985525
22918517 41691
22921025 169500
22922233 3523314
22922504 438871
22927380 190065
22931922 1255192
22933113 463913
22935353 6749059
22936700 36152
22956702 268603
22956847 1502176
22957754 625770
22960380 2944509
22962193 441431
17152664 1602044
22965217 352226
22965473 1296046
22965591 1353407
22965591 640330
22967370 2378719
22975527 797179
22978119 227983
7803256 3879386
16237599 2100645
22982370 778000
22982393 17866
22995011 1018072
23000092 779081
23000815 2793181
23006401 1569617
16376088 1363516
9302341 4754438
23015638 264471
23016586 1868030
9203351 9847093
23029967 321253
23043083 581470
9302340 167412
23046856 727078
23051025 1835583
23052636 2431119
23053772 1452115
23054705 1652388
22975528 1025328
22882310 377165
23072953 592866
23079061 762478
23080074 321268
23088313 4429946
23089434 1685552
23089523 3523597
23095584 3460751
23101441 2377800
23105166 4152040
8064370 740984
23115526 8852566
3677706 769874
23117832 1771174
23124816 2755161
23126742 153870
23136269 678761
23145033 3228285
23160246 151343
23163043 860987
23170220 6250
23213077 228692
23225293 150331
23245753 758039
23310209 235947
23403816 1009256
23491695 1432123
16377173 1067299
23616898 117120
23687588 527304
23795071 3356394
24505922 4964108
24530117 191125
24541255 164052
24543041 231671
24633024 386411
24635164 3173815
24635465 2087666
24956352 824143
24957063 2569283
24964114 1819974
25157695 811298
25365506 231996
25393597 512697
25508687 1894907
25513296 56947
25513845 170773
25513865 474976
25515157 1282737
25515290 441097
25515292 765437
25515301 524928
25526477 308581
25531102 1334183
25535415 2587691
25549952 1112177
25563547 1191237
25597259 387224
25626931 1009094
25645001 1981284
25647213 793056
25647662 1869496
25764199 228323
25784818 958812
25795888 3812482
25810958 1957577
25810975 252392
25811057 2785038
25811183 173123
25811188 1325507
25865625 1432144
25872533 5069697
25879323 249809
26414185 429239
26506711 582288
26594697 6827893
26687738 1285688
26736461 48332
26736475 544783
26740860 1792269
26782979 1077266
26785886 1251974
26831667 677254
26834427 362974
26834458 1611038
26836788 507234
26837661 65881
26837661 924075
26837690 280415
26841872 729490
26842004 968973
26849444 389252
26853590 607408
26854253 1356573
26855307 1650304
26859320 496955
26868309 1181360
26874766 417608
26876339 78404
26877077 518360
26900145 1062753
26902812 2915272
26903063 515495
26904660 776706
26978951 157114
26979019 353441
26991916 1604079
27127693 1092135
27146082 1666389
27152821 1317089
27156021 330564
27167767 644816
27205976 2306967
27226635 314220
27236606 665951
27254968 3474248
21886020 779647
27257150 276189
27258514 1470270
27265596 130226
27272630 1286495
27339371 63736
27342812 804097
27365877 802954
27368439 618101
27393897 761432
27397733 1364469
27432498 3716598
27433786 267232
27501181 614101
27522958 673300
27526210 1007490
27654407 1621222
27673796 1044137
27909889 52030
28022083 2585369
28154903 1198465
28154918 1093529
28154920 481177
28155159 656000
28155160 206858
28155162 1620351
28159268 484696
28159273 936206
28159359 2530459
28159763 183133
28160783 9982429
28179349 271772
28179368 735452
28179397 2452290
28180806 1479453
28182802 488080
28182803 1601304
28182804 629008
28182805 77287
28182807 337805
28182809 209398
28182816 299848
28182819 17936985
28182820 2461063
28182821 7489146
28182822 783208
28182823 499120
28182827 3229530
28182895 1906075
28182897 682919
28182913 1506564
28182919 2247715
28182957 34457
28182960 2901702
28183519 2130368
28183525 581474
28184569 562888
28198144 1754259
28207803 1235980
28215515 487490
28215783 715946
28215785 680810
28215794 5242215
28215797 7927533
28216394 273935
28221987 1727044
28226824 2137557
28226826 1360170
28233588 1175916
28297472 584275
28297498 3444848
9325490 814791
28626536 2756921
9288344 897648
28710784 6704099
28749441 354920
1389512 7085319
1883682 273983
28948047 636530
28989376 481849
22340809 273214
29216997 734764
6546499 821286
29247312 808054
29255082 1200664
29265647 9546172
29267550 244761
29269785 963509
29271138 2837358
29285589 7356833
7803715 229590
8058195 618387
29267551 390131
29317650 538357
456163 17103697
29319615 3549147
29323285 3234312
29323480 2393863
9325152 1228225
29334749 3815240
29336443 191668
29338756 1695517
1691843 921129
1418422 376088
29340354 1939438
21888202 49651
29345447 765941
23041571 121760
29360043 358456
16696263 320943
29362699 412926
29366827 1137904
29369118 265731
16457391 1614813
29373771 927516
29377648 11458
29384474 804985
29391579 302237
29393540 785484
29303158 2049753
8741105 212154
29402501 2508255
29092232 3125215
7802505 2000678
29415025 1144894
29424054 3405027
29442195 359483
29451605 66265
29451920 435661
29455632 1385577
29461076 679083
29462353 681268
29467609 690963
29476300 1872847
29476811 1072342
28290847 50278
29503925 3793765
29513448 355023
29523872 2423825
1672149 2449584
29552806 2552075
641318 816310
29609265 1070475
29640534 628938
29681948 587510
29763016 9766343
29892770 1321977
29946044 2514511
29988380 2006681
30217262 3230069
30575698 379521
30804061 407970
30806344 581605
30820989 18452
30850390 1500398
30916442 1720259
30942952 48546
30943641 9518
31246749 265082
31247016 946679
31247503 1213763
31247784 34352
31247796 1533910
31247892 346005
31252373 1343714
11659442 374872
31612226 86812
31649161 1258114
31789296 1375617
31794446 1433766
31794448 432948
31795680 344126
31795747 3154521
31795748 3558362
31795751 376115
31795753 603134
31795756 3942241
31814934 1049043
31816689 1356017
31867951 1167795
31897621 92893
31917985 1923957
31921217 319186
31924815 166382
31925128 71762
31931531 2419741
31967962 1311025
31986269 100068
32009213 288415
32022164 560679
32028658 265174
32033110 1671172
32033132 1938616
32044385 1304879
32047357 624592
32063570 2928346
32078584 44123
32130730 1137698
32138444 857306
32494070 465784
33019020 94235
33052545 741973
33055977 2022089
33059451 59939
33059717 545708
33059791 312243
33060065 1918251
33060154 437869
33075910 1855885
33080457 757932
33081459 557186
33084515 920530
33086334 291710
33091812 3636278
33105094 1638061
33108059 206526
33108440 1057273
33120522 9125804
33140620 2292042
33164944 884680
33166916 1412945
33167973 1851111
33171930 608987
33186319 89973
33203444 887268
33290700 5996918
33326004 527344
33331020 129193
33335523 448840
33340563 508812
33345214 360845
33369792 405631
33380559 6749001
33418148 1543856
33419982 1335729
33445141 88510
33453946 223772
33461412 460089
33464191 2006495
21886755 933724
33464324 1788411
28293125 125254
33471855 1151682
33479787 1705296
33526864 519301
33537080 33310
33537987 2741422
33568909 948968
33607814 2554493
33610489 1180399
33655150 88796
33710947 2166589
33729269 799129
33730788 2406436
33732768 1942962
33836739 926283
33864256 1166307
33940057 587401
34053411 7584348
34159741 1358730
34165877 308436
34168453 512237
34186657 11269901
34262659 428733
34288647 902823
34325633 3259612
34325723 1075903
34343766 1128094
34343968 9208794
34344025 89001
34344267 8901501
34344268 1617703
34347733 308875
34347793 165919
34348204 380584
34365939 577173
34366239 2813300
34367251 196563
34367263 11327025
34367264 231266
34367266 1367184
34367692 10524821
34370664 1994085
34370666 301530
34370668 289216
34370672 1009720
34370688 2002888
34370692 3711628
34370693 665738
34370694 745803
34370696 3870702
34370698 240423
34370790 836786
34370792 650583
34370803 9517370
34370807 1622271
34370834 10211988
34371411 490082
34371425 396363
34371426 692825
34372263 402038
34372422 290808
34380737 3548844
34380739 1826148
34385804 3448742
34395164 362198
34395169 1968073
34399647 2197224
34402877 1613089
34403045 479008
34403046 6447759
34403233 241432
34403234 718757
34403791 458528
34403802 18602
34403803 23863
34403804 283982
34403805 4001718
34403806 3435110
34403807 204632
34403808 438437
34403810 2179997
34413973 4142147
34414025 1113166
34419116 6904299
34420388 2013597
34420507 239618
34455530 1412948
34483190 1642465
7803283 576723
1523341 390188
35014834 1943810
16377172 1224101
1507531 364367
35143943 1892510
33732763 4062672
5618138 235309
35307972 1937408
28291874 134538
7802876 1449255
35405794 8129508
35410443 130727
12982336 386595
35414785 2572823
35417289 413194
35421574 9537
35424211 607564
22901817 1143186
35430955 369056
35447054 1549294
35452485 941140
35456795 119191
35459280 2008134
35466763 10928053
35470800 1448257
35472259 595031
35482014 2296507
16038067 2900753
35492464 147150
35493728 6063757
35500132 979967
35506176 2987682
35507338 136995
35508913 788451
35513336 69328
35521130 194816
35522172 732000
35530229 1179979
35533032 1292312
35536575 3718977
35538342 1945492
35538368 2987002
29267552 2760925
35547475 1749114
35554303 479583
35555100 63231
35559011 6364573
35568242 364047
35575186 161196
35577176 4194032
35591650 453678
35597053 11807
35599369 3252829
35603810 635197
35608387 15902825
35608991 619081
35609177 2303457
21652005 786585
35615109 601143
35615195 2032043
35617508 9360405
35617538 686269
1510454 11279401
35625489 261954
8063915 1127608
35628393 964888
35541864 1924016
5216523 201393
35653112 329018
35654641 954769
35670349 353440
35671882 236052
1458287 6918906
35806523 4690628
35836003 352109
212122 149009
7297965 300065
35999321 327108
1635765 500166
36049081 902452
36059049 581395
36089293 353737
36177804 302502
36186947 2801435
36194808 569274
36200315 714379
36459210 3529640
36911721 129504
36927446 120436
37022440 2036577
37048190 316745
37048948 298350
37112824 44843
37343866 177382
37344784 1005091
37344786 1569157
37344788 134350
37344795 1998578
37344798 2089406
37344884 215695
37346154 23967
37346467 2595556
37350605 415033
37760658 304558
37784382 926771
37836121 500316
37870860 209204
37875830 443002
37877066 958904
37877069 936070
37879570 2407849
37894635 756322
37976011 12575297
37981762 271202
37997875 272339
37998582 3040678
38000445 1009582
38000514 836094
38000977 359063
38000985 1391859
38001134 1731823
38001158 1544523
38001435 949018
38001690 997901
38086631 464782
38091218 1524062
38094313 1151432
38107620 306983
38107629 690582
38107656 2163246
38107658 567248
38107692 897866
38126629 564743
38126645 264128
38151155 212138
38151165 1225679
38151167 338962
38151168 541379
38201398 1082836
38206559 10754153
38208252 207434
38208889 614860
38221193 1168635
38438795 207577
38661099 1840401
38678603 1399318
38689600 1775949
38776494 769354
38971050 188879
38988243 315582
38988636 48397
39018081 453751
39018083 2789139
39078343 376431
39081069 308559
39084974 34577
39088141 727287
39094928 48350
39097294 20267
39097834 53192
39097983 125844
39098434 2119419
39099731 307801
39099733 853926
39099752 469389
39100232 961589
39112207 24433
39113568 4446253
39117998 52081
39127417 1696231
39127704 277888
39128752 580270
39131479 308435
39188355 69403
39359031 762308
39359567 1658609
39360634 924967
39375414 292264
39379434 882883
39380944 890640
39418854 396712
39445646 549748
39469024 102832
39475467 1588207
39475938 1444352
39481378 711291
39489388 258144
39495920 8704233
39554395 102897
39554426 157885
39603153 1498288
39606691 4510903
39608504 715558
39613489 584715
39618817 254352
39642716 366392
39659930 260633
39660058 1175377
39730534 2353291
39733212 117389
39734268 938329
39735869 232759
39835451 1754584
39839962 2395065
39872717 172160
40149019 931764
40192962 179667
40199246 984782
40223481 3194195
40233333 1959654
40278514 81821
40278545 3444887
40278549 884586
40315482 1391780
40333634 321904
40355855 60775
40355857 1547287
40355863 517963
40355864 434379
40355871 1371855
40355886 5255304
40355889 2201331
40355891 1384364
40355894 16459325
40358629 821157
40358711 359695
40359184 2258032
40359191 32197273
40359193 481179
40359194 11028340
40359201 9603687
40359211 1834737
40359212 989620
40359302 1029692
40359303 427926
40359304 2325594
40359305 962509
40359333 2452804
40359355 3743040
40359370 388508
40359872 210538
40359875 2482882
40359876 107560
40359877 415543
40360859 623739
40362693 3082160
40373574 2332604
40373909 1172488
40375541 1827528
40390403 1711634
40390686 434533
40390688 1232236
40390701 54051
40390703 60294
40391252 3413612
40391257 1984972
40391258 3744056
40391259 744542
40391260 1226598
40391262 528202
40391263 11486681
40391264 381307
40391265 154447
40391266 556084
40391437 50291
40407011 293841
40444459 887190
40444945 24987
8061314 368924
40469135 10337849
9359037 474058
40931546 286145
41014103 1511128
16360701 1911906
891014 198946
41206000 1707657
6049747 1091398
28292766 2108840
41376437 141540
22989110 236018
41377462 2726485
41381296 3444848
41382277 2550762
31795789 197436
41386693 2051052
41404510 1135045
41405763 1257369
15189163 1580382
41409608 334285
23123255 161908
41414988 544856
41420191 1037190
15185715 229942
729656 2363536
41426047 2970777
41428097 4451856
41445967 1273833
41450277 667404
8058539 253800
41463452 1551700
23271174 1500518
41464824 9168673
41465836 487509
41467616 718218
41467818 284117
41470506 353125
41472828 1050290
41475568 1798679
41477595 1074299
41480310 8977
41480610 4371328
29258073 73979
41483428 470549
41492188 22619
41494977 861163
41495172 511158
41499255 231000
41500413 290793
41507502 3293172
41508198 1451461
24309444 572644
41515448 190446
41515632 1189898
41520268 61969
41526764 398068
41527538 362429
41528708 54205
41529311 718515
41531028 378214
16421229 2107644
23104794 264148
9207052 1675247
41549501 804587
41553783 189983
41556817 125845
41556817 306860
41562061 266208
41567391 1061692
41573263 1189829
29267553 2822236
41578297 346254
41585727 5599246
41590864 957652
41596874 273945
41597004 404321
41598175 532937
41598665 137087
41661183 1883051
41669239 3215567
16571794 9618275
1672150 223653
41703290 436507
41710240 10817
41717862 4757835
41857156 2687211
13539364 362968
41928795 1435621
41987191 67398
41995130 506686
34477786 1938671
42199111 2457916
42391186 27913
42443077 690874
42486855 1948312
42834516 319885
42834518 878598
42870955 725967
42944626 330972
42944652 439949
42970182 3542028
42983026 1019254
43170231 8900801
43254358 4155545
43263255 474992
43263256 1371369
43263732 309472
43263777 134446
43263783 411581
43263807 154871
43286987 942310
43420953 605414
43420953 61108
43610104 770860
43646548 1138447
43650339 1706954
43673293 2361141
43673297 364770
43678438 329248
43785036 368466
43786114 210201
43786194 1085742
43786202 711834
43802985 98165
43802989 102148
43809992 1002737
43831047 2994015
43855068 878569
43884889 3561889
43890050 1692849
43901759 1282188
43907871 296219
43908602 4100234
43909257 69833
44008680 7582439
44009884 4573953
44012323 873537
44012489 1042416
44054828 1448993
7805568 320119
44054902 267043
44099136 983781
44102147 1655278
44102302 479891
44102334 44575
44108025 791357
44109230 77409
44109278 242256
44109315 961036
44114377 3709382
44114776 10292769
44414668 7936672
44545681 189669
44564813 1174723
44568864 489289
44641076 9670489
44854089 104110
44854105 51141
44907995 50079
44912575 763330
44922368 760123
44939589 183000
44939606 324917
44939613 645975
44940469 676055
44945272 540897
44945627 3871872
44946559 9761382
44946804 1334516
44957693 320302
44959384 350939
44960670 1013752
44960733 2676500
44960817 2038838
44966639 1756162
44968799 602825
44968958 368484
44969772 306677
44971543 309527
44973211 7344811
45004997 105248
45021975 1112000
45047981 800249
45052863 608772
45055552 1053753
45055600 2778489
45062433 815767
45066842 386467
45077373 1028482
45083499 165893
45202780 683492
45211678 100076
45215429 601770
45231841 1464996
45240713 1048407
45277086 461779
45304906 138816
45312186 239186
21889483 636504
21886768 641175
45329714 362979
45333040 20843
45333071 397479
45349532 613392
45398821 9766879
45419367 775165
45422773 4535889
45422897 3260235
45451349 3444015
45453589 2601738
45464071 179294
45540990 14584084
34377087 556834
45580709 10202493
45680402 2324681
45680764 1373404
45690777 241738
45717031 1581563
45717042 209075
45717419 66449
45879434 223343
45895369 180041
46138029 92938
46169373 2144375
46169375 275841
46169512 18736628
46169548 329431
46169550 10679802
46169738 12049904
46172856 3204371
46172857 275768
46172860 997535
46174277 4479014
46174278 842512
46190242 201026
46190263 2537200
46190266 1694770
46192940 3220069
46193043 15947685
46193044 2562131
46193048 5423734
46193073 1617507
46193075 16463413
46193543 11647183
46193550 865954
46193552 18137
46193554 828881
46193556 4637978
46193557 466650
46193650 1540346
46193651 3551204
46193662 909547
46193726 2802182
46193728 827430
46194262 217013
46194263 2669242
46202553 1055074
46202556 4757616
46203381 3029247
46207792 1190474
46209541 730177
46218018 2546231
46224697 1845021
46224833 3258788
46224834 800185
46224976 274291
46224977 147109
46224978 417292
46224979 606443
46224980 495663
46225499 3758210
46225500 99260
46225501 108404
46225502 1220585
46225503 10399124
46225512 162567
46225519 657179
46225523 18372231
46225527 208714
46225528 482623
46225529 1068717
46225530 2267777
46240822 141841
46240823 4871205
46301777 3226792
46334752 1443060
29773 86502
40465324 562702
46524806 748352
19360630 332593
15225111 459849
9299667 3870551
9285344 60634
549236 489655
19324020 320935
47151962 1462207
47173012 417369
47173221 289924
47174359 699379
47175175 655349
47178634 2129479
47197551 791698
47207120 215461
47209820 364778
47214803 1891087
35517545 1137131
47223009 6271244
47228230 359979
47228364 359978
47236716 2163693
47237950 1540246
47247812 385717
47249398 15694649
47253228 1455520
47256163 581751
16457392 803093
47263322 1752880
47265120 648899
47269008 712807
47270040 225210
16421230 232091
47276770 128878
47282883 3210103
16228638 1395009
47283532 51237
47286851 1600217
8063148 451382
47288328 1921973
47290411 2496530
47297882 70581
47300893 973585
47303532 55142
47306090 266412
47308817 1541822
47309701 573199
23013837 523705
47320808 1022287
47321000 2671551
47327181 331569
47330256 1272168
47333352 1052354
47339464 3063496
47342535 923953
47342746 1628993
9275026 2257880
47350398 294809
47350543 1240746
7064175 67457
47361928 16614843
47368842 1146174
35017732 12901182
47372227 216239
47376855 445702
23205115 527835
47387157 1886607
47387214 1775420
46295532 408230
47389718 294605
47402369 299739
47411631 1030929
47429459 485313
47447048 306860
1560630 1253329
35429341 1721381
47469586 4057807
1521617 1892051
8060472 808272
47513328 10809
47515544 3260117
47529508 432661
47543817 9386529
28293293 1581563
47553675 111493
47704519 1659343
47707633 2813516
47816656 1086121
47856453 19611
7802503 1254502
48180458 2147294
41974474 121964
48587499 574994
48587650 416815
48621072 327988
48695870 3801456
48744239 106411
49007580 229071
49007792 1074288
49007819 1049276
49008154 933959
49008204 48578
49008407 4595091
49012877 1505528
49142175 6700291
49346245 458728
49381434 845128
23761888 3878975
49511199 584236
49515091 815620
49515587 6528699
49515591 196342
49516605 577140
49516705 579897
49516709 1494287
49516710 609723
49516712 1296208
49516713 305290
49526079 1304757
49534266 460847
8062686 442826
49572321 502333
49631862 293312
49634981 333432
49635035 1242303
49635902 388091
49636380 916685
49636478 2537380
49640888 1845768
43757925 606588
49693345 4854097
49737861 1115689
49737906 1206244
49777780 547241
49777988 1892180
49777991 435750
49822247 501608
49822405 1875105
49822455 748921
49834361 121348
50245999 8253940
50246006 966925
50246006 540140
50255018 512205
7287893 1106292
50333416 34018
50582101 218469
25862433 2632913
50632130 572434
50632966 80372
50636132 223535
50643932 241730
50647467 25110
50647476 132848
50647921 275602
50652417 681690
50658520 46654
50658861 16288907
50666544 621328
50669448 92550
50672389 523717
50674802 10784867
50733988 2960496
50747501 353443
50764108 476539
50766635 41604
50772211 218568
50773663 35612
50880157 223507
50893873 241825
50899027 60206
50943880 1658917
50968438 1233386
50971276 1070624
50977771 1050241
50995619 413055
51005531 457410
51005640 302272
51005779 487134
51008750 959484
51008752 1226792
8058518 5672138
51011830 1134209
51012000 6058321
51018960 986558
51019071 263655
51073757 34109
51078836 376995
51079552 1603866
51094960 66643
51098378 981125
51128723 889272
51129642 78039
51179614 1938059
51180694 236595
51186329 2245704
1707900 7356730
51237652 101186
51249841 1129144
51251040 1093196
51263616 361612
51344096 16390
51344725 1798393
51346899 360708
51366794 732629
51381066 3743694
51390990 480144
51391691 635378
51512090 827430
51534097 526258
51609164 233332
51731844 2177325
51742241 271833
51777174 2806703
51832717 1643112
51835467 420264
51835499 10293507
51835860 5336518
51835875 265123
51850511 1614733
51851676 8377908
51851683 368973
51851686 1560473
51851689 8431176
51851692 1829984
51854495 983313
51854498 282280
51854584 1775686
51855005 3615553
51855006 485476
51855008 195910
51855009 646628
51855011 10997
51855012 384241
51855014 1153427
51855016 2006976
51855020 3242409
51855021 3812310
51855022 9997442
51855024 17035855
51855025 1661261
51855091 969999
51855092 427910
51855093 410756
51855094 1250962
51855095 1107098
51855096 225025
51855164 1438921
51855727 8481641
51856129 309862
51856377 4569986
51856501 1966286
51884706 18379358
51884707 8518774
51884852 951143
51884853 8657543
51884854 4012141
51884855 3207743
51884856 718845
51884858 7341528
51885053 662557
51885055 10904701
51885057 4885255
51885259 699737
51885260 522215
51885261 275371
51885262 3455551
51885263 9407590
51885264 788056
51885265 875005
51889771 528879
51894398 722938
51894403 448391
51894404 4039754
15088489 757224
51959309 543180
51959316 1110275
51959325 1559457
51982943 382723
51984958 133192
51999001 740690
