0 83
698 1479
6 1792
113 4816
1208 5082
1171 5551
5909 5936
5915 6063
701 6298
7905 7945
337 2463
10415 11620
16384 16403
20565 20589
23872 23877
25455 25460
26296 26329
20434 26891
27671 27702
21513 29167
30653 30668
30971 30983
31114 31132
3302 37078
53171 53177
53366 53368
55780 55786
56160 56169
3309 72472
84133 94440
98459 98461
101568 101570
102415 102435
105082 34533
117607 117619
123978 123989
124510 124520
130978 130985
137778 137785
147797 90438
157142 157148
160024 160046
160354 160362
166093 166101
170604 170608
178721 178731
178949 178957
179249 179250
188140 188143
195103 195106
198536 192430
201413 130044
204289 204296
220442 220466
224178 224182
242752 242762
250334 250338
163147 148719
127765 255990
256788 256797
257963 257979
262700 262703
277230 277233
286203 286206
292395 113991
328339 328345
254870 350679
354287 354295
345117 386786
164033 409687
15684 446638
471550 471563
473192 473204
21624 473251
499184 499200
501535 501538
502966 502972
504979 174987
516907 516916
521761 521776
473063 448373
386325 535957
537690 537701
543527 543532
550794 550812
591385 591396
598694 598704
523283 600334
545833 297170
602021 89978
452379 607500
473198 608070
608083 78279
610417 610419
610973 610991
614487 614500
619147 619156
626271 626273
638988 638991
643102 643108
664686 664749
669545 669551
200758 732259
756530 756531
756530 756531
759729 759730
766400 766401
771413 771426
777221 777227
817267 18098
833665 833675
878531 878535
880114 880166
883179 883181
949386 949391
952583 952591
955818 78948
981746 981747
982219 982220
982840 982841
991530 991533
991697 991754
1008788 791257
1024613 1024618
1040022 1040026
1050219 1050220
1070747 1070753
1076916 1076922
1106421 1106432
1116674 1116675
1134319 1134324
1143092 1143095
1157717 1157722
1217793 1217795
187040 373582
1232611 1232613
1253330 1253331
1257674 1257678
1271754 1271757
1287881 1287888
1289801 1289803
1289839 1289842
1304807 1304815
1312892 246363
1317948 1317953
1382943 1382944
956171 1388759
1394551 1394561
1424938 1424940
880129 1463638
1467002 1467006
1492477 57555
1494835 1494837
1521913 1521915
1535131 1535134
1544624 1544627
1557011 1557012
1560188 1560191
1560309 1560315
1579077 1579078
1586860 1586867
1619685 61472
880148 1626291
1682514 1682515
991739 1694135
1708143 197591
1720956 1720959
1752451 1752456
2096437 2096440
2110186 2110187
2123622 142455
2320078 2320079
2357461 2357462
2391101 244404
2417212 2417213
2418645 2418646
2430907 2148482
2460302 309240
2478258 226407
2484978 2484979
2492428 1152368
2524189 2524190
2537537 874110
2571372 2571373
2590738 2590741
2593383 2593392
2712993 2712997
2794979 2794980
2832177 2832178
2874772 188210
2926024 2926025
3026727 3026729
3520029 3520031
3539058 9627
3565772 3565773
3978515 3978521
4124974 274085
4128199 4128200
4188196 4188197
4479862 4479878
4614813 4614815
4750623 4750625
4906745 4906749
5044971 5044972
5044982 5044983
5044984 5044985
5044988 5044989
5044992 1152368
5044993 5044994
5044995 5044996
5044999 5045000
5045009 5045010
5045013 5045014
5045017 5045018
5045028 5045029
5045034 105119
5045044 5045045
5045046 5045047
5045052 5045053
5045054 5045055
5045060 5045061
5045071 296117
5045080 5045081
5045090 5045091
5045092 5045093
5045094 5045095
5045283 5045286
5121315 5121316
5121330 5121331
5121332 5121333
5863828 5863829
159776 6988598
7758474 7758482
7765213 7765214
7815806 7815807
1392 236620
107 588281
1248 2337512
28297 1533557
1234 8114183
8116892 8116913
96873 8117479
19910 20109
1186079 2881470
4696 9627
7913 360774
50348 236620
43516 8119912
2742974 8119958
13261 8120201
13536 8122341
25549 8122754
23272 8127394
23134 8131317
59257 8131787
7287 8132561
30049 8134019
30325 8134093
177213 8134358
656693 8134538
858696 8134646
3178775 8136413
36559 8138242
820649 9627
55752 8149851
8149931 8150177
8151173 8151179
87537 8158404
1087619 8159851
251837 2929
761397 7840751
594471 8170518
2040632 8171445
8176853 8176864
3099126 8180006
2257765 8194753
8195417 4128555
8195583 8195595
8197891 25958
8198763 8198774
8198931 8198936
8200360 495035
8202923 8202931
903999 8204820
1348806 8205665
8206911 8206918
133275 8208074
8213066 8213071
4288613 8213677
1478236 8213882
4184597 8215556
184135 8217324
8195624 8218367
6780094 8219840
5617375 4655666
4077222 8221021
8221116 8221125
946013 8225228
1310003 8226611
8226680 8226686
121292 8227816
2130876 8228181
8230744 8230749
57527 8240327
8252202 8252206
8260209 8260214
279098 490592
8265580 8265593
8268117 1304815
8271323 8271330
8272679 8272685
14631 8273400
8274309 8274315
8275175 8275178
8276766 4700105
360804 175470
113043 333
89959 8282639
8291219 8291231
384410 4969159
4209797 8300408
1197618 8300789
313417 4704550
638593 8313223
7748947 8326251
8347605 121065
1249226 8348094
47892 8349828
240794 8364119
8388441 8388442
8392644 8392649
1559230 8416715
8418366 8418368
2358084 2533875
8437581 8437601
3468518 8438204
8451967 8451975
4082592 8468781
604346 8485187
6557362 8486259
523060 8497292
4276378 8522126
8529991 8530000
290973 8532199
8533878 8533888
8558626 8558629
473201 8558985
8493272 8559185
1415562 1424906
6023 8559607
3088457 1190175
906343 8563700
8564682 8564690
8567745 2455861
8580950 8580960
1237350 8582968
8584815 8584820
4815816 8598237
8619760 8619766
612683 8630099
8640608 8640609
8652891 8652893
8660134 8660135
8660842 8660848
4648301 8680608
4664058 8697245
8723897 4672403
8728401 8728402
3092698 8743502
945790 8751434
991752 8752730
8754200 8754202
8761746 8761747
8766987 8766997
4236152 8767573
8778122 8778123
8785859 8785867
8809665 504614
4297969 8823107
8846332 8846342
4668226 8853880
8854697 8854705
782273 8854745
8856702 8856707
1481185 8862258
1481185 8862258
4294145 8862576
4294830 8862921
1439617 8886015
8905186 8905195
8911108 7160586
8939712 450742
3105369 8941393
8946476 8946481
9002013 9002018
9028948 9028960
9031154 9031155
9067798 9067803
9095622 9095625
9115219 3231530
9120138 9120139
9134104 9134113
9167706 9167712
9170378 9170381
9171847 9171848
3163262 9183530
1438773 9192016
9192825 7184596
2663711 9199312
4296585 9205655
9205942 9205943
9216645 9216646
9226077 9226081
9231912 9231921
1583979 9240756
9276751 9276752
9283382 9283383
1409139 61472
4298017 4289568
30733 9323432
9326562 9326563
9330353 9330354
9334269 9334276
1698106 9380973
1782170 9391477
9396617 9396618
4294612 9404719
9405960 9405967
9415457 9415459
3177346 9423249
3520215 9439177
9452804 9452805
2937268 9470242
4282460 9502644
9506886 9506888
6823228 9522847
9676998 9676999
10001975 10001976
10060214 1378797
10103150 226407
10104463 7073751
10119724 10119728
10125504 756531
10160747 10160748
10254191 1424906
10280008 10280011
10333467 10333468
10402029 10402030
10444214 10444215
10455600 7965
10605589 10605590
10620531 403613
10977295 10977296
11016493 3978521
11032347 11032349
11176190 4645543
9108064 11252452
891306 11484343
11631919 11631920
11963780 4727147
12136809 12136814
12229371 12229381
12231210 12231218
12403875 12403876
12403877 12403878
12403882 12403883
12403890 12403891
12403908 12403909
12403910 12403911
12403914 12403915
12403916 12403917
12403920 12403921
12403922 12403923
12403928 12403929
12403930 12403931
12403932 12403933
12403938 12403939
12403942 12403943
12403952 12403953
12403954 12403955
12403956 2704374
12403959 12403960
12403963 12403964
12403965 12403966
12403971 7471821
12403974 12403975
12403978 12403979
12403980 12403981
12403983 12403984
12403985 4235238
12403986 12403987
12403991 296117
12403998 2417178
12404005 12404006
12404007 12404008
12404011 12111217
12404014 12404015
12474107 12474108
12474117 12474118
12474119 12474120
9294 81503
1225 2857312
1397 15239941
1439 15240312
1126623 9821097
1147 15241172
559823 15241444
370 700820
24898 15245492
31015 15245612
8510 1114911
11836 15247453
117667 15247635
19318 15119805
600285 15251657
120812 15251935
1049412 225583
30807 15258131
334677 15258162
30806 15258199
59131 15258358
943088 15258488
30974 15258586
15271377 15271378
15272294 15272300
8696743 15272365
15274487 15274491
61731 15276639
2171891 15281722
113035 8738
5196078 15286183
576739 15286445
476677 9627
602383 15290503
1399511 15290516
489829 874277
1973020 15297527
121275 15304188
121275 15304188
1765758 15310758
15315304 15315314
1857454 15321656
15323051 15323063
15326154 15326161
15327712 15327719
1645600 15328318
15329008 15329015
15329122 15329129
8016114 15331357
15333430 15333443
31058 15338383
15342285 7070911
15342419 15342426
15345877 15345882
15347141 15347149
15355996 15356001
15361660 15361667
10659359 15371480
15382190 15382191
386964 78005
15382880 4715238
1253314 2885880
141863 15399620
161432 15402658
115122 148719
2348104 15405804
15407457 15407461
8587926 334913
8564726 11387487
1260621 373582
145591 15421731
145591 15421732
15428740 15428744
720295 15438728
8370842 15444308
1980873 15449476
2618732 15451289
1206387 15456360
653573 15459139
1456522 8992194
432083 15509670
15540356 15540364
15545720 15545732
15374518 15556441
504988 15579531
15591010 15591011
4658741 15608292
15637462 82901
8565760 15649004
292404 138970
4826246 15650008
166164 1424906
643021 15652298
2663405 15652836
8565729 15655528
621419 928461
2544460 15657923
161435 15658527
15661857 15661858
316888 15663991
306018 15686852
4257879 15693669
15709419 15709426
4272580 15718365
15718443 15718447
816248 15728338
15741510 15741518
14968675 15752796
15808950 1077817
15811702 15811707
1996423 15815300
15825762 11707724
15829974 15829975
1111199 15831458
15839523 15839524
8085669 15840898
4165105 15843695
222695 15844736
6847965 15847595
2874237 15853754
4287386 15889123
1418695 15916931
15949660 15568497
15951801 15951810
15971925 15971932
15990808 15990810
16007073 16007076
16009768 16009776
16014158 16014159
4455262 226407
16029712 16029715
16030432 16030433
16049696 16049703
16061017 16061021
16061612 16061619
15812385 16073749
4029733 16087469
16111716 16111724
16125923 16125926
16155368 16155371
7758486 8598237
16175776 16175777
16179848 16179863
16185677 16185686
1794830 16218287
16228162 145142
16229855 16229856
16238439 178438
16246505 16246514
16250922 16250928
1612991 16263916
16274968 16274969
16290293 503206
2625771 16304164
4709888 16314330
1526587 16315212
4705300 16337161
3389131 16338902
4294834 16339794
16361842 16361843
16389462 16389464
16397927 16397929
16409278 16409285
8134042 16459657
16461766 16461769
16463075 16463076
4642947 16465470
256487 16483722
1430218 16551903
1845920 16577714
3429279 16578776
16878759 16878761
4745537 16899214
16930626 16930629
16942036 16942037
16981315 16981316
16982296 12334640
16989586 1720959
17028715 2832178
17030213 1038964
17037233 3967841
17040772 16930629
17040944 17040945
17040944 17040945
17049711 17049712
3106696 17174491
17293560 5925803
17344810 6892646
17354965 17354966
17398659 17398661
17401940 17401941
17420882 17420883
17449734 17449735
17531492 17398661
17542441 59899
17554642 15143571
16348421 17593579
12403026 17616408
17929375 17929378
17945987 17945991
18135356 12403987
18262167 18262168
18406304 18406305
18508522 12334640
18989925 18989935
19243599 19243600
19243601 19243602
19243603 19243604
19243620 19243621
19243626 19243627
19243626 19243627
19243632 19243633
19243640 16389464
19243645 19243646
19243649 13858
19243650 19243651
19243666 19243667
19243673 19243674
19243675 19243676
19243677 19243678
19243681 19243682
19243683 19243684
19243690 19243691
19243692 19243693
19243696 4512
19243699 19243700
19243707 17420883
19243707 5045055
19243716 19243717
19243720 19243721
19243722 19243723
19243724 19243725
19243726 231463
19243731 3572284
19243732 19243733
19310018 19243674
19310060 19310061
20032691 20032703
21617715 7758482
122997 455364
8147 21939565
1718 21939735
1209 21940026
19315 21940562
1162 2830002
4334602 21940884
1243 21940908
4358 10126
51991 236620
7411 21942443
231315 21942636
18211 21942969
81417 21943921
102737 250558
253957 21944338
2185881 21944367
826749 21946920
445611 21947080
519899 21947334
31038 21947950
1586079 21084626
30259 21955625
30690 21955791
3114532 21955942
192022 10453069
1139590 37600
348285 19025797
90101 21959686
9470055 21960571
4031 21961812
951906 21962755
833710 21965457
53691 21967629
53600 21968697
8989438 21968781
1968832 21968920
21969154 21969163
278366 21972189
5199242 50015
21234 21975330
21234 21975330
1407676 9356009
23239 21981267
36558 1642399
121051 18555
392407 21994427
1483956 103711
22010758 22010765
129999 22014515
129043 22015067
22015492 192430
22020875 22020880
870574 22022406
139064 13231
1666659 681938
360825 72262
15550936 22034837
22038899 22038907
4217539 22039029
22040456 22040463
22041335 9170381
22048262 22048267
22054903 22054911
689329 22057601
22058688 22058693
22058885 22058888
22062206 22062213
22063739 22063746
679724 22064699
679724 5045055
22068418 12089539
22072722 22072729
2388794 22073900
22081974 22081975
22082134 22082135
228503 22082576
256071 179253
3426757 8735817
149652 22100801
1388955 22105725
15356077 7378521
15356077 10936093
1095420 22106954
7331214 22109138
15466 22117714
9115221 22121395
14898897 22130320
1735807 22134325
10452931 896137
61077 22136527
504297 22136619
805450 229575
8483222 22141945
32562 22152945
22153665 22153675
22175979 22175986
12983868 22180836
1521535 22184524
612670 22185302
5981436 1986948
11744932 22195425
10657722 22196200
509466 953333
752300 22222768
608087 8468781
22257344 19243678
8484119 7017953
21220729 22268677
424582 22326879
205425 1007063
329299 22329529
3082381 22329631
514798 7075461
609223 22330653
1059837 317395
1680831 22331653
18203263 22334251
22373741 22373746
22377546 22377552
22377716 22377717
1211983 22379720
7040289 22385577
22413476 22413482
10661334 22429505
3126754 22441041
2149327 22445822
22471938 89978
22478165 22478168
7332978 22478950
22480108 22480116
22493694 22028446
13113262 22495125
14797648 22496270
22496574 22496575
22496574 22496575
8144820 22497245
22499882 22499889
22039987 22505869
823836 22540929
17856849 22541123
22546444 22546448
2742609 22555872
22556537 22556543
22575308 22575317
9137679 6698353
10704860 22588040
519512 22588073
5063736 22639950
22656110 450742
15803935 22662144
22684883 22684885
22712042 22712045
22715786 22715793
18980479 22735219
22761592 7073250
22762129 22762132
22808495 22808496
22823562 22823563
22829170 22829173
22838080 22838083
22839150 22839153
22854138 22854141
8068637 22889120
22898164 22898165
22902298 22902301
22964664 22964670
8134052 13575997
22986131 22986134
1591255 22987228
4294886 22992694
1501095 22992925
22995736 10145964
4648630 23011141
12044765 23022870
23032927 23032928
4665159 23045463
30716 23045586
4649466 23054383
23075627 23075628
30515 23077022
880149 23077388
23095752 23095753
23100600 23100602
23110637 23110638
4302209 23151964
4687126 23169959
4297782 23205256
3652506 22898632
4289609 23211350
23217731 23217733
2724113 23267609
15741568 378892
4316940 23408946
17398664 17398661
23547815 2516419
23588188 23588189
23637572 23637575
23638753 3399566
23646956 180035
23715537 23715538
23719330 23719334
23722315 23722316
23764476 23764478
23768500 8639323
23794137 23794138
23814608 1102680
23837465 23837466
23862670 18262168
23939702 5045055
23939703 5045055
23939707 5045055
24026404 24026405
10717937 24313636
24401393 9627
24490866 24490867
24948083 24948084
24990249 173690
25050338 8660135
25271593 25271594
25372262 25372263
25554444 25554445
25702777 16930629
25755427 25755431
25757001 25757002
25757018 16942037
25757021 25757022
25757025 25757026
25757027 25757028
25757031 25757032
25757033 25757034
25757039 8522126
25757040 2493877
25757048 25757049
25757050 25757051
25757054 25757055
25757057 25757058
25757065 25757066
25757079 1854458
25757092 25757093
25757094 25757095
25757096 25757097
25757098 25757099
25757100 15828951
25757113 25530098
25757127 25757128
25757129 296117
25757139 25757140
25757143 18979785
25757146 25757147
25757148 25757149
25757153 25757154
25759380 2949770
25820680 25820681
25820692 25820693
26814009 26814010
27920974 27920980
28128977 28128979
702 28340080
1159 28340156
1239 28340235
4356 10126
4294540 28342152
707 28342460
1181 17366723
233603 1021752
48760 711568
706013 15417223
11616 28346208
10409 28346372
13256 28347386
39555 28347567
26640 1023724
3193983 28350231
105818 28351521
1574876 28353275
30483 28355722
30491 28355728
1183892 28355820
29720 28357060
1202966 28358386
8123216 28359283
11388 28359321
369176 28359916
248134 28361432
1944597 14255316
1150751 28361592
71198 28363918
4257989 23408946
1985529 67388
11745131 28368905
8181034 930502
866898 28373296
92837 28376164
1553337 373582
28384836 28384839
1191548 28385870
4764986 28386488
122569 4274863
123668 28390734
19845 28391767
17992 28393461
45269 21686183
335051 28403883
28406936 28406948
28071733 28408542
28408564 28408574
11177461 28410811
28413256 28413264
30955 28414558
2422210 28419629
28420227 28420232
28422121 28422129
3174796 28430152
16220466 28432115
28437855 28437860
28438474 568799
8218175 8198954
28448823 28448828
28451787 28451792
25689459 14239381
28455240 28455247
28456955 22829173
28461544 28461551
28461829 28461832
28463388 28463393
8567270 412413
28466878 28466885
28470006 28470013
28470127 8230749
147353 28473803
12137850 28483539
569687 28490282
1182031 28491361
12343874 22117215
216414 28522270
232913 28536308
1126571 28536525
106224 28540001
28545750 78005
28546758 28546766
25451636 28546819
129926 28549323
944534 28565541
2837133 62232
769767 28570200
8615733 28574764
201921 9415459
1213816 6981874
949842 465280
496312 28614728
2511024 7143211
504992 508466
505181 16355543
593085 28660724
250308 28694157
13161624 8198078
16645257 82901
326642 28709901
956041 8543556
28715499 8297637
145153 28717377
599264 3572630
601251 545442
10658884 28718318
1645621 15228919
605116 28720180
609224 28720503
1849918 4290351
220849 28726219
991750 28735549
828734 28745873
16583549 28761648
16583549 28761648
1557015 28765820
28768506 28768514
21937444 28789128
17407745 28820271
8587929 28827813
28832103 28832111
6363900 28850436
24119064 28858922
28860009 1253331
522717 28878502
28885477 28885478
28902789 28902796
28906183 28906186
446293 28910296
28799831 28919235
2346306 28936488
28936770 4252531
28936907 4644924
12059437 28952316
9115222 44747
28958409 28958411
28986903 28986908
8373918 28994993
15131852 29005201
788283 29021225
29032058 29032059
17177745 29032456
29036837 8257498
29048697 29048702
29066964 29066970
29070202 29070209
29078655 29078658
29080243 10057181
29086103 329274
28386526 29086338
29122479 29122482
29127050 29127060
29127050 29127060
29133116 29133121
29141146 29141147
867645 29145400
29147707 29147710
29159437 29159438
1525566 29163249
29193652 22869287
29205134 19243693
29231390 29231397
5699887 29235623
29252986 29252995
29253771 4677477
1660291 29254160
29258166 29258167
2986271 29262754
29264938 29264939
29266375 5045055
1438146 29267365
28937839 29270350
29274033 29274035
29295654 29295657
29311292 29311297
4294927 29317800
4672355 29319172
4331888 29331892
2800565 29366000
3520067 29387547
29388465 29388467
29392935 29392938
29404215 29404222
29405568 14793091
29467802 29467805
3121557 4288802
29495420 29495431
29530099 29530108
4653279 29533350
4642561 29533969
4658775 29534804
2226466 29534900
4660935 29558588
29561844 29561845
29665048 29665049
29775374 29775376
16326626 29785468
29921288 29921289
29951645 29951646
29967386 77764
30062388 30062389
17294554 547189
30176050 30176051
30255581 30255582
30262782 471563
30285642 9627
30381587 30381588
30431578 355209
30439803 30439804
10113795 2330072
30455912 249900
30789317 626048
31209303 841369
31285900 31285901
2112079 31334349
31356531 5045055
31645366 373582
31707364 31707365
31787205 31787216
32026504 496896
32026509 32026510
32026517 32026518
32026521 32026522
32026527 32026528
32026533 32026534
32026546 32026547
32026550 112339
32026554 32026555
32026560 8412980
32026563 32026564
32026565 105119
32026568 105119
32026569 11032349
32026580 32026581
32026584 32026585
32026586 32026587
32026588 32026589
32026604 31776466
32026607 32026608
32026609 296117
32026610 32026611
32026612 32026613
32026614 32026615
32026621 32026622
32026623 31770135
32026624 3572284
32026625 32026626
32087748 32087749
32087750 19243674
32087755 227851
32423901 1076922
32437102 32437105
34154476 7758108
34258394 34258395
34509188 34509190
710 34524622
1175 34524879
99 34524961
101 34525198
11164 34526794
87423 34527453
23309 1388617
1168 1364193
4360 34527769
1731 85794
685651 862895
1719 2857276
50430 265126
711 34528827
1172 34528902
106 34529425
447151 10126
228526 9962472
566680 373582
116179 3794083
20283 34533708
384243 752207
119041 17331397
120817 34537168
5384 34537412
94738 34538386
242753 20976752
74669 82901
8117849 34542123
3599386 34542506
30484 34542528
8117389 34542578
30487 34542613
1055718 34542778
101303 34548368
9037 27661911
4244 16227
10662789 34553302
1488658 34553493
1189543 34554505
279645 34554957
21082 34561757
1771673 34563660
1107062 34566951
34568495 34568496
491178 34570461
262895 20912052
113032 8738
34587419 34587434
118074 18555
8267100 34588832
1220015 34589466
1660319 34590808
719710 11707724
34592529 568799
34593577 34593585
8517487 34593785
213977 34596027
3128640 34596259
4674305 34597779
126481 34598953
34600440 34600449
8211410 34601278
34602526 34602534
30123 34603011
34603078 4025443
1638907 34603311
160072 3231530
11702582 34611427
1014972 34611896
16730111 34621305
34623538 14632562
7919267 34623902
34629084 34629085
34629742 34629747
208621 205230
34648396 34648405
34648573 34648581
9410111 34650485
16138 28811070
34668012 34668017
34693500 231463
3174759 34698635
198850 34699601
9909396 1022106
705447 34713000
571161 34717579
8775765 34718544
610980 34720166
34720813 34720816
34724141 34724148
198377 34724379
34724589 112421
1432188 34725112
22197291 34727216
34730771 8766997
34739751 34739769
2310532 34745731
158964 8634294
4641562 8741593
538185 3229547
1762642 711228
25695840 34785054
1332492 34788760
27519762 34793002
120850 34804062
34813976 324839
28683681 34822227
34823088 12334645
233001 34834994
4213350 34835598
603822 15371480
473059 7573305
21645667 34857090
34874057 34874060
28833557 756531
34885761 268721
34886947 34886948
1002927 34887277
1695607 34887307
2183122 34890136
3078189 34890178
600236 174987
8562068 8559185
600329 1363485
614491 34895094
260763 3042773
34896478 34896481
16070241 34921585
586959 8602354
152540 34926537
34939496 18262168
1988096 34943134
3174915 34944825
4670357 34948648
4331563 34951958
3591067 1741125
34972266 34972272
28428370 34984804
8811279 34985936
10366 905662
4686774 9351391
35026083 5045055
4287390 35032385
8290714 3030180
13269859 35046020
2350383 35047422
35051374 35051379
35056683 35056684
35060879 35060880
8802412 35061099
20223870 35071478
35075706 35075709
7735155 33733125
35108500 21972189
35109047 35109057
4673397 24958709
35130270 35130271
8990875 35131065
4297615 35135549
4282568 35135677
1695646 35135696
30178074 72235
35139258 35139261
35143312 35143317
35143409 12109733
1406315 35146281
35177998 35177999
15131350 35190616
35223152 8844969
4586404 35227739
6432376 35236737
35242911 15811707
8664728 35280329
35290675 35290682
35305696 1905420
35309026 35309029
28291874 35314867
35342465 35342472
35368983 22829173
35373609 35373616
35378146 5044972
35379509 30073158
35382627 35382632
35311485 2633039
35390524 35390525
29441552 4262778
35405140 35405144
35407926 35407927
15843282 35412422
35419703 49925
22901817 35428670
35431830 19243682
35465195 35465197
4297627 35465426
4655011 35495865
4294510 16437914
35500108 21955108
35500108 21955108
1400061 35508491
880135 35509125
3175586 35510336
35511572 35109057
4654505 35515360
4278347 35516012
7447447 35528006
35537119 35537122
1702146 35541910
35547630 35547631
35572612 35572619
13514694 35573368
35582146 35582147
34542620 35583237
1457247 35607689
35612026 4750625
4301011 35624127
35628201 35628202
30737 35692113
4730502 9215354
8244438 22077463
880158 35724402
35828958 7184596
35869938 35869939
35917242 35917249
34542576 36026145
36038651 14790487
36086824 36086825
36097069 874277
36100861 36100863
36103844 1367154
36116780 17031658
36124715 17398661
36143783 36143784
4816390 8522126
36166129 15580551
36169668 36169669
36180426 34567896
36188342 1709543
25480509 36207384
36235130 36235131
17028716 36241519
36302533 105119
36317693 30024531
36323579 36323580
36326495 2926025
36343375 4678390
36379176 2783835
36387717 31764142
36395427 5045055
36395430 5045055
36395433 5045055
36421517 36421518
36426593 67388
36462687 8897507
36508763 7049281
36582967 36582968
3518353 36896846
6319625 18947496
36897732 25475161
37383867 37383870
37433231 15417223
37438640 756531
37740224 37740230
37868819 16930629
37870309 4676804
37872191 37872194
38050688 797339
29753936 36207384
38100830 38100831
38100832 38100833
38100834 38100835
38100838 10227631
38100839 38100840
38100841 38100842
38100843 36169669
38100852 38100853
38100858 249403
38100860 38100861
38100868 38100869
38100872 38100873
38100881 4675915
38100882 38100883
38100886 1854458
38100889 38100890
38100893 38100894
38100901 38100902
38100903 38100904
38100908 38100909
38100910 38100911
38100921 38100922
38100925 4571730
38100935 1964203
38100943 38100944
38100945 38100946
38100949 38100950
38100964 231463
38100965 38100966
38160178 38160179
38160194 38160195
38160196 38160197
38160201 1471208
38465277 38465282
1156 2301884
1710 40509724
115093 40510201
105 40510365
8 10946011
3815 11626218
13 262108
302897 40511631
104 30295614
687291 4173426
30976 40513800
880168 40513823
231333 18926873
1765854 34807289
7412 40514475
57245 1453481
9291 1246154
20854 40516349
141479 8735817
26596 40518255
90832 40518290
4095 2000591
1059659 40518780
13613 40518805
201939 4707314
34676 40526701
1464149 1741125
3128884 40526938
2014258 40528045
3432846 40530817
912534 72262
8149915 40538238
8150373 40538984
40539084 40539087
15423341 40540636
30504 9501089
84601 40548766
88935 40549286
4301162 40549484
5825604 40558528
368527 442961
8238604 103711
1415962 40572132
215995 40579721
40581720 40581727
8770966 40587758
40590041 40590052
4271777 40592671
16393584 40594129
40596825 681938
28431266 40599401
7944396 40604194
660604 681938
40630790 34593785
40635643 28422129
40636636 40636641
4033 40637851
27519761 40641664
40642471 40642474
40642509 40642515
123321 7049403
4188354 40657665
7791202 40658046
445904 40660365
928038 40662384
774172 15245492
121142 179253
53023 179253
395398 9847545
9002516 40683381
1319974 40688532
3897984 40691238
750545 40692048
40694800 40694802
66373 40696067
1345393 40717717
15440585 40736982
169357 40739539
40750032 19243693
26798142 1321470
40772331 40772340
25152984 40773469
6838910 40784450
4275977 296117
8118920 6998155
502975 7165723
1350461 40811115
24033621 40813632
4195435 970245
30980 40816273
6970310 8906210
34117096 40855524
601250 9040372
600283 40870706
8482059 317395
600061 40871123
224179 40871309
72476 40872519
15650339 9176584
615599 40875837
10650925 40879829
40886870 22377717
4331153 40899086
18446100 10401926
10663061 40903790
1543072 40909397
23095232 40915392
188229 40920891
1250413 3707428
40931836 5045055
15665625 40944083
3112710 40945059
30294518 40945846
40955169 40955170
8258224 40956343
8581179 40963172
36620065 40967385
2410327 40969094
38763373 40975608
8139350 40977924
7964500 40999765
8300797 41006283
40235774 41015313
4704111 4689938
10506112 41038537
1168648 41040412
20968501 41051658
4293397 41053464
945791 41070020
4335284 41073365
4682620 41074687
41085509 41085514
10095229 41090267
4296210 4677888
4297597 41101689
944619 41102344
41105391 41105392
698217 41106310
991251 41107717
5186329 41141990
9004877 41145763
41165606 2926025
7758732 12334640
6401067 41203152
41204246 41204253
30473584 41215224
4664052 4690266
6851257 41236215
25430621 29295657
41272715 41272720
41275719 79461
41297898 41297905
41297898 41297905
41318376 41318379
22060953 41327057
41329069 41329075
41329218 4701818
41330649 105119
41341940 16239703
41344122 41344123
41366520 4672936
4647268 41383027
1421351 41396828
3389178 41398105
2493413 41414927
33733696 41455576
38202232 41455783
4331663 41459290
4453254 4288740
592275 41476822
38152101 41534951
4658496 41556449
11726024 41565759
41568965 41568972
10165767 41570251
41572406 41572407
991741 41575629
41576836 41576837
41585666 41585667
4335665 41607124
41685697 41685699
28598853 274745
41886521 41886522
24222326 41903675
41974379 41974380
42016971 42016972
42018727 20715569
42018739 20715569
42019800 12334645
42044359 874277
42069206 21955108
42092890 42092891
42126122 34567896
42141277 27408076
42203621 42203628
42239412 42239413
42269362 42269363
42304171 42304172
42337676 2359550
42366138 1490843
42367362 9096700
42382649 42382650
42389096 42389097
42394694 7770
42399418 581479
42511167 42511168
9470676 42564902
42820781 18914213
42868344 787066
43226115 43226119
43577049 12053640
43778156 43778166
43781481 43781486
44005847 22377717
44005884 44005885
44005888 44005889
44005890 44005891
44005894 44005895
44005896 44005897
44005906 44005907
44005915 34597779
44005916 44005917
44005918 1854458
44005930 105119
44005937 44005938
44005947 44005948
44005952 8701748
44005961 44005962
44005974 4571730
44005980 1204485
44005982 44005983
44005984 44005985
44005988 44005989
44005993 25757095
44006000 43720484
44006001 13582782
44006007 44006008
44006009 44006010
44006011 44006012
44006013 3572284
44006014 44006015
5619499 7184596
44063857 44063858
44063859 44063860
44374057 44374062
44534368 67388
45349619 45349626
24790770 45546294
46304567 46304569
7 46342306
315063 44918
1153 20869406
336852 46343215
4097 46343342
30957 46344834
1146 46345267
1717 2816679
1740 46345961
7854 46346512
64898 2899452
50359 10126
9293 3990279
51985 563531
11885 87290
864710 46349987
3377 46351936
281272 46352854
8134255 46357391
1591602 46357436
30482 46357457
32042 32089
118408 46361649
26581 46349987
180204 46364364
30145 46364395
119940 46368178
619882 7067224
232370 95495
17554270 12077973
398718 9415459
46387744 46387753
501791 3045024
121114 46392606
46404600 28636270
121666 103711
303608 46405735
46406889 46406899
218391 46410159
8772431 46413034
46413131 1329591
1544628 46417030
46418649 46418656
149088 46425881
200177 46426485
1537842 46426542
1313765 79240
39611537 46432517
46434491 46434498
46436915 46436924
46437255 24948084
46442400 46442404
549242 46447516
46455235 46455246
15370946 30223960
18847703 46456700
15897978 6930241
46459880 20984390
46460180 46460192
46460819 46460828
46461487 407920
46463047 1304815
26686547 46463995
46464889 46464898
8388663 46468390
8211409 8391472
4807996 46469569
46469738 41257816
3266816 10855785
3113427 46472938
46481126 46481129
929808 46482488
153013 37338
251767 46486441
317079 46489063
8353809 46489619
1469522 46490414
1254811 46511939
1611716 16742002
280221 46526525
210182 46530265
8802411 46537808
3098446 46544504
902042 46552385
42536304 46558209
1223439 1193842
5142645 46571525
8160975 143323
4682175 46589283
22312030 46600678
2704383 4716745
46611298 10444215
1421345 46653660
1220328 46667025
46671336 46671348
611437 174987
608085 46690940
8197231 435813
611759 21641446
608088 490592
55456 46693262
603776 2883398
22326717 46694245
2400871 46697209
46705165 46705174
4660955 46748679
46751720 4691314
26800226 46757339
46759214 12403883
30502535 46772928
562577 46786385
46790109 2878685
4597833 46790151
46791258 46791271
22750769 8660135
28355866 12539773
494678 2352932
4294088 46848148
10701838 46848290
34870853 46864357
46864521 46864523
15269556 46868378
7002492 46870156
46877486 1099031
17608467 46878046
21017179 46883632
29215 46888966
4906778 46902724
2715263 46903744
46904339 5603
1511750 46907705
727809 34557376
1491830 46913870
46917681 46917686
46930520 46930521
46965504 46965505
46979266 46979267
47012119 47012124
6329329 47015390
47030266 18908958
47043493 94971
47044646 47044647
47045774 47045777
47046398 47046399
47050550 47050561
47063000 35373616
47077609 47077614
232999 3041242
47087704 47087705
47101427 18944874
4642179 47110485
4301172 47110700
47112265 21064697
1657164 47114080
47137782 47137791
47138346 22480116
47138987 47138990
47156481 47156488
47163698 47163699
47163698 47163699
30735 47174815
47176976 47176977
4680423 47184550
47190451 47190452
47192161 47192162
9215697 21192594
1469913 47202786
8134468 5194834
4648965 47220821
47244271 12081440
4642475 47251719
1512152 47262391
1605844 47266620
47276352 47276360
1440010 47285314
3738303 47291765
47297843 47297845
3120031 47312429
4648812 47322870
18944981 47327134
47344041 47344046
1710830 47357173
1618407 37833065
36305548 35249852
47375609 47375610
2359393 59899
30511 47415092
47417577 47417579
47417577 47417580
4294551 47418811
3175933 47442884
4332863 47460753
9344940 47520869
4641698 47576767
36648611 12129303
47710147 47710148
47767476 15399620
47778269 98461
47799125 12334645
47823036 47823037
47826422 47826424
47829426 1367154
47839119 201247
47840185 1038964
1341502 15549159
47861961 18098
47997233 7471821
47998003 47998004
48038510 48038511
48059347 48059348
48063375 48063376
48067527 5925803
227745 34944455
48073225 48073228
48093983 999086
48108345 48108347
40235773 67388
48137883 175926
48182497 48182498
48257028 588281
48262637 355209
48338870 48338871
48352288 56993
48574278 48574280
17398663 17398661
48726257 10441136
49000382 49000383
49027681 49027682
4914187 8660135
49150838 49150840
49293538 49293541
49297861 45141
49452250 49452254
49487642 49487644
49549803 82901
49731714 49731715
49731725 14497325
49731726 49731727
49731730 49731731
49731734 22263663
49731750 32026547
49731753 112339
49731755 35051379
49731758 49731759
49731760 148338
49731772 49731773
49731786 105119
49731793 247002
49731797 39976334
49731800 49731801
49731804 49731805
49731806 49731807
49731808 49731809
49731823 49731824
49731832 49731833
49731834 49731835
49731840 49731841
49731842 49731843
49731844 49731845
49731846 664749
49731847 49731848
49731851 4718532
49786355 280165
49786356 49786357
50115507 5045975
50227703 8674398
51715213 339433
