91688 91705
543569 543575
750541 750543
765291 765293
778301 778308
788255 788264
835788 835792
1122005 1122007
1134059 1134061
1134066 1134068
1224602 1224604
1267126 1267129
1381382 1381389
1381510 1381511
1687503 1687505
1858310 1858312
1858317 1858319
1858324 1858326
1858331 1858319
1858337 1858339
1858344 1858346
1858351 1858353
1858358 1858360
1858365 1858360
1858371 1858373
1858378 1858380
1858385 1858387
1858392 1858394
1858399 1858401
2129094 2129096
2135452 2135455
2512757 2512761
2804437 2804443
2838741 2838743
2934057 2934059
2946237 2946241
2681578 2951350
2976769 2976770
3104699 3104704
4038747 4038750
96227 4040683
4042122 4042126
841203 4067661
367979 4073237
4074301 4074304
4074465 4074468
813262 4074471
4086086 4086088
381492 4152517
875425 4152520
875425 4152521
498770 4152557
498770 4152558
4209563 4209567
4209565 4209567
4680982 4680993
4786462 4786465
4788437 4788447
5206734 5206736
5619854 5619861
5798371 5798374
5798390 5798394
6147023 6147031
6335847 6335850
6409689 6409691
840331 3422619
6409698 4087379
6409703 1976262
6409709 6409712
6409715 1011986
6409719 6409721
6409724 436009
6409737 988565
6409741 2893573
6409744 1852513
2498815 653034
6409749 6409752
6409754 6409757
6409760 3512463
6409768 275719
6409781 2973032
6409787 596703
6409792 6409794
6409811 897673
6409814 6409817
6409819 6409821
6409824 774945
6409829 810888
6409831 139245
3409915 6409835
6409837 6409840
6409842 6409843
6409846 1123616
6409849 6409851
6409854 55542
6409857 325046
6409860 176894
6409706 2432118
6511709 6511711
6413825 521866
1335848 6511726
6511728 42304
6414126 40984
6414356 249878
6409745 6511737
798308 6511742
6414461 2845640
6414522 377982
6409763 679815
6511747 2244595
6409790 4680387
6511755 316929
6414720 107376
6414689 516212
6414626 595815
6409818 6511761
6414610 6511764
6414826 6511766
6414880 3453008
6414812 6511770
6415123 4675325
6511796 95515
6414903 6511800
6415099 385303
6415161 862761
6415312 4678123
6415242 100998
6415472 2432118
6511824 241862
6415344 6511829
6415484 690626
6415460 181087
1487669 6511835
6804918 6804921
7116479 96223
7188572 7188574
7188617 7188618
7188622 7188623
7188887 7188888
7188895 7188896
7188902 7188903
7188907 7188909
7188920 44614
7188921 1091404
7188927 3270014
7188936 2509597
7188940 723657
7188941 196200
7188946 7188947
7188955 7188956
7188966 520547
7188976 7188977
7189293 270522
7189311 141309
7189344 7189345
7189532 122269
7189593 652221
7189683 299695
7190054 991152
7190087 685388
7190090 7190091
7190179 4137285
7190200 69841
7190224 7190225
7190242 7190243
7190261 391
7190278 949614
7190280 677630
7190289 614558
7190340 7190341
7190436 7190437
7190441 29813
7190506 126
7190511 246083
7190512 56025
7190666 257621
7190711 602191
7190717 294845
7190746 95244
7190795 7190796
7190807 17247
7190825 154917
7190833 381861
7190961 140464
7191009 1965
7191015 846037
7191047 1781
7191049 54709
7191055 108989
7191058 405808
7191089 455527
7191101 14350
7191103 244164
7191106 99503
7191109 333962
7191136 103519
7191139 321788
7191141 512418
7191151 84011
7191163 27868
7191170 97074
7191174 316094
7191218 132328
7191222 410511
7191223 1250295
7191228 751800
7191229 3453292
7191230 33812
7191232 47526
7191233 55209
7191234 315378
7191242 35768
7191248 48276
7191251 121558
7191253 1361386
7191258 235633
7191260 3453093
7191261 335661
7191262 499474
7191263 92390
7191264 7191266
7191269 42238
7191271 291594
7191273 11090
7191275 391649
7191277 41252
7191279 96741
7191281 46608
7191289 92390
7191296 53761
7191298 58706
7191323 198778
7191329 82079
7191333 100168
7191335 2129531
7191343 94954
7191349 10393
7191352 246076
7191364 102998
7191365 650049
7191368 47761
7191371 4564740
7191382 64103
7191383 374639
7191385 8059
7191399 94954
7191400 286427
7191401 12428
7560951 609707
7563224 7563230
7934539 618292
7937991 187694
238619 8226716
6850731 8498669
788265 8517980
8575442 8575444
778303 8707689
931136 9059931
9062288 9062292
9267974 9267976
9276605 232359
9354557 9354559
9361339 9361341
9577601 9577603
9577608 9577610
9577615 9577617
9577622 9577624
9577629 9577631
9577636 9577638
9577643 9577645
9577650 1858360
9577656 9577658
9577663 9577665
9577670 9577672
9577677 1858353
9577683 9577685
9577690 1858394
9577696 9577698
9577703 9577624
9577709 9577711
2512759 9703524
9708982 9708985
9808975 9808977
9834493 9834495
4209566 9875272
2946239 2129096
3265420 108988
1966181 10518280
2681579 10518281
10560744 10560745
10576485 9808977
9267975 10560745
10820747 10820749
10820771 10820772
11228538 11228540
6815445 11347737
836904 11492535
11495333 11495337
746574 11518597
11518667 11518670
11524812 11524815
281299 11596307
11676715 11676717
11764606 11764607
11796889 11796891
11971287 11971289
12144759 12144761
12157519 12157520
12170696 11576677
12175033 12175039
3883511 13082252
13089616 13089620
13155410 13155412
6413407 13646712
2891260 6440366
6413634 4675366
6413738 261048
6413795 13649433
6413880 1380985
6413833 13649436
6414156 859872
6414196 13649443
4207297 9238801
6414355 13649445
6414269 1011528
6414477 2823216
6414347 9752
6414453 13649433
6414623 257630
6414629 9841669
6414471 8664695
6414733 1080773
6414686 13649477
6414854 329142
6414879 8563429
799369 13649497
6415121 1614119
6415098 603252
6415007 8678726
2889514 107323
6415054 143896
6415229 823933
6415326 12199433
6415235 13649501
6415245 1533514
6415399 140570
6415355 3802210
6415482 8799014
13649505 776462
6415377 503415
13708787 13708791
6413807 1971343
6413797 9127196
6414192 1382477
6413878 13744979
4207298 13744982
6414142 13109196
6414262 13744986
6414274 4675897
2498816 2094465
6414396 218999
6413964 1224267
6414532 680114
6414566 3514714
6414650 9405919
4205443 13745003
6414833 13745007
6414771 432470
6414884 722522
6415061 663947
6415193 13745019
6415141 55215
6409845 13745020
2889515 141303
6701448 910391
6415400 75229
6415522 13745030
562643 13745034
6415464 4675614
13911477 13911478
1381384 13935646
14031571 14031575
14369873 1167783
14369938 656703
14369944 14369945
14369948 4680457
14370195 965861
14370209 14041
14370234 160302
14370237 3610730
14370259 605478
14370264 53132
14370267 14370268
14370281 1318528
14370284 602104
14370290 205369
14370483 59021
14370544 1961124
14370595 944566
14370734 14370735
14370946 475938
14370981 841817
14370985 619335
14371055 14371056
14371069 10794119
14371396 3512513
14371412 55312
14371433 14371434
14371486 97104
14371519 14371520
14371549 54379
14371550 2162035
14371573 4680291
14371586 14371587
14371622 462396
14371644 79018
14371752 357937
14371775 372708
14371783 10812929
14371789 678240
14371796 6409717
14371942 1561238
14371960 497817
14371971 46500
14371979 28994
14372052 54073
14372165 216705
14372232 47761
14372239 17419
14372260 68353
14372262 92390
14372272 154908
14372275 14372276
14372290 11693573
14372291 46541
14372292 228416
14372301 39772
14372312 107906
14372313 186341
14372315 34112
14372317 225166
14372319 40419
14372325 390373
14372329 50277
14372330 636765
14372343 80468
14372359 128718
14372361 1016734
14372364 93918
14372366 26398
14372387 722522
14372390 45299
14372394 604055
14372398 53969
14372415 51738
14372418 54811
14372423 17248
14372429 4098548
14372431 46500
14372433 78929
14372434 1863894
14372435 521020
14372438 141309
14372439 117252
14372442 518555
14372444 718073
14372446 11091
14372448 55233
14372449 14372450
14372454 91019
14372455 54041
14372456 344037
14372458 53264
14372459 108988
14372460 254138
14372462 56541
14372470 1184829
14372472 11113
14372474 842838
14372476 344804
14372477 241970
14372479 72829
14372480 101281
14372481 160086
14372483 372432
14372485 210558
14372486 381568
14372499 40486
14372509 198771
14372511 520800
14372512 509838
14372513 240834
14372514 4675224
14372530 517987
14372532 40973
14372537 4249436
14372541 290485
14372543 351934
14372548 51595
14372550 47676
14372551 700729
14372554 243451
14372558 576869
14372560 13643
14372561 44540
14372572 690797
14372574 117252
14372578 541352
14372588 8679
14372590 26941
14499151 14499154
14774316 14774319
15066522 15066524
15068776 637402
15077814 15077817
15471815 15471817
15508342 14350
15767890 15767892
15859157 27989
15898411 15898412
3104016 15957430
16030582 16030584
16500713 16500714
16589026 1858312
16589027 16589029
16589034 1858346
16589040 765293
16589046 16589048
16589053 16589055
16589060 16589062
16589068 16589070
16589075 16589077
16589084 1858373
16589090 16589092
16589097 16589099
16589104 16589106
16589111 16589113
16589118 16589113
16261286 16601174
2934058 2838743
2946240 2946241
14899429 17466373
1966182 17466376
17505370 17505372
18385298 18385302
18385655 18385659
18385660 18385663
348939 18386580
18413791 18413793
845978 18413796
940302 18413817
18436800 18436802
736456 15371084
631470 8156402
631470 18481008
8916093 18538013
18754136 18754138
18937207 11971289
12170698 335880
19216125 19216127
19726887 19726888
4176664 20380675
1632569 20411970
6415875 1296920
6413558 65002
6413578 8744240
6413749 646015
6413658 2433655
6413805 61628
6413809 610290
6413782 20414230
13653136 4675515
6413963 20414238
6413848 67308
6413873 2284651
6413890 15523282
6413877 20414240
6413960 600786
6414124 4678177
6414215 1418978
6414184 858209
6414260 20414251
6414336 55705
6414395 1389499
6414323 331842
6414464 4675855
6414562 11693573
6414352 3281150
4207378 20414276
6414518 395115
6414570 10402679
6414681 217695
6414625 595815
6414769 1490709
6415031 321606
6414883 994393
6414994 299931
6414819 20414299
6415137 17737500
6415079 1627288
6415087 608420
6415156 246078
6415190 20414305
6415140 607887
6415017 20414307
13654121 12269
6415247 899778
6415275 3288449
6415316 1562764
6415518 20414310
6415505 505668
6415361 507348
6415388 4036241
6415342 1386616
6415458 173705
6415501 3513859
6409693 18546434
6413579 1352643
6413656 20506363
6701452 429807
6413681 20506364
6413726 977343
2874123 20506370
840332 3666567
6413783 20506375
6413758 20506376
6413819 47211
6413953 1731024
6413836 9181438
4207076 20506385
6700709 596703
6413920 1381065
6409743 629172
6414312 2416883
6414328 103133
6414337 429807
6414446 20506395
6414555 376060
6414389 20506399
6414535 20506408
6414734 1479047
6409813 569281
6414913 4678290
6414746 599795
13653968 1029316
6414939 2819722
6414847 15407478
6414810 636765
6414820 17721870
6415138 978023
6409833 973386
6415088 91265
6415171 99520
6415295 100951
6409856 765249
48558 612377
6415257 478999
6415512 132204
2369695 20506433
6415508 187339
6415492 7953680
21104895 21104896
21105019 21105020
21105029 21105030
21105054 3298067
21105058 19922603
21105314 21105315
21105318 21105319
21105327 21105328
21105337 58179
21105357 21105358
21105368 4674956
21105396 520800
21105413 900315
21105415 4096691
21105856 21105857
21105938 391926
21106004 55312
21106047 54587
21106051 10593343
21106349 101753
21106357 858640
21106366 744309
21106373 202001
21106385 21106386
21106428 21106429
21106434 25217
21106468 728589
21106501 942242
21106503 40419
21106558 130853
21106632 616056
21106637 21106638
21106642 188408
21106643 210759
21106646 330052
21106748 158939
21106761 515251
21106804 54620
21106820 991152
21106836 134423
21106873 726285
21106886 56541
21106900 1486
21106922 21106923
21106943 37876
21107017 18776
21107045 46541
21107067 1209419
21107069 55233
21107070 45474
21107071 17431
21107072 309722
21107073 11009275
21107074 21740
21107075 47234
21107077 1250616
21107078 862761
21107079 3332445
21107119 505740
21107144 1520320
21107146 760014
21107148 1758596
21107158 17655
21107164 74208
21107166 21107167
21107169 299564
21107173 320763
21107176 226555
21107183 51643
21107189 27915
21107190 333974
21107201 47047
21107202 100354
21107207 228416
21107208 46250
21107213 32735
21107216 315749
21107218 303921
21107221 11173
21107222 21107223
21107227 177652
21107230 47622
21107231 924278
21107232 376585
21107235 218963
21107236 16312571
21107239 54415
21107241 10389
21107242 10145
21107243 21008
21107245 101753
21107247 21107248
21107251 17409
21107252 600786
21107253 462396
21107254 20030
21107255 32299
21107256 53969
21107257 47641
21107259 619146
21107262 10040
21107264 139311
21107270 16882
21107272 172996
21107273 8922438
21107280 21107281
21107286 44540
21107287 1297667
21107288 56541
21107291 1486
21107293 701327
21107295 252218
21107297 32299
21107300 309722
21107304 54709
21107306 17655
21107317 724367
21107323 155196
21107329 15109
21107340 61473
21107348 155188
21107350 68353
21107356 53955
21107359 40973
21107364 41558
21440068 947710
7563228 21442177
21444090 21442177
21751642 21751648
21772876 21772878
22073221 22073223
8498678 22236731
8498677 22283219
22386055 22386056
4680992 22404645
43483 3170
22481895 22481897
22494441 22494442
8856664 22583271
17460171 22617503
22638397 22638398
22660076 22660077
22688180 22688182
22688187 22688189
22688196 22688198
22688203 22688205
22688210 1858387
22872040 22872042
23023037 1858339
9834494 23220039
23220747 23220749
23220754 9577645
23220760 1858346
23220766 23220768
23220773 23220775
23220780 1134068
23220786 23220788
23220793 23220795
23220802 23220804
23220809 23220811
23220816 23220818
23220823 1858380
23220829 16589077
23220835 23220837
23220842 23220804
23220848 23220850
23220855 23220857
23220862 23220864
23324421 23324422
23451452 23451455
23714700 23714702
23962973 23962976
17061912 24054710
14899428 24054711
2135453 24105597
377776 24929712
369821 24930344
246798 24930372
382831 24930378
685889 843424
24930852 24930855
12848520 24930922
24930924 24930927
24931370 24931374
284881 24931499
712868 10226043
8856850 24952434
15585751 24957658
1021715 24957666
915334 24957794
504041 24957805
15463713 25023056
15463713 25023057
8772227 25023059
8772227 25023060
412168 25023062
412168 15645412
25059224 25059227
25363662 9577624
4209572 12144761
13253518 25526468
4786467 21961272
25591834 25591838
99234 25644404
25760410 25760411
25787922 19216127
25843648 25843649
20280897 25898485
43488 694480
13263305 276451
2605636 26381370
26397510 26397511
26449282 13708791
26510403 26510406
9708984 26823702
6413543 395839
6413684 84825
6413654 2785197
6413724 30436
6413591 4811255
3413729 9179012
6413951 2407572
6413851 26863424
6414071 10496104
6413901 1551875
6413866 1089187
6414222 259175
6415853 502489
6414537 26863430
6414531 592262
6414321 1185708
6414512 15647709
6414507 9662026
6414851 94825
6414744 499985
6414652 26863455
6414601 401399
6414825 16213550
6414729 17467201
6414778 891895
6414804 17384903
6414866 2413729
6414839 9823732
6414938 17872282
6414788 235212
6414800 351453
6415069 401888
6415884 115878
6415090 1890308
6415511 196194
6415435 244891
6415368 5048168
4133123 26863463
6415432 198774
6415408 18424617
6415531 1946144
23581921 22340784
2891261 6409795
6415876 768639
6413560 1407485
6413685 1024985
6413719 609230
6413649 172205
13649424 982655
4133009 4678117
6413912 778218
6414028 1266398
6414480 5048094
6414455 405947
2135940 26952549
6409753 2238524
6700657 1623327
6414513 1171894
6414630 8605157
6414529 16167877
6414852 240834
6414727 340785
6414763 93270
6414996 1080058
1574868 140564
6415020 545505
6415038 3514038
6415028 4183755
3409916 26952569
6414998 26952579
6409841 963814
6415187 69066
6409853 15447082
6415209 458214
6415276 52230
6409859 4368416
6701078 418117
6415528 760669
548139 22832377
13649507 257637
705824 26952593
27105045 27105049
27531612 27531613
27531681 11160721
27531685 27531686
27531690 27531691
27531694 27531695
27531700 27531701
27531934 697942
27531938 29813
27531940 14041
27531941 357938
27531942 27531943
27531947 1019333
27531950 973798
27531957 2430230
27531962 40419
27531965 26941
27531966 590019
27531971 24654
27531975 71655
27532293 9832290
27532318 859955
27532349 27532350
27532453 10508475
27532505 597417
27532518 7635782
27532600 1155022
27532610 131821
27532612 3298261
27532615 1016794
27532649 4696121
27532672 45967
27532689 4183783
27532714 86355
27533034 8123049
27533060 9986125
27533137 52084
27533169 865011
27533180 9579
27533187 1424793
27533202 27533203
27533257 875096
27533326 196202
27533329 56541
27533337 8558779
27533350 8259879
27533368 1192138
27533369 1689066
27533371 101753
27533372 11713498
27533373 38150
27533480 877162
27533497 301790
27533567 1291
27533573 32299
27533575 1486
27533587 6342
27533592 53721
27533601 206954
27533658 50277
27533672 324349
27533706 616309
27533714 57402
27533717 177652
27533718 16383
27533740 388680
27533759 143759
27533762 11129192
27533765 511465
27533773 191686
27533780 512418
27533782 126
27533786 11173
27533787 12093975
27533801 56541
27533803 92390
27533817 128270
27533821 89484
27533831 27533832
27533851 249235
27533859 106074
27533860 27533861
27533862 47526
27533865 754547
27533867 318689
27533869 718073
27533870 52587
27533872 128685
27533874 74126
27533875 45425
27533876 201867
27533877 24303560
27533878 3451571
27533879 719320
27533882 821032
27533888 53204
27533890 17248
27533891 505740
27533892 319469
27533894 16285
27533899 10393837
27533906 226514
27533907 9055004
27533908 42987
27533914 900064
27533925 76960
27533935 518220
27533942 46500
27533943 82597
27533947 45826
27533949 292702
27533950 396719
27533951 747690
27533953 638819
27533959 27533960
27533963 134440
27533964 697485
27533970 310698
27533973 511522
27533990 44842
27533997 101753
27534006 27534007
27534014 29676
27658056 27658057
10472287 53132
27857842 21442177
28265698 28265704
15122528 3453043
543573 28546668
20807489 28591775
778306 28831164
15859159 421711
22583426 28960807
29058620 29058622
29058627 29058629
29058634 29058636
9062295 29076647
29170562 29170565
29302552 29302554
29352574 29352577
22404648 29383361
29568597 29568599
29568604 29568606
29568611 29568613
29568618 29568620
29568625 29568627
29568632 16589106
29568638 9577665
29568644 1858326
29568650 29568652
29568657 29568599
29568662 29568664
29568669 29568671
29568676 29568678
29568683 23220818
29568689 29568691
29568696 23220775
29568702 29568704
29568709 29568711
29568716 29568718
29670315 29670316
29670577 29670578
29718555 29718557
23451454 23451455
2129095 2129096
30390320 15587183
30407962 23714702
10576486 30421641
2135454 2135455
961797 30483924
30751847 30751848
944569 31219498
394119 31220437
245405 31220985
31221110 31221113
349451 31247235
349434 22023346
1079588 31248357
1018697 31248359
376303 7188898
981672 31248457
636214 31248459
638987 31248483
31270055 31270059
392776 22332817
392776 31311930
915962 31311933
915962 31311934
2890193 31361526
212205 31363707
31574775 11796891
164788 31745651
10580523 32055829
32666181 32666182
14219512 32801849
6413846 3287682
6413824 1265841
6413818 3512987
6413897 318351
6413838 3453239
4207075 33083510
6413930 1440777
6413863 133021
3565219 5817940
6413934 49011
6414224 33083515
6414310 8121593
6414280 1419477
6414449 149673
4112559 5074089
6414649 30598546
6414558 107323
6414466 2570309
6414780 96741
6414932 4133914
6414977 428869
6414902 2162026
6415063 46185
6415208 210534
4132661 524152
6415287 3512808
6415289 320144
6415263 717764
6415471 508063
2369694 33083540
6415415 2441727
6415467 513371
13646713 9343923
6413635 8349408
6413750 51849
6413584 813426
6413812 609451
6413884 24288263
6700862 9102795
5122754 638765
6413931 390095
6700808 16451046
6413852 33170755
13653186 176896
6414334 33170758
6414348 155083
6414353 9010757
6701459 196179
6414399 418117
6414508 3451537
6409796 326529
6414802 253735
4598647 597565
6414659 134404
6414933 3294294
6700904 2925480
6415113 122286
6415081 299830
6415094 280530
6701099 754843
6415144 33170787
6415337 4699718
6415497 636309
6701013 196185
4133124 33170800
6415416 160514
33578055 33578057
33660556 33660558
8847599 33678085
33735847 9016262
33735851 33735852
33735858 33735859
33736087 1382582
33736092 33736093
33736098 333983
33736102 388680
33736103 599981
33736105 344411
33736108 610290
33736116 3802220
33736117 76857
33736118 320451
33736124 475478
33736128 471088
33736131 718968
33736134 1446861
33736139 45965
33736360 158229
33736385 2973289
33736391 84809
33736520 344512
33736540 110571
33736581 53872
33736667 33736668
33736740 7953782
33736764 560568
33736769 158229
33736774 602319
33736825 517541
33736848 28601007
33736863 47234
33736868 303400
33737138 44976
33737170 41252
33737173 99635
33737194 677276
33737227 202087
33737228 176889
33737230 51900
33737248 85323
33737289 38109
33737412 95323
33737414 10367518
33737428 729594
33737433 8293198
33737435 55979
33737436 1163169
33737450 53204
33737544 792246
33737564 10117
33737593 54379
33737614 409128
33737620 3453114
33737627 95281
33737634 82473
33737636 12242
33737680 54115
33737682 294845
33737687 47621
33737724 760297
33737726 650410
33737761 41880
33737773 33737774
33737788 54041
33737803 108194
33737804 250240
33737805 731754
33737806 53517
33737807 637402
33737812 37514
33737823 14670
33737830 1807241
33737845 58706
33737847 47254
33737864 1559686
33737873 3493
33737874 51844
33737876 15894757
33737877 21219
33737879 45299
33737899 14592
33737917 628527
33737919 324349
33737933 8481146
33737936 648016
33737937 54913
33737938 40973
33737945 1082799
33737946 230890
33737947 38150
33737950 50525
33737951 301802
33737952 41676
33737955 347217
33737956 73739
33737957 257624
33737958 47047
33737960 84002
33737963 591739
33737965 54041
33737982 764435
33737983 132213
33737985 18776
33737986 27887
33737987 69841
33737988 7392
33738006 36452
33738007 475938
33738036 72822
33738055 230890
33738057 101753
33738061 132499
33738064 25454
33738065 1288161
33738067 53721
33738074 117252
33738076 92390
33738080 84801
33738086 369717
33738092 99439
33738098 68971
33738117 390274
33738130 10117
33738135 94954
33738141 55099
33738144 228443
33738151 333984
33738153 1606741
33738155 53872
12161043 159308
34054576 615067
34367085 34367086
34367491 115260
34805984 34805986
22283221 34849171
34891703 34891705
34711707 34892129
9062294 35169680
35227599 22481897
34315 35262481
469377 35306812
22463011 35354494
35415365 35415366
35725850 35725852
35725857 23220749
35725863 1858394
35725869 35725871
35725876 35725878
35725883 35725885
35725891 35725893
35725898 35725900
35725905 35725907
35725912 35725914
35725919 35725921
35725926 1858394
35725932 35725934
35725939 35725941
35725946 35725852
35725952 9577638
35725958 23220804
35725964 9577665
35725970 9577672
35817082 35817083
35824863 35824864
35824866 35824867
35830774 130065
2512760 23451455
13638353 209503
13936922 27105049
2809822 36502837
1966183 36502838
36565157 36565158
9020485 36611827
723288 37317552
383252 37318176
37318559 37318562
409518 31248357
840795 37321366
507644 37321409
747487 37344280
432473 37345098
234826 14055172
368476 37345233
1080210 37345237
8641623 37406130
8641623 28362401
349215 37406167
349215 29406297
694075 37406169
694075 22131305
712456 22739939
712456 37406215
37448386 37448388
4704216 37448795
37522792 37522794
37771171 37771172
7290261 37870843
12170699 12074799
38226200 19216127
5798377 5798374
5798398 38633248
39077712 39077713
6413717 918743
486414 39107769
6413733 3453284
6413648 257643
2874122 39107774
6414027 1360222
829633 39107776
6414258 825966
6414325 81454
6414332 28514003
6414366 39107782
6414554 172216
3408318 39107787
6414398 39092
6414695 692512
6414796 121516
6414724 301794
6414748 39107822
6414897 1205866
6414752 31607
13653840 286434
6414955 376060
6414809 617044
6415013 196187
6415027 102558
6414929 30592962
6414948 39107826
6415159 13111731
6415202 900526
6415143 36453624
6415177 103295
6415280 181087
6415241 1146389
6415336 35400107
6415380 988765
6415442 1584847
6415421 826912
9166372 6780811
6413639 42527
6413678 2094324
1632570 39192270
6409700 12074733
6413898 609988
6413875 1032861
6413870 1341791
6413906 1416842
13919633 155242
6414197 8853540
6414185 119883
370513 2475901
6414571 603962
13653735 305159
6414786 3759807
6414749 39192283
6414861 10421003
6414731 621660
1150429 39192289
6414759 1840704
6414869 5081720
6415032 258462
6414968 427262
6415044 1380924
6701412 751511
6415015 122261
6415008 4036813
6415327 15644279
3408647 17512046
6414373 1261828
6701072 1703782
6415436 320296
6409863 122247
6700918 711473
6415369 2946936
13654383 259175
7685518 39197205
3303126 39197513
30856925 39389180
39549198 39549201
39738795 8567121
39738836 39738837
39738876 39738877
39738879 25457013
39738882 39738883
39738887 18936625
39739104 161531
39739110 132601
39739122 514939
39739129 13667354
39739134 898751
39739136 742276
39739138 2925496
39739371 22383829
39739418 76857
39739474 106167
39739504 55677
39739516 46979
39739612 78776
39739637 18465309
39739658 39739659
39739685 418116
39739707 96223
39739831 590019
39739856 39739857
39739859 15808404
39740098 1051058
39740138 39740139
39740145 268295
39740159 514653
39740223 504496
39740241 922273
39740243 605397
39740265 404723
39740279 12074347
39740284 94954
39740301 935655
39740357 55257
39740421 228443
39740434 72222
39740441 39740442
39740447 38150
39740462 263640
39740466 46500
39740469 22239850
39740470 39740471
39740475 885032
39740607 602191
39740621 7953808
39740623 970435
39740624 39740625
39740650 17155
39740666 81867
39740857 143759
39740859 46500
39740869 54343
39740876 54379
39740877 54606
39740880 322448
39740884 36418
39740885 122297
39740902 319394
39740903 16285
39740905 37527
39740906 54913
39740908 55209
39740911 511465
39740912 316094
39740917 593037
39740919 188408
39740920 1965
39740927 1765930
39740930 53927
39740935 221965
39740938 2894498
39740939 458214
39740945 198770
39740953 46541
39740954 154903
39740956 37757
39740958 497682
39740960 155145
39740968 206176
39740971 245292
39740974 32278
39740984 29676
39740996 46000
39741002 1085881
39741003 53336
39741010 471088
39741011 28994
39741013 455527
39741015 30613903
39741016 224722
39741018 176899
39741019 55099
39741020 15239102
39741021 38563
39741022 206176
39741023 21727
39741026 10790
39741027 44842
39741034 12428
39741036 541352
39741038 128685
39741039 39741040
39741041 1774186
39741042 11095230
39741044 642633
39741045 853846
39741046 1267066
39741047 53287
39741048 625867
39741049 81867
39741050 54041
39741051 414744
39741054 333978
39741057 125522
39741058 104535
39741061 31973
39741062 535968
39741063 39741064
39741068 51849
39741070 237838
39741081 159711
39741097 413789
39741104 316545
39741116 252218
39741126 68395
39741128 108194
39741136 57793
39741137 4835
39741138 52905
39741140 97165
39741142 53302
39741145 47211
39741151 751181
39741153 34341
39741156 51738
39741179 7475
39741181 205010
39741184 101109
39741187 303400
39743564 39743565
36354371 10040
17551918 129759
7995458 21442177
21444092 21442177
40258328 31361526
40258331 31361526
40276297 40276298
40355682 40355683
40355813 319306
14499155 40369331
21895069 40470274
41199048 1858387
41238182 41238184
41367293 41367295
22199246 41389612
33357900 41432459
10576489 41584923
41684248 41684250
41684255 41684257
41684264 41684266
41684271 29568620
41684277 1858346
41684283 41684285
41684290 41684292
41684297 9577665
41684298 1858360
41684299 41684301
41684306 15767892
41684312 1858339
41684318 41684320
41684325 9577624
41684331 41684333
41684338 41684340
41684345 23220864
41684346 9577603
41781347 41781348
23220038 41815099
2773186 13643
42073244 42073245
42154146 42154147
1966184 42441358
4555117 42454150
9808976 9808977
12016800 42822936
710237 43237107
15720268 43237674
43237831 43237834
43238034 43238037
43238038 43238041
43238468 28416449
284882 43238617
750320 8785822
349854 43264116
351150 43264186
43324718 43324721
43324718 4336659
686107 43324770
686107 43324771
43350193 1687505
43644855 11971289
43668946 43668947
44075377 44075378
44382968 4680993
44417426 44417427
44524297 44524298
44880938 44880939
21970412 44921395
44963383 44963384
6413689 356533
6413574 15848756
6511729 505180
13653185 95430
6413918 4564740
6414141 350223
6414305 44969233
6414521 692951
6414490 15829917
6414488 1289575
13653734 864424
6414719 143896
13653854 120025
6414762 2035751
6414741 133173
6414863 4741365
6414891 681587
6415104 85351
6415060 627583
6415185 1679709
6415256 12071903
6415406 172998
6415454 82008
6415463 11545553
13652892 29823
486415 45051697
6413690 519513
6701022 630807
6413827 1969360
6414064 39608705
6409740 41718
6414251 15446921
6414281 700851
6414303 984875
6415854 1536462
6409784 9303812
6414636 139655
6701002 898751
6414602 304995
6409823 28965843
6414908 2347537
6414867 21962392
6700762 299710
6409826 1289868
6414892 24293003
6414919 1424793
6415055 809569
6415236 39073
6700855 19577
3412117 45051733
6415381 617356
4207177 279411
6415409 3287682
6415389 942806
13654338 191686
45206552 45206553
15195236 37876
15439244 45454322
15439244 45454323
45549626 45549627
45579610 17558339
45585709 45585710
45585798 16284005
45585799 45585800
45585804 45585805
45585811 45585812
45585817 28883460
45586007 45586008
45586012 45586013
45586027 45586028
45586043 9477665
45586045 35465
45586047 394780
45586051 176890
45586053 40974
45586057 76960
45586059 257618
45586065 9260
45586071 656842
45586087 240049
45586091 165677
45586098 106544
45586460 4285882
45586491 29357137
45586498 2790346
45586514 15399006
45586537 1381036
45586611 47623
45586625 12242
45586630 172215
45586640 27643
45586675 145438
45586696 6342
45586706 28739634
45586708 613177
45586709 3514374
45586717 52587
45586722 829234
45586992 372432
45587013 2347541
45587039 1586244
45587045 20041281
45587060 17926137
45587078 892237
45587079 1383367
45587090 554214
45587114 718073
45587116 73173
45587123 38420
45587131 35465
45587156 53995
45587163 12072315
45587165 15646305
45587166 7953731
45587183 8571249
45587248 1149555
45587253 8857815
45587284 51577
45587286 97074
45587291 1356630
45587292 290152
45587293 512740
45587296 53872
45587384 3513459
45587409 47483
45587410 1022794
45587470 48276
45587559 4133914
45587604 512418
45587658 102186
45587671 1486
45587676 204742
45587678 9208609
45587679 240049
45587680 475938
45587681 45826
45587682 51738
45587695 518996
45587711 38340
45587712 44524
45587724 64103
45587728 27887
45587739 416018
45587741 985203
45587753 58179
45587758 11091
45587778 4422316
45587779 652221
45587782 605611
45587784 46541
45587793 27989
45587794 809365
45587806 48276
45587813 14953
45587830 47483
45587847 374731
45587850 489156
45587851 451727
45587852 23745409
45587856 3493
45587857 886999
45587858 132206
45587859 944455
45587865 54811
45587866 85664
45587867 10811423
45587868 27899
45587869 49903
45587871 703394
45587872 330983
45587876 8059
45587877 219764
45587879 54787
45587883 49674
45587884 690650
45587885 40643
45587887 45587888
45587901 250417
45587902 10682
45587905 258462
45587906 14592
45587908 205369
45587910 97166
45587913 286002
45587924 15109
45587943 3234
45587950 506265
45587956 27915
45587958 652221
45587963 12427
45587968 14592
7995459 21442177
46189064 16214745
46189982 46189983
46190045 46190046
46191614 125997
7996613 46240472
33347580 46365093
47063252 9577672
469373 47115971
47125081 47125083
1083830 8165340
39376750 47179862
47298339 47298343
28819676 47431429
47456913 47456914
47474561 47474563
47474568 47474570
47474575 1858346
47474581 1858346
47474587 47474589
47474594 47474596
47474601 35725934
47474607 47474596
47474612 16589070
47474618 47474620
47474625 11228540
47474631 47474632
47474637 47474639
47474644 47474646
47616956 31363707
23451453 47653475
22994132 47941204
7760182 48209240
1874374 48209241
7557606 39436123
16065182 48358953
475992 48981603
383743 48982162
542425 48982202
513622 48982218
48982376 48982379
48982502 48982505
762520 48982978
762520 48982978
759717 48985217
431329 48985246
8372547 49004211
230894 49007675
384140 49008618
234827 49008710
497418 770273
654877 42648045
644825 28857701
820994 49067943
820994 49067944
515890 49067946
515890 49067947
49202614 4086088
17656059 21442177
49375873 32666182
566908 49514236
49538154 49538156
49538185 49538187
29232482 49775642
1430775 49830025
50080519 4680993
11649644 50101685
50117914 47125083
50235486 50235488
50333944 50333945
6413572 1380924
6413740 293228
6413702 157014
6413680 50655048
6413669 2389995
6413815 85129
6413903 1635645
4207477 50655051
6414063 1490617
6414234 1380987
6414296 15771467
6414460 13649504
6414380 459960
6414784 4036241
6414699 176904
6414573 50655085
6414635 1927684
6414832 3294683
6414609 8559743
6414912 933765
6414693 45214850
6414757 16224336
6414967 6423959
6414846 25055820
6414921 7936490
6415041 81188
6415010 4676146
6415037 11088172
6415112 176885
6414918 621475
6414990 28490177
6415166 860752
6415294 3042786
6415303 12074799
6415311 3453151
6415324 299696
6415301 3453129
2058284 50655096
6415495 607809
13654361 141297
6415526 69075
479683 173706
548138 1214846
6415394 42639326
6415488 7190342
50701214 13708791
6413545 3818260
6413736 539301
6413659 8849962
6413816 198767
6409714 50736735
6413842 592769
6413856 1179442
6414108 8859718
6413961 605478
6414231 1865649
6414157 728559
13653431 616178
6414249 50736738
6414265 22094523
6409759 50736741
6414539 50736744
5225467 9454912
13653666 141304
6414708 961411
6414475 30862294
6414581 15434842
6414703 3280114
6414753 263640
6700784 9470430
6700954 145046
6409830 1434557
6415108 107323
6415074 3395718
6700680 79084
3409043 10882188
6415064 902039
6415163 157170
6415203 741918
6415018 50736753
4205777 50736754
6415180 815706
4132662 593757
6415232 1669716
13654184 391373
13654208 173711
6415265 1372116
6700970 8857648
6415363 959382
6700975 116273
9166373 2338026
6415378 1386762
38941890 50741478
46823359 51012743
51169454 51169455
41750672 51188235
51257670 51257671
51257891 51257892
51257897 15454165
51257898 51257899
51257902 896840
51257905 992734
51257910 4678101
51257922 51257923
51258134 457469
51258135 238872
51258139 3453326
51258141 748041
51258143 4134152
51258146 64275
51258152 476648
51258155 53903
51258156 51258157
51258160 10393
51258391 16224226
51258415 7636792
51258568 9166825
51258572 1278842
51258606 95281
51258648 8257563
51258667 51258668
51258700 12427
51258717 101753
51258725 206176
51258757 474824
51258793 191266
51258799 9181857
51258807 200498
51258821 95724
51258830 264182
51258847 841403
51258864 290485
51259141 51259142
51259161 33213
51259241 399777
51259270 476107
51259346 51259347
51259439 684530
51259444 11373
51259448 1727828
51259450 54289
51259576 376585
51259586 57793
51259615 21514631
51259691 26470
51259693 384136
51259813 258484
51259817 134423
51259832 207251
51259834 618293
51259837 44842
51259842 77746
51259843 17424
51259851 9579
51259866 158002
51259890 53395
51259891 10021
51259893 139143
51259900 14041
51259902 68995
51259903 846037
51259909 60391
51259941 3514563
51259943 49011
51259947 50277
51259949 72822
51259951 599981
51259954 115242
51259955 36160
51259958 36418
51259959 4629834
51259963 61473
51259965 159711
51259970 299693
51259971 76345
51259972 51643
51259980 52905
51259982 604499
51259983 545009
51259985 59506
51259987 1963934
51259989 1584520
51259990 62767
51259991 8780061
51259992 59360
51259993 51259994
51260001 131053
51260006 81590
51260008 38327
51260009 304660
51260018 91019
51260023 1463529
51260024 3453036
51260029 45098
51260030 773165
51260032 196178
51260033 206954
51260035 10790
51260037 523780
51260039 187694
51260048 335255
51260050 18776
51260058 46690
51260065 322906
51260066 128685
51390953 40560753
11676719 51530332
51741470 51741472
40158459 51832379
51853559 498592
