177639 177642
218304 218306
458707 458712
471258 471272
665297 665313
686471 686485
785076 785089
969307 969312
1100081 1100100
1109753 1109755
1130648 1130652
1188876 1188877
1381489 1381492
1499834 1499835
269211 1579281
1592551 1592552
1603497 1603500
1630159 1630162
1632781 1632782
1672136 1672139
1691437 1691438
1702950 1702953
1785840 1785841
1785921 505712
1813046 1813047
1820798 1820800
1829990 1829991
1838932 1838934
1847997 1467070
1871299 1871302
1873984 1873986
1900531 1900532
1949185 1949187
1996192 1996194
1996933 1087120
2090097 2090099
2155721 1544114
2204767 2204774
2210058 2210063
2244800 196778
2257058 2257060
2299121 2299123
2306079 2306081
2306225 748440
2308669 576846
2310376 2310378
2310846 2310847
2310848 2310849
2311678 2311679
2316678 208934
2321862 2321864
2334954 632042
2334980 2155162
2340578 1070778
2343020 2343021
2356798 2356799
2362307 2088026
2362560 2362562
2369176 2369177
2384158 2384159
2399187 2399189
2404036 1776305
2404354 2404355
2411551 2411553
2419288 1072483
2424363 2424364
2425310 2403691
2438068 2438069
2441159 2441160
2442116 2442117
2451062 2451065
2451405 2451407
2454754 2454755
2459550 2459551
2460485 2460486
2461282 2461284
2469119 2469125
2469524 2469525
2469958 2469959
2473986 2473990
2476488 2476490
2479820 2479821
2480866 810965
2491895 2491898
2502751 2502755
2522277 2522278
2525146 2525149
2528398 2528402
2528631 2528634
2528656 2528657
2528716 2528717
2540710 2540712
2541670 1744165
2542072 2542073
2542620 2542621
2543062 2543063
2544459 2544461
2557067 2557068
2564739 2564740
2573771 2573773
2574172 2574174
2574201 2574202
2585144 2585146
2589257 2589261
2589418 2589423
2589457 2589458
2589807 2589808
2617497 2617498
2621064 2621066
2622322 1963964
2623001 2623003
2623828 2623829
2662935 2662938
2664059 2664062
2668152 2668155
2672642 2672643
2672975 2672978
2684857 2684860
2688310 2688312
2690899 2690900
2691367 2691368
2692328 2692332
2692959 2692960
2693728 2693730
2693908 2693909
2694835 2694837
2696297 2696300
2696336 621326
2699188 2699191
2699270 2699271
2699590 938826
2701933 2701935
2705729 2291428
2710931 2710932
2722376 2722394
2753307 1239144
2753496 2753498
2774308 2774311
2801044 2801045
2841020 2841021
2853366 2845249
2860452 2860453
2860939 2860942
2866341 2866352
2866423 2866424
2866440 2866442
2868489 2868490
2871579 2871581
2872153 2630808
2882158 2078803
2892035 2892036
2896374 2896375
2896693 2896695
2899097 2899126
2900625 2900627
2901663 2901678
2902976 2902981
2913493 2913497
2921816 2921817
2924348 2924349
2924817 2924820
2939659 215488
2944648 2944652
2945346 1455925
2958185 2958187
2969246 2969253
2972693 2972695
2998512 1852612
3000717 2547280
3001788 3001789
3045970 3045971
3046655 3046656
3047414 3047420
3047602 3047603
3047774 3047776
3048158 3048170
3049558 3049559
3050412 3050414
3053055 3053057
3053154 3053156
3134624 3134625
3136579 3136581
3152103 3152104
3214408 3214409
3301675 3301683
3396074 3396075
3397867 3397868
3401712 3401714
3439393 1895140
3501395 3501396
3501598 3501599
3503453 3503455
3511584 3511585
3522958 3522960
3557625 3557627
3735823 3735824
4029100 4029101
4036230 2530599
4084528 3235778
4090005 4090006
4090041 4090043
4090233 4090235
4090272 4090273
4090274 4090276
4101365 4101367
4101380 379549
4101385 4101387
4101391 4101394
4101404 1143138
4101423 2980131
4101429 2547144
4183929 4183930
4304475 4304476
4554534 4554535
4599803 4599804
4599811 436054
4599912 4599914
4611664 4611667
4611749 4611750
4719753 4719759
4748551 4748552
4766047 4766048
4766434 4766435
4835544 3620248
4845152 866443
4845406 3549544
4850142 4850143
4850161 4850162
4883169 4883171
4898983 4898985
4902142 4902143
4903090 4903091
4914154 4914157
5020294 5020298
5052620 5052621
5052629 5052630
5063290 5063293
5063484 5063486
5075325 5075329
5088955 5088957
5107398 5107399
5107412 5107413
5110087 3646574
5110096 5110097
5110185 441227
5110219 5110220
5110239 3661281
5117454 5117455
5117517 5117518
5197206 5197210
5204250 5204251
5215754 9487
5215755 5215756
5550443 5550444
5602408 3241833
5602552 5602553
5602555 5131413
5613994 4182963
5673922 1227931
5794183 5794184
5863390 5863392
5868349 5868351
5869102 4766924
5992778 5992779
6085073 6085074
6290771 6290772
6290788 66397
6290962 6290963
6290985 3561666
6291015 6291016
6291041 1667779
6291042 6291043
6291068 6291069
6308686 1530044
6308687 1528166
6334073 6334074
6435198 6435199
6551391 6551393
6805215 2096490
7047902 7047903
382263 7085611
7152161 7152163
8122548 1163990
8433883 2459389
8457089 8457107
8531547 8531551
8568513 8568516
8571804 2070322
8628767 8628768
8664312 8664315
8680127 8680132
8704133 8704151
8717286 8717299
8779791 8779796
8931791 8931794
8960367 8960368
8972596 8972601
9032804 9032806
9038471 3253182
9063604 1391904
9150651 9150653
9242481 8282092
9246587 4521579
9406925 9406931
9412791 9412792
9449335 9449336
9496652 9496653
9513107 9513125
9556710 1538780
9560804 9560805
9561924 9561929
9617218 9617219
9646119 9646128
9649389 9649394
9659781 9659786
9669836 2166211
9672985 9672989
9691095 9691096
9692150 1604637
9709897 9709898
9839907 9839912
9901484 9680655
9947964 3663429
9949408 9949410
9956058 2568583
9958294 9958296
9958598 9958599
9958633 316893
9967761 9967762
9972845 9972847
9977943 6252990
9979184 7358693
9979236 9979237
9984440 9984443
9984446 9984447
9992413 3296186
9992417 9992418
9998420 2313359
9999334 9999335
9999435 9999437
9999512 5625085
10002416 262490
10012922 10012930
10020370 10020374
10021384 10021385
10038594 6259968
10042893 10042895
10042985 8061892
10043183 10043184
10043429 1514486
10044111 8335503
10044149 1356144
10044333 370386
10045050 1696750
10056042 3016298
10056099 10056101
10057074 10057076
10060338 4763426
10071209 10071213
10076223 10076224
10080923 10080926
10081319 10081320
10081405 10081407
10082351 10082352
10087447 10087449
10095164 10095165
10095506 2109017
10105341 10105344
10106196 10106198
10106385 10106386
10106961 3555627
10107754 10107756
10118436 3957002
10118547 10118548
10119844 9449810
10120060 268519
10120063 10120064
10120154 10120156
8537748 10121276
10123400 10123405
10125682 10125683
10142455 10142456
10142779 10142780
10143168 10143170
10143727 1068342
10143941 10143942
10144825 5176413
10146566 10146568
10146857 10146859
10146893 8506929
10155204 10155210
10156154 4593800
10156553 10156555
10156670 10156671
10157104 3954988
10157213 1787234
10159237 10159239
10160130 10160132
10164525 10164528
10169696 10169698
10171532 10171533
10177997 4007571
10178101 10178102
943839 3743208
10179451 10179452
10179503 10179504
10182249 10182253
10185462 3795347
10185759 5334878
10187810 10187812
10189707 1414017
10199173 10199175
10204621 234531
10228611 10228612
10240815 5354093
6007948 2585159
10264725 10264727
10265612 10265614
10267989 3863035
10268440 10268442
10278935 10278937
10282938 10282939
10287313 10287314
10289332 10289334
10289818 2211466
10289878 10289879
10290600 10290602
10294659 5359862
10294760 10294762
5860752 5353134
10297017 10297018
10297101 3775867
10297426 10297429
10298286 10298292
10316149 10316152
10316854 10316855
10333290 10333291
10336825 7170811
10347251 1481079
10359974 10359975
1473777 10361885
10389317 10389318
10390641 10390643
10419375 10419376
10420025 2052004
10420040 10420041
10425066 5010666
10426261 10426263
10426304 1185555
10431375 5244900
10433651 10433652
10436351 1456581
10441628 543199
10441645 10441646
10441684 10441685
10444808 3252630
10464560 7356982
10468951 10468953
10473495 1209190
10477299 10477300
10484592 10484593
10488012 10488013
10488014 10488017
10488374 10488375
10494044 3854105
10494428 10494430
10507877 10507878
10523889 10523891
10563610 153335
10564684 10564685
10564864 10564866
10567964 256552
10569762 10569763
10570327 10570330
10590892 2819975
10594713 10594714
10601993 9621093
10602135 10602137
10603512 712301
10605472 3230976
10610109 10610111
10677282 10677283
10683972 10683973
10686373 1506816
10688971 10688972
10753224 2528793
10825020 10825021
10898140 10898142
10904770 10904771
10910677 10910679
10910684 3308415
10910693 9251924
10916895 10916897
10932621 3859816
10999424 5694361
11232950 11232953
11252761 1379033
11483402 11483403
11533731 1111490
11533738 11533739
11538664 2785266
11538823 11538824
11549485 11549486
11549496 10340975
11549500 11549501
11549517 6362278
11549522 1119118
11549552 11549553
11549567 7381437
11549584 579134
11549591 499193
11549594 510819
11549609 11549611
11549614 11549618
11605522 11605523
11627939 1790314
11644701 11644703
11868665 6741108
11876532 11876534
11882792 11882793
12016587 12016588
12226696 5358041
12230987 12230988
12280532 12280534
12289339 12289340
12290666 12290667
12291602 12291603
12342118 12342119
12342162 12342163
12357464 12357466
12410324 7772398
12420272 12420274
12420342 12420344
12460731 12460732
12461553 3698470
12464154 11052513
12464163 12464164
12464217 12464218
12464284 409861
12464464 5333207
12464509 12464510
12471723 12471724
12478716 12478717
12478718 12478719
12896578 11177607
12915636 12915637
13255310 11170642
13268055 13268056
13268078 991290
13276040 13276042
13354025 494780
13354026 13354027
13354070 13354071
13541811 12611228
13556600 1651324
13580315 12483154
13665341 5375384
13994102 13994105
14017314 781353
14226985 14226986
14252251 14252252
14352010 14352012
14353269 14463648
15307619 15307635
8783768 15412937
15525347 15525350
15529655 15660658
15668208 15668211
15709250 2723103
2272413 10630249
15874928 15874932
15938599 5048152
15943808 611191
15960999 15961001
16003229 16003234
16011344 6907797
16026831 16026833
16051619 16051645
16186378 1746515
16226407 10754102
16247020 16247028
16293865 16293866
16301813 2065810
16304723 16304724
16347479 16347480
16397709 16397712
16434201 2484181
16501758 32085
16550738 16550739
16590142 16590143
16590856 12415382
16593125 9213912
16602380 16602381
16631853 16631854
16657651 182414
16671215 10633980
16674897 16674900
16676204 16676205
16676708 444059
16692520 16692521
16697308 16697315
16697712 6164829
16698543 9213158
16763442 16763443
16822197 2730057
16888522 16888524
16934606 1588892
16941312 619134
16941315 863209
16941441 16941443
16942730 9440428
16943063 16943064
16943807 361587
16951501 12743736
1598099 16961418
16961421 16961422
16961450 7402211
16961567 5305239
16961962 16961964
16974437 16974438
16984358 48103
16984459 8535912
16986584 16986587
16988573 16988575
17016700 17016701
17021631 4042498
17022099 5727988
17022353 7373303
17022355 2906248
2335572 2286983
17023484 17023485
17023720 1030915
17046249 6037758
17052797 1822878
17054126 17054128
17056099 15566954
17060858 17060859
17068755 2532518
17070608 17070609
17072506 17072510
17077880 17077882
15548680 17080558
17080939 17080941
17086914 17086919
17090693 6017500
17090975 17090976
17090986 17090988
17112016 17112019
17113015 17113016
17113115 9218630
17113586 17113587
17113598 3624395
548789 17114595
17114674 17114675
17115855 17115857
17116765 17116768
17117143 17117146
17124599 3839855
17125173 17125180
17125489 17125490
17125538 17125540
17126071 17126074
17126436 16650954
17126437 17126438
17127523 17127524
17129792 13475481
17130074 17130075
17138372 81239
17145960 14065049
17152662 10913588
17152706 13505903
17152734 1142891
17153180 17153181
17154411 17154412
17155143 17155145
17163964 17163966
17193402 1997003
17195872 17195873
17228688 17228690
17231609 17231610
17232714 17232723
17232906 1900612
17233571 12554463
17234227 17234232
17234236 17234238
17234724 8574966
17235675 17235676
17236197 16469684
17237526 17237527
17245750 16276002
17246744 32831
17250806 1741572
17252740 17252742
17256750 17256751
17256873 17256875
17257404 90953
17258308 17258311
17259212 4040200
17259694 17259695
17277952 8754676
17279124 17279125
17293609 17293610
17294476 433887
17300826 2566073
17301057 17301058
17301782 17301784
17301793 17301795
17321202 17321203
17335082 17335084
17364681 17364693
17367384 17367389
17374040 17374041
17391258 8128179
17399778 8651777
17410451 12363757
17420541 267639
17425630 2272930
17425698 17425699
17426146 17426148
17426261 17426263
17429770 11197322
17431263 17431269
17435427 17435428
17435526 17435527
17438629 17438631
17458449 16338404
17458453 1515825
17461675 12506837
17477691 17477693
17505918 3228069
17507960 17507961
17508630 17508631
17513265 17513284
17532664 17532671
17537775 3450080
17546133 17546139
17547554 7278638
17548280 3562614
17548318 17548322
17549070 17549072
17549696 17549698
17549725 14626120
17550326 3201532
17550433 740649
17550835 9307013
17551514 17551515
17552755 17552767
17614734 17614735
17620882 17620883
4701981 1321229
17629555 8640900
17630477 17630479
17677523 16689541
17816652 17816653
17818358 5834491
17820602 15935576
17829648 173020
17829654 68907
17831761 17831762
18134792 69755
18265355 5312411
18283861 18283865
18421727 18421728
18422521 18422524
18426920 18426921
18426926 18426927
18426933 18426935
18427007 18427008
18427093 18427094
18427098 18427099
18427101 18427102
18427235 18427237
18437494 237659
18437499 8614287
18437541 16759893
18437551 18437552
18437577 18437578
18437582 18437584
18437615 15612524
18437616 578196
18437619 4678977
18437629 2324517
18484725 18484726
18485143 18485144
18488232 18488233
18542854 18542855
18614850 18614851
18731222 18731223
18751791 18751793
18830056 18830058
18902660 18902661
18943106 18943107
17429365 2487738
19081871 1316185
19081921 19081922
19081925 5326067
19129446 19129447
19129799 19129800
19185594 19185595
19243609 2748565
19300145 19300146
19300605 3625609
19300721 19300722
19300900 9986562
19306714 19306716
19306717 17954522
19307738 19307739
19402304 19330663
19668850 8413014
19698591 19698592
19701894 19701896
19774228 13502536
19852280 2732127
19889495 19889496
19903582 5016052
19903607 19903608
19923525 19923527
19923528 12637498
19947393 19947394
19947397 3207354
20036594 11192435
20051878 20051879
20053151 640725
20053167 632908
20137078 20137080
20311842 9216435
20311975 16377380
20311976 193967
20312039 20312040
20312078 2118644
20312081 6907727
20323947 12690432
20334104 20334105
20341948 20341949
20362400 20362402
20428745 20428746
20436229 11883434
20436978 14021533
20438521 1395049
20439358 20439359
20710675 20710676
20833656 20833657
20837545 20837546
21013963 21013964
21993421 21993425
22056343 22056356
1962666 12424878
2574149 3926715
6007947 22154214
22196974 1545209
22260002 11611022
22265022 1281957
1377814 21326775
22372461 14216481
22389274 22389275
22482472 22482473
22521095 5268808
22521356 22521357
22637205 22637207
22710642 9465658
22727192 522498
22876491 22876494
22877332 22877333
23066011 23066012
23079781 23079785
23134662 23134663
23136493 23136498
23157282 23157284
8395398 23157315
23159458 23159459
23182831 9961999
23187277 3798878
23194002 23194003
23207189 4842481
16257163 23208483
23214302 23214303
23215876 23215877
23261834 23261835
23273428 23273430
23278751 23278753
23283458 23283461
23284979 23284980
23323235 9388503
23323930 14117333
23391458 23391459
23543416 23543417
23551928 23551929
23551998 7431098
23552201 23552202
23557459 23557460
23558396 23558398
23564462 8403496
23573707 23573708
23573755 23573761
23574235 4137923
23578008 23578009
23594580 23594583
23594935 23594937
23625779 553403
23625926 4338471
23626192 12970244
23629795 23629800
23629974 10784667
23631107 23631110
23631472 23631473
23632107 23632109
23637622 23637623
23640663 12252830
23640797 23640798
23640926 461819
23644230 23644233
23653179 23653180
23656616 23656617
23664814 23664815
23677246 23677247
23677308 3172986
23677401 3594829
23683740 19470944
23686583 23686585
23686912 23686913
23687445 17275331
23691749 23691753
23697571 3019707
23716219 2225118
23717189 1071697
23717725 7908098
23720273 8064164
23720292 23720293
23720994 23720995
23721012 23721014
23721097 23721098
23721438 23721440
23721472 9781825
23728642 23728644
23729196 1306648
23730110 23730111
23730480 17685213
23732635 23732636
23741456 356226
23741558 1372261
23743314 23743315
23757161 1430786
23765202 7440090
23765210 23765211
23780928 19465581
23794482 20922272
23806953 23806954
23818915 23818916
23827959 23827961
23833557 1184223
23841299 23841304
23849129 23849130
23849344 11010073
23851790 4034436
23856715 3686159
23858624 519620
23862893 23862895
23896857 23896858
23897915 554310
23898698 23898700
23898942 419965
23900274 18842224
23900491 3448209
23916316 610881
1721673 23916374
23917625 17464964
23942088 23942089
8457190 2818064
23967113 23967115
23976562 427323
9972846 23983197
10063596 23986118
23988332 23988333
23989064 23989066
23991962 23991963
24011021 24011022
24014537 24014538
24014957 10421275
24018867 3800048
24019841 24019844
24020730 1209787
24023731 24023732
24023970 20326404
24028486 2111898
24049759 18117445
24053485 24053487
24063535 317762
24091702 11439234
24092613 16326627
24092657 514762
24093378 21614370
24094938 3452514
24098959 5396135
24099065 24099067
24099647 2519035
24099669 24099671
24115993 24115995
24121608 24121611
24122132 5816998
24122206 4567938
24129632 21421801
24129750 19583748
24129915 24129916
24130181 15002818
24130371 24130372
24131885 4699044
24132291 19816733
24132994 1585041
24134146 24134147
24134331 3957584
24135002 477432
8746500 16728037
24135220 5367864
24202662 24202664
24202666 24202667
24202997 24202998
24203317 24203318
24247809 2087849
24309018 1036168
24318612 24318613
24390121 24390122
24393773 24393774
24395822 2068397
24421726 24421735
24422114 24422115
24475879 21305207
24528405 24528406
24845142 24845148
24968705 19699552
24969625 18124514
24970279 24970280
24970432 24970433
24971230 1969976
9010895 7412580
24980213 5984058
24980228 551448
24980230 11033907
24980244 24980245
24980254 769373
24980271 16309172
24980276 2052372
24980321 1923933
24980329 14577000
24980331 23885483
25128398 1751996
25128543 25128544
25135182 25135183
25151987 1848279
25152335 25152336
25391512 5795475
25391590 13293584
25393207 11043848
25402583 25402584
25501836 25501837
25529380 16414145
25597528 4192278
25626826 25626827
25644550 19971853
25644599 25644600
25651482 628818
25809072 25809073
25811330 3782917
25811333 673031
25811396 921998
25811552 20814130
25817565 1198934
25817578 9900071
25818497 25818498
25896158 3445723
25903345 25903346
25919209 25919210
26198106 26198107
26200494 1254324
26248912 2524044
26373146 6253753
26373152 26373153
26390212 19393648
26392546 26392547
26515679 353628
26515680 25711191
26734807 14519207
26741232 26741233
26766341 922629
26766431 7364036
26766551 1884557
26778557 2743172
26782687 18456925
26802925 20198393
26884298 3695095
16434203 169449
28517004 28517008
22815524 28587375
28709017 3165039
8923464 28716192
24980728 9670063
15569888 28919384
29064176 29064187
29114093 29114094
29134784 8497267
29203784 29203795
29218176 15395707
29302768 29302775
29327579 29327580
29332087 2231791
29362051 1270430
29391937 9505887
29411682 29411684
29489117 29489118
29515901 19476335
29530940 29530941
29531572 29531573
29545962 29545964
29547632 29547633
29559587 3150912
29566557 29566559
29579125 29579132
18831123 29581657
29613254 4842384
29631929 22704004
29634364 29634366
29648290 12687041
29648956 29648957
18422515 12353910
29670908 29670909
29675085 29675086
29827756 1779688
29841864 8417341
29886104 29886105
29886518 21268035
29886748 17525932
29889576 14186314
29889778 1374940
474071 11275714
29899580 4333556
29904429 29904430
29906275 29906281
29906768 4057527
29907469 7358498
29907620 19211368
29922871 1469811
20137079 873865
29926847 29926849
29927234 29927236
29927759 12753933
29954745 29954746
29958037 12748047
29958091 16165506
29962615 2443925
29969966 6641248
29972950 2850464
29973509 14660637
29986162 29986163
29986175 29986176
29996090 603780
30007556 17923794
30007991 8741770
30017969 19905254
30020027 24506285
30030467 30030469
30030677 13357683
30035410 2024224
471490 23180722
30047775 3859315
30047796 5595304
30048032 30048033
30048224 4012353
30048227 11036384
30049448 30049449
30049672 10917589
30052352 30052353
30052786 572785
30052787 17645514
30053114 30053116
30059739 24715770
30059848 7003556
30060001 9504473
30061854 30061855
30062602 5453279
30065433 21318396
11480184 4997656
30074827 5243318
30080137 11026213
30086897 2768833
30086902 1389720
30087204 30087206
30088068 30088069
30088422 30088423
30090185 30090186
30096017 567185
10044228 25840278
30120863 2809899
30125793 2979958
30155897 30155899
30160088 30160089
30160505 30160506
30161163 26737102
30161724 6854122
30162000 30162001
30162002 30162006
30163810 12717373
30173091 30173093
30176683 30176685
30178510 622955
30178535 4992498
30179180 8421288
30180055 9451520
30180164 2080354
30180459 30180460
30180695 19394926
30181013 13624534
30182496 1936531
30183686 698992
30188747 30188748
30190285 3470388
30199978 30199979
30203846 30203847
30220082 659732
474432 9245148
2692346 1685125
30241776 16529471
30248945 10377858
30249003 8625415
30263442 30263444
30298423 30298424
30304402 3607896
30305571 24758664
30308644 1999931
30311279 30311280
30329616 12762794
30330870 30330872
30331029 28792093
30338973 583674
30342646 2752219
30343525 30343529
30343564 1258601
30344670 29240607
30344764 2267627
30346430 30346431
30353430 3248952
30362176 30362177
30365599 30365604
30366684 30366685
30408413 30408414
30410645 2421933
30415977 19337527
25653750 673628
30437674 17941374
30447597 2690716
30447917 26893122
30448009 30448011
30448941 22239185
30501445 30501446
30502410 30502411
30506667 30506668
30555650 3869936
30696072 17667442
30724107 30724112
30742412 30742414
30774520 30774521
30777116 1443800
30786158 30786159
31108636 31108639
31256206 2280383
31260552 31260553
31260558 31260560
31260591 31260594
31260616 31260617
31260664 31260666
31260771 19452491
31260866 31260867
31261491 31261492
31261516 31261517
31270380 2403817
31270435 18076767
31270454 12292381
31270465 31270466
31270491 16285562
31270508 31270510
31314364 1082516
31364972 31364973
31368956 30393635
31372094 10162552
31404113 31404114
31418136 31418138
31561871 31561872
31644958 24712966
31674932 7428287
31752745 8826327
2076136 7344377
31783068 31783070
31831013 31831014
31872029 6084467
31872401 30209716
31903748 31903750
31904439 5744167
31920757 31920759
31920839 31920841
31924068 31924069
31929779 31929781
31969822 31969827
32010534 32010536
32032389 32032390
32078688 7763553
32078704 3829910
32078779 32078780
32078823 837368
32078988 5143799
32084732 32084733
32084744 32084745
32087027 9211142
32091721 32091722
32091724 29340278
32390535 32390536
32444267 6631520
32487556 20386166
32487861 32487862
32502717 32502718
32609961 3964841
32629473 32629474
32667702 32667704
32744822 3679894
32744835 16981032
32744836 23113686
32744837 1856023
32744845 7175423
32744847 8267910
32825008 9224602
32989870 28778560
32990021 7434325
32990037 24574988
32990059 11752743
33000993 5738971
33001108 33001109
33417783 33417784
14114216 12712793
33537965 33537966
33713782 33713783
33719587 33719588
33821506 7419688
33823426 33823429
34551568 16944156
9719605 24711245
16675791 34805090
2963397 34805443
34811464 34811465
13579430 29790421
28055680 5451752
34918678 34918679
34923850 34923852
34974453 1422267
518897 35010110
35106406 9971260
2740860 1465997
34122109 9188492
35403963 5035882
35474140 5693187
35517543 18022150
35525498 35525501
35526047 3169087
35634160 31813899
791514 1522134
35687118 35687120
35691817 35691822
35696241 34893708
35699793 35699794
35705859 35705865
35738662 25938208
35740044 658811
35740292 35740294
35770801 35770805
35804290 791952
35804455 35804459
35823460 35823462
29326472 35823847
35824287 35824288
3052634 9263976
35887834 35887836
35888447 35888448
35930110 2413476
36032916 24737797
36033274 30107914
36033403 36033404
36035680 3400067
36036395 36036396
36045528 36045530
36048054 36048058
36052285 32232068
36052508 632451
36052825 17222365
36053287 34113155
17016254 36064481
36069495 11310774
36069529 351166
36077617 36077618
36087942 1856301
36091139 36091140
36105920 3843373
36106508 30970386
36106594 36106595
36107010 24029636
36107623 4199497
36108770 36108771
36109582 36109584
36109609 9109535
36114879 25863608
36120848 3808636
36128706 36128707
36128988 5308739
36138654 7399092
36139099 7461857
36150440 22932940
36158599 25732187
36161186 2464665
36169697 2726942
36189234 36189236
36189644 685935
36193429 9756416
36193521 20033668
36200442 36200444
36200665 36200666
36200855 23259762
36200894 266354
36202430 26066939
36202460 33118449
31437595 21381044
36220276 14620265
36225111 8496754
36226527 36226528
36226848 537846
36232495 36232496
36236601 36236602
36237792 16501348
36239763 33949340
36264672 36264675
36264678 36264679
36264733 20935875
36265403 36265404
36265443 36265444
36265535 36265537
36294017 12760638
36294352 17197450
36295028 36295030
36297823 9497591
36298712 10528654
36299930 1323468
36300819 4990657
36301148 36301149
36304852 36304853
36307415 36307422
36310483 36310485
36310663 36310665
36312645 1867652
36314478 3025760
36314491 2739371
36315425 36315427
36315627 36315628
36315798 36315800
36316554 25506046
36319194 2088943
36319723 3242142
36320148 36320149
36322833 7433604
36323102 36323105
36329516 36329520
36335437 12642570
36338084 36338088
36339026 36339029
36358440 3292661
36366277 3405536
36374404 2991883
36374851 36374852
36391217 3942101
36392039 9260218
36392129 26353749
36412328 36412333
2626098 36412660
36417205 12496782
36419735 36419736
36436113 1137961
36436784 36436785
36440052 36440057
36460614 36460615
36467344 36467346
36469562 36379012
36477403 36477404
36483290 1854722
36484623 1493217
36484754 2839587
36496575 14083709
36498931 13067075
36507194 3851323
36507230 36507231
4083339 36509414
36515993 19407997
36517208 9829290
36535404 10772081
36537434 36537436
36537801 2438146
36538232 4137528
36538268 36538270
36538616 1527657
36563437 36563439
36563677 25825403
36564367 30821532
36573314 3747440
17546140 5121286
36573947 3824893
36574932 13178031
36575538 15902012
36577036 3926025
36623101 36623102
36623197 36623198
36629977 19040221
36634151 36634152
36678280 3864149
36726743 36726745
36796749 465657
36797652 36797653
36799422 36799423
36800464 36800465
36800586 16421634
36801789 36801790
36801795 35227870
36807562 36807563
36807565 36109074
36824427 14575778
36884686 9058737
30786330 36894707
37182061 25654374
37305933 37305936
37352632 37352634
37356718 4128229
37356780 37356782
37356847 37356849
37356916 37356917
37366433 2287027
37366442 220944
37366448 2080093
37366465 37366466
37366499 1258564
37366517 1424086
37368325 14567603
37414355 37414356
37426429 37426430
37463576 37463577
1532278 3737655
37513370 37513371
37527472 37527473
37562491 879999
37726269 37726271
37759045 37759046
37782191 37782192
37847875 37847876
37867238 37867239
37890009 37890010
37895709 723590
37943125 3061948
37954557 19447126
37974119 24395261
37982363 1006687
37998251 5941994
37998258 25985970
37998635 37998637
37998638 37998639
37998640 37998641
4914158 38049560
38134356 38134358
38149255 2863419
38150748 38150749
38151001 38151002
38151074 38151075
38151483 31986366
38151546 1465495
37782878 3853713
38158015 380451
38163837 4802580
38163838 3489537
38204383 3200953
38439311 38439312
38464426 14106070
38474098 17233949
38478381 1954707
38490823 38490825
38629939 245693
38650116 4192449
21734715 7027778
38779791 15721233
38779814 35530926
39017046 2555788
39017111 2396541
39017207 359698
39017256 929359
39017257 2036380
39017260 16291216
39052377 19523115
39058587 38166947
39122784 39122785
39129100 32716289
39220012 11124196
39416120 39416121
16129555 39447478
39569480 39569481
39608160 39608162
40540424 40540431
3150999 40661179
40808808 40808809
23907719 40849176
40864160 2273414
40913102 19482841
40991814 40991829
41079627 3998823
41093741 41093751
41152775 10780538
41197956 3800046
41198150 343168
41233303 41233318
15816941 1724919
41274003 69499
41329738 200552
41339768 41339769
41372591 2987645
41373891 19883504
1272634 41413230
41488066 41488067
36046904 18238526
41537746 41537750
21644114 41544781
41580524 41580527
41641371 30542552
41650779 27749893
41670512 41670513
41670514 2447929
41676041 41676044
41682366 1729360
41695931 5418756
41696346 41696347
41697072 14563668
41750489 41750490
41759587 28035004
41767842 7363422
41774795 1466663
41787493 1501890
9479304 41793912
41818090 41818091
8923468 10131658
41948341 7631019
41961673 1645422
41980987 3703111
41982146 9152954
41983574 23865819
41983615 9764727
41984611 4802574
41985017 28794577
41992864 2517731
41999261 41999263
42001530 17034040
42001830 9448146
42001977 50337
42001992 3735162
42002159 42002161
42002322 35503330
8460910 32302274
42012809 7449809
42016684 11172219
42017445 12759840
42017583 42017584
42018272 5382549
42021081 1361664
42034515 9584418
42049714 42049715
42049735 29448552
42052920 42052922
42052983 9784509
42054687 3276619
42055879 29555605
42063662 352574
42064285 3571875
42065112 11279517
42075423 18075023
42081361 9520497
42083703 421727
42085960 42085963
42092426 26898427
42099487 973950
42104952 432323
42105059 13028848
42105202 11128944
10107743 1560862
42106778 42106779
42115010 42115011
42115290 42115291
42116507 1452792
42122274 3245835
42124006 3201652
42126203 3204233
17195528 42133695
42133932 2552670
42135498 2927415
42136465 42136467
42136483 690874
42138644 635519
42139581 24911088
42143779 10500418
42145646 42145647
42145711 5856119
42146058 42146066
42146101 42146103
42146585 6835078
42147164 3548221
42147427 42147428
42147662 1946137
42148834 13507156
42149236 36095431
42150573 11520055
42150665 5152861
42157990 1826492
42159387 42159389
42164553 42164555
42164736 42164737
42165640 5799006
42171113 5338037
42171996 42171997
42172123 42172124
42180615 4809686
17160280 42181502
42181622 3246483
42182198 42182199
42183451 14579815
23555496 13666379
42241644 11948638
42242705 5359275
42251219 42251220
42254515 3853440
42255410 42255412
42255426 30920830
42255671 2319075
42255866 42255868
42257145 42257150
42257903 6717931
42259932 42259935
42260062 42260063
42261155 4411461
42262178 20844493
2944583 15865809
42265233 10202252
42265794 24687018
42266429 42266430
42267634 42267635
35865977 5063532
42283295 42283296
42295207 42295208
42302334 42302339
42303347 3240446
42315437 14662209
42334159 42334161
42334224 32278674
22174435 27925185
42362883 2565618
42363430 5340096
42368236 21266576
42373814 457159
42380945 42380954
42384443 16441626
42396448 7852718
29540796 12564657
42398662 42398664
42398797 1978610
42405619 42405621
42406472 2678081
42406848 15896852
42408930 5302911
42410940 12152560
42414070 1338117
42415541 2525104
10290615 6313843
42419629 38369318
42424240 33571456
42480945 42480946
42498229 42498230
42498859 26345871
29633985 11266543
42502335 12613400
666467 8347941
42502343 5760399
42508079 26505424
42508092 42508097
42508156 42508158
42509943 4024634
42510019 26821678
42510493 9392165
42510513 12633880
42511841 1372291
42512351 42512352
42512383 18122862
42512495 27709247
42512846 29367195
42513257 42513258
42514316 42514318
42514603 12284121
42565481 42565482
42567437 12490151
42568437 42568438
42568945 13517451
42598927 26066934
42718628 42718629
42721711 42721712
42721852 42721853
42723662 42723663
42731331 17073179
42731336 9655369
42731337 4849322
42963019 42963020
42967910 42967911
9306662 13078554
43163322 5319030
43271645 43271647
43275909 43275910
43275977 43275978
43276027 18934939
43276091 14609071
43276092 43276093
43285166 40965030
43285176 43285177
2768173 11574284
43285229 30553321
43285246 2469478
43285247 7444419
31289201 33961369
43285263 1290446
43285267 43285268
43285281 6220639
43285283 13362958
43287209 43287210
3052877 2108547
43326567 18090233
43429992 347573
43567017 9183726
43644784 43644788
43649716 7509294
43671426 43671427
43681953 43681954
43703079 43703080
16634544 39965209
43786323 43786324
43786377 12052940
43790289 273273
43811002 43811003
43852128 24270214
43854307 8528454
43858990 13026759
43859164 2054658
43889988 43889989
43905149 36390722
43905153 388039
43905165 14685941
43905169 43905170
43905218 30377260
43905479 43905481
43913944 21330111
43969700 7449435
44011599 44011600
44019231 1445167
44019247 44019249
44053041 44053042
44055202 9132681
44055301 6896799
44055330 12642619
44061156 18359357
44064884 3430216
44067363 11338367
44067372 16391117
44067377 22538135
44083987 250422
44129250 18021051
44129251 44129252
44350747 44350748
44406975 9692113
44563123 1006729
44649257 41672394
44649263 23679244
44649266 3622842
44649269 1405309
44725926 20275581
44856116 16293322
44880973 19822822
44880975 44880976
44881098 16923440
44881138 11491698
44881139 44881140
44881155 4095462
44881317 1849682
44881320 10913865
44988037 1857688
45003736 5301405
45083438 45083440
45491311 45491313
211213 32310062
8755182 46508660
10149973 31015583
9394280 46609588
46622219 2971458
46706308 13179885
34246539 46723620
46730594 13636556
25466388 46761577
5673635 1545020
831569 45867511
46927527 27288849
46983438 46983440
46999347 38859443
14929287 47068788
47084736 43977756
22788311 47101962
6393713 16793622
8451657 32278620
47147305 47147315
47215583 3866879
47216018 9496657
47216031 2347882
3954540 9432287
47285524 38323848
47300729 26804359
47346270 38741501
47362976 4566828
31437597 14459568
47404886 47404888
47446187 16896
1838933 47446875
2176971 8925817
47470316 8997407
47484078 47484082
47487435 327051
47504633 8240955
47516154 47516155
47531845 41592251
47549386 47549387
47563621 47563622
47566035 9335275
47569185 47569186
42508094 47622213
47762637 1385178
39602140 25138997
34035075 47762993
47765425 4122537
47765725 3207282
47767296 32233715
47778851 4577642
43750572 1364931
47781919 11433119
47782133 3713532
47782325 47782327
47792400 47792402
29540795 47794907
47797723 16212506
47799879 33495106
47828402 3315445
47828404 2285654
47831327 4044804
47831620 47831627
31437599 47832452
47832524 13273417
47832577 47832578
47832811 691679
47833401 18079442
47836070 47836073
10284977 5841497
47842164 47842166
47859413 19968611
47860849 1511155
47861208 14565813
47862113 1470896
47867250 47867252
47867483 47867486
47871923 47871932
47872868 47872869
31437596 9208277
47880635 47880641
47881198 9789347
47881984 38169664
47882415 35500563
47883627 19199377
47891997 1792663
47892081 47892083
47893262 30528916
47893505 3818294
47897336 47874386
47908016 11058913
47909734 10800048
47910979 1731634
47913393 1187446
47914884 47914886
47920818 47920819
47921578 2555108
47921642 1318866
47922291 1215906
47923333 32191411
47923382 1166523
47923788 34943178
47925774 47925775
47929170 9581537
47930799 47930800
47932382 33937108
2505215 7389751
47943281 5191148
47944575 2898450
47944810 2799575
47945037 1653199
47946638 47946639
47954729 2295299
47955438 125369
47956173 47956175
47958601 4731774
48011782 20538401
48012142 8628719
48014419 10819416
48016563 5409583
48017052 8064360
48017369 9982271
48018405 48018407
48027370 187360
48027416 4823380
48028168 17099152
48032219 36308294
48032673 1712671
48034008 48034009
48034470 34072969
48034588 9750421
48042427 1836770
48055917 33964400
48072463 48072465
48073462 48073463
17252988 11338108
48077981 5061957
48078031 48078032
48089409 1455440
48104019 48104021
48105476 8611434
48111357 48111359
48113518 12426720
48141827 48141828
48150602 25993422
48152071 1466100
42377873 48167370
48167738 1032584
48180456 3568071
43281996 705781
48187134 21342270
48187466 2422970
48197714 14620662
48215778 20969146
31437594 439144
48242685 22910455
48246581 48246582
48247791 2143899
48248262 7837390
48259790 23065001
48267529 7377010
48268349 8978232
48273771 842771
48274075 48274078
48274429 14946017
48275070 21320145
48276069 48276073
48278769 43029588
48279666 48279671
48283483 48283484
48306277 6050178
48316617 48316618
48317592 48317593
48320731 48320732
48325542 1318043
48328559 2979733
48328800 48328801
48473092 19554675
48475910 48475911
48481678 48481679
11546286 708351
48486793 1557824
48507731 48507732
48532287 48532289
21205217 37809779
48561734 48561735
48562023 22926093
48759362 48759363
49015810 49015811
49018108 707923
49019899 48944466
49019902 19494512
49019994 49019997
49020033 10629780
49020102 49020103
49020175 18638824
49029389 38120224
49029405 2534186
49029425 5730625
49029427 1512798
49029451 17025748
49029467 16049645
49029520 16989153
49029526 6917245
49029566 1768411
49072480 49072482
37355392 44248736
49104444 49104446
49204640 13001865
49311374 2119112
5673637 5850402
49404873 38284432
49413036 6916374
49465432 32735594
49489859 25697704
49492873 563513
49495104 49495106
49552178 15447019
49590298 30981214
49618571 44174552
49634182 49634184
49634212 49634213
49639422 1291426
49735737 49735738
49737166 12638761
49741873 49741875
49744223 5355723
49777589 49777590
49778177 37004327
49778423 35612187
49783037 1788394
49783728 27718143
49784417 4261001
49784423 1363785
49839966 49839967
50247563 50247565
50417830 10162651
50417861 30970638
50417894 955623
50522251 10128490
50568812 3544354
50568952 8526828
50569018 7367275
50569019 18076082
50569165 35328205
50569174 854145
50673755 2128526
50673839 50673840
51164628 51164629
51165922 51165923
51256825 51256829
51257167 11287935
