183079 13483
305994 245174
220348 353792
521761 37501
571812 49204
657668 325579
866168 744412
899424 73623
1078184 348981
1275092 362526
1322469 57810
1385004 31302
1387519 78755
1402785 271273
1405880 11477
1465241 34156
1481486 364005
1494571 63262
1525322 45743
1531792 249812
1539733 367140
1550134 238168
1573414 4656
1578834 15501
1586627 208867
1600345 34506
1607114 251982
1630647 181120
1644568 86289
1647408 37079
1650340 48473
1653329 260349
1668376 118079
1681075 70324
1688421 9506
1698812 329880
1700127 15600
1725777 98823
1729915 222387
1754635 97539
1840230 12622
1854070 1899
1897569 110585
1950241 132311
2290145 12628
2313681 66126
2403272 434093
2496285 271685
3429295 76524
3641777 160652
3905092 184089
4103635 72773
4134530 453371
4324750 104913
4453266 199631
4726156 14173
4732658 163675
4732705 28380
4759713 603090
4784991 92088
4853319 446543
4873442 179423
5002996 67518
5044231 309024
5044269 64193
5044296 105204
5044305 232752
5044313 98891
5044314 81789
5044317 114163
5044320 109938
5044323 48490
5044342 84048
5044353 434321
5044379 60591
5045700 159478
5045709 71729
5045712 354035
5045713 366452
5045730 91585
5045759 48441
5045771 296182
5045788 255714
5045799 18258
5045800 200118
5045803 254081
5045804 11362
5045806 142277
5045843 33668
5045850 151107
5045865 192154
5045879 61159
5045882 54386
5045888 567672
5045897 13295
5045925 136377
5045944 1073481
5045945 133770
5045950 237492
5045968 22568
5045976 128928
5050984 84383
5053670 126108
5067872 524810
5067889 23073
5067891 60235
5067898 160838
5067899 117223
5205456 617581
5759134 176508
5854221 831232
5980142 87803
6323032 84656
6323203 40797
6337563 75856
6459035 209267
6545119 227983
6705489 105380
6745977 121101
6785877 97430
7040248 491455
7184595 15705
7299354 58855
7685279 20038
7944319 239614
8259459 71675
1413897 128389
3187973 211869
8478907 34911
8527127 205321
8530403 144734
8575362 56187
8820606 229924
8922778 120672
8929596 294786
8956563 147131
9045544 1139563
9091683 37908
9103832 315035
9136094 10635
9137375 146349
9153565 701930
9202071 36224
9212077 253045
9219651 191764
9265259 75272
9275801 63975
9283388 78652
9306186 906797
9309851 82210
9317254 66323
9318959 599929
7298097 33286
9352495 179602
9365899 549287
9369787 155540
9260343 368484
9404813 162561
9408677 93631
9417611 83906
9418090 4554
9431830 212154
9459963 8504
9509378 224966
9567768 21151
9664754 435741
9745001 25033
9810667 149656
9911824 246656
10043855 195465
8530418 273108
10144491 57722
10160686 14193
10188645 275091
10226447 275915
10264188 39268
10293484 100818
10510456 223616
10602544 10768
10731313 153221
11016513 38987
11016553 118559
11148074 171722
11223466 74715
11483466 43715
11703559 267101
11797235 28360
11869478 249813
11982008 130083
11999223 59608
12130626 18626
12267651 47343
12392732 245637
12403219 48821
12403242 727276
12403243 128188
12403246 94654
12403247 161858
12403248 130001
12403252 45902
12403272 54477
12403277 127060
12403289 293809
12403298 8969
12403316 541063
12403325 82627
12403335 331542
12403338 422528
12404516 148717
12404521 126124
12404522 39907
12404527 215994
12404534 11044
12404552 382723
12404601 25461
12404606 195302
12404609 238831
12404625 381028
12404626 249314
12404651 11504
12404652 223038
12404658 90876
12404679 5972
12404680 67457
12404696 134455
12404699 144894
12404700 263022
12404703 22480
12404706 2952
12408947 140297
12408950 58139
12408953 95414
12408958 176783
12408959 83216
12424016 7872
12424021 575069
12424022 447731
12424023 312187
12424042 100076
12424043 76502
12571763 76606
12905853 68180
13142183 57265
13147845 71119
13255956 320517
13256255 267669
13256260 110298
13259993 237285
13948145 28692
13949648 62475
13994317 61498
14279055 5920
14884491 125545
14948101 147168
14960173 264529
15032740 11157
15201747 217601
15331704 469806
6432004 12424
15499706 325871
15570945 91736
15616588 14797
15621700 106411
15636113 67630
861842 584715
15684880 129708
15718294 114260
15767856 122515
15777097 42853
8339301 386455
16002522 222411
16003182 304829
16153514 200002
12402051 64794
16185993 97529
10171530 5701
16215391 61977
16218518 349476
15186424 129243
16260683 240967
16276248 268695
16284439 28453
16306002 11022
1612448 42941
16330784 92221
16355954 179831
16357427 18771
16364833 288618
16395917 378485
8943939 77982
16417595 132388
16448201 69400
16458374 33890
5685259 495
16481675 339693
16506668 17659
16523157 48548
8412969 139571
16586566 246913
16607256 126786
16616841 143851
16619186 11708
16786817 23811
16981673 598402
17048818 315360
17049711 224290
17153860 167860
3424474 3025
17929520 3208
17971306 44744
17984380 767201
17985575 277889
18061753 14640
18385859 22661
18439383 33910
18471415 82241
18531224 161914
18669461 84657
18740562 128949
18843992 59572
18868721 216040
19001122 381103
19009539 27823
19033902 76689
19128785 295150
19199850 78435
19241889 130118
19242742 93117
19242901 290295
19242913 25034
19242929 75154
19242933 131522
19242944 18754
19242945 237681
19242946 148594
19242967 11971
19242987 232583
19242994 19027
19243005 74296
19243009 166114
19243018 101381
19243019 260519
19243022 327598
19244231 433963
19244244 333825
19244259 80646
19244260 648412
19244261 257819
19244273 59867
19244292 50299
19244300 622762
19244314 82710
19244315 231496
19244316 259747
19244321 136835
19244325 148689
19244330 4317
19244336 29168
19244343 70149
19244346 217996
19244347 201223
19244348 677606
19244349 123819
19244366 48712
19244371 18132
19244387 289570
19244415 20028
19244422 382575
19244425 60006
19244428 16621
19244431 16614
19244432 346659
19244435 10028
19244454 60227
19246975 215302
19248652 133893
19262845 96314
19262851 236248
19262852 279358
19262853 231858
19262857 218755
19299182 149952
19364123 231743
19710819 52732
19941544 26515
19941550 193706
20041982 476383
20042323 100194
20057701 26661
20224527 118114
20392178 189938
20436126 123195
17128839 10383
20921428 123566
21234756 29397
21724906 64851
21734596 17794
21746974 213844
22061735 119184
1622550 44042
22300613 115980
13254648 232716
22375084 71231
22416828 248413
10608771 196540
15913077 34694
22775681 129032
22797424 64823
16487508 281742
22875152 447813
22878646 18664
22885117 16511
22887614 406714
22894097 150271
22904058 193306
22951671 260855
12099718 144484
22957573 610896
22958105 15540
22962047 817470
22966018 334991
22970530 292610
22982053 103568
22989524 879640
23002324 61013
23002704 4620
23007084 284894
23020261 40463
23044406 20103
23062680 145954
23070792 158233
23072214 7713
23084433 7343
23089720 58895
23096543 246628
23099358 71098
23115379 129513
23124146 178541
23126211 242774
23185060 341435
23462121 3152
23729099 131597
23735126 156453
23771635 510648
23967379 123925
24024141 20833
4058512 689703
25127196 119662
12069031 228329
25271654 442341
20456064 34422
9404815 242649
25712348 344563
25721954 358744
25756464 480001
25756468 91183
25756475 32790
25756479 18452
25756482 395348
25756487 219608
25756503 134055
25756519 80677
25756536 137157
25756543 728047
25756551 59228
25756552 328241
25756556 45125
25757767 18197
25757770 433903
25757771 37503
25757781 102189
25757783 138247
25757792 410345
25757796 786239
25757799 135734
25757807 967440
25757808 302487
25757809 141405
25757821 10646
25757834 61911
25757857 116843
25757858 304801
25757861 237742
25757867 19604
25757874 231722
25757875 228346
25757878 25814
25757879 620973
25757880 58119
25757881 522278
25757886 295140
25757891 147011
25757918 133192
25757921 405744
25757931 48283
25757932 1057890
25757946 142724
25757947 75662
25761441 36297
25762153 40774
25762154 358953
25762156 159447
25762157 656859
25775695 121732
25775696 265272
25775698 496441
25790101 110428
20123038 63781
26201349 542458
26409853 93620
26409858 437154
26499638 128166
26505026 290039
26510266 283803
26765558 48990
26900261 269693
26900280 77526
26900300 328516
27932488 49845
27932509 26525
28065945 251928
28128639 25075
28142254 117228
22938688 17658
1644573 76273
22012445 43830
29034058 133660
11015461 298092
29154991 17748
29158751 175797
29200626 58840
29286984 18482
29293321 346005
29306278 137416
29307520 318894
29309776 118123
29312390 52839
29324851 243676
17129706 307691
29346095 216260
29365450 33287
29370192 239784
29387228 69914
29393730 62920
29395493 792792
29420517 40796
29448515 10597
24198523 134815
29475607 138257
29476719 11278
29476828 184040
29509819 362349
10043856 49889
29598382 306502
29946064 76200
30051555 5926
30065730 298560
30188473 185713
8943938 11267
22544807 40764
30415718 363559
30702043 4575
30789344 233635
30930002 78095
31084268 434839
31147445 330157
31339302 390188
31393122 78317
31684216 252336
31712319 52020
9219652 31113
31821019 95474
31830180 276325
31835528 515407
31926037 23071
31984134 37980
32017014 74673
32025895 161901
32025896 265082
32025918 498307
32025925 77129
32025930 80475
32025946 131595
32025958 97762
32025961 240976
32025970 348101
32025973 347946
32025974 237008
32025979 20770
32027188 217918
32027189 50295
32027190 455810
32027195 11562
32027212 10100
32027215 792643
32027229 12547
32027237 224705
32027253 186179
32027259 223511
32027262 209379
32027272 301619
32027285 29154
32027308 122471
32027313 11130
32027319 50202
32027320 256706
8386201 81629
32027327 34517
32027332 755777
32027335 52010
32027341 49033
32027348 136327
32027356 293318
32027367 28532
32027368 77119
32027376 183985
32031319 61969
32031322 108625
32031323 113819
32031324 92061
32031326 551689
32044326 402694
32044327 87879
32044334 327063
32049001 43190
32052171 27131
32159622 127175
32645727 29731
32645730 163874
32645733 75875
32738448 408334
33009914 281212
33054742 316751
33082353 62522
33121430 49527
33573222 379253
33827303 100190
33829139 66613
33862177 278020
34129197 309953
7944327 129892
34653508 161609
4739453 4081
8059981 84641
971441 5310
35122430 262856
4656480 15519
35280837 307554
35285916 77827
35301779 64238
35303594 46836
35304297 19102
35360307 20077
35366443 173263
35410491 77537
35429263 252407
35446278 221315
35446894 290943
31988577 298624
35473106 113733
35479991 58156
35496244 469526
35497402 876346
35498825 336180
35500848 131961
35500884 229249
9311704 194938
35504543 237041
35511959 195525
35512821 39201
35516636 157104
35521603 70965
35531006 22905
1385007 204362
35559454 240167
35560517 200095
22778545 247708
7076877 22359
35612260 295154
15776766 128506
35629793 61787
35635739 275734
35703036 387026
35757579 87385
36144712 265561
36235138 16424
36374608 123040
36570424 867159
19781336 257243
36897966 62248
36911065 268657
31749391 113620
37344202 495622
37344935 61101
37372129 8503
37524999 251219
37579137 62799
37816221 391417
12232875 66094
37865895 519301
37945901 26019
37996339 20571
38059245 40762
24671939 21192
38100261 224810
38100272 76456
38100286 110609
38100289 60608
38100312 135299
38100317 88007
38100318 280133
38100321 421472
38100350 241734
38101562 568728
38101568 11127
38101570 434487
38101603 32525
22941497 582634
38101625 135745
38101628 34897
38101629 72160
38101644 151651
38101664 49238
38101673 21568
38101674 60165
38101680 197740
38101696 76696
38101707 18738
38101708 97294
38101716 3365
38101717 71109
38101720 269815
38101721 58150
38101727 650037
38101733 318537
38101734 11109
38101743 84185
38101749 108221
38101763 127315
38101783 286353
38101784 282747
38101785 261078
22938687 160998
38101793 348389
38101794 353638
38105743 919002
38105744 454690
38105745 623998
38118143 1039
38118153 209759
38118154 77280
38118155 365065
38118162 442155
38118164 11514
38118165 14798
38134939 147427
15950934 110309
38221078 92045
38685271 196157
38685275 149516
38770200 130687
38773682 126598
39141401 510301
39141410 66459
39143929 216055
39645706 18850
39834711 71753
40124975 413816
40179547 475847
40183914 106644
40282229 911501
40446771 83206
28369430 130883
13159053 103944
31488777 207725
40639112 128648
40731629 284127
1078290 33310
16173668 296757
40779533 80507
40784259 166891
22099663 264386
40837616 558801
40953397 78110
40955175 9855
15315564 133545
21724909 101027
41232903 735460
35031320 40729
29572854 11086
41318357 133
41375959 118694
41377378 423320
41378876 118112
41396542 80850
41408480 131800
23090891 250728
41431392 262115
41436425 45597
41444306 132538
41446413 61295
41447048 130754
17929327 64861
41467378 319251
41478542 43768
41481773 58157
41484915 35825
41485673 57964
41491131 59315
41491166 239389
41491709 157431
41494722 45381
41513333 11177
41521150 403222
41527154 17489
30065620 48856
41551663 77906
41592810 348360
41650826 48305
22539479 164214
41720944 18156
41924669 62463
15185939 18645
42194459 22619
42245649 264309
42337654 100185
42517147 756852
42656781 86924
42820734 58138
42857155 56485
19335245 11863
22984712 78313
43301157 18779
43308136 18741
27925419 91766
43420065 36536
43492023 148732
43555871 134707
43734564 529
43773632 83660
43781757 264022
43850777 176015
43850806 18471
43965831 749679
31676774 135401
44005213 65741
44005214 158260
44005221 271788
44005228 371869
44005238 224090
44005245 49890
44005257 355202
44005283 32022
44005288 44868
44005289 34925
44005315 297970
44005316 24535
44005324 294286
44005325 5187
44006499 498248
44006508 62926
44006518 44394
44006541 273424
44006542 52008
44006543 11405
44006548 11450
44006553 125980
44006554 134349
44006557 89881
44006558 92083
44006565 26928
44006577 282937
44006580 240204
44006592 42822
44006599 278497
44006601 263890
44006602 131842
44006613 45126
44006614 510591
44006615 288826
44006618 64771
44006621 21138
44006624 80686
44006634 125991
44006640 359423
44006643 126411
44006669 8579
44006678 236223
44006685 113605
44022731 16188
44022744 549751
44022745 745404
44022747 40742
44022748 40330
44022755 344521
44106402 85063
44137850 33384
44553278 561887
44553289 45782
44558165 207735
44558525 27718
44639500 106859
44639502 238141
44639755 100740
44639757 142576
44643216 39918
44643232 131133
44854941 18099
44890844 26381
44992173 18134
45000860 335525
45003115 102235
45229211 81433
45534274 114896
45711768 110075
45961624 21745
45988818 228916
46050201 303760
46062279 343341
46103785 19334
46146766 11060
46164269 75910
23649218 39917
46411011 39894
46430785 77813
46460935 38962
980350 593023
46610186 100219
46627920 5927
46690593 40726
12097869 57786
35908217 10744
46789803 75599
24206712 323402
46975755 730194
8261736 2999
47033640 26012
9105687 22570
47103838 72141
47129310 23706
9207637 98560
47196514 314358
47202949 18792
47247988 19327
47249292 43498
47258306 214764
47260915 39032
47262730 254632
47263186 353069
47263365 66429
47267181 178555
47279022 105565
47280836 4667
47289221 230995
47293799 247296
47307721 77719
47311527 782666
47326510 86824
1204716 10758
47365610 129818
47369018 162727
47373380 13491
28699091 151045
47387213 55893
47387342 343790
12922064 24946
47483247 138521
47650585 14796
47669029 26155
47750455 59196
46876882 81985
47782430 62730
47800548 275110
35794579 119191
47961313 551805
47983382 204577
15614887 262892
48574164 257271
48586003 329892
48602759 160888
48627532 263437
1491599 116907
48867180 176160
49116118 225398
49228769 294889
49293602 920271
49543332 239504
37666414 6149
1796967 6054
31762769 645000
49690437 110290
49723085 246670
49731096 312196
49731097 11411
49731098 293061
49731101 132630
49731119 77643
49731128 198386
49731152 18958
49731165 66453
49731166 5000
49731167 29242
49731172 218659
49731175 267348
49731176 282748
49731177 62887
49732418 113748
49732448 110561
49732455 41530
49732469 34310
49732470 99125
49732481 71136
49732492 78240
49732499 134077
49732500 512116
49732503 3107
49732504 148423
49732508 68326
49732509 172795
49732522 62501
49732527 37969
49732528 132649
49732539 83669
49732563 232766
49732580 25083
49732581 266041
49732591 271846
49732596 313045
49732626 438009
49732635 133999
49736285 90326
49736286 200006
49736289 92509
49736290 381808
49747607 29158
49747615 23067
49747616 1384509
49747617 55881
49747618 515539
49747619 64870
49747620 293011
49747638 378709
49747639 128025
50055492 239815
50252305 459599
50252308 71543
50331953 22584
50331970 249115
50335486 211634
50685809 126048
50685823 231956
50688047 176167
50688048 603896
50727170 137557
51494016 95205
51765245 42884
