7598 7696
9415 9484
17015 17119
90467 48990
150780 36447
154424 154440
167835 167860
176057 176168
200277 200294
232060 185126
275721 265463
290013 68323
307506 18197
307506 48337
329194 136948
388944 374118
419606 209267
421452 60134
421452 421472
423955 100195
298873 126969
439312 136996
439854 197064
443603 443633
467355 381124
479815 26826
490180 193311
494265 494315
503877 255714
547459 64861
551871 551921
554076 211622
554076 26936
562677 562702
576216 241825
586855 292610
176090 33941
656205 61013
690680 302436
691381 96329
790766 302487
791372 408157
791596 130537
791596 607097
792779 792792
799999 114244
806686 710843
832709 58421
837122 414653
868047 92560
919084 127160
929521 74715
931063 218362
964337 44837
964416 267031
966099 381115
327161 48352
1039524 208537
1039524 545406
1064169 381808
1115100 313978
1121080 29291
1124244 1124261
1170053 314169
100192 10313
154005 133770
1186619 253069
1210893 73694
1210893 482611
1227813 270690
1264749 51684
1264749 13213
1265121 326164
1265121 89279
1265121 405364
1284656 87385
1294168 232716
1294168 11243
1294168 586253
1294168 447863
1294168 101452
1332978 757756
1332978 128786
1338762 62887
1338762 639607
1338762 233453
1343351 915484
1351155 275984
1369034 39444
1369034 302360
1387879 519179
1420770 12622
1438977 573823
1576985 531075
577915 244867
1660154 224129
1669332 34117
1710208 254951
1718637 18580
1720771 81334
1740622 99070
1771976 28885
1807272 147461
1063684 88976
950149 99130
950149 327063
1902807 511739
1902807 245416
1906409 26381
1907188 866496
1919697 311054
1920324 60668
1953973 16007
1953973 162606
2021718 231956
2021718 153260
2029354 130754
2031094 312410
2075509 224892
2083624 184040
2146033 231843
2181067 120298
2215265 463825
2222310 80298
2222527 288889
2257384 189828
2273879 547291
2295949 480081
2300378 133660
2129377 72264
2321653 239784
2323776 24547
2336182 124052
2336364 225555
2363344 347172
2368558 133521
2368558 514505
2370426 682284
2374876 292228
2386890 113819
2387578 16467
2410826 394034
2477328 112203
2480480 21150
2481273 268231
2482915 248174
2483337 332906
2492336 549767
2494007 573892
2524644 807995
2539132 7042
2539132 436629
2550082 434329
2555417 176745
2576256 729726
2585331 422528
2585643 29312
2621196 301619
2646245 95505
2662159 75154
2293040 101763
2693504 143207
2702570 432676
2705186 115573
2755201 315360
2777622 57907
2791626 121732
2792094 236881
2802820 77643
2818857 1040366
2871306 382726
2901904 137157
2901904 248112
2901904 344794
2977083 48507
2986732 1103553
3037954 55455
3037954 161901
3048676 5394
3048676 616124
3404322 32790
3435580 161853
1392727 732737
3541016 261076
3934227 23706
3950295 92153
3960710 100203
3960710 211955
3960710 60778
4090904 75727
4092815 1205586
4096724 40797
4099220 130191
4182332 62475
4185221 25461
4685504 167259
4766390 203903
4903544 213660
5022372 75994
5022372 56528
5022372 10482
5047292 136367
5047293 425432
5047294 257164
5047296 72018
5047297 137477
5047298 81680
5047299 329833
5047300 343984
5047305 526324
5047306 112113
5047307 249552
5047307 35250
5047537 5047538
5088923 128781
5110462 227574
5124594 300065
5613438 730178
5988423 205530
6257067 204190
6257067 125977
6344434 553711
6344434 568578
6344434 255628
6366255 407911
6385804 264022
6550663 45577
6865103 22603
6888160 270710
7076831 102934
279721 247022
247353 277008
8124458 118011
274689 131522
351315 71975
1312202 83898
368542 603090
8198895 5832
8198895 581549
8212234 1266284
8215715 25967
8226557 61159
8235751 379810
3437895 126967
8322618 7713
315273 278046
759036 353145
875567 213571
872846 483004
2252415 232752
2404813 45752
140787 61787
8346699 212819
3456049 70596
3401655 318255
1087012 11127
8381542 290745
8385640 129827
308766 67526
3318328 627291
8408684 381064
8443872 31013
8443872 138266
349424 11971
8448715 191784
8471116 17101
8471116 251713
8515049 83906
8518895 92190
8526478 192135
1518259 246882
2662172 110157
8577683 83484
8609514 786685
8617948 136377
2772292 214984
2772292 337388
2772292 434537
8631347 136170
8678061 49555
8682136 263300
8704164 247834
8704295 257724
8716373 254632
8723905 443452
8724328 226917
8724328 813184
8725559 212710
8725957 730739
8728453 299237
8759024 183986
8759236 101366
470260 494632
4851075 134368
1601716 75919
8851198 162569
8863740 423221
8870270 72766
8918938 27154
8957358 236025
8957358 132649
8957719 259936
8957719 267163
2985968 461244
8964944 12438
8964944 208157
413995 416895
8968924 143544
8972715 135535
8996825 282794
9018139 323958
9032808 365624
9040164 470254
6376156 77827
9050333 485942
9056337 261188
9085383 145840
9085667 147168
9085667 34925
9102949 189856
2467092 958806
2467092 269791
2129844 411880
5588706 403150
9232753 38048
9236594 1235072
9326918 350990
9326918 144894
9326918 120674
9382914 134553
9434414 697315
8894970 161911
9463410 306161
9463410 303805
9466067 92088
9477056 71063
9498399 19334
9498589 270440
9537003 61950
9565186 297086
9566947 3672
9575360 60608
9592720 166114
9592720 231101
9592720 501124
9658563 289
8489814 68039
9717681 108221
9746248 48402
9775208 125230
9776681 706477
9809447 156473
9835783 11346
9835783 359671
9883905 218755
9884193 379318
9902040 49233
9944998 190587
9948664 205788
9948664 563848
9970460 62730
9975972 136161
10024417 593546
10027308 386894
10043729 60603
10044295 281212
10044938 1672524
10056475 263108
10086565 434839
10099262 86542
10099262 594087
10101739 142286
10114836 495650
10131103 112037
10131134 504642
10140012 1068587
4705090 133062
10151084 658540
10179084 381103
10186945 48271
10187423 48088
10187423 461268
10217371 623998
10227095 1015750
10230165 262856
10239232 515711
10242696 485123
10242696 286909
10262363 327580
10262363 325678
10263809 693795
10282760 128815
10300984 467323
10301644 269886
10321900 223213
10321900 385465
10340228 120659
10340486 10383
10340515 185713
10341309 221253
10367712 192023
10385105 162015
10400821 42822
10469599 228199
10469599 663134
749434 131800
9107771 453711
10517489 19054
10620241 227517
2642175 774123
2642175 410880
10694956 1714957
3063203 559421
10785369 183931
10833024 97539
10915394 213831
10916779 228346
10928794 58119
11303262 643124
11303262 63614
11390791 532561
11547327 63971
11547327 433335
11547327 242136
11547327 134053
11547327 511656
11548480 158233
11599503 109585
11599503 276325
11716664 246628
11738057 769874
12015575 138001
9280667 73923
12282237 171175
12285597 527344
12334475 906797
12358782 188190
12404805 200674
12405825 349257
12405826 34100
12405827 236762
12405828 28342
12405829 11434
12405830 364005
12405831 381997
12405832 22568
12405835 129195
12405836 464720
12405837 109573
12455676 103469
5112633 367140
13638998 127313
13697864 73623
14093492 441749
14945281 426603
14945281 191175
64829 26525
120812 57719
113035 717253
1796014 1306661
1312790 243710
15316004 382723
15326301 640210
4913176 211869
15352412 567276
15354852 320517
1108270 37258
590308 47950
980521 110428
4215456 138360
433384 370351
2738840 190981
8884265 6381
3441830 207954
15483049 61431
15483477 318410
15494650 276513
15498338 237942
15498338 55395
15505657 14796
13111250 568896
15537748 66712
3402614 94666
8637669 41248
15560093 396857
15339957 362746
15568602 560000
15571685 642149
291447 373141
15575813 29501
15575813 318714
15585151 247296
1801476 21089
15620120 41403
15621064 1170420
15621064 186158
15621064 824149
15624076 57265
2215132 347202
3503533 292877
3520980 117223
2697587 583499
15644519 231496
15462239 142277
15666123 20996
15470953 327365
1994209 500995
15776347 110526
15777064 104144
15778546 335533
1892128 118506
7182434 194938
1058932 115507
15831693 213760
2379827 363331
15832747 57722
2188077 18738
15865705 165614
3119888 133
15904452 19098
2339024 42639
15928655 828710
15928655 356375
11737387 134521
11737387 101381
11737387 561887
11737387 398106
11737387 185943
15943436 380886
814597 316391
16008845 306502
16013968 617986
16013968 254134
16013968 734036
16027208 52829
10366638 404004
16065096 61969
16071367 447985
12461348 311791
16073695 33286
316630 36279
16096097 249135
16113935 510301
16114162 127625
16114162 113748
16128706 865950
16151292 239614
16222876 526121
16230998 182614
16241436 235120
951792 110585
16258283 390480
16292083 848649
16293346 191764
16299005 183985
16300568 245969
16300568 91980
2881077 195525
16359184 400673
16387824 157104
16388996 337068
16395652 131011
16412338 467200
16421459 19618
16433440 254059
16459691 355408
16459691 383007
16493057 66417
16516095 71136
16517612 66320
16574159 359789
16581873 92698
16581873 19700
16581873 803014
16581873 84088
16581873 199613
16583213 2478987
1448548 514810
2984307 28355
16590604 600709
16590604 15995
16603155 655661
16641750 60768
9559481 73195
1033619 136627
16675004 3608
16677695 12509
16677695 465282
16677695 800196
16677695 202510
16679418 73492
16741728 22859
3520961 303139
16773880 294636
16773880 506657
16776265 133114
16783747 786239
16783747 292166
16786479 368379
9772525 34542
16805139 251659
16895550 241468
16895550 55893
16895550 109966
16895550 650037
16902726 68665
16902726 68370
16902726 78662
16939197 61292
16939312 143851
16939826 244543
16980939 100206
16983839 110960
16986708 236251
16991397 126785
16995102 194629
16995367 584715
8098962 14184
5024987 447360
17008237 48281
17008237 45597
17008237 316751
17008237 40785
17015602 52844
4170700 266782
17020470 417626
17020922 5372
17065625 65633
16395656 193351
16395656 270451
16395656 34460
17081015 422441
17081015 138973
17081015 112536
17081015 257149
17081015 429659
17081015 49482
17081015 90876
17081015 137557
17092953 136928
16987408 151893
17129084 270297
17133379 254367
17137138 983267
17140197 493211
17187139 6053
17256540 428266
17262909 110103
17269307 478274
17276016 471143
17297784 438928
2573358 1323692
2573358 49281
17357500 266655
17371307 160674
17395430 257441
17400059 130368
17406822 407900
17509786 42853
17835622 18156
17930234 276933
17949225 628886
17962645 137285
17962660 339693
17983024 264209
18426980 456274
18427272 252254
18428762 340061
18428762 103697
18436173 11504
18438464 13806
18438464 432632
18600490 45125
18629976 475757
18831394 111002
18831728 81789
18836997 74716
18858712 22666
18876989 22480
18876989 769787
18984950 151470
18988884 299666
19075133 671144
19245713 281742
14635247 617581
14635247 251982
19245717 59608
19245718 189938
19245719 271788
19245720 147131
19245721 309024
19245722 88943
19245722 440744
19292832 1147922
19292847 400338
19292848 170157
19312883 11362
19914706 369349
19914706 74905
20319123 330484
20441048 582356
20504021 296757
20716489 242649
288831 304070
781345 280471
21953991 671856
290991 50299
382631 515602
382631 314023
3818033 231490
2588528 92544
2588528 240967
1193118 103037
178704 62127
2964154 1073481
1158320 100355
1412813 320631
22006147 71158
8633592 8579
22025485 697765
22039468 602887
22044672 48473
134686 148717
22086918 215702
351302 996107
1086649 24887
1208687 26019
15893291 173973
14930425 275091
1248415 155364
2305813 387295
205589 253935
980522 575069
1821755 112529
11186305 16636
976393 37079
1100532 44215
656410 131331
22154724 1156942
15574726 12437
10285421 308424
22202204 48330
22210396 245231
342507 134337
771217 196047
799111 246497
799111 172140
22228772 254573
17490733 143826
17490733 15451
16160183 697091
16160183 165118
1104767 129237
1104767 214794
22250915 61827
22164652 48449
7796743 235322
7796743 89374
7796743 574449
22286428 325871
1576428 622645
22326533 181253
22332881 443532
22338128 1702201
6894938 444144
22353064 127506
22354924 328516
15483459 278982
8710657 649989
1190545 231041
21088804 172141
3384794 91686
22421265 307449
11662792 568728
1515510 119725
1515510 310679
292554 51081
22448264 501875
22523809 18170
22531033 142769
7297028 131524
22536988 683913
545252 351781
7748588 127060
1984254 497859
1984254 225532
22620371 290039
22636102 343099
1970438 66081
19093790 269693
22680593 86279
22684834 4179
15961145 252407
10748847 916500
16442224 652512
22727784 139275
10756743 969933
17860829 753933
17860829 66168
22756358 133987
2129644 294786
22784369 481741
2635708 132910
2635708 228332
2635708 484691
1968109 681192
22789510 498581
22789510 3100
9871571 66076
22822232 236248
10245647 240612
22868039 95827
22881289 23056
22881289 126155
3520955 93792
1271619 26567
2404159 428063
22965118 129697
9605605 650444
9605605 10758
9605605 118496
9605605 726993
22967764 1032629
22996021 559929
1542350 1384509
23018675 218639
23029803 47340
23029803 11267
23065113 926729
16673152 813960
19390064 135141
19390064 1110032
19390064 203914
23106353 134455
4647414 129030
16791314 365566
23122144 265051
23166787 524810
23172767 767201
23193645 250241
8943052 243820
16796032 782338
9671638 423725
23241825 476152
23255928 17715
1816607 495180
23285855 385581
23318057 498307
23353359 45743
23354430 129341
23376631 298092
17399676 615519
23459214 693538
23462170 115776
2201072 67570
14890946 224309
23492496 165997
23500764 450601
1985296 28453
23543316 308571
23563238 329429
2466616 93623
2466616 111412
12282240 405824
17481453 59010
17481453 102138
23573454 1118549
2984451 30238
23591051 1683556
23622244 22584
23625891 57272
2757366 2392
23637133 10100
23660562 153198
23672532 106859
23690654 35151
23697928 62660
23699443 871054
23714664 67523
23730259 218158
16798992 393353
23737310 87784
23757401 338202
23757401 1056840
23757401 19327
23757449 255965
23762821 249438
23762821 618120
23793447 318598
10245648 354035
23840571 243513
17145166 28692
23863378 807328
23863378 915474
23893567 160319
23897244 94344
23897605 16621
23897605 255725
23897605 400588
7479808 67272
23936087 246913
23940555 224162
23957670 92066
20392973 230518
10514680 665049
23986967 132378
23987910 70677
23987910 1022694
4224860 132886
4224860 171135
8883623 158202
8883623 125545
24118391 229098
24121625 63262
24121625 407256
24129080 28790
10236972 480966
24135033 126672
24135033 599929
24185497 73511
18525744 293473
18525744 158599
24396041 13044
24399136 21309
24399136 288826
24479169 112411
24521822 83614
24521822 156706
15219401 65318
24970529 77813
24970529 397629
24970529 233701
24978553 200090
25137510 140219
25281909 93563
25293667 429301
25424220 29447
25540046 493421
25578519 48520
25643201 247968
25759316 338006
25759317 5315
25759317 63689
25759319 187607
25759320 33890
25759321 73316
25759322 115547
25759322 271400
25821785 448141
17015323 34900
26415768 128926
26708710 578339
27231698 162218
27270718 402945
27317431 100740
25069572 144783
27491289 33287
27491299 142618
27491299 5195
28225874 206743
28225874 592417
28276883 1455160
144681 272659
284777 72500
3160204 123958
3160204 488542
962904 261240
8638207 48295
28409692 196059
28417072 274166
1557804 33220
88820 1397188
28441334 126550
291078 128382
691850 115013
9701694 331542
205596 130880
205596 59843
1946314 288042
6542018 218638
73112 257048
145129 198728
9635201 651826
28508963 129679
2644826 165643
215173 66863
1224969 701446
16141535 417108
28544449 198386
2073554 63552
7327474 179831
18914802 123808
21921202 1899
22402911 91635
16064437 228654
2401085 200665
28583420 109622
28583661 14193
28592181 289950
28592181 144759
656938 9778
28611397 5601
7796282 91240
8452178 275734
28616787 432665
28616787 137396
1159791 44513
28633827 20457
1443714 433417
1443714 585219
28640371 22888
28640371 72168
28640371 114163
28642509 40796
7517601 239455
2130220 255653
14934576 255836
14934576 139773
14934576 189
14934576 144838
7944812 819771
28696105 49197
22507179 475981
12107758 21139
28713187 238947
28716026 115622
28724856 290295
18383318 140663
8514272 61900
28829649 459599
3472619 734765
308745 67365
308746 972904
4206274 128108
2686201 848429
28867889 76502
28903275 428931
28911311 137853
28911311 254404
2076175 134452
28928564 1117924
339135 263922
28947318 34142
28972818 4762
28972818 394094
28972818 148564
28972818 808275
22140132 240188
4309572 94581
4755311 532941
1966400 137571
29058645 228326
29058645 426381
20420827 49527
1994909 391066
14928900 103974
29125108 137087
3006478 64851
13140488 224957
29161996 390188
29194754 387378
29228355 115023
29280983 496888
8901890 265740
8901890 204663
2463409 130800
2463409 435661
2463409 102933
29370281 66419
29370281 300606
29377350 354289
4229676 137691
29425067 126124
25002552 45750
29496798 368163
17500104 73449
29519490 284128
29529333 630756
29538975 65765
4758617 355525
29582769 131243
29582769 34930
29585102 205507
7339605 120184
1541112 303989
1376732 96627
29111549 339780
691856 450407
29660057 249929
1891922 483163
18386291 106644
29745581 85360
29745581 413555
29812504 151114
29815996 262115
29817624 447731
19185779 231337
29830688 217574
29840232 25083
29885169 127078
29889715 269869
29900662 11514
22307508 624462
8787802 232765
29925049 81722
29933576 229627
29937433 151424
29956031 198212
29961262 238937
29961896 78260
17068094 253095
29965208 280031
29966347 458959
29967443 637414
29973026 4554
29988833 576201
29992894 883973
2888216 367299
30049619 108626
30050106 362384
30052616 74682
30053179 216051
12113419 75662
30069119 125534
21920702 607403
30088549 75149
30093718 790957
23331766 130268
23331766 18629
16992552 277415
30134651 358953
2423079 44485
30178859 7733
30189967 68335
30221511 13196
30222507 4656
30222507 131033
30222507 26928
30222507 345510
30222507 408205
30222507 132740
30222507 97356
30222507 184539
30225606 145954
5047304 129831
30259326 76827
30259326 263693
30307117 68613
16927823 121628
30330708 598402
30333282 100199
30337345 164214
30345773 224631
30368036 335525
30369087 135734
30429827 238171
3404401 381550
10237030 258108
10237030 66669
30710935 173378
30802041 434788
30802041 92680
30819303 382224
31268690 205513
31270503 20355
31270540 1592522
25014954 87342
13621331 110340
31354883 347939
31357834 224776
31422806 75856
31458270 290943
31645471 294644
31659307 882508
31739969 748437
31753566 382907
31785998 77129
31788207 137507
31801538 92107
31815683 248348
31818085 354267
31818276 284973
7290104 451315
30393195 301602
31896113 19758
31922326 66126
32028570 118114
32028571 142933
32028572 147011
32028573 956337
32028574 20051
32028575 33668
32028576 217601
32028578 240247
32040639 194612
32040639 46048
32640298 682196
33015334 43684
33524846 561155
33580503 351816
33637822 173757
33678736 1291999
33678736 82970
33678736 3524
33707505 405018
33707505 354920
33717229 285098
275256 220205
8115234 249607
274303 149952
8955067 864956
799112 56636
15691374 32525
1087064 561777
34612944 94654
28972451 110218
768757 134055
2072463 62451
2072463 1025645
1385417 43190
15801254 228916
822152 91873
3818097 75976
8928997 40762
15182417 243339
9412298 125486
2757624 537900
34766996 859426
9951236 923570
1154103 300028
1154103 264549
9359310 438009
1878014 379658
15791588 24378
34797691 130414
1085539 254081
13116494 844720
28989556 933709
28989556 114095
34819502 254605
246297 9679
1462852 379474
1136564 52839
1086143 26532
17447712 56187
16279680 626787
34879094 477866
4119719 225660
6808471 5748
9632205 130700
742380 241371
34929955 354640
14935158 62365
24047117 218385
638088 83619
5824367 128025
34988392 225144
34988392 843110
18542411 178664
1400594 541261
894281 591308
15507719 25456
15507719 286351
15507719 227055
15507719 66613
35005509 515556
35005509 1099899
35006207 1128750
35006310 347946
339137 50104
35019930 233341
4851269 65188
4851269 229619
23261673 491455
23626150 251484
500374 71978
35074695 92083
35080576 78615
35088578 247708
35088578 26012
35088578 429021
1726724 159918
15969935 125989
34247688 19604
11027894 331431
29203831 22792
820615 604927
2222546 114290
35187815 206837
35190772 60656
8642979 265456
21910717 71706
3197157 269828
17390529 120669
13120236 44452
741001 138816
726385 126866
1158323 24611
16444094 131130
22256175 59228
22256175 49891
35269576 223272
17690284 286592
35299391 515407
4127796 921539
854078 1057753
35347307 18483
17497915 258251
35360965 484396
14890368 48856
18849592 87347
35387867 1678472
35415485 873637
35431637 1229710
35440394 41501
28809616 22023
35549370 268695
35615555 413816
35642735 60671
35656591 691854
4024699 802798
15296987 883994
35703650 240204
35719306 654253
18484845 177938
35739521 269473
14076434 215837
14327251 562104
3059786 82897
1972763 357072
35800800 33776
22140877 125991
35847458 199623
1975701 68372
35891500 728047
35891670 21856
14345609 18611
35924880 20454
35927569 185984
35946378 35946384
13540703 808308
16663943 941878
16663943 62239
22577058 29552
36052254 409280
36052521 78739
9162443 524774
36059652 495622
36067297 365572
36079893 846105
36081549 484060
12092411 210385
36107677 555563
36108641 1066427
36128999 14346
33659808 476383
23954456 321257
36160169 129007
36160169 567770
36161925 801087
36166222 82710
36166222 21568
36167405 391546
36175790 135745
36175790 10481
36183897 36270
36189603 110520
36190262 230995
36190262 724749
36190262 813671
36199604 198040
36228658 2412137
36238928 365024
36239724 382708
36275830 34310
36297563 483434
36297563 174259
36297563 249439
17180256 355203
36312959 224705
36326027 405744
9853381 338854
36360547 476349
36362733 867
36394385 122358
36425570 303990
10559188 119191
3030726 485114
26390605 12042
36462881 469859
2291880 70627
29247234 194110
15999800 13491
15999800 298147
36731388 290967
36731388 328771
36818147 29168
36912511 183422
36926299 48441
36926330 13332
37034930 126048
18403788 3735
37187330 245433
37226212 51211
37339835 200866
37363358 132242
37363358 211888
34512975 82241
27913744 367871
37790346 283398
38000041 448139
327163 117422
5022374 54219
5022374 323078
5022374 10480
5022374 93049
38103012 4562
38103013 610527
38103014 79789
38103015 446442
38103016 231714
38103017 1177604
38103018 1313509
38103019 364340
38103020 143854
38103021 126786
38103022 18472
38144358 52000
38160172 278483
38162471 413618
38206942 166354
38440444 128207
38650155 699370
38688826 252101
38809777 452265
39048160 309953
39053640 76626
39056740 479411
39126728 226205
39500747 191181
39682985 58830
39035641 771203
40194338 66071
40194338 127662
40194338 370762
365099 425622
979155 124005
406795 62374
40551023 874463
40551023 20223
247445 11405
247445 498294
378689 174484
109716 58152
4915784 373376
40603385 216260
281792 435741
281792 621560
4606313 136835
281078 76696
281078 360913
40679310 204562
378692 145293
585812 366452
585812 359841
901262 180363
901262 18116
4081470 808209
2579991 103768
369251 209092
369251 517361
34948283 128166
5115719 164340
673100 71499
36568145 1003438
5215768 599935
8316228 72289
18952647 97080
2882324 1026394
2882324 469164
9599179 20103
8758489 328241
8758489 166900
10498003 1093530
18953191 90688
2668471 274192
40810828 83207
40843340 49209
40843340 403027
40843340 420981
34255624 35849
7809176 159738
7797370 33641
327162 91183
1994210 132169
1994210 22448
28056034 60908
35752277 919897
40906303 516042
3929142 274265
3929142 980448
3929142 126046
40964870 33901
8934072 5721
454630 463561
25152567 117090
40981700 299541
545245 259159
545245 1151900
40988442 224966
2004158 233019
14890995 539816
3094245 164505
41014979 58872
41014979 123373
41014979 224191
41014979 550189
41024223 267566
18522556 74472
18522556 91180
30259339 197740
41078887 260662
22630613 257463
30263550 108210
4477857 135537
12484102 395348
41110329 397397
41155262 118560
16054674 119662
17499229 585484
17499229 129896
17499229 23947
14891066 127729
41190261 313062
41190261 852797
41190261 306497
2336534 240193
12469367 83197
41219295 39168
941920 60597
5224849 47625
41242034 20867
41242034 34200
2997319 108217
2997319 647112
41291686 677253
41291686 20648
4685175 13590
41339971 123689
5217520 212659
34244181 336422
4699944 79920
34828359 689698
24445067 156461
41456705 410346
17257544 209550
41513298 133999
19726507 277897
29629875 467641
3520950 132646
1095661 93147
41655916 326611
2062730 562122
17473543 510734
10540860 241329
10540860 98960
41778986 137010
30557738 162613
41799456 405046
41823161 72141
10653774 249868
5015521 733714
8482654 479534
41845014 69400
41859137 164747
36898498 26634
41900915 102760
41927232 319623
41982763 151457
41985127 274220
19093791 83227
42016517 442654
42036078 393890
42047186 628988
42053348 38240
2920989 255319
29978992 379287
29978992 1461507
42063456 368484
24123552 8475
42064966 203427
42103372 273661
42103372 311241
42106907 962054
42106907 390414
42106907 441639
42116699 303760
42116699 359249
42116699 802004
42122950 64878
42129517 250231
16673151 404216
42145067 172937
42145067 407963
42147531 231957
42147531 681701
4671863 135248
42163457 904496
42164988 316298
42164988 653453
9942474 296486
42172340 26585
42190476 63975
42203734 127622
42218362 293318
42224057 74296
42239636 65909
36481620 408287
36481620 27690
36481620 531230
25136243 265752
2992317 3208
42264829 110922
24127071 754225
24127071 439302
36071794 568766
42334802 444893
18639687 271426
18639687 86300
18639687 437335
42368279 158814
42371247 32022
42375751 195154
9999296 59781
17068093 101670
42430194 606372
42431327 54939
9138611 143248
42446961 118023
42458860 361169
30330501 178564
30330501 147427
42493626 181729
42495066 36706
42514554 356196
15934950 720493
15934950 239389
15934950 254406
15934950 288711
15934950 48274
42726129 13547
31801059 575457
31801059 423037
42744752 130308
42821493 134350
43259497 29762
43259497 137082
43267903 250728
19390045 485442
19390045 393315
43276537 132538
43336386 70149
43346762 89059
43362413 556194
43443099 253148
43724354 247947
43742396 13295
43742396 171093
43763613 108086
43808321 483007
43813895 64912
43854742 222744
43906874 37908
44007997 962202
44007998 487288
44007999 574372
44008000 71873
44008001 337061
44008002 261238
44008003 542663
44008004 71121
44008005 56989
44008006 437154
44008009 59867
15934951 260149
44008010 1126696
44065023 467146
44066093 176167
44066094 432243
44107650 923949
44107650 998663
1108272 96300
45241707 133909
45309785 71447
45348873 61101
45531282 318537
45531282 178556
952496 139193
567130 489455
720555 245859
12336170 104731
1059351 532276
2245866 8921
588120 11137
7751199 27131
7290838 278365
11352100 134608
9407461 163874
9407461 166640
1818536 125980
1546764 2952
2772319 663585
1045599 549751
1045599 110625
303736 73314
46554384 125454
21113661 523510
21113661 93620
439881 325284
1821133 875717
1821133 128928
7748737 130083
4906677 237008
4906677 253045
3159813 911501
176088 251059
10346150 338199
46599730 128188
3430217 405131
1557486 209708
2548894 34119
20101653 1522676
1946869 84608
1946869 653234
3510673 438064
46664577 136658
1233818 44816
2245799 173077
2245799 232790
2618901 133904
2618901 84864
2618901 59836
2618901 298537
2618901 161963
168467 944980
23808656 260362
23808656 322753
30033052 148423
28056225 302358
28056225 359319
638002 601783
1501662 201249
46819961 82627
1442840 354596
2037028 403222
46882438 589470
1521042 330423
4699947 39594
46917205 169822
2091777 448840
43283752 156069
35127711 119178
3445342 390303
47010605 788536
1083255 340860
670875 325982
670875 98862
47071980 529628
23155529 103423
23155529 245637
23155529 699955
26384214 345310
205591 164458
47114853 501809
47114853 480672
375302 3107
47183065 129353
47186538 423320
47193546 67405
1565637 759610
7793565 445228
47230688 665950
47230688 224939
47260608 229942
47267627 152636
47267627 267084
2983802 66459
47295594 1256509
7794936 123232
47312690 576361
47333166 52020
9637282 134446
40779034 424689
47457732 12421
47461506 86507
47463919 18716
47471027 98389
38889408 468608
23069641 161609
23069641 125608
23069641 192154
23069641 172819
47554763 645491
47554763 262892
37895076 85009
47596078 791582
3520962 123505
3119889 255373
47731480 74238
29942630 73193
2554899 217627
47760525 264309
12220209 267076
47766240 103628
47766245 222071
10740448 888737
10740448 632724
22448795 503733
47781897 130146
37758080 905351
37758080 48831
47805266 1406009
47819665 59202
47819665 371869
47819665 481124
47819665 913076
2293745 60178
47879540 42668
47881036 222054
47887712 104862
28691118 93618
47889249 1052545
47902006 59217
47911255 460373
47912779 12424
47928132 1026552
10008355 3452
47942961 20038
47957307 106890
13936102 555768
47965045 615838
47994886 300253
47995997 101426
48014176 284894
48014176 25962
29672019 1115685
19278955 40886
48039118 74461
48039799 245435
1251930 178351
48067248 744412
9783970 66698
9783970 252018
2984308 309107
48154312 29397
30023595 733132
819058 148587
48190581 306787
48192378 148960
17196213 249812
48240525 207873
48261006 507242
48261006 24939
48274277 34392
48274277 456849
48274374 37969
48309577 132537
15718566 136145
48502415 59601
48502415 277206
48502415 133705
25504954 423755
48574967 304881
48602058 120663
48610360 359926
29187541 60834
41871940 441748
48872021 88278
49021501 2531678
2083789 43177
31922996 37801
45581753 1146650
10611272 687561
49374682 201107
49635486 555889
49733790 348660
49733791 23535
49733792 635385
49733793 522896
49733794 692017
49733795 764618
49733796 223038
49733797 151021
49733798 588240
49733808 44042
49733809 237681
49733810 549310
49733811 140297
49733812 73422
49733814 425825
49733815 119184
49733816 158697
49733817 137282
49771554 113606
49788536 775501
49841459 60631
32172327 233769
50061618 508229
50098649 3167
50251858 45877
50605983 461764
50689506 243872
50999379 42035
51699497 147969
