167250 167258
175423 175428
184876 184884
200607 200615
854593 854599
857081 857084
1035022 1035027
1107992 1107999
1153879 1153884
1215920 1215927
1240555 1240563
1286997 1287004
1289448 1289455
1291649 1291657
1293058 1293063
1340474 1340480
1346852 1346860
1350202 1350209
1350531 1350534
1411500 1411504
1416175 1416182
1433243 1433248
1487815 1487820
1593170 1593175
1635064 1635071
1916336 1916337
2510890 2510891
2521555 2521559
2646744 2646749
2828545 2828546
3133987 3133989
3902599 3902602
4134807 4134819
4211153 4211154
4226294 4226305
4321196 4321197
4338399 4338400
4372827 4372838
4681547 4681552
4688174 4688177
4759493 4759498
4793831 4793832
4798653 4798658
4850879 4850880
4850964 4850965
4872397 4872398
4988728 4988729
4988741 4988742
4988743 4988744
4988772 4988773
4988778 4988779
4988787 4988788
4988791 4988792
4988818 1986103
4988831 4988832
4988850 4988851
4988869 4988870
4988881 4988882
4988888 4988889
4988890 4988891
4988892 4988893
4988909 4988910
4988927 4988928
4988942 4988943
4988958 4988959
4988977 4988978
4988990 722047
4989051 4989052
4989091 2825011
4989108 4989109
4989112 4989113
4989172 4989173
4989198 4989199
4989206 4989207
4989261 4989262
4989288 4989289
4989383 4989384
4989385 4989386
4989393 2022872
4989421 4989422
4989443 4989444
4989454 4989455
4989485 4989486
4989506 1542498
4989539 4989540
4989551 4989552
4989566 4989567
4989570 4989571
4989609 2504344
4989615 4989616
4989617 3638877
4989694 4989695
4989696 4989697
4989702 4989703
4989708 4989709
4989715 4989716
4989733 4989734
4989740 4989741
4989742 4989743
4989763 4989764
4989770 4989771
4989788 4989789
4989796 4989797
4989813 2882976
4989859 4989860
4989871 4989872
4989890 4989891
4989927 4989928
4989943 4989944
4989965 4989966
4989980 4989981
4989986 4989987
4989998 4989999
4990002 4990003
4990014 4990015
4990020 4990021
4990036 4990037
4990084 4990085
4990090 4990091
4990109 4990110
4990114 4990115
4990125 4990126
4990130 4990131
4990151 4990152
4990163 4314050
4990248 4990249
4990301 4990302
4990352 4990353
4990368 4990369
4990392 4990393
4990418 4990419
4990430 4990431
4990523 4990524
4990536 4990537
4990689 1967323
4990699 4990700
4990709 4990710
4990726 4990727
4990748 1844357
4990751 2005144
4990754 4990755
4990760 4990761
4990777 4990778
4990781 4990782
4990787 4990788
4990789 4193117
4990790 4990791
4990792 4990793
4990794 4990795
4990796 4990797
4990798 4990799
4990800 4990801
4990802 1994314
4990803 4990804
4990805 4990806
4990807 4990808
4990809 4990810
4990817 4990818
4990819 4990820
4990821 4990822
4990825 4990826
4990827 4990828
4990829 4990830
4990831 4990832
4990833 4990834
4990835 4990836
4990837 4990838
4990839 4990840
4990841 4990842
4990843 4990844
4990845 4990846
4990851 4990852
4990853 4990854
4990855 4990856
4990858 4990859
4990860 4990861
4990862 4990863
4990864 2904664
4990867 4990868
4990869 4990870
4990871 4990872
4990873 4990874
4990875 4990876
4990877 4990878
4990881 1799119
4990884 4990885
4990888 4990889
4990890 4990891
4990892 4990893
4990894 2236176
4990897 4990898
4990899 4990900
4990901 4990902
4990904 4990905
4990907 4990908
4990912 4990913
4990914 4990915
4990926 4990927
4990928 4990929
4990931 4990932
4990935 4990936
4990940 4990941
4990942 4990943
4990945 4990946
4990947 4990948
4990949 4990950
4990951 4990952
4990953 4990954
4990959 4001953
4990960 4314384
4990961 4990962
4990977 4990978
4990980 4990981
4990984 4990985
4990986 4990987
5011432 5011433
5011434 5011435
5011436 5011437
5011445 5011446
5011449 5011450
5011451 5011452
5011453 5011454
5011460 5011461
5011464 5011465
5040774 5040776
5085692 5085693
5111736 614495
5120871 5120872
5618861 5586771
5671787 5671788
5790784 5790785
5790788 1727701
5854016 3569088
5865311 5865312
6255442 6255443
6308645 6308646
6308647 6308648
6308661 6308662
6308663 6308664
6308668 6308669
6308670 6308671
6308672 6308673
6308674 6308675
6308676 6308677
6308678 6308679
6308680 6308681
6308682 6308683
6308684 6308685
6351058 6351059
6365748 6365749
6413525 6413526
6413530 6413531
6413623 6413624
6413625 6413626
6413627 6413628
6413629 6413630
6428692 6428693
6459764 6459765
6459774 6459775
6716874 6716875
7029919 7029923
7090768 2548748
7159990 7159993
7162139 7162144
7178493 7178494
7182989 7182990
7182993 7182994
7182995 7182996
7182997 7182998
7182999 7183000
7346072 7346076
7541249 7541250
7541251 7541252
7541257 7541258
7541259 7541260
7541266 7541267
7541274 7541275
7541276 7541277
7541278 7541279
7541280 7541281
7541282 7541283
7541286 7541287
7541288 7455537
8136323 8136324
8245692 8245698
7563493 8245717
8252528 5404753
8271499 8271506
8364712 8364721
8523866 3203056
8613765 5918124
8620643 8620646
8759221 8759222
8890033 8890038
8890539 5918175
8897381 8897388
8910851 8910856
8953884 8953889
8954488 1365884
9013207 8001587
9045218 4588994
9068711 9068720
9069748 9069751
3123903 5913327
9108693 9108696
9123205 2665854
9149079 9149086
9207746 9207754
9208235 9208240
9284420 4314042
9440008 9440014
9555727 4316782
2064271 9634532
9915173 9915176
9965040 5749031
9970581 9970582
10017431 10017432
10096484 10096487
10193350 10193353
10330702 3924336
10376746 10376747
10468825 10468826
10834707 4318321
10916851 10916852
10920907 10920908
11185133 11185136
11487264 11487266
11495995 5880692
11496879 11496883
11538244 5930645
11601681 11601682
1751100 2038925
11617739 11617740
11618128 5325075
11666095 11666096
11713502 11713513
11716695 5880674
11894292 1065663
12001134 12001141
12076938 422691
12104723 12104728
12132249 12132254
12218264 10489651
12223357 12223360
12354299 5313091
12354365 12354366
12354388 12354389
12354392 12354393
12354405 694554
12354462 12354463
12354505 12354506
12354539 5883026
12354546 1140970
12354569 12354570
12354597 12354598
12354611 12354612
12354617 12354618
12354647 12354648
12354656 12354657
12354685 12354686
12354691 12354692
12354702 12354703
12354719 5927903
12354757 12354758
12354760 12354761
12354766 12354767
12354810 12354811
12354838 12354839
12354845 12354846
12354864 12354865
12354870 12354871
12354905 12354906
12354912 12354913
12354963 12354964
12354994 12354995
12354996 12354997
12355002 5880636
12355011 2297987
12355067 5880668
12355072 5880672
12355087 7033664
12355127 12355128
12355136 9487338
12355159 9305765
12355173 12355174
12355176 12355177
12355197 12355198
12355205 12355206
12355221 12355222
12355223 12355224
12355232 12355233
12355275 12355276
12355282 5926071
12355322 12355323
12355327 12355328
12355367 12355368
12355378 7439568
12355387 12355388
12355399 12355400
12355450 12355451
12355464 12355465
12355481 12355482
12355528 7007545
12355573 12355574
12355575 12355576
12355614 12355615
12355622 12355623
12355652 901904
12355684 10523024
12355769 2078761
12355778 12355779
12355816 7380344
12355825 5880607
12355851 6899896
12355857 12355858
12355868 12355869
12355873 12355874
12355925 12355926
12355941 5918214
12355976 3220521
12355997 5444242
12356009 12356010
12356017 9960318
12356030 12356031
12356061 5926055
12356083 3221149
12356091 12356092
12356095 12356096
12356099 7359287
12356100 5956166
12356109 339102
12356114 12356115
12356119 12356120
12356121 12356122
12356123 12356124
12356127 12356128
12356129 5453361
12356130 12356131
12356132 12356133
12356134 12356135
12356136 12356137
12356138 6833739
12356139 12356140
12356141 12356142
12356143 12356144
12356145 12356146
12356153 12356154
12356163 5880698
12356164 12356165
12356166 5298365
12356167 12356168
12356169 12356170
12356171 12356172
12356173 12356174
12356175 6338322
12356176 12356177
12356179 5927925
12356180 6437994
12356181 5260726
12356182 12356183
12356184 12356185
12356186 12356187
12356200 8830070
12356201 12356202
12356203 12356204
12356205 5924168
12356206 12356207
12356209 12356210
12356211 12356212
12356213 3246832
12356214 7442807
12356215 5913319
12356216 12356217
12356218 3987505
12356219 12356220
12356221 12356222
12356223 12356224
12356225 12356226
12356227 10738270
12356228 12356229
12356230 5918167
12356231 12356232
12356236 5960896
12356237 12356238
12356239 12356240
12356241 12356242
12356243 12356244
12356245 5881861
12356246 8494075
12356247 12356248
12356249 183474
12356254 12356255
12356256 12356257
12356258 12356259
12356260 12356261
12356262 1069846
12356275 12356276
12356285 12356286
12356287 12356288
12356289 12356290
12356293 5236420
12356294 12356295
12356297 12356298
12356299 12356300
12356301 7426236
12356302 12356303
12356304 9451635
12356305 9553356
12356312 11743183
12356330 12356331
12356332 6296918
12356333 12356334
12356335 10522642
12356336 5880662
12356337 12356338
12356339 12356340
12356341 12356342
12356343 5361236
12356344 12356345
12356346 12356347
12356349 11994112
12356954 5402321
12374453 12374454
12374455 12374456
12374460 12374461
12374474 10743319
12374476 12374477
12374478 12374479
12374480 12374481
12374484 12374485
12374486 4651148
12440645 12440646
12463933 12463934
12465567 12465568
12551648 12160442
12899518 5924141
12922945 5947745
13259993 7363069
13261686 13261687
13267641 13267643
13556553 13556554
13556557 13556558
13556559 12639341
13556560 13556561
13556564 13556565
13556566 13556567
13556568 11342199
13556569 13556570
13556571 12081803
13556572 5291502
13556583 9338421
13556584 6406194
13556585 5323858
13556586 13556587
13556588 13556589
13556590 9907986
13556591 13556592
13569571 512204
13596068 6438786
13596069 13596070
13652928 13652929
14113794 5930627
14266843 14266848
14364861 14364862
14364865 14364866
14364870 13232021
14511482 14511488
14664834 14529267
14697961 14697962
14697963 14697964
14697965 14697966
14697967 14697968
14697969 14697970
14697971 11745068
14697972 13674790
14697973 12658546
14697976 14697977
14697978 5292403
14697979 7360247
14697980 9639041
14697981 14697982
14697983 14697984
14697991 14697992
14697993 10028224
14698011 12633158
14698012 14698013
14698014 9690958
14698015 14698016
14698017 11160290
14698018 6369029
14698019 14698020
14698021 13202170
14698028 5332198
8971082 10764835
15357485 12738769
15360445 9705471
11490038 5879213
15372196 15372202
15376038 8346802
15705147 5907104
15830601 10773145
15917279 15917288
15953823 14530370
15959559 7443769
15982158 5128726
16023687 12180091
16035936 16035941
16053468 14074176
16062647 16062653
16066509 5881839
16066571 11743179
16066619 16066626
16076570 5324816
16097218 16097221
16132014 16132019
16145638 14530337
16167532 16167540
16200745 16200750
16213224 5257117
9153072 9407717
17230870 10497152
17299991 17299996
17300474 17300483
17363695 17363696
17478456 13210441
17643365 17643366
18155550 8450726
18242460 9203730
18253508 13165854
18425698 12528991
18429578 5304476
11739945 946644
18491924 13861310
18501640 18501650
18507269 4319114
18529281 18529283
18547860 5960880
18827673 16670200
18873428 5959185
18973073 13229724
18993947 13199793
18997732 18997734
19013619 9581541
19125258 19125259
19137781 15818719
19196269 4413497
19196272 7007448
19196283 5913249
19196297 19196298
19196301 19196302
19196311 12529380
19196317 19196318
19196331 13164687
19196343 19196344
19196405 13165831
19196414 17111921
19196427 10386612
19196428 19196429
19196440 5131011
19196474 19196475
19196476 13206285
19196507 5429303
19196517 6438565
19196519 6894945
8250208 5441561
19196545 1015857
19196552 19196553
19196559 17123051
19196563 5947600
19196574 19196575
19196582 19196583
19196610 5890955
19196613 19196614
19196621 13162970
19196631 19196632
19196650 19196651
19196659 19196660
19196682 5946012
19196683 5880670
19196687 13165809
19196713 19196714
19196716 19196717
19196719 14532810
19196730 19196731
19196738 19196739
19196742 2729136
19196745 7007515
19196780 19196781
19196795 19196796
19196797 19196798
19196812 5880680
19196830 5927165
19196875 13165834
19196879 19196880
19196885 5881856
19196907 19196908
19196918 5879197
19196983 12350238
19197002 5176453
19197014 3205773
19197022 18622424
19197024 19197025
19197088 8415915
19197098 13197486
19197117 2398941
19197139 8936208
19197158 13210006
19197164 1799136
19197184 19197185
19197208 19197209
19197212 19197213
19197244 19197245
19197256 19197257
19197276 19197277
19197280 6918821
19197317 5951124
19197324 9307515
19197343 19197344
19197349 16648843
19197366 19197367
19197380 19197381
19197415 14625127
19197430 9616876
19197456 19197457
19197466 13167349
19197501 19197502
19197564 19197565
19197664 6294517
19197668 14466612
19197669 13165911
19197677 5321543
19197679 16335864
19197692 19197693
19197702 5918198
19197704 4314737
19197752 19197753
19197816 5913350
19197831 7968889
8010652 6212669
19197925 7357438
19197928 19197929
19197932 19197933
19197934 14599416
19197937 4319801
19197951 19197952
19197953 18030483
19197954 5918165
19197958 19197959
19197960 14038211
19197961 4313802
19197962 6091716
19197963 14625153
19197965 19197966
19197967 13195341
19197968 7413324
19197970 3445037
19197971 15274871
19197977 13210567
19197978 1834166
19197979 9427937
19197980 5918169
19197981 15747427
19197982 5880652
19197983 5918120
19197996 19197997
19197998 19197999
19198000 12368933
19198001 19198002
19198003 12529845
19198004 6903625
19198006 5880621
19198007 19198008
19198009 17678199
19198012 19198013
19198015 19198016
19198017 19198018
19198019 19198020
19198021 5913279
19198026 19198027
19198028 5294832
19198029 5929628
19198031 19198032
19198033 5918163
19198034 19198035
19198036 8660837
19198037 5959643
19198038 13166806
19198039 14624936
19198040 3237603
19198041 19198042
19198043 12725322
19198044 19198045
19198046 19198047
19198049 7439745
19198050 12741132
19198051 5881851
19198052 13675920
19198053 7420445
19198054 19198055
19198056 15466395
19198063 11993271
19198064 17695428
19198073 5880596
19198074 19198075
19198076 18303244
19198077 4024404
19198078 13165818
19198079 19198080
19198082 5880705
19198084 13209378
19198085 11128059
19198086 19198087
19198088 19198089
19198090 13166820
19198091 19198092
19198093 917272
19198096 16843527
19198097 19198098
19198099 5356616
19215137 19215138
19215152 19215153
19215156 19215157
19390237 19390238
19390714 12708961
19470423 19361843
19727610 15335607
19772804 5439060
19879477 19879478
19935971 19935972
20047479 20047480
20325184 20325185
20325186 20325187
20325188 20325189
20325198 19356726
20325201 20325202
20325203 6593946
20325210 1197945
20325211 20325212
20325213 20325214
20325215 20325216
20325217 19552325
20325218 20325219
20362888 20362889
20362890 20362891
20362892 20362893
20417510 13241414
20417627 13244860
20547182 14624242
20931516 1799415
20934236 16612076
20959763 20959766
21014504 21014508
21070173 16043630
21099896 12529240
21099899 19982155
21099900 21099901
21422559 4565397
21422560 3222043
21422561 5947614
21422562 21422563
21422564 21422565
21422566 21422567
21422568 6437520
21422574 21258339
21422575 14529803
21422576 21422577
21422578 12629881
21422585 21422586
21422587 21422588
21848730 14559955
8217499 13206241
22060308 22060315
22065554 2733773
22249617 22249622
22357619 9866692
22377418 22377423
22377502 5881854
16197298 5967246
22494218 5880658
22610637 2843380
22613657 5910914
22661518 22661524
22694139 22694140
22697446 17671044
22698188 12530058
8938322 19957229
22757658 22757665
22775231 22775238
22791672 1799112
22791708 19958390
22823968 19958397
15559117 22828455
22854708 10767840
22967183 22967190
23001865 23001872
23021349 23021356
23055127 23055135
23175837 23175838
23565921 16400145
23566721 23566723
23599672 23599673
23604800 19987443
23668184 12655710
23670927 19999335
23873237 22152
23886754 10953326
23929309 774855
24233553 5408011
24436925 13402180
24489615 14608233
24645582 1604655
24794145 5880676
24989628 24278771
24993609 13191479
24995619 24995620
25006388 13226085
25082333 13231959
25164781 13190435
25363678 19390322
25387135 9372709
25463606 7438365
25710769 16366789
25710787 11251818
25710793 19995577
25710802 5413186
25710812 5960868
25710831 25710832
25710857 20019827
25710863 13195395
25710870 19988506
25710881 5314100
25710903 25710904
25710905 24303084
25710924 18931153
25710939 2161384
25710941 25710942
25710958 1304795
25710959 22905501
25710978 19958316
25711003 25711004
25711010 16239872
25711036 6360718
25711048 13165846
25711057 13206900
25711074 14588425
740351 25711080
25711094 20785533
25711100 5915599
25711160 25711161
25711172 25711173
25711180 19989434
25711181 5918187
25711188 25711189
25711212 5335777
25711235 21352414
25711239 5918193
25711273 13165827
25711306 5284666
25711323 19201689
25711337 13202210
25711391 5918146
25711430 25711431
25711453 25711454
25711462 487692
25711477 12506776
25711487 25711488
25711499 25711500
25711504 20439452
25711529 25711530
25711547 25711548
25711559 14529567
25711588 14886756
25711594 14534518
25711597 25711598
25711614 25711615
25711618 5960872
25711635 5947602
25711640 13199724
25711659 25711660
25711669 25711670
25711676 19556663
25711721 25711722
25711744 24984223
25711759 8344071
25711768 3205759
25711773 14626278
25711788 25711789
25711850 21339603
25711899 5930890
25711938 25711939
25711988 25711989
25711990 4314373
25711993 7081362
25711998 9046865
25712026 25712027
25712038 1527803
25712049 25712050
25712061 13206338
25712082 6449598
25712100 21262073
25712102 7454442
25712106 4651657
25712118 25712119
25712125 25712126
25712157 16627927
25712189 5981008
25712200 23606556
25712221 10762624
25712253 15103581
25712258 25712259
25712279 20019042
25712296 4315125
25712297 5880666
25712298 25712299
25712301 13165859
25712303 13166835
25712304 25712305
25712306 25712307
25712308 25712309
25712310 5270188
25712311 25712312
25712313 10766002
25712314 5978168
25712315 10311321
25712316 14619295
25712317 13199767
25712318 13168847
25712319 21943993
25712337 19958345
25712340 5952533
25712341 25712342
25712343 13195388
25712345 13199806
25712346 2742210
25712348 5918205
25712349 20327454
25712350 25712351
25712352 14098954
25712353 25712354
25712355 5183710
25712356 5926093
25712357 25712358
25712359 17677627
25712360 25712361
25712376 9528812
25712377 5953917
25712378 14603896
25712379 25712380
25712381 13210753
25712382 25712383
25712384 11747884
25712385 10767433
25712386 1559889
25712389 19958331
25712390 5430419
25712396 8703183
25712399 5880643
25712400 25712401
25712404 13174958
25712405 25712406
25712407 25712408
25712409 25712410
25712411 12293051
25712412 19994196
25712413 14592153
25712416 13191485
25712417 19505614
25712418 19331313
25712419 25712420
25712421 12638279
25712422 13018099
25712423 25154425
25712424 25712425
25712426 7462791
25712427 1566990
25712430 20019630
25712431 8933852
25712432 11743488
25712433 9832125
25712434 19363301
25712435 3203054
25712436 5908289
25712438 13170315
25712439 5915579
25712440 13165884
25712441 21257966
25712442 3873415
25712443 13207915
25712447 19464877
25712458 24243052
25712459 9528491
25712460 25712461
25712463 5913347
25712464 25712465
25712885 10773637
25714042 25714043
25729020 25729021
25729035 25729036
25729039 5961972
25729040 25729041
25729042 5946027
25729045 25729046
25790031 5960922
25791043 19462555
25811182 3556822
25812639 14100593
26349437 26349438
26349443 8279787
26349448 26349449
26349452 12684038
26414057 19488724
26778519 14599927
26778520 2871226
26778521 7389656
26778522 25022223
26778533 26778534
26778535 26778536
26778537 26778538
26778539 26778540
26778541 18095018
26778542 13210497
26778543 26778544
26778545 26778546
26778547 23208586
26778548 26778549
26778550 17227407
26778551 26778552
26778553 5414911
26778554 26778555
26778556 19434160
26814161 26814162
26814163 26814164
26866426 24530484
26878763 23137755
26983538 14965246
27275690 12658472
27281463 27281464
27385907 12730342
27401667 27401671
27526669 27526670
27526671 27526672
27526676 19575779
27526677 17444143
27526678 23004865
27528611 27528614
27645332 15913583
27690543 27690544
27839252 27839253
27839254 27839255
27839256 16961811
27839257 12664884
27839258 27839259
27839266 177407
27839267 5282587
27839268 27839269
27839270 9540332
27839271 8758217
27839272 17842418
27839273 27839274
27839275 13232807
27839280 12562930
27839281 5915622
27839282 957522
27839283 12718445
27839284 27839285
11537998 5325121
28399245 3874182
28471413 28471420
28713301 28713307
28744940 21335266
28763001 16043193
28876729 10280813
28898999 5880690
28917880 5879188
29004598 29004604
29040119 17826962
14928822 9528512
29091133 5880629
29098668 29098671
29103369 5880688
29106100 5920841
29118943 29118946
29142898 8607616
29148049 26426136
29156851 2148394
29186999 5325985
29202067 13206272
29209200 19997085
29278915 29278920
29311778 19958378
29357809 26426965
29359010 29359015
29377276 29377285
15559118 19440433
29394636 8003949
29409799 29409806
29410088 5222105
29446036 6258600
29594496 29594497
29898762 29898763
29920136 26016001
29933743 29933748
29937777 5959191
29998320 12735632
30223213 5419446
30225910 19362932
30270711 19989392
16008008 30348248
30619264 26025584
30771037 18000529
30996298 19987478
31081392 6449882
31098580 31098583
31100392 15487760
31100395 5927906
31244016 31244019
7616434 31259859
31270070 7357219
31286014 19322819
31296108 12726764
31312635 18621693
31331221 12733768
31368267 19958400
31463789 5414466
31491800 31491807
31680309 17873688
29986288 2733829
31763713 13166830
31764082 4992129
31789882 31789887
31794482 31794485
31813088 31813093
31821443 19959290
31822256 5930635
31876623 14909862
31982679 31982680
31982699 5915590
31982709 4314360
31982712 5952523
31982729 31982730
31982736 5913335
31982757 13165915
31982762 13191493
31982774 13166824
31982777 31982778
31982782 5880650
31982792 31982793
31982812 15994346
31982825 31982826
31982835 31982836
31982871 31982872
31982893 31982894
31982937 834005
31982943 31982944
31982955 13033602
31982957 17999872
31982967 30376812
31982971 5907591
31982972 5331426
31982975 26433113
31983002 12646008
31983008 13199726
31983011 31983012
31983024 3250764
31983025 23954652
31983026 5372279
31983028 10772007
31983030 31983031
31983035 5929108
31983040 11386775
31983043 5359374
31983106 18444496
31983112 1946499
31983123 19985537
31983133 31983134
31983140 5918177
31983160 5930855
31983165 5920935
31983166 20916296
31983167 19253477
31983170 24802696
31983179 5947636
31983256 31983257
31983258 21297991
31983262 31983263
31983264 19982160
31983270 31983271
31983273 19959163
31983276 5164193
31983282 31983283
31983285 13199762
31983287 5880638
31983338 19232937
31983349 31983350
31983386 15103370
31983391 3563521
31983397 13601082
31983414 13165837
31983425 4315568
31983430 19989410
31983451 5959221
31983455 25955046
31983467 11026335
31983481 20019029
31983486 5920845
31983498 3216705
31983500 19999355
31983519 31983520
31983592 19958382
31983624 1484719
31983636 18920852
31983645 31983646
31983660 21258736
31983666 8186787
31983671 31983672
31983675 16941728
31983676 5325207
31983682 5930083
31983738 14557841
31983748 5880605
31983770 19409710
31983771 12529577
31983846 26025609
31983883 2087816
31983943 5959645
31983955 25155526
31983959 10738255
31983967 13199779
31983985 13661996
31983997 7769674
31984019 2066412
31984027 1928498
31984046 26484978
31984049 29303475
31984059 9374730
31984060 31984061
31984062 19408512
31984064 31984065
31984066 31984067
31984069 21259249
31984074 12627033
31984076 14534398
31984081 26483970
31984082 5880626
31984083 26887238
31984087 2474751
31984088 31984089
31984090 11743580
31984091 19959275
31984092 23178112
31984093 12718539
31984097 10300283
31984098 26454984
31984099 2649274
31984100 5918155
31984101 31984102
31984103 13197492
31984104 5927159
31984105 13165887
31984106 31984107
31984108 5182962
31984109 13207905
31984110 31984111
31984112 6438456
31984113 19438503
31984114 13202198
31984115 1952730
31984116 26732971
31984117 31984118
31984119 26454973
31984120 3926260
31984125 26426116
31984129 31984130
31984132 4313442
31984133 18619193
31984134 5918212
31984135 3406997
31984139 31984140
31984143 4198111
31984144 5581403
31984145 4651250
31984146 17247085
31984148 18857946
31984149 19994090
31984158 5926173
31984159 12634787
31984160 6830843
31984162 7465948
31984163 13165813
31984164 18622204
31984165 26012710
31984167 5419850
31984168 3706369
31984169 13165906
31984170 19958304
31984172 12748999
31984173 3572858
31984174 5918159
31984175 19958329
31984176 18861558
31984179 12475409
31984181 17940874
31984182 26462884
31984185 1629141
31984186 31984187
31984188 11403708
31984189 25155936
31984190 3927178
31984191 19362748
31984192 5163881
31984193 29010674
31984196 31984197
31984198 16961213
31984199 3248333
31984212 11029087
31984228 19958295
31984229 26461499
31984233 20439169
31984234 31984235
32000197 3243903
32000203 32000204
32000207 32000208
32000221 21350279
32058290 13241410
32059130 7396298
32079872 10525736
32079879 5329520
32159782 5967261
32168413 14549000
32486081 25869807
32486082 20025238
32586672 9654001
32586677 32586678
32645367 7363189
32726404 32726405
32739817 21267623
32961114 32734872
33001085 33001086
33001087 33001088
33001092 33001093
33001098 26491761
33001099 33001100
33001101 13245262
33001102 21198854
33001103 30946729
33001104 33001105
33001106 21279222
33001107 13232823
33033598 33033614
33035694 26534168
33035695 21337271
33035696 26491759
33035697 33035698
33055119 3215823
33086290 33086291
33086331 32725006
33095963 5913270
8523923 21332203
33557291 33557294
33604076 33604080
33608568 1059880
33664332 33664338
33682862 11633446
33730999 33731000
33731001 5046240
33837592 33837595
34037954 12625597
34037960 7447498
34037961 5930958
34037962 28708831
34037963 21350121
34037964 33951498
34037965 17041418
34037969 34037970
34037971 32235475
34037972 33891027
34037973 3863460
34037975 14540272
34037976 1739930
34037977 25960839
34037978 21343265
34037979 33961333
34037980 34037981
34037982 5947699
34507737 8553340
34544966 30516376
34615148 26243965
34618076 7376439
34642708 3463742
34642928 5879217
15170321 34765140
34938839 34938845
35069634 19989405
35157935 9145932
35208883 20000548
35214855 9822055
28882991 35219723
35220820 35220827
35276466 13170319
35298463 14608749
35340021 16543188
35354600 35354605
303613 25434013
35424912 5880660
35443121 18281001
35520858 13199753
35610359 5122800
35818123 778345
35891542 3711212
2334430 5963873
36052241 17014344
1707852 32660645
36196607 5402882
36357330 4319182
8459623 7463552
36616839 26476728
36812039 7366649
28352985 4992954
37125928 26460544
37200485 10767447
37355021 19994123
37355517 7465028
37407324 37407325
37496021 6830244
37503494 37503501
37840807 15270284
37870979 5405455
37891362 37891366
37897592 37897595
19043343 32221161
37973921 13199765
37994765 37994777
38057937 38057938
38057959 32697438
38057962 5407827
38057966 38057967
38057975 19958364
38057977 32689572
38057984 32689512
38057988 1462390
38057993 22224270
38058007 5918122
38058026 6438748
38058038 28341362
38058056 38058057
38058086 5889861
38058096 17831243
38058112 13165897
38058131 24241333
38058143 5947772
38058145 20439178
38058163 19958358
38058187 13232001
38058193 6971116
38058199 10552614
38058209 37530991
38058218 5918144
38058228 19989425
38058236 32687666
38058239 32696038
38058246 38058247
28153575 19995607
38058256 38058257
38058286 12494089
38058287 38058288
38058290 33968134
38058296 35464624
38058316 26454920
38058347 32660632
38058365 38058366
38058374 21257845
38058386 13173901
38058438 17009286
38058505 24383607
38058512 38058513
38058521 19998680
38058526 15551512
38058527 9424635
38058545 9205986
38058592 26454956
38058611 9373982
38058629 20000582
38058650 27750484
38058654 13199796
38058674 25939704
38058697 19958333
38058712 32714065
38058729 38058730
38058743 18006143
38058746 656541
38058753 14529753
38058770 5216009
38058778 24261029
38058783 12637267
38058794 13165848
38058813 5930884
38058827 17670330
38058841 19958324
38058843 38058844
38058861 27681031
38058873 32660624
38058877 21334984
38058880 16456621
38058888 5294653
38058890 11744644
38058908 13209505
38058915 9545368
38058933 14529158
38058934 21969073
38058950 13226118
38058980 21350377
38058983 4319405
38059050 18565770
38059054 26048049
38059063 33606135
38059075 38059076
38059131 32684311
38059151 5315217
38059171 26451418
38059172 10913701
38059184 2396915
38059193 25034506
38059203 12598927
38059207 5415499
38059215 38059216
38059217 12350221
38059224 32697430
38059225 13195368
38059226 5879223
38059232 4840325
38059238 20012116
38059242 5401551
38059245 11743829
38059247 12528701
38059253 38059254
38059256 12655026
38059257 19991679
38059258 38059259
38059260 5930908
38059261 21264355
38059262 33963353
38059263 7358911
38059264 7866650
38059265 19958347
38059266 38059267
38059268 22468230
38059269 12656783
38059271 2866756
38059272 38059273
38059274 14528404
38059275 9043368
38059276 4314622
38059277 26451415
38059282 38059283
38059284 7358297
38059285 20864276
38059286 14573393
38059287 38059288
38059292 5325286
38059293 13209360
38059294 38059295
38059297 38059298
38059299 31667975
38059300 32684265
38059301 17833190
38059302 18857535
38059303 38059304
38059305 4314803
38059306 38059307
38059308 26464200
38059309 32284992
38059310 26451427
38059311 32660619
38059312 19987467
38059313 32714085
38059314 20789459
38059315 5143854
38059316 14613420
38059317 32684308
38059328 35878779
38059329 32684260
38059330 1799084
38059333 8760484
38059334 5890959
38059335 5880678
38059336 1208591
38059338 7463627
38059339 5437800
38059346 26426105
38059347 34566008
38059349 9022407
38059351 5184540
38059353 16148743
38059354 22417516
38059357 20813105
38059363 5924164
38059364 23657596
38059365 12598306
38059366 19959282
38059370 31291681
38059371 14788005
38059372 22978334
38059373 13199742
38059374 2214545
38059375 19985529
38059376 32693093
38059377 4572545
38059378 12644533
38059382 14573611
38059383 27683116
38059384 11743013
38059385 33955013
38059386 38059387
38059388 16421359
38059391 17956321
38074824 26490231
38074827 13239549
38074830 38074831
38074832 38074833
38074834 19732136
38074835 20026266
38152748 16457956
38222658 13241420
38234816 2960314
38491058 38491059
38492288 32685965
38529332 6007896
38627301 11689070
38627302 12619214
38762000 25984313
38762002 38760636
38775083 5300987
38945905 25137297
39028025 39028026
39028027 17735592
39028028 39028029
39028042 38354395
39028043 39028044
39028045 3712900
39028046 12613127
39028047 39028048
39028049 39028050
39028051 39028052
39028053 19532613
39028055 5407742
39061817 17671034
39110434 15421904
39110466 39110467
39364795 14604915
39498978 4328311
39498994 13195359
39540296 5915629
39677654 7357934
39695499 39695503
39734193 5968572
39734198 6437658
39734199 22516609
39734200 13508038
39734203 32189686
39734204 13197457
40036179 15377269
40036180 26462880
40036181 24007147
40036182 21336644
40036183 18036703
40036184 21332201
40036185 18746147
40036186 26451374
40036187 19455572
40036188 7423203
40036189 3006680
40036190 13400841
40036191 2672533
40036192 40036193
40036194 28237284
40334829 40334832
40526233 40526236
40534341 5880682
40622770 1237340
28690663 17680740
40637406 33954129
40644688 11745486
16520 13363163
22762772 26488177
15662453 13476547
37997737 19958375
40913723 26494784
41021499 38726203
41116845 5880616
41123643 6006042
41148593 30318184
41181248 32660612
41207423 5798132
41208988 5120200
3470210 9644385
41230571 5326293
41230693 41230699
41231728 12529013
41237797 32660626
41248002 26426169
41268269 5886444
41276872 7359588
41311153 13166802
41323750 21329560
16203062 5166160
22850537 32262111
41381020 5264425
41484808 19541714
41484955 17825348
41484960 19958353
41496098 22474348
41503488 29224717
840532 22022674
26136276 14608803
184885 41548519
41701331 41701337
42047543 26451368
42246600 7817903
42308623 38700159
42327643 32684306
42331618 29323717
42347118 17671046
40506609 5291612
42726404 32712972
42727298 21265003
43109244 19456659
43334306 31996406
43669875 4315256
43733313 32660603
43747515 43747516
40765041 26489248
43863144 43863149
43908519 20019628
43964567 5880634
43964584 7356746
43964599 43964600
43964602 5918132
43964606 411874
43964608 15255353
43964617 7439660
43964619 1350151
43964621 15762333
43964623 25933179
43964626 7176052
43964634 26426970
43964635 15578610
43964638 13164685
43964640 18619179
43964661 3881715
43964673 19959280
43964676 21260906
43964683 18619756
43964687 26020986
43964691 21332171
43964696 12678541
43964742 43446299
43964770 19991784
43964788 31441076
43964791 43964792
43964804 15796069
43964814 13165899
43964819 5918171
43964822 26426150
43964835 19958290
43964866 5918220
43964867 43964868
43964869 1462265
43964871 26460648
43964874 16801286
43964883 7358602
43964900 8406680
43964906 13190437
43964953 38361618
43964954 9361644
43964974 4589089
43964975 17703072
43964985 5182578
43965034 13165904
43965090 9547113
43965112 31025468
43965169 19347087
43965183 5259749
43965199 13197451
43965202 26454108
43965209 9361112
43965280 26482156
43965296 11668224
43965300 43965301
43965313 15128394
43965328 32685978
29131895 43965336
43965344 43965345
43965367 13166832
43965396 5945994
43965410 4317769
43965418 8713238
43965489 16255471
43965544 3438514
43965550 33883690
43965556 17330186
43965563 43965564
43965571 5302310
43965572 5325956
7348214 7359416
43965588 13198461
43965602 41704661
43965607 7456379
43965612 13235844
43965657 13208993
43965661 23059182
43965663 5881847
43965670 38749240
43965675 12745073
43965682 26454969
43965683 21279279
43965693 1137783
43965696 32684302
43965709 5183414
43965745 43965746
43965748 13211875
43965749 14583662
43965754 29447197
43965757 19362254
43965762 19989758
43965763 13202103
43965765 27279157
43965766 43965767
43965768 43965769
43965773 32660599
43965774 43965775
43965776 32715702
43965777 38722772
43965782 1969969
43965788 43965789
43965790 8429454
43965791 13199791
43965792 161591
43965793 5413558
43965794 19322574
43965795 33929887
43965796 19552628
43965797 21259302
43965798 30012296
43965799 13165878
43965802 23257016
43965803 12559542
43965804 32660590
43965805 43965806
43965807 26453105
43965808 21019355
43965809 30399529
43965811 23876583
43965815 24587269
43965816 11123354
43965817 32684274
43965818 32687669
43965819 10676824
43965822 4653266
43965823 5952508
43965825 17279315
43965826 20446767
43965827 5880578
43965830 5416180
43965831 32696031
43965843 32189631
43965846 23089217
43965847 23293143
43965848 43965849
43965850 26426161
43965851 14555002
43965852 43965853
43965854 43965855
43965860 19958320
43965861 13199826
43965862 38700181
43965871 2421069
43965872 8798736
43965873 5879242
43965874 6437686
43965879 7424415
43965880 30782438
43965881 32660617
43965882 42622839
43965883 19989408
43965884 23507983
43965885 38706051
43965886 27245677
43965887 38754221
43965888 11742689
43965889 43965890
43965891 24270422
43965892 10058114
43965893 5885955
43965894 43965895
43965896 38751825
43965897 7359511
43965898 39931617
43965899 25917385
43965900 10600646
43965901 26426156
43965902 38725783
43965903 12479590
43965904 5918128
43965906 38700188
43965907 21353316
43965908 19958299
43965910 31443941
43965911 19958387
43965916 19552527
43965917 6437345
43965918 23105311
43965919 12559539
43965920 26433096
43965921 22332140
43965922 19985540
43965923 32684297
43965924 31440964
43965925 5867603
43965926 5959580
43980960 25592560
43980961 19989432
44123332 17962198
44129820 27699707
44134457 38252859
44370454 25154411
44501789 31086921
44501790 24012915
44561816 7381212
44639502 30949284
44644617 44644618
44644619 5211155
44891107 18483412
44891108 44891109
44891111 3878566
44891115 16175665
44891116 39725691
44891118 44891119
44891120 44891121
44891122 21284954
44891123 8167279
44891124 41665524
44891125 2105721
44891126 7435497
44923863 44923864
44968530 5968835
44971652 38760808
44971653 24965973
44971701 38760855
45000860 45000861
45202056 20011462
45452983 24809208
45456516 15492287
45506033 9131027
45563981 39896031
45581228 3049844
45581229 3392745
45581231 45581232
45581233 20027902
45581239 45581240
45581241 12250820
45581242 32714765
45691115 45691116
45877643 13635750
45877648 17948821
45877649 45877650
45877651 5908791
45877652 5114751
45877661 9128296
45877662 34596886
45877665 2868567
45877666 45877667
45877669 5395340
45877670 17234708
45877671 26451394
45877672 24203609
45877673 13197449
45877674 10124112
45968879 10364751
980403 3425596
46421691 1243225
46436165 26426159
46437328 38725805
46438087 10468764
27908608 19445318
1415358 26426152
46572934 44572358
46709123 12656083
46734383 25157659
46792716 5348868
46833773 28446415
46833831 1397616
46853487 7439521
46870470 5183951
46934345 14530904
47001272 11024918
47021018 1264625
1291489 14199785
47069112 1799407
754440 10767428
47111629 19958362
47127687 10499120
29209221 26426132
201708 19452675
16154862 32707151
47321861 32693053
47322655 23041656
47401198 19999340
47418038 7418365
47475281 26391503
43380738 11993831
47738416 3225646
47811727 47811728
30379443 6297161
48063866 25157644
9143010 13204721
48106342 5325029
48123617 11302564
48124433 5324724
48251516 12513161
48864473 2734961
48997190 13202141
49005425 19390319
49041230 8716160
49052172 8761819
29090005 14610121
36054982 24864084
49161031 13198820
49190568 5881842
26423784 4319009
49466855 45800100
49468110 14581136
49490785 4590617
49526595 19958373
49549921 19998035
49588199 44572373
49590969 16380077
49690435 5918191
49690437 1620170
49690441 27752047
49690445 15400311
49690465 44572366
49690514 2198792
49690518 19985525
49690519 19958338
49690533 26483336
49690550 12559536
49690560 33106722
49690590 13197475
49690603 13255794
49690616 5293599
39359947 5291946
49690641 19390325
49690644 14576224
49690671 19985562
49690676 12369084
49690686 7406110
49690695 19994140
49690702 26461998
49690730 8491106
49690737 5240528
49690742 881235
49690753 7442786
49690762 25977322
49690763 26485238
49690767 21270302
49690776 5951611
49690781 41331323
49690790 5915595
49690794 26489280
49690800 19455281
49690805 32223513
49690806 22039177
49690807 4250989
49690808 12522161
49690818 27769681
49690824 30575071
49690848 26426980
49690872 13165844
49690873 4314276
49690880 17969163
7616247 26459169
49690927 19550115
49690992 32661453
49691002 32687658
49691008 33884610
49691020 25158639
49691049 44597163
49691072 11129988
49691081 9798768
49691082 12530075
49691098 34834408
49691103 19958351
49691115 25981079
49691123 12709096
49691157 19958280
49691165 33436399
49691204 12746011
49691206 5414586
49691213 21353587
49691239 13207313
49691250 32660634
49691269 13195373
49691276 38705093
49691299 38751845
2848793 44594104
49691300 9474086
49691311 5880686
49691313 32686925
49691333 13133927
49691361 14604181
49691380 5927937
49691442 19964814
49691452 26483318
49691462 3205037
49691463 4316149
49691474 32684285
49691495 5289489
49691523 13199820
49691541 18740259
49691546 38203863
49691550 13210474
49691551 5954837
49691557 38724196
49691559 14530906
49691580 17671040
49691586 1273426
49691607 38755507
49691611 44619842
49691612 12581042
49691613 13195351
49691620 32693658
49691621 5920900
49691622 19958301
49691623 14530446
49691641 7461090
49691646 19958327
49691648 18920756
49691652 10808961
49691659 49185277
49691660 9528825
49691661 12529041
49691662 12723916
49691663 49691664
49691665 11745009
49691666 5247363
49691667 32514083
49691668 3246824
49691669 12605678
49691671 5960912
49691672 5918207
49691673 7459364
49691674 11744272
49691675 6249865
49691676 21278041
49691677 5924170
49691678 5913321
49691679 6697596
49691680 17682431
49691681 13206399
49691683 44602076
49691684 7447620
49691685 44595536
49691686 13199733
49691687 12628309
49691688 5926156
49691689 5913276
49691699 22883206
49691700 12529820
49691701 32716553
49691702 7103155
49691718 13165850
49691719 5181832
49691721 49691722
49691724 5918189
49691725 32684269
49691726 16572103
49691727 7443501
49691732 39129414
49691733 19999331
49691734 33888005
49691735 5327284
49691736 38700993
49691737 33102430
49691738 12640522
49691742 26485002
49691744 10769836
49691745 19991793
49691746 5880700
49691747 38730861
49691748 5793811
49691749 5918148
49691750 12663131
49691751 26454978
49691752 5930621
49691756 36809725
49691757 12529814
49691759 5913251
49691760 19468226
49691761 42458263
49691762 44572351
49691765 1237302
49691766 33883034
49691767 13447963
49691768 7444250
49691769 5881858
49691770 13165856
15202101 31441067
49691778 30575555
49691779 1948811
49691780 19989385
49691781 38705090
49691782 19988510
49691783 10738265
49691790 13206340
49691795 5920813
49691796 5443727
33484948 1387729
49691798 5930986
49691799 5880609
49706869 13239562
49706877 41623717
49706880 5960890
49706881 17500003
49706886 43446416
49732499 11746470
49779280 5918183
49842770 2991187
49849369 44631681
50101724 50101725
50197157 50197158
50197159 50197160
50247365 26612979
50247444 16743917
50578176 7511150
50578177 49296378
50578178 1523157
50578179 13244879
50578180 50313233
50578181 21351082
50578182 29549188
50578183 46460591
50578184 13229174
44906923 3659147
50610899 27751067
50610900 50610901
50657474 28236619
50657584 26494741
50657585 13245046
50659138 27689810
50964783 50964787
51028221 26464178
51028225 13210472
51066249 27752161
51100907 31223180
51120211 20026248
51177785 36212888
51178949 50323017
51209201 38283247
51253194 23603120
51253196 12667373
51253206 26501263
51253207 21336628
51253208 33960710
51546950 5947628
51546951 38734891
51546952 5930882
51546958 13683137
51546962 51546963
51546964 34165267
51546969 11045248
51546970 3552922
51546971 44630542
51546983 26453093
51546984 19536165
51546985 51401422
51546986 5348317
51546987 6138009
