3453 3526
12379 12457
33193 33216
34088 33980
51966 52022
55400 55437
58984 59014
66469 66480
80628 80667
83176 83220
94614 94665
100170 100220
114208 114238
122105 171
193279 193348
200847 70141
207693 207736
223879 3242
224895 224951
225513 71511
233592 233641
240169 21764
252360 71511
259110 70805
260130 260132
260572 260586
264435 200892
273397 273433
275681 275699
289549 289596
294612 71068
303413 303442
306207 306273
308715 66027
311807 311847
312843 312888
320849 71068
322456 322510
326238 311847
327284 327321
327554 322510
329840 329879
331672 331739
336576 336622
339143 71511
344540 344569
348961 3242
351077 322510
351846 110085
351960 351991
373000 28256
373525 373559
375175 336622
397574 23242
399184 399206
402237 83220
408024 408057
428996 71068
451142 23242
456653 71068
458065 458078
466891 17393
474168 71068
524754 399206
542485 162428
579276 200892
582480 582514
589346 589395
598382 52022
612713 33968
615827 349166
617972 617997
627475 240450
648942 648969
651055 23242
658172 66027
673552 349166
676561 676591
681468 162428
683056 260586
701429 24954
722922 261550
736077 38157
738849 738894
740252 162428
740457 26480
749248 749276
767366 344889
771085 771123
775168 851
810461 71068
814988 3242
822626 822664
826569 71511
840414 749276
842869 349166
843218 843251
843784 70805
844182 771123
846157 846191
853916 70141
869289 869305
871551 871570
889434 889435
907061 907069
972413 972417
979615 71511
1006144 771123
1023371 1023375
1049923 21764
1061066 582514
1083271 982268
1086979 322510
1087243 1087252
1092028 829156
1092386 114715
1094892 1094910
1107439 37819
1110466 200892
1135418 70950
1142481 408057
1142723 71511
1142915 52022
1143893 24954
1161035 738894
1187195 70141
1203635 21764
1226312 1226322
1249946 63141
1332015 349166
1352729 162426
1357520 1357530
1357795 871570
1374439 24954
1408466 1408473
1410071 344569
1437022 1437039
1443894 70141
1458792 427723
1476455 1476460
1567729 26480
1585814 162426
1589596 1589597
1595447 1595472
1600487 1600502
1652297 83220
1654511 200892
1673187 66027
1768915 871570
1780817 738894
1796828 71068
1800418 233641
1984145 1984147
2029702 712829
2077156 829156
2130452 33968
2145612 871570
2147192 64806
2160906 21764
2171323 83220
2178735 2178759
2180312 2180318
2184192 33966
2199236 2199239
2212819 21764
2216721 70141
2222151 21764
2227098 33968
2227306 28256
2236532 988981
2246299 14350
2446650 2446653
2476544 329879
2532996 1245233
2557598 349166
2569909 2569911
2663060 102558
2730793 71068
2879861 39607
2992547 66027
688561 2994863
3056169 209872
3164814 3164815
3318277 52022
3410449 3410453
3436594 162428
3444946 83220
2984177 3563621
3693116 3693143
3761524 110085
3780844 3780859
3790002 110085
3793771 3793793
3818162 70141
4024926 2178759
4039132 4039145
4091319 4091323
4164691 71068
4186688 94665
116407 4215834
4327184 24954
4338740 843251
4467100 344569
4467280 33968
122381 17518
4563573 28256
1464403 4563922
4579268 4579293
4754778 351991
4756009 162428
4769134 4769156
4784945 200892
4785319 24954
4786824 351991
4837383 110224
4855535 23242
4890008 71068
4906703 681498
4969710 738894
5015889 5015910
5016054 162428
5023787 846191
5060318 5060321
5060983 33969
5067838 349166
5077816 1600502
5085702 451996
5089224 3242
5186878 5186936
5233723 5233747
5591314 5591333
5602313 40429
5607716 94665
5620060 24954
5752687 28185
5758954 5758958
5762936 64806
5762944 209872
5768823 87211
5792557 33968
5792621 5792624
5794754 28256
5794798 80667
5798975 26480
5799125 209872
5799142 33968
5799156 80667
5799165 33967
5799540 3228832
5799578 80667
5799603 329879
5800035 31310
5803838 71078
5804990 33967
5805101 145046
5820972 66027
5874347 33966
5874715 70141
5920289 5920316
5972737 71078
5979382 311847
5980086 1781
5980096 26480
5980835 57738
5980912 64806
5980915 2050167
5980918 5980921
5981249 28185
5981253 33968
5981260 10393
5981337 69843
5981507 64806
5981649 80667
5985850 33980
5985876 3228832
5986264 71867
5986581 4475076
5986635 40429
5987059 51316
5987069 5987072
5987076 176332
5987089 87211
5987241 5987243
5987344 76345
5987613 209872
5987631 25217
5987783 1781
5987791 71492
5987801 80667
5987843 40429
5987848 71867
5997540 829156
5997584 374133
5997610 87211
5997637 28185
5997832 64806
5997835 312738
5997845 33980
5997918 26480
5997925 232359
5997929 33980
5997945 1781
5997972 1800
5997978 161801
5997983 1161752
5998002 145046
5998010 161801
5998015 38158
5998024 209872
5998027 1781
5998030 74100
5998036 71867
5998049 75771
5998075 33966
5998079 71867
5998124 71078
5998154 64806
5998158 4354426
5998174 580079
5998183 74100
5998194 71867
5998214 300129
5998259 300129
5998284 26480
5998287 677069
5998329 31310
5998340 39607
5998345 28185
5998352 64806
5998364 64806
5998427 38158
5998440 33967
5998579 54787
5998590 52587
5998719 33967
5999241 64806
5999328 4462
5999374 76345
5999389 5999392
5999395 21740
5999446 451996
5999501 33966
5999504 64806
5999508 25217
5999538 59757
5999557 1781
5999586 33966
5999603 209872
5999634 33967
5999659 33967
5999693 33967
5999712 33967
5999721 25217
5999742 26480
5999773 64806
5999789 161801
5999825 71078
5999853 76345
5999867 91238
6000016 26480
6000080 74100
6000102 71078
6000110 300129
6000120 209872
6000129 1782
6000136 25217
6000148 145046
6000154 33966
6000189 176332
6000238 33967
6000262 87211
6000277 145046
6000326 145046
6237183 6237205
6313838 771123
6313870 988981
6365501 1383871
6365996 6366009
6384521 110085
6401207 33968
6415726 70141
6415953 162426
6427727 6427731
6458356 162428
6550796 4563922
6551765 70141
6714256 70628
6718280 6718296
6780142 162426
6818675 303442
6835411 3242
6922492 33980
7011571 883872
7096089 648969
7162363 7162367
7302707 408057
7355405 57738
7363064 7363065
7621370 21764
8135098 8135114
5673469 8140384
1525539 8159598
6185589 24954
8178047 162428
8194758 114238
8240931 349166
8249984 336622
1371926 8258009
8261148 2268600
8279749 8279790
1716733 8293873
8297815 311847
8300076 408057
2631822 8300946
8303089 408057
1779641 8312380
4910026 322510
516888 110085
522402 2268600
25218 66027
8322798 648969
2088480 303442
8323348 28256
1550673 871570
1573172 2268600
8330918 8330937
4967977 8331325
8333760 71068
8334074 71511
8335101 233641
8339833 8258009
8340118 648969
8348738 327321
8190275 775912
8359763 6237205
8361231 23242
6272845 408057
8365927 1600502
5619135 336622
8371166 6237205
8375488 681498
8375663 8375691
1965491 261550
8387905 224951
8394000 331739
8396428 38157
8410181 331739
8413550 8413576
8415515 8415527
8421279 303442
8430347 2874599
8432269 344569
8438608 21764
8441389 322510
1205688 8446253
1205688 8446254
8449672 114238
8481830 331739
8482484 851
8483442 47521
8494198 617997
8515858 738894
8532222 8532232
8538200 71511
8548065 349166
8550696 71511
8551314 8415527
8558298 8558305
822097 336622
8530262 8559871
4770502 8561191
8565994 8566009
8578883 51316
3206159 8580994
8583489 8340139
8594607 331739
8599944 871570
8601646 749276
663240 70805
8619471 344569
8623445 822664
8629201 331739
8629486 474211
8647250 648969
8659105 648969
8659710 8659730
8661111 344569
8663255 3242
8664263 327321
8671277 8312380
8674695 71573
8680054 6237205
8683915 8683926
3129476 8696913
8700812 351991
8709393 66027
8713738 8713757
8728963 349166
8731066 8731080
8733115 8733122
8733842 71511
8752344 871570
8753112 8753117
8758231 70141
8758272 8758277
8766906 33980
8775018 738894
8780124 70805
8788195 8788198
8795311 66027
8807443 66027
8809953 883872
8812265 8812272
8816163 775912
8820137 871570
8837798 6237205
8863835 851
8865345 26480
8865865 33969
8893534 41926
8898685 110224
8901812 8901813
8909422 52022
8912629 71511
8914011 8914015
1249949 71867
8934634 8258009
8936838 21764
5619136 1595472
8942475 200892
8979383 8713757
8980883 351991
8981964 8258009
8986520 322510
52510 8987173
9015611 9015616
9015611 4474238
9015611 66027
9018103 1476460
9020087 3242
8351182 749276
9033926 6237205
9044470 200892
9047100 33980
9054410 33967
9062526 9062549
9072627 53056
9074682 829156
9074853 33968
9095399 242806
9132301 1500
9161609 28185
9165035 351991
8823150 70805
9174987 24954
9195903 70628
9218145 9218148
9266415 851
7793815 5060321
9278338 66027
9281644 70826
9296643 9296644
9307761 648969
9320290 9320292
9331704 871570
9359541 3793793
9363021 36007
9378509 9378511
9396513 74100
9403923 258484
9413001 3242
9416684 28185
9422112 9422113
9474634 24954
9495475 53056
9506354 5233747
9524043 23242
9551277 110085
9619817 9619827
5976267 9636899
9813047 9813057
9825200 9710083
9830025 2178759
9837316 72149
9843524 70141
9873069 982261
6408187 63141
9879096 300129
9881482 6366009
9890872 300129
9894481 57738
9895331 26480
9895493 200892
9914845 4579293
9937523 4474238
9945396 24954
10039724 8312380
10067351 10067353
10067447 71492
556707 5060321
10258618 57738
10271538 303442
10332738 10332741
10372937 64806
10417195 894754
10454192 4464981
10547464 66027
10555299 349166
10597734 76515
10598989 10598990
5860454 123665
11030059 979995
11158387 23242
11189665 1476460
4466901 516389
11248251 71492
11484525 11484542
11556848 11556849
8281076 3793793
11642723 11642737
11651399 233641
11775521 39607
11794256 8566009
12012511 23242
8594631 331739
12060997 33968
12085032 738894
12089545 71068
12092365 66027
12092387 4321058
12092484 349166
12112681 336622
12115137 988981
7082593 12134910
12163055 373559
5829312 8375691
12202982 12202983
154252 11556849
12209520 37819
12216830 39607
12220285 344569
12294817 349166
12361105 3780859
938591 336622
6427729 80667
12462291 303442
12505753 1185708
12521305 12521307
12546641 8321951
5689011 312888
12560457 329879
12570647 22468
12912917 12912925
13054948 71867
13054951 33980
13061140 1059186
13066032 74095
13066996 11878216
13072420 306555
13081438 80667
13082002 74095
13084111 74100
13084118 87211
13084237 4464981
13084273 70141
13084328 63141
13085724 80667
13085967 63141
13086243 80667
13090160 33968
13090171 40429
13090251 26480
13090285 87211
13090300 61462
13090313 71867
13090323 28256
13090381 74095
13090606 71492
13090673 25217
13090681 331739
13090710 25217
13091269 26480
13093817 64806
13094273 38158
13094977 10098
13095963 37819
13096174 33967
13104818 24073
13111510 9636899
13120041 3242
13136497 312888
8658524 408057
13140310 13140316
13151359 64806
13252774 70141
13256215 209872
13257029 13257031
13257246 64806
13257262 26480
13257311 38158
13257350 53056
13257353 451996
13257368 33968
13257408 353875
13257415 9871013
13257521 74095
13257620 427723
13257693 71078
13257704 70826
13261052 57738
13261121 9181622
13261541 176332
13261620 87211
13261746 61616
13261770 64806
13261832 209872
13262166 209872
13262267 4369081
13262317 17393
13262380 71078
13262412 4339030
13262420 38157
13262658 33966
13262684 4474238
13262797 176332
13262828 87211
13262843 80667
13263085 70826
13263095 292139
13263105 17247
13263172 70826
13263317 64806
13263359 300129
13263418 33966
13263424 33980
13263431 80667
13263447 33980
13263452 38157
13263467 14350
13263482 39607
13272694 70826
13272701 64806
13272706 33968
13272710 28185
13272767 33980
13272817 31310
13272820 300128
13272840 33980
13272870 1782
13272925 33968
13273050 26480
13273056 17393
13273067 4470788
13273074 33967
13273077 28185
13273086 13273088
13273089 64806
13273092 4474246
13273095 33966
13273098 71867
13273102 1781
13273108 70826
13273124 306555
13273257 1058770
13273311 110571
13273328 1683088
13273360 28185
13273387 28185
13273980 33968
13274010 14350
13274063 26480
13274083 39607
13274115 1781
13274161 64806
13274164 176332
13274197 33966
13274202 33980
13274257 25217
13274268 33966
13274299 71867
13274328 33967
13274387 28185
13274476 87211
13274633 4474238
13274643 306555
13274660 145046
13274706 145046
13274708 33980
13274748 300129
13274778 71867
13274803 515551
13274816 33967
13274822 145046
13274884 39607
13274930 28185
13274939 25217
13274986 1782
13274989 25217
13275305 1049586
13542229 349166
13555656 322510
13575998 200892
13592979 13592980
13637448 11556849
13641483 13641488
13655810 13655811
13677300 94665
13758991 685989
3035392 8193715
14021007 825169
14079524 14079526
14139495 14139499
14240617 988981
14282685 14282688
14283124 327321
14311188 336622
14366433 71068
14473431 70141
14901478 327321
9937259 110085
8697604 33969
8768208 1782
15273963 8132813
10387241 3693143
959506 123665
15279739 200892
1769496 1049586
15296874 871570
1457893 52022
15340746 94665
15352945 15352950
1900434 15362989
15366017 822664
15369154 24954
15385864 71068
15388874 15362989
15390060 66027
15391302 3780859
15413669 8300946
4200044 408057
15419869 1087252
15421434 427723
15421672 6366009
15421895 408057
15333295 8413576
5859293 3242
15426806 871570
15426841 71511
15428591 22468
15429392 6366009
15433299 70141
15439313 162428
15364897 15442468
15364897 15442469
5188610 311847
15445315 15445343
15449558 2466
15449909 63141
15450566 617997
9273325 336622
7316302 336622
15462453 822664
15463475 738894
15467935 4474238
15469416 1087252
15469775 331739
15473567 344569
15494873 233641
1596748 399206
711165 110085
8925179 24954
15506984 15507001
7838246 336622
15509715 408057
15512537 14282688
15512541 681498
190304 15515150
15529744 331739
15546362 70805
1111649 327321
1941293 408057
13647286 24954
15614940 26480
15635077 8713757
599328 843251
15655873 110085
15658403 322510
15660330 829156
15660576 825169
15663845 38157
8203074 15665337
15672973 6237205
15673788 15673789
15676954 344569
15677517 6237205
15707062 1049586
15714204 871570
15718074 22468
15718785 24954
15721671 52022
8816165 15721937
15742921 1600502
15744691 70805
15746019 74095
15760203 349166
15761544 23242
12905897 322510
15771028 582514
15771028 15771032
15783257 843251
320852 71511
15791927 22468
15796547 843251
15807687 1049586
15807968 9339560
682911 331739
15825686 200892
15831030 38157
15835441 200892
15842161 871570
15842511 8210593
15851127 110085
15851841 5920316
15852683 123665
1527744 3242
15869597 311847
15872419 71511
15873946 66027
15877627 3242
15884592 110085
15896796 37819
15916848 344569
8203071 162428
15967498 110085
15968296 1049586
15969956 22468
15974230 22468
15974885 15974907
15975161 8258009
15998634 57738
15998942 15998955
15998996 23242
16000541 16000547
16028050 8300946
16031198 648969
16036791 336622
16038023 331739
16041527 162428
16060717 71068
16068444 249878
16087554 39607
16126318 8258009
16129634 162426
150387 33967
16137212 8624123
16204624 24954
12219633 336622
16209992 871570
1446534 71068
16291078 33968
16302969 4473852
16415971 162428
154296 738894
16457133 71867
16469121 349166
16492166 303442
16525610 749276
16581836 15507001
16615057 1600502
16617970 76515
16651184 21764
16667127 76515
16668708 322510
16669230 16669231
16676126 16676127
16786001 63141
16818812 16818818
16830899 28256
16839407 66027
16843986 70141
16844110 83220
16850273 66027
16856185 71068
16873549 36007
16874581 16874588
16877546 70141
16879366 33968
17011698 738894
17034887 8375691
17099985 1058770
17137981 209872
17171094 17171096
17427365 161801
17467337 40429
17517652 33980
17659582 3693143
17838482 17838487
17851272 8817876
17864141 749276
17867505 70141
17918355 17918357
6425932 851
5591329 15341004
7111381 351991
18168035 8293873
5653493 336622
18371344 15258718
18386434 988981
11020381 11484542
18505372 273433
5799803 303442
18510791 8141162
18518687 4321058
18525250 548581
18548016 33968
18550907 8141162
5854621 1595472
18664858 23242
18740041 33968
18747503 18747505
18751646 71511
18764554 8210593
18828436 11556849
18868970 2466
13257140 2466
18880678 1357530
6970134 22468
2034181 5920316
18962193 1998866
18986910 18986920
18990595 4470724
12285527 4563922
19000279 162428
3060249 311847
19034526 63141
19069894 851
19071549 8734532
19080013 33968
19125220 617997
19125520 19125529
19125981 19125986
19134005 599955
19200425 313956
19219223 327321
19235806 71511
19251077 681498
19256648 8193715
19256758 8194773
19281092 15907490
19362489 100294
19364135 617997
19390239 15507001
19439957 8375691
19699125 19699126
19700502 39662
19712391 33980
19717372 66027
5214567 19732584
19879464 38277
19881146 33968
19881177 53056
19882817 83220
19886772 71867
19886824 70826
19886907 33980
19886999 33967
19887019 4462959
19887196 1380696
19887205 176332
19887280 1161752
19887286 76345
19890666 300129
19891415 80667
19894337 26480
19894359 33967
19894789 61462
19919548 162426
20033652 20033665
20042241 80667
20042921 8312380
20042926 28256
20043291 33967
20043294 13770
20043334 40429
20043349 70826
20043379 64806
20043535 71867
20043558 75989
20043627 38158
20046945 33967
20047497 40429
20047546 33968
20047549 69843
13261898 20047585
20048023 894754
20048120 40429
20048224 40429
20048364 300129
20048439 33967
20048470 38158
20048476 28185
20048490 28185
20048494 209872
20048653 427723
20048752 326198
20048787 87211
20048852 300129
20048954 76345
20049174 20049177
20049187 4474238
20049192 64806
20049194 1800
20049223 25217
20049239 1781
20051486 209872
20057235 26480
20057243 145046
20057266 33966
20057273 3228832
20057470 38157
20057524 33980
20057527 1781
20057573 1743902
20057579 176332
20057585 74100
20057590 1781
20057599 33980
20057613 33968
20057641 209872
20057645 25217
20057655 25217
20057683 71867
20057738 167
20057742 306555
20057813 145046
20057818 63141
20057860 33968
20057880 28185
20057899 80667
20057986 28185
20058004 31310
20058019 33968
20058033 33967
20058038 209872
20058069 427723
20058072 39607
20058086 25217
20058095 145046
20058107 33980
20058577 176332
20058590 33967
20058629 122306
20058685 1781
20058687 71078
20058701 145046
20058748 28185
20058776 71867
20058781 28185
20058791 108988
20058894 300129
20058960 33966
20058988 145046
20058999 64806
20059009 64806
20059012 74100
20059034 33967
20059161 300129
20059172 71867
20059187 8746670
20059276 87211
20059290 64806
20059362 33967
20059381 161323
20059395 145046
20059426 25217
20059472 33966
20059515 12494
20059547 300129
20059577 74095
20059595 87211
20059614 300129
20170172 329879
9018120 336622
20330889 349166
20381201 71511
20403121 312888
7838064 3780859
20428491 336622
20429145 322510
20533618 63141
20689225 20689226
20746664 6237205
20771605 20771608
20778471 20778474
21038454 110085
21080280 322510
21195148 21195150
21208912 311847
21257123 15507001
21747078 66027
14842595 33980
21824515 1662387
21952943 21952960
21952943 21952961
31431 21956136
21970708 71068
21974478 6237205
13596260 1049586
16804673 33968
21985842 871570
2995458 322510
7345061 33969
15214783 4234415
22021451 1407687
3436628 3780859
22070419 1087252
22075224 63141
22081423 162428
22085271 22085275
22086816 822664
22087618 261550
22092035 162428
22094415 8210593
9132665 11889379
11740706 2029715
22101102 162428
433245 22109475
1371932 311847
22125217 161
101700 648969
9973346 871570
22127826 311847
667689 8415527
13478783 162428
22133641 2029715
22133824 617997
22143015 871570
22144821 15507001
8557000 738894
20388731 71068
11158391 3242
22156290 336622
22156544 22156560
22157077 233641
22158172 11484542
22158496 23242
22159173 6237205
16989356 311847
22164243 6349
2776520 63141
10114895 846191
22187811 22187826
3059797 408057
22194032 233641
8822942 373559
2987625 408057
967301 322510
22233070 33968
22255978 22255980
22265938 988981
22300588 3242
5919755 2178759
15214785 3242
22320716 22320720
13478773 22321097
22322847 1049586
22323774 399206
22327415 83220
22333323 749276
17419835 322510
22349182 344569
8607494 70805
22380637 11779735
22385625 738894
22396026 24954
22403707 22403719
1305158 334866
22405392 76515
22409839 21956136
673559 349166
22413182 71492
22415089 22415096
9574519 408057
22415722 617997
22431447 349166
22432459 110085
22439153 322510
142643 22441345
22444116 76515
8177813 8132813
22463246 738894
22464948 738894
22472205 331739
13591953 70141
22496066 327321
17488597 24954
20716159 76515
22524928 71511
233640 71068
22528431 331739
22536369 8482509
22547302 70805
22548736 349166
22559423 22559429
1585828 331739
22600006 76515
22604063 22468
2037205 4220057
22630651 114238
22631866 843251
22636132 22636133
22636523 162426
22639977 51316
22641806 66027
22648291 349166
22651841 3780859
22673299 869305
22679396 851
22679515 261550
5207121 5758958
22695070 22695085
22696798 22696800
22715485 9490901
8823447 22747683
22757115 22757116
22757115 1984148
22758619 52022
17620061 829156
22780421 945129
22796353 846191
5601236 1595472
22918582 76515
22182615 648969
22987897 22987905
23009406 33967
15358789 782170
23044236 23044238
23082987 3793793
23090995 23242
23123817 349166
23124105 162428
23149251 9619827
23204949 312888
23247631 331739
23270614 162428
23288158 24954
23310299 71511
23341127 70141
23354548 70141
23382172 162428
23426276 648969
23440981 76515
23468304 17393
16608650 66027
23476364 162426
9350078 8258009
23498612 23498614
23504218 162426
23509647 110085
1465554 260586
23514493 14006
23514493 41926
23519995 76515
23525197 23525199
23601460 71867
23611129 76515
23622463 24954
23657459 64806
617274 1595472
23813174 331739
24004157 15414580
24004157 331739
24057364 8683927
24059281 24059285
24085063 38157
24144683 87211
24258452 7117779
24404418 71511
24423279 2180318
24469762 8731825
24491431 33980
5601237 4563922
3763162 162428
24928409 66027
25024058 979995
25064662 8559871
25067920 5920316
25088666 66027
25166429 9813057
11523221 110085
5619076 123665
1642288 21946506
4522208 303442
2930634 519375
5998955 336622
25393217 25393218
25414516 162428
25464779 6237205
25467093 349166
25492335 349166
25513038 871570
25517039 351991
25518885 3793793
25519057 344569
25520999 25521006
25534763 94665
25542800 648969
25576550 28256
25593791 51316
25644332 25644339
25646233 162428
25646702 8300946
25649497 25649500
25654367 66027
25720790 851
25751998 871570
25755668 38158
24928412 3242
25815926 162428
25869337 3233554
25873877 4476276
25875868 2029715
10725032 22468
25903718 61616
25903726 53056
26179254 871570
22872829 4150653
26322669 4769156
26334954 40429
26349121 4350160
26351031 110606
26351156 33980
26351165 38158
26351189 38158
26352583 70826
26356508 9244507
26356565 35768
26356573 57738
26356604 26480
26356609 76515
26356624 300129
26356668 26480
26356780 61462
26356784 64806
26356787 427723
26357044 33967
26357055 11842823
26357058 28185
26357086 71078
26357093 1058770
26357108 1161752
26360489 25217
26360640 70826
26364134 25217
26364382 850326
26364526 451996
26364545 61616
26379656 70141
26388558 582514
7123842 71511
26423000 63141
26505415 80667
26505913 427723
26506188 33980
26506211 40429
26506247 26480
26506450 38158
26506521 26506524
26510146 4457565
26510338 80667
26510683 71867
26510696 1059186
26510832 74095
26510835 39607
26510923 80667
26511300 26480
26511314 306555
26511405 110591
26511464 53056
26511504 145046
26511564 53056
26511568 33980
26511591 38158
26511596 74100
26511618 71867
26511841 74095
26519797 1800
26519829 71078
26520054 64806
26520060 74095
26520122 17393
26520126 70826
26520168 64806
26520235 38157
26520238 40429
26520244 71078
26520259 64806
26520267 33968
26520275 74095
26520364 1173149
26520418 139509
26520426 26480
26520446 829156
26520477 71867
26520484 145046
26520653 28185
26520658 40429
26520670 71867
26520713 209872
26520735 33967
26521130 145046
26521236 12494
26521240 76345
26521256 87211
26521258 71867
26521285 300129
26521289 300129
26521298 1781
26521304 26521306
26521315 25217
26521353 64806
26521360 209872
26521399 33967
26521419 339
26521437 258484
26521440 38157
26521448 26480
26521453 33966
26521464 87211
26521469 64806
26521560 145046
26521570 33980
26521579 2658
26521599 38158
26521611 145046
26521622 347217
26521635 33966
26521647 33980
26521654 145046
26521665 255260
26521681 28185
26521689 87211
26521723 176332
26521742 145046
26521843 8451782
26521864 33980
26521882 287940
26521905 427723
26521926 25217
26521962 64806
26521991 71867
26522047 76345
26522102 33967
26522175 33967
26522192 71869
23889260 349166
26742033 822664
26742816 200892
26814838 26814840
26817422 6147031
26829535 12134910
26858892 26858893
26858892 26858893
20468128 327321
26958835 74100
26967246 33967
27134089 176332
27206642 66027
27402231 110085
11053394 5233747
27528133 749276
27643320 63141
14593026 74100
27969943 27969945
28190756 11556849
14842592 40429
14842594 74095
28271748 47521
6237197 15352950
28375318 3780859
819510 331739
788193 9033943
12221725 295947
15939857 16844577
9222956 233641
16223993 21764
4595821 648969
10028682 8312380
12442996 162428
28474041 871570
8182301 822664
28485750 331739
15364890 28492641
28494515 37819
23952210 1049586
13111289 28502222
28517069 193348
28522863 162428
8307271 1049586
28526296 28526309
11480450 233641
822099 123665
285904 331739
28456157 648969
28574054 319907
28577439 883872
3882561 448097
28589919 71511
28592968 7696116
28601851 28601856
6209280 8415527
28629257 23242
28649141 28649142
10284953 123665
28661331 24954
28698794 22156560
17580770 53056
28705131 72149
28706236 71511
28707319 843251
8494200 336622
28713515 822664
28722879 83220
28724177 71511
28750849 4131775
28753692 331739
28768147 66027
28787377 8193715
28790959 676591
10945781 33967
28103700 11889461
16723068 200892
10592946 851
15722704 33968
3022997 6718296
22322780 21764
15256620 114238
28855773 28855783
12150624 4321058
28858409 63141
28858561 344569
28859924 1049586
28864568 648969
25747088 28649142
8174135 408057
28875520 28875521
28885129 9339560
28370560 294663
28890076 71068
28890116 8350461
28896418 648969
22531826 5920316
28900242 162428
28900726 3242
28915039 344569
28915183 8753117
5852976 6237205
28924747 70141
28927912 66027
28869320 28185
28940077 66027
28944074 738894
12395416 676591
29001745 110085
29004478 596773
29010999 8566009
29024975 33968
29025649 312664
29026321 24954
29026826 94665
29031637 322510
29036561 110085
29042163 70141
29059725 322510
29059833 80667
5986291 29074493
29093602 8415527
29118189 66027
29125249 344569
29126990 24954
29144497 4311939
29144650 71078
29191676 3526
28523063 1049586
1657064 349166
29222509 74095
1762375 29231813
16126302 2874599
7450617 934502
29304024 349166
22532704 29323498
29362448 57738
16833830 4474238
29365967 29365968
28535959 22002360
29407045 4336063
29426292 29426295
29429445 15337267
29460187 21764
29524139 29524142
29533161 344569
29556619 1049586
29592509 63141
29767676 29767677
29789743 21956136
29789953 29789961
29809922 72149
29825885 8359048
6623327 28256
29832496 8312380
29834096 33968
29859003 110085
29958444 1133320
30009181 599955
25646248 344569
30081886 30081887
30108473 30108474
30313383 507617
16168140 3242
30386244 200892
30400995 64806
30407677 207736
30729511 75771
30731990 200892
10725033 2994863
30914379 4475567
30965831 200892
227263 11889013
30995050 8161148
30999409 871570
2166370 1476460
31210157 822664
28711133 8128742
31279607 70141
31280405 71078
31292288 322510
31343423 21764
31364127 349166
31375093 71511
31410102 322510
31425643 70805
31459475 114238
31488071 31488074
296619 162428
21228178 738894
31644694 327321
101703 311847
31659967 162428
31672226 6237205
31768827 63141
31792548 33980
31799226 6237205
31818756 74100
31821726 200892
1609817 31854807
31863554 76515
31866307 15414580
25641886 312664
5038518 326198
31906417 712829
31909383 21980380
31923318 12912925
31967579 4460896
13111290 8330937
9758461 33967
20814288 869305
29230327 114238
13266401 15439901
18499200 23242
32130604 306555
32131719 4473280
32165155 74095
32419120 32419123
1464406 5060321
32424010 33968
32446078 33216
1402462 32446942
32449174 871570
32550152 8169045
32556508 1800
32578283 74095
32586679 80667
32586882 70826
32588346 4457692
32589090 71867
32589205 209872
32589559 1059186
32593547 25217
32593610 40429
32593644 26480
32593647 4464981
32593722 71078
32593734 33980
32593783 87211
32594094 17393
32594112 38158
32594263 38158
32594397 38158
32594419 145046
32594532 87211
32597034 33980
32599090 71867
32599407 74100
32601276 28185
32601335 176332
32613708 599955
32624997 94665
32625083 70805
32646746 200892
32729765 349166
32734797 2271083
32734980 51316
32735126 33968
32735492 4474238
32735665 33980
32735766 71867
32735842 38157
32735847 33980
32735939 71492
32736119 74095
32736197 32736198
32739647 427723
32739696 38157
32739711 12494
32740403 28185
32740415 69843
32740608 80667
32740617 71867
32740918 38157
32740925 37987
32740957 209872
32740973 176332
32741009 33967
32741095 76345
32741241 38158
32741264 677069
32741266 319907
32741276 63141
32741288 33967
22711268 33968
32749098 176332
32749109 70826
32749113 14350
32749129 287940
32749146 331177
32749178 451996
32749211 209872
32749218 33966
32749277 33967
32749284 433281
32749287 38158
32749294 28185
32749427 28185
32749578 33966
32749589 87211
32749593 300129
32749595 71982
32749598 74095
32749628 33967
32749642 71867
32749648 25217
32749661 26480
32750149 209872
32750188 209872
32750202 33967
32750238 176332
32750269 300129
32750292 33966
32750307 80667
32750322 33966
32750340 145046
32750346 64806
32750361 300129
32750365 145046
32750385 87211
32750397 176332
32750413 28185
32750524 33967
32750531 209872
32750559 10145
32750564 80667
32750584 57738
32750591 64806
32750604 39607
32750617 38158
32750651 33967
32750669 306555
32750682 33967
32750723 856
32750800 28185
32750814 71867
32750821 71867
32750836 54787
32750892 209872
32750900 300129
32750918 33967
32750936 64806
32750942 71867
32750959 59757
32750973 145046
32750978 33966
32751050 176332
32751073 33980
32751080 17393
33006249 8713757
33087768 16108154
33097086 4220057
33118241 3242
5042108 311847
33167260 6237205
33180695 681498
33423974 66027
33500442 311847
33509609 33509610
33846380 327321
33863832 25289665
34111177 18748112
34120793 344569
34419096 408057
28338182 34523731
1751 5060321
101699 6366009
34551422 66027
6147182 63141
9516478 34556162
762894 8300946
34557938 200892
34558874 34558889
7949419 8482509
7949419 5591333
34560020 327321
775160 34613588
8606892 9339560
16214790 336622
6308457 312888
286263 749276
34639935 5233747
1541302 34661907
6001322 4371475
34673470 331739
6717112 15298403
9021785 15507001
8133854 34683654
8133854 33969
1657924 8132813
34688238 15439901
8307268 336622
4274003 9339560
4875555 322510
6317938 589395
34692191 71068
5601230 21961221
819511 1600502
224911 34705495
34706074 871570
9121285 162428
8358204 336622
32940263 8566009
23177848 3242
34719780 3780859
5622802 71492
34730011 8578899
34731564 1407687
34731634 74095
6301597 3242
15173562 3693143
24123935 303442
813939 8413576
34763725 1049586
1464404 869305
19194013 336622
29221044 34789828
8203070 4321058
8203070 738894
30976502 34792428
34792743 322510
10600068 21764
34800955 11556849
34803671 6237205
4875531 1600502
30286812 3242
2682791 8258009
2027349 1600502
34828192 871570
34830872 871570
34834969 322510
34835055 76515
8705713 3780859
28966061 24954
15391303 617997
8908500 322510
29886496 12457
589347 846191
34854951 70805
34876063 34876065
8819943 23242
5592775 336622
822096 738894
3086924 399206
34893314 22792375
8203073 6237205
34897204 6237205
34897996 331739
34899639 1049586
34907494 2178759
27921339 846191
22367515 4321058
34940858 3780859
34941337 3242
34943701 322510
34945767 322510
4969733 738894
22492271 883872
31433 681498
34547659 617997
34968421 66027
10725031 22437711
18500412 3693143
16804398 331739
34975383 582514
8938216 327321
28820181 34983999
22015221 34986494
4913443 648969
4125692 80667
35013271 344569
35014030 162428
35019881 648969
35027989 8544697
35029511 2178759
35030637 738894
35037175 883872
35040630 57738
1025901 75989
35058237 1600502
35058985 4321058
22114196 8193715
8852369 1813972
35060640 349166
35062605 200892
16804399 35062741
35064606 35064613
29031643 851
8404547 2268600
7564429 373559
35070025 61462
1198756 35073399
35074831 35074845
35085135 349166
35090434 22035093
35093182 322510
35096486 399206
35112721 331739
35142469 8312380
10295771 35144903
35151938 21954442
35154703 66027
35161895 822664
30263274 749276
29169854 448097
35172693 1849019
35187606 1998866
35194845 582514
35250069 4321058
35272222 35272227
35277281 242049
35284637 66027
35291181 35291182
35291372 1159454
35292781 35292785
35293257 322510
35302986 63141
9620169 327321
27639816 66027
35321379 35321382
11028102 110224
35344266 31569633
35344272 979995
35373956 749276
22554483 1049586
35393986 871570
35397489 4563922
35438287 3428196
35447918 110085
35470494 70141
35542109 110085
35572886 66027
35576128 851
35578001 648969
35591411 94665
35608441 35608445
22367078 200892
35638176 71068
35691828 35691830
4205850 15246347
35231538 35723415
35763450 70141
7015769 35776534
35796641 474211
395318 35810139
617275 336622
35824526 15652999
35834699 351991
35840658 162428
35598481 8753117
35920587 162426
35925196 312664
35939603 52022
35961770 94665
35968824 200892
35972617 70141
35982842 187420
35991101 200892
35991382 74095
35991904 76345
35996273 349166
35996781 617997
36025102 38157
36041848 311847
36074295 39607
36100691 6313853
36166661 72149
36289894 74095
36294856 36294858
36328097 76515
36428184 8380506
36432571 644166
31645639 162428
36657973 8375691
36661937 3242
36666282 15420621
36718891 36718892
36826871 349166
36836067 843251
36908961 123665
36925629 1049586
37057962 979995
37096028 233641
6299061 373559
6237187 822664
4563577 63141
5618025 200892
37451162 599955
37454333 71068
37463400 2178759
37466199 71511
37526652 110085
7893232 336622
37655107 200892
37737944 52022
37755928 336622
37766438 11878017
37776183 738894
37787697 8210593
5791751 15507001
37880666 738894
1550674 3693143
37898706 28185
37918551 717551
37932285 1813972
37958115 22468
2443339 64806
37998348 70141
38045530 12494
38098427 1988
38113494 3242
38136626 15362989
38149963 26480
38155370 344569
38202310 8258009
38207474 51316
1464405 303442
38237910 70805
8385086 21956136
38470679 21764
38536924 38536938
38590610 71867
38600436 28185
38605811 33967
38617874 110224
38626076 40429
38628841 33967
38628888 35151748
38629782 4464981
38629816 3228832
38633659 433281
38633767 33967
38633789 87211
38633921 1345603
38634153 54787
38634177 33967
38634180 33967
38634504 33980
38634590 33966
38634728 38158
38637138 3228832
38637144 300129
38637528 28185
38639222 87211
38639348 33967
38639597 33967
38641484 33967
38672819 71068
13134828 322510
1073360 617997
38685883 38685884
38691514 260132
38770317 71867
38770351 71867
38770392 33968
38770867 40429
38770980 33980
38771048 38771050
38771126 306555
38771231 87211
38771270 38158
38771274 26480
38771327 70826
38771364 33980
38774603 102558
38774657 344889
38774961 28185
38775099 28185
38775134 28185
38775719 74095
38775730 38157
38775740 63141
38775743 76515
38775747 28256
38775751 12494
38775777 28185
38775798 110591
38776001 2271083
38776038 38776040
38776098 33980
38776189 33980
38776195 145046
38776257 1597331
38776274 339
38776287 12494
38776295 74095
38776420 38157
38776548 685989
38776566 33967
38776580 287940
38776583 71867
38783649 63141
38783698 87211
38783907 40429
38783910 4475637
38783914 749276
38783934 38157
38783960 331177
38783985 122306
38784010 33966
38784027 2058
38784041 28185
38784051 33967
38784059 71492
38784078 300129
38784085 33967
38784117 64806
38784121 312738
38784126 1058770
38784159 33980
38784184 33967
38784211 209872
38784222 69843
38784329 427723
38784334 300129
38784357 64806
38784379 71869
38784381 40429
38784383 115537
38784448 209872
38784452 74095
38784463 87211
38784486 71492
38784882 64806
38784921 209872
38784924 71869
38784930 127720
38784940 161801
38784945 108988
38784964 300129
38784973 75771
38784981 28185
38784989 33966
38785036 38785039
38785059 28185
38785062 259175
38785064 300129
38785079 64806
38785093 22187826
38785111 87211
38785114 33966
38785122 14350
38785182 64806
38785216 145046
38785218 28185
38785267 74100
38785271 145046
38785273 71867
38785275 1781
38785286 145046
38785298 10145
38785322 64806
38785327 145046
38785342 1781
38785355 25217
38785364 145046
38785375 38157
38785397 25217
38785412 71982
38785442 14350
38785539 145046
38785551 17393
38785596 71867
38785607 33967
38785699 33967
38785717 87211
38785761 74100
38785792 1781
38785834 110591
38824602 76515
38853039 871570
39031971 312888
39032876 311847
8543073 39080942
39122930 39122932
39208971 70141
39229132 3242
39381706 6237205
39418749 8141162
39439945 1049586
39466289 83220
39588214 327321
39607215 39607216
8910142 738894
39720060 200892
33996354 40429
40107846 59757
40184942 40184943
40250462 24725
40366678 344569
14842593 74095
14842596 33980
8174134 8432287
516889 775912
707557 33747
40536727 71511
7938013 1476460
40544301 71068
80662 349166
6262134 957480
40561214 883872
304832 4474238
40565417 322510
40575134 329879
14891529 843251
28839577 5186936
40598128 871570
16367339 162426
7789994 63141
40644988 2029715
6309232 28649142
15388888 344569
40646661 23242
36464390 957480
610314 25289665
456501 57738
30168003 738894
4701871 39080942
40673668 15842184
1624315 15999018
11491495 8185976
11018868 1476460
40681116 331739
938590 351991
28356815 6237205
40691059 66027
40692146 869305
5601229 15507001
40699562 71068
40700266 40700293
11532024 399206
40707411 15771032
1496409 8566009
859076 351991
10560557 883872
40713396 843251
21580675 336622
22511730 326199
474215 21764
40717505 37656727
1654601 4563922
22912522 162428
35885113 261550
10648166 15999018
8438334 71068
21493180 749276
240046 1600502
40741238 331739
1340079 851
40776938 344569
40780726 71068
40800189 344569
11824914 40810316
40818311 162428
40834693 474211
40866785 871570
40868127 31558406
822098 3693143
615486 162426
21494492 87211
9258749 4769156
40890478 39122932
8059949 353875
40913494 66027
28598484 3242
450517 40947442
40948312 822664
39414793 15509732
40948759 5920316
15333296 28492641
21937387 21764
40957546 331739
34547654 408057
40974744 40974749
902122 260586
676900 40978721
40988466 66027
28770833 41002685
29059892 648969
41025814 349166
41035551 3780859
41036124 349166
41036614 676591
41045377 408057
22410569 871570
41053414 8258009
8203075 3693143
41070748 11760838
16692737 1369437
8711703 41075016
41081773 23242
41083250 9813057
9106970 2178759
41124607 33969
41131796 871570
41141227 12457
41143386 344569
41143659 871570
41147336 110085
41148802 41148815
1161051 1049586
41150457 2268600
956761 71511
41157906 71511
12127556 1600502
41177098 71068
41184690 8258009
41197556 8362146
41200084 24073
41200501 162428
41245922 200892
41247459 15787860
41262738 871570
41265090 162428
41270683 63141
41284020 344569
22320959 73255
41293698 33980
259124 41294771
24919406 6237205
41328892 29280104
516587 408057
41387941 20689226
41387941 41387944
589348 70805
33357900 41432462
8395164 344569
41435933 207737
41482711 129587
41492999 33968
37524780 8161148
41525192 200892
35975197 40971987
1595461 4234415
41623610 66027
41661960 162426
41721860 8415527
16306158 162428
2562485 14139499
41752870 822664
41770799 18986920
41835268 8258009
41847611 1263838
41884555 988981
41897375 16087980
13258127 76515
41907899 145046
41923939 33980
2236534 349166
41942211 582514
41945828 80667
41955454 70141
24112354 21946786
42039173 71867
42069558 344569
42080092 38157
11035808 42121855
11035808 42121856
11035808 5060321
11035808 1087252
42131966 8371177
42166771 42166772
42182743 26480
26723462 21764
42254449 80667
42358825 71867
42417949 31310
42420323 448097
42454117 336622
5760496 311847
42951179 408057
42961226 70141
42977707 22468
154241 4563922
21111127 34558889
43044212 6237205
35965282 28256
43225128 331739
43228102 15517074
43237964 2178759
20318703 681498
5016063 344569
43293986 21764
43305471 6237205
27253382 15787860
43324212 336622
31368727 71867
43349399 66027
43380745 351991
43436545 71492
43464204 344569
43472669 145046
43640645 34558889
13266403 71068
43645468 6237205
43668958 749276
43670995 344569
15413679 327321
43672721 70141
43679110 26480
43692998 6147031
27993458 123665
43784077 4335957
43784597 66027
40259672 2029715
43810124 749276
15203534 8330937
43810344 749276
43831807 6237205
43852573 24954
43853165 74095
6888251 322510
43908210 869305
43912714 738894
44000841 52022
44000943 63141
44000985 44000999
43668961 44034196
25513370 336622
44121044 66027
44319450 9052468
44367317 6237205
44375323 44375324
44464323 74095
44465390 44465394
44475136 3228832
44475364 80667
44500475 40429
44501777 80667
44501844 80667
44503323 33968
44504619 26480
44504678 35465
44508209 26480
44508323 427723
44508403 64806
44508709 712175
44509023 145046
44509127 145046
44509142 40429
44511724 76515
44513029 33980
44513614 71078
44513993 33968
44515673 176332
44515718 200892
44515893 145046
44516092 312664
44541179 71068
44543238 28185
44612584 71869
44639704 300129
44640114 209872
44640372 70141
44640468 80667
44640609 44640611
44640705 4464981
44640716 64806
44640727 75989
44640733 28185
44640748 554788
44640753 74095
44640755 176332
44640818 40429
44640873 326199
44642982 63141
44644497 7117779
44645164 26480
44645252 28355453
44645489 176332
44645594 4473621
44645672 33980
44645678 161801
44645680 209872
44645760 26480
44645814 11594932
44645833 71573
44645838 44645840
44645851 40429
44646005 13137446
44646018 4470788
44646057 33980
44646068 71867
44652973 43549494
7696090 4563922
44653229 1289208
44653234 14350
44653243 8193715
44653275 33980
44653279 44653282
44653286 83220
44653291 139509
44653298 344889
44653300 209872
44653367 145046
44653394 326198
44653415 3234
44653429 71867
44653431 26480
44653441 38158
44653456 39607
44653463 61462
44653474 71867
44653476 1178854
44653495 28185
44653507 38157
44653513 76515
44653545 379134
44653547 159606
44653554 75989
44653565 33966
44653571 209872
44653575 70826
44653590 209872
44653593 33980
44653607 145046
44653610 176332
44653666 331177
44653723 76345
44653762 176332
44653780 33967
44653799 26480
44654221 38157
44654224 176332
44654265 176332
44654283 33967
44654300 27571
44654302 259175
44654316 2658
44654339 209872
44654341 344889
44654353 71867
44654355 28185
44654364 12494
44654393 176332
44654395 33967
44654397 40429
44654401 161801
44654403 33966
44654405 37819
44654415 28185
44654424 33967
44654497 306555
44654526 161801
44654531 122306
44654536 33967
44654542 1782
44654549 87211
44654578 39607
44654584 64806
44654592 38157
44654605 87211
44654655 145046
44654743 344889
44654780 33980
44654834 33980
44654846 300129
44654858 28185
44654861 33968
44654873 161801
44654936 145046
44654950 33967
44654999 33966
44655007 326199
44655070 38158
44655100 2058
44847619 34558889
44888789 71867
44892691 15721937
44925078 1049586
44962435 162426
44962577 8375691
44971689 61462
44980174 71511
45021655 8731080
45192852 738894
45195167 38123457
45286778 5060321
45286789 775912
45292401 8300946
45330491 3780859
45339210 331739
45349080 851
45363719 28185
45390787 21956136
33654314 45507494
45535929 260404
45727088 738894
45999487 981495
46044990 5060321
9165040 322510
46350469 8210593
8885182 775912
101702 21946506
966876 15362989
46367029 70805
44855 76515
46372529 322510
234232 869305
9696377 4150150
5859249 311847
46388137 63141
46391684 22468
1305199 21764
46406376 1357530
46419814 40429
29069513 2268600
3529427 18986920
15074260 110085
17333948 871570
28848538 322510
46463073 15507001
46473849 162428
388399 39080942
46486746 712829
13478781 32446942
740273 738894
17414724 851
6036660 110085
11043031 8293873
46508610 46508614
2170986 46511205
8307269 4563922
21642783 28256
8391977 6237205
40697088 15341004
34880851 8713757
46536248 41141319
2708740 23242
46544607 110085
11639635 4563922
22195301 110085
46566301 408057
46567261 71068
46574672 63141
28381460 21956136
15902366 71511
46584182 9636899
46593022 21764
22704210 57738
46598323 676591
22520892 46599376
18886009 312888
28055181 8359048
3183788 8731080
46618500 18744001
46626506 3428196
8557343 869305
46677732 4346728
46682351 4150366
46684399 23242
1371582 46688718
616489 46695443
46721636 63141
46729561 399206
38685453 18383472
46748444 738894
46751882 682051
46752740 71068
18840783 1595472
250655 327321
46767829 200892
46768724 74095
28698799 399206
9788794 6366009
28381459 1600502
46784792 232359
44925083 71068
28056405 70141
46787849 6366009
46797926 28256
9110712 344569
16542447 40561802
46812136 1595472
8160776 46813971
46816285 8258009
24086082 883872
1014295 31738134
46826286 24954
6409991 71068
46494024 871570
46842300 52022
35104199 738894
1662703 52022
46853569 34562150
28626618 46860829
46864397 66027
20388733 70805
46871181 70805
8177812 4563922
46879090 24954
46880189 46880198
46892132 71068
46894089 6366009
30488631 21764
46944018 336622
15340750 6366009
46947540 28256
45016586 6366009
46962448 427723
46991995 40650366
47004222 26480
47012325 47012331
47049675 8683926
47066149 200892
47077486 5060321
47085867 312888
47094100 9378511
47122534 6366009
47175303 71068
47195058 322510
47195216 851
47204802 982268
47206085 28256
47206151 71068
47209263 71511
16227050 26480
47245212 8258009
47282854 110085
47290857 200892
47362842 47362844
47371755 344569
732348 1849019
47374176 8193715
16971778 851
47388990 47388991
47414483 648969
47432614 6366009
31642103 408057
47440166 1600502
47493360 70950
7437490 47494701
47497037 5060321
40577648 846191
47564742 66027
47667847 70141
47675618 70902
25788609 66027
47678611 110085
47679779 71068
47684026 21764
47704498 1050799
47712293 110085
47720190 408057
47722522 57738
8124004 276451
47736290 8312380
47846082 21764
23642250 70141
48053745 822664
48145102 26480
48187061 322510
9659347 91238
8993020 311847
5108270 24073
48237238 781781
48244562 15507001
930472 10332741
28649238 261550
34105223 15414581
18862345 8731080
48736198 110085
15462468 3780859
31291038 28256
48764647 15771032
48764652 749276
48770785 3780859
4306644 1600502
49016073 21961221
29845422 176332
49048738 871570
49082654 70141
49169315 871570
49199572 907069
49201718 37404805
49302796 349166
49304187 1133320
49310100 4678768
6308613 5186936
49376539 52022
49406443 10996196
13564493 322510
18969465 3242
5694883 3780859
49426472 21956136
49442551 7696116
49449226 33968
49450953 70950
49471803 617997
19366302 681498
2712367 311847
49532318 3780859
49535054 28185
4042178 349166
19072501 344569
49593101 28185
2004810 5186936
40518036 4563922
12209201 829156
49709909 408057
18386445 71068
49727372 162426
40365665 738894
14950560 8258009
49760500 749276
28038283 1595472
49781631 52022
49832672 11887309
49835129 28185
49835366 582514
719560 3693143
50028327 23242
50041195 64806
50042801 399206
50044214 399206
50053154 6237205
50160484 28185
50160647 126275
50170417 1161752
50170429 33980
50170445 427723
50170453 64806
50184105 50184107
50184618 176332
50184868 26480
50198472 4457531
50198496 57738
50198514 1800
50203385 209872
50203402 982261
50203491 53056
50203493 33967
50203496 3228832
50203506 1800
50203518 240450
50203574 4354426
50203584 40429
50203798 33980
50203812 127720
50203819 33980
50203829 40429
50204124 33980
50206759 23476
50207077 28185
50207202 300129
50207223 7117779
50208134 87211
50210756 33980
50211092 71078
50332181 35768
50332321 37819
50332351 87211
50332735 1059186
50332979 33968
50333007 71867
50333203 31562687
50333313 11577801
50336773 145046
50336783 312738
50336793 145046
50336806 28185
50336982 176332
50337002 80667
50337499 28185
50337502 64806
50337513 33980
50337869 28185
50337879 209872
50337891 80667
50337898 37819
50338032 161801
50338069 74095
50338085 580079
50338092 26480
50338176 1173149
50338203 176332
50338294 38157
50338307 102558
50344993 145046
50344995 49628
50345258 25217
50345287 33980
50345300 25217
50345329 71078
50345340 26480
50345351 26480
50345373 306555
50345378 28185
50345393 300129
50345408 64806
50345420 300129
50345432 40429
50345435 33968
50345446 209872
50345450 71078
50345452 64806
50345462 176332
50345468 61462
50345473 176332
50345495 28185
50345499 141314
50345506 71867
50345577 33966
50345586 17393
50345595 76345
50345597 145046
50345601 74100
50345605 644166
50345611 74095
50345623 306555
50345630 64806
50345659 40429
50345662 75771
50346036 38158
50346054 38158
50346119 71078
50346170 87211
50346179 300129
50346191 28185
50346197 1191084
50346199 71573
50346209 176332
50346223 14350
50346239 33980
50346244 33967
50346246 61462
50346261 33967
50346263 64806
50346282 209872
50346290 64806
50346292 71867
50346305 33967
50346327 33967
50346363 71867
50346371 71867
50346373 33966
50346404 1800
50346408 677069
50346411 87211
50346419 300129
50346437 61462
50346448 300129
50346454 64806
50346456 14350
50346485 64806
50346511 80667
50346528 33980
50346543 33980
50346545 1782
50346549 74095
50346610 344889
50346642 33967
50346647 300129
50346658 71867
50346695 1781
50346727 145046
50346785 3228832
50346791 145046
50346797 64806
50346806 8078
50346837 71867
50346839 64806
50346841 1781
50346853 28185
50346866 25217
50346876 33967
50346887 33966
50346890 1781
50346912 1050799
50430992 48196012
50432942 24954
50546907 349166
50577622 982268
50582782 21946506
50582890 33980
50621385 70141
39720062 33968
50750832 286443
50768458 349166
50997364 331739
41162131 21764
40818671 51350971
51351012 871570
51616776 580079
5758972 7696174
51940187 40682046
51959871 162426
