873968 873987
876049 876054
1416313 1416317
1417891 1417897
1424862 1424868
1431425 1431429
1435873 1435878
1436893 1436896
1441751 1441757
1444731 1444735
1445009 1445015
1445884 1445887
1449341 1449358
1457212 1457218
1464215 1464218
1486606 1486616
1494798 1494802
1497520 1497525
1504024 1504029
1509982 1509986
1510539 1510545
1512813 1512830
1516901 1516904
1521476 1521482
1527058 1527061
1527463 1527467
1528178 1528181
1534442 1534447
1521477 1535186
1536963 1536966
1539244 1539249
1540403 1540406
1545189 1545194
1547137 1547141
1565298 1565310
1570240 1570244
1574891 1574898
1581022 1581027
1584125 1584129
1592006 1592009
1602649 1602653
1613808 1613811
1630236 1630241
1630749 1630754
1643568 1643571
1643787 1643790
1643903 1643906
1644658 1644662
1650679 1650682
1668660 1668666
1441753 1670953
1687124 1687141
1695569 1695573
1701131 1701134
1712451 1712454
1720539 1720543
1724595 1724599
1725556 1725560
1777837 1777841
1798401 1798406
1807114 1807118
1810581 1810584
1811017 1811022
1812031 1812037
1720540 1814257
1444732 1834671
1853097 1853100
1880426 1880429
1939282 1939285
2143406 2143409
2211751 2211755
2214280 2214287
2257380 2257383
2258502 2258509
2346001 2346007
2386389 2386392
2386770 2386774
2563820 2563824
2747278 2747283
3539437 3539441
3539442 3539447
3539448 3539452
3566022 3566025
3566026 3566029
3664084 3664090
3694016 3694020
3694459 3694463
1777838 3694757
3792231 3792235
3792236 3792242
3792244 3792247
3792237 3792278
3792548 3792553
3792554 3792558
3793271 3793276
3793277 3793281
3793282 3793286
4073181 4073185
1486609 4169525
4350912 4350916
4350917 4350921
4452987 4452991
4631678 4631682
4631683 4631688
4631705 4631710
4631711 4631715
4631716 4631721
4631722 4631727
4631731 4631734
4631738 4631744
4631745 4631749
4631750 4631755
4631757 4631760
4631761 4631766
4631767 4631771
4631772 4631777
4631778 4631782
4631783 4631787
4631788 4631794
4631795 4631803
4631804 4631809
4631811 4631815
4631816 4631821
4631877 4631881
4631882 4631886
4631887 4631893
4631894 4631899
4631900 4631904
4631905 4631909
4631910 4631914
4631915 4631920
4631921 4631925
4631926 4631931
4631932 4631937
4631938 4631944
4631945 4631949
4631950 4631954
4631955 4631960
4631961 4631969
4631970 4631976
4631939 4631982
4631983 4631987
4631991 4631995
4631996 4632001
4632002 4632008
4632009 4632013
4632014 4632017
4631718 4632022
4632023 4632027
4632028 4632033
4632034 4632041
4632042 4632046
4632048 4632054
4631916 4632058
4632059 4632064
4631963 4632067
4632068 4632073
4632074 4632078
4632079 4632085
4632096 4632102
4632103 4632107
4632108 4632111
4631906 4632115
4632116 4632120
4632121 4632125
4631966 4632129
4632130 4632134
4632135 4632139
4632140 4632144
4632145 4632149
4631965 4632153
4632154 4632159
4631951 4632163
4632164 4632169
4632170 4632174
4632035 4632179
4632180 4632185
4632186 4632190
4632191 4632196
4632206 4632212
4632213 4632219
4632220 4632225
4632226 4632230
4632231 4632235
4632236 4632240
4632241 4632245
4632246 4632250
4632251 4632255
4632256 4632261
4632269 4632275
4632283 4632288
4632289 4632294
4632295 4632299
4632300 4632305
4632306 4632310
4632311 4632316
4632317 4632321
4632322 4632328
4632329 4632333
4632334 4632340
4350913 4632344
4632345 4632350
4632351 4632357
4632358 4632362
4632363 4632367
4632368 4632374
4632375 4632380
4632381 4632386
4632387 4632392
4632393 4632398
4632399 4632402
4632403 4632409
4632410 4632415
4632416 4632420
4632421 4632427
4632428 4632434
4632435 4632440
4632404 4632445
4632453 4632457
4632458 4632463
4632464 4632471
4632472 4632478
4632479 4632483
4632484 4632489
4632490 4632494
4632504 4632510
4632520 4632525
4632552 4632558
4632565 4632571
4632676 4632681
4632749 4632754
4632854 4632858
4632868 4632873
4632874 4632877
4632878 4632882
4632883 4632887
4632888 4632892
4632893 4632897
4632898 4632903
4632904 4632908
4632909 4632913
4632914 4632918
4632919 4632923
4634873 4634877
4634878 4634882
4634884 4634888
4634889 4634893
4634894 4634898
4634903 4634907
4634910 4634916
4634917 4634921
4634922 4634926
4634927 4634932
4634933 4634939
4634944 4634949
4634950 4634954
4634955 4634959
4634965 4634969
4634971 4634976
4634987 4634991
4634979 4635000
4635012 4635016
4635017 4635021
4634995 4635028
4634997 4635048
4635049 4635055
4635067 4635071
4635080 4635084
4635089 4635094
4635095 4635100
4635101 4635104
4635105 4635109
4635110 4635114
4635119 4635124
4635125 4635129
4635130 4635134
4635135 4635139
4635140 4635145
4635149 4635154
4635155 4635159
4635165 4635169
4635172 4635176
4635177 4635181
4635183 4635188
4635190 4635193
4635198 4635202
4635203 4635207
4635222 4635226
4635227 4635231
4635236 4635240
4635245 4635250
4635268 4635273
4635292 4635296
4635297 4635301
4635302 4635305
4635306 4635310
4635323 4635326
4635327 4635332
4635336 4635340
4635341 4635345
4635346 4635350
4635354 4635358
4635368 4635372
4635375 4635379
4635385 4635389
4635392 4635396
4635398 4635401
4635402 4635406
4635407 4635411
4635413 4635417
4635421 4635425
4635430 4635434
4635435 4635439
4635442 4635448
4635451 4635456
4635457 4635462
4635444 4635467
4635471 4635475
4635478 4635482
4635483 4635487
4635492 4635496
4635498 4635503
4635504 4635507
4635508 4635513
4635514 4635519
4635520 4635524
4635526 4635530
4635531 4635535
4635539 4635543
4635547 4635551
4635554 4635559
4635560 4635565
4635567 4635572
4635573 4635577
4635578 4635584
4635585 4635589
4635601 4635605
4635606 4635609
4635610 4635614
4635615 4635620
4635621 4635625
4635629 4635633
4635634 4635638
4635639 4635642
1486611 4635645
4635611 4635649
4635650 4635654
4635655 4635659
4635662 4635666
4635669 4635673
4635674 4635678
4635680 4635685
4635686 4635690
4635693 4635698
4635934 4635938
4635944 4635948
4635953 4635957
4635967 4635970
4635975 4635979
4635986 4635990
4635992 4635996
4635997 4636004
4636020 4636024
4636026 4636031
4636034 4636039
4635993 4636044
4636045 4636050
4636052 4636056
4636057 4636060
4636061 4636065
4636066 4636070
4636075 4636080
4636091 4636095
4636096 4636100
4636106 4636111
4636113 4636118
4636119 4636124
7315478 7315480
7315499 7315501
7315512 7315514
7315516 7315518
7315523 7315525
7315532 7315534
7315536 4635240
7315541 7315543
7315545 7315547
7315549 7315551
7315585 7315587
7315589 7315591
7315593 7315595
7315597 7315599
7315611 7315613
7315615 7315617
7315620 7315622
7315624 7315626
7315628 7315630
7315632 7315634
7315636 7315638
7315640 7315642
7315644 7315646
7315653 7315655
7315660 7315662
7315664 7315666
7315669 7315671
7315675 7315677
7315679 7315681
7315683 7315685
7315691 7315693
8250178 8250186
8250178 8250187
8603208 8603213
8858784 8858796
8919273 8919277
9188467 9188471
2563821 9195360
4635004 9212135
4631706 9212623
9238065 9238068
4635209 9238421
9242047 9242050
1424863 9250083
9269039 9269043
9277661 9277665
9277980 9277984
9281369 9281374
4635087 9284167
9285067 9285072
9296279 9296284
9299216 9299219
3664085 9299640
9302582 9302585
9304671 9304677
9309486 9309491
9327290 9327295
9329101 9329106
1630750 9330211
9332222 9332226
9337740 9337745
9340079 9340085
9341413 9341416
9345453 9345457
9361358 9361362
9383565 9383568
4635078 9390631
4634895 9392894
4631796 9408264
9413874 9413877
8858785 9438281
9440036 9440040
9443292 9443295
9452002 9452007
9455010 9455023
9468483 9468487
9488619 9488622
9524154 9524161
2214283 9541460
4635062 9548716
1587052 9596068
4635204 9596685
9634579 9634583
9664632 9664636
9726109 9726115
9896184 9896188
4634732 9962841
1486607 9983932
1494799 10010252
10029059 10029064
10038100 10038104
9726111 11015019
11018702 11018706
11037429 11037433
11060742 11060745
11174299 11174302
11200259 11200262
1512814 11202144
11260258 11260265
11260402 11260406
11260668 11260673
11260680 11260686
11519893 11519896
11523416 11523419
4635293 11523705
11523706 11523710
11524420 11524423
11776577 11776582
11868872 11868876
12032998 12033002
12033003 12033007
12033029 12033034
12033035 12033039
12033040 12033044
12033045 12033049
12033050 12033053
12033055 12033059
12033060 12033064
12033065 12033069
12033070 12033074
12033076 12033080
12033081 12033086
4631789 12033092
4631818 12033096
12033097 12033101
12033102 12033107
12033098 12033115
12033116 12033120
12033121 12033124
12033147 12033151
12033152 12033156
12033157 12033161
12033162 12033166
12033167 12033171
4632029 12033176
12033177 12033179
4631971 12033183
12033184 12033188
12033189 12033194
12033195 12033201
4632070 12033206
12033207 12033212
12033213 12033216
12033217 12033223
12033224 12033228
12033229 12033233
12033148 12033238
12033239 12033244
4631922 12033248
12033250 12033254
12033255 12033258
4634802 12033261
12033263 12033267
12033268 12033273
4631972 12033276
12033277 12033282
12033283 12033288
12033190 12033293
12033191 12033297
12033298 12033301
4632126 12033305
4631928 12033308
4631888 12033312
12033313 12033317
12033318 12033322
12033323 12033327
4632136 12033332
4632141 12033336
12033337 12033341
12033342 12033346
4632037 12033350
12033351 12033355
12033358 12033363
12033365 12033369
12033370 12033375
12033376 12033380
12033381 12033385
12033386 12033389
12033390 12033393
12033394 12033398
12033399 12033403
12033404 12033407
4632257 12033410
12033413 12033418
12033419 12033423
4632290 12033427
12033420 12033432
4632247 12033436
12033437 12033440
12033441 12033444
4632285 12033447
12033448 12033453
4635052 12033458
12033459 12033464
12033465 12033468
12033469 12033473
12033474 12033478
12033479 12033484
12033485 12033489
12033490 12033494
4632359 12033498
12033499 12033502
12033503 12033506
4632411 12033509
12033510 12033516
4636137 12033521
12033522 12033525
12033526 12033530
12033531 12033535
12033536 12033541
4632473 12033548
12033549 12033554
12033555 12033561
12033562 12033567
12033568 12033573
4632485 12033578
12033579 12033583
12033584 12033589
12033590 12033594
12033595 12033601
12033602 12033606
4632553 12033612
12033613 12033619
12033620 12033626
4632506 12033631
12033635 12033640
4632567 12033655
12033665 12033670
12033717 12033721
12033753 12033757
4632855 12033829
12033840 12033845
12033904 12033909
12033916 12033920
12033955 12033958
12033975 12033979
12033988 12033993
12033994 12033997
12033998 12034002
12034003 12034007
12034008 12034013
4632920 12034017
12034018 12034023
12034024 12034027
12036074 12036077
12036081 12036085
12036086 12036090
12036097 12036101
12036107 12036110
12036111 12036114
12036116 12036119
4634951 12036123
12036138 12036141
12036142 12036146
12036147 12036152
12036159 12036163
12036164 12036169
4634996 12036175
12036176 12036180
12036183 12036187
4634978 12036191
12036193 12036197
12036198 12036203
12036206 12036209
12036182 12036216
12036221 12036223
12036228 12036231
4632312 12036236
12036238 12036242
4632324 12036248
4632323 12036253
12036259 12036262
12036244 12036267
12036274 12036279
12036282 12036286
12036292 12036296
12036297 12036302
4635131 12036306
12036309 12036313
4635091 12036318
12036319 12036322
12036323 12036327
4635173 12036333
12036340 12036344
12036345 12036350
12036351 12036354
12036355 12036359
12036365 12036369
4635196 12036377
4635199 12036381
12036385 12036389
12036390 12036395
12036396 12036400
4635197 12036403
12036405 12036409
12036410 12036413
12036414 12036418
12036421 12036425
12036444 12036448
12036449 12036453
4635261 12036457
12036460 12036463
12036468 12036471
12036493 12036498
12036501 12036506
4635307 12036510
12036516 12036519
12036520 12036523
12036524 12036529
12036530 12036533
4635337 12036544
4635317 12036547
12036551 12036555
12036561 12036565
4635376 12036578
12036579 12036582
12036589 12036593
4635403 12036597
12036598 12036602
12036603 12036606
12036609 12036612
12036613 12036616
12036618 12036623
12036624 12036628
12036644 12036648
12036649 12036652
12036655 12036658
4635436 12036663
12036669 12036673
4635453 12036680
12036683 12036687
12036688 12036691
12036695 12036698
12036699 12036702
12036703 12036707
12036708 12036712
4635499 12036721
12036723 12036729
12036730 12036734
12036735 12036739
12036740 12036744
12036745 12036750
4635479 12036754
12036755 12036759
4635556 12036762
12036763 12036767
12036768 12036772
4635568 12036776
12036777 12036781
12036782 12036786
12036756 12036794
12036795 12036798
12036799 12036803
12036804 12036808
12036809 12036812
4635569 12036815
12036816 12036820
12036821 12036825
4635546 12036833
12036836 12036840
4635622 12036847
12036848 12036852
12036853 12036857
12036858 12036861
12036862 12036865
12036867 12036870
4635602 12036874
4635553 12036877
12036878 12036881
12036882 12036886
12036887 12036891
12036894 12036899
12036900 12036904
4635574 12036909
12036910 12036914
12036915 12036918
12036920 12036925
12036926 12036931
12036934 12036937
12036938 12036941
12036942 12036947
12036953 12036957
4635695 12036962
12036964 12036968
12036969 12036974
4635941 12036978
12036980 12036985
4635972 12036988
12036994 12036998
12037245 12037250
12037252 12037255
12037256 12037260
12037262 12037265
4636019 12037268
12037275 12037281
12037282 12037285
12037295 12037300
12037306 12037310
12037311 12037314
12037318 12037323
12037324 12037329
12037331 12037335
12037336 12037339
12037340 12037344
12037346 12037350
12037351 12037355
4636041 12037368
12037370 12037374
4636107 12037379
12037384 12037387
4636062 12037391
12037392 12037395
12037396 12037400
12037401 12037405
4631679 12037411
4636121 12037416
12037422 12037426
4631684 12037429
12037402 12037433
12037434 12037438
12037439 12037443
12037444 12037449
12037450 12037455
12037456 12037459
12037499 4632754
12037505 12037508
14490574 14490576
14490583 14490585
14490600 14490602
14490605 14490607
14490609 14490611
14490615 14490617
14490619 14490621
14490626 14490628
14490630 14490632
14490635 14490637
14490639 14490641
14490644 14490646
14490649 14490651
14490653 14490655
14490657 14490659
14490661 14490663
14490665 14490667
14490669 14490671
14490673 14490675
14490712 14490714
14490733 14490735
14490740 14490742
14490744 14490746
14490748 14490750
14490756 14490758
14490760 14490762
14490764 14490766
14490768 14490770
14490772 14490774
14490779 14490781
14490783 14490785
14490787 14490789
14490791 14490793
14490800 14490802
14490804 14490806
14490808 14490810
14490812 14490814
1545190 15880430
12033284 15938656
873969 15973958
1527464 16235235
16242838 16242842
12036211 16248142
16264786 16264789
3792555 16267627
16274288 16274291
16294360 16294364
12036213 16294427
16319530 16319533
16322281 16322286
16331461 16331464
16336764 16336768
1535183 16348181
16364108 16364113
16367409 16367414
1630237 16368358
16374999 16375003
4635097 16381336
4632081 16383131
1509983 16391409
1539245 16395408
16399262 16399266
16399429 16399441
16402787 16402791
16406481 16406485
16413256 16413259
16413859 16413863
4634890 16415119
16423051 16423054
11260259 16431965
16434951 16434954
12036276 16444679
16447536 16447540
16454875 16454878
16463694 16463698
16486409 16486413
1535182 16487105
16488556 16488559
4632187 16489119
4632192 16506053
16506717 16506720
1535181 16509262
12033093 16511377
12036270 16533173
16534461 16534465
16625526 16625530
12037320 16628988
1510540 16632348
1510541 16634071
16647432 16647436
9983927 16882073
12036495 16902833
16904355 16904359
4632237 16935447
16336765 16964423
16971007 16971011
12036126 17003017
17008901 17008904
17114691 17114695
12033511 17404155
17405754 17405758
17523937 17523942
17523950 17523957
17905575 17905578
17931605 17931609
17944058 17944062
17944063 17944068
4635234 17969231
17994129 17994132
16399430 18072809
18092348 18092352
18093386 18093390
18158380 18158383
18158479 18158484
18158760 18158763
11260682 18158769
3793272 18159380
18412547 18412550
18412551 18412554
4073182 18412557
18412715 18412719
12036557 18412722
18413444 18413448
18413450 18413454
18545655 18545659
12036665 18740083
4632352 18894586
18894587 18894591
18894614 18894617
18894618 18894621
4631740 18894625
12033245 18894630
18894631 18894634
18894639 18894642
18894643 18894646
18894648 18894651
18894652 18894656
4631752 18894661
18894662 18894666
18159376 18894670
4631779 18894674
18894675 18894678
12033077 18894682
18894683 18894688
18894689 18894692
18894694 18894698
18894699 18894702
18894685 18894706
4631790 18894709
4631712 18894713
18894714 18894718
18894719 18894724
18894791 18894794
18894795 18894800
18894801 18894805
18894806 18894810
18894811 18894815
18894816 18894820
18894821 18894825
18894826 18894831
4632018 18894836
18894837 18894840
18894841 18894844
18894845 18894848
18894849 18894853
18894854 18894860
18894861 18894865
18894866 18894870
18894871 18894875
12033290 18894879
18894880 18894885
18894886 18894890
18894891 18894895
18894896 18894901
18894902 18894905
18894906 18894909
18894910 18894913
4632165 18894918
18894915 18894921
18894922 18894927
3539438 18894931
18894932 18894935
4631717 18894938
18894939 18894943
18894944 18894948
18894949 18894952
18894953 18894956
18894957 18894960
18894961 18894966
18894967 18894971
18894855 18894974
18894856 18894978
4631946 18894983
18894984 18894988
18894989 18894993
18894994 18894998
18894999 18895003
4634583 18895006
4631901 18895010
18895011 18895014
18895015 18895018
12033180 18895022
18895023 18895028
18895029 18895032
12033230 18895036
12033218 18895039
18895040 18895043
4634731 18895046
12035927 18895049
18895050 18895055
18895056 18895060
4632181 18895063
18895064 18895070
18894945 18895074
4632061 18895078
4632060 18895082
12033264 18895086
12033269 18895089
18895066 18895093
18895075 18895105
18895079 18895109
4632175 18895112
18895113 18895118
18895119 18895123
4632232 18895126
18895127 18895130
12033372 18895136
12033377 18895139
18895140 18895145
18895146 18895150
18895151 18895154
4632252 18895158
18895159 18895162
18895163 18895167
18895168 18895172
18895173 18895178
18895179 18895183
18895184 18895188
12033415 18895197
18895198 18895201
16415116 18895206
18895207 18895211
18895212 18895215
18895216 18895220
18895221 18895225
18895226 18895230
4635050 18895233
18895234 18895237
18895238 18895241
4632347 18895246
18895247 18895251
11776579 18895254
18895255 18895259
18895260 18895263
4632369 18895266
17404149 18895269
18895270 18895275
4632388 18895279
18895280 18895283
18895284 18895289
18895290 18895294
12033537 18895298
18895299 18895302
18895303 18895307
4632429 18895311
18895295 18895315
18895316 18895323
12033550 18895326
4632423 18895330
4632437 18895335
4632454 18895338
18895339 18895343
18895344 18895350
12033538 18895357
18895358 18895363
4632480 18895366
12033557 18895369
18895370 18895375
18895376 18895381
18895382 18895387
12033607 18895391
12033636 18895396
12033651 18895400
4632505 18895405
18895406 18895410
18895411 18895415
18895416 18895420
18895422 18895426
18895451 18895456
18895488 18895492
4632677 18895516
18895589 18895593
18895627 18895632
18895677 18895681
18895753 18895757
12033989 18895760
18895761 18895765
4632910 18895769
4632915 18895773
18895774 18895777
18897846 18897850
4632301 18897853
4632307 18897857
18897858 18897862
18897868 18897871
18897874 18897877
12036129 18897881
4634904 18897886
4634909 18897890
12036134 18897895
18897903 18897907
18897908 18897913
18897904 18897923
4634936 18897928
12033449 18897932
12036166 18897936
18897937 18897940
18897925 18897944
12033450 18897948
12036177 18897952
12036184 18897956
18897979 18897982
18897983 18897986
4632318 18898000
18898002 18898006
12036245 18898011
18898016 18898020
18898021 18898025
18898028 18898033
18898034 18898038
18898039 18898042
18898048 18898052
18898030 18898056
18898057 18898061
18898062 18898065
18898066 18898070
18898074 18898078
18898079 18898083
4635090 18898086
18898087 18898091
12036324 18898098
4635120 18898106
18898107 18898111
18898112 18898116
18898117 18898120
18898121 18898125
4635178 18898130
18898132 18898136
18898137 18898141
18898142 18898146
4635185 18898152
18898158 18898162
18898164 18898167
18898168 18898172
12036373 18898175
12036366 18898179
18898180 18898184
12036420 18898188
18898189 18898193
18898196 18898200
18898202 18898206
18898207 18898211
18898214 18898218
18898235 18898239
4635329 18898245
4635319 18898252
4635353 18898258
12036570 18898263
12036619 18898267
18898268 18898272
18898275 18898279
18898280 18898283
4635408 18898286
12036675 18898292
18898294 18898298
18898301 18898305
18898308 18898313
4635386 18898319
4635420 18898322
12036682 18898326
12036684 18898329
18898330 18898333
4635484 18898340
4635489 18898345
18898347 18898352
18898353 18898357
18898358 18898362
18898366 18898369
4635509 18898373
18898374 18898378
18898379 18898382
18898390 18898393
18898396 18898400
12036773 18898404
18898405 18898409
18898412 18898415
18898417 18898421
12036817 18898425
12036822 18898429
12036830 18898432
18898433 18898436
12036871 18898442
12036895 18898449
12036949 18898459
18898462 18898465
18898470 18898474
4635675 18898479
18898480 18898486
4635943 18898495
18898498 18898502
18898503 18898508
18898512 18898516
4635681 18898528
18898530 18898534
16882068 18898774
18898775 18898778
18898781 18898784
18898798 18898802
18898803 18898806
4635935 18898812
18898814 18898818
18898819 18898823
18898828 18898831
4636053 18898836
4635962 18898843
12037356 18898848
18898853 18898856
18898844 18898861
4635987 18898865
18898870 18898874
18898876 18898879
18898880 18898884
18898885 18898888
4636097 18898892
4636077 18898896
18898898 18898901
18898902 18898906
18898909 18898913
18898914 18898917
18898921 18898925
12037397 18898930
18898931 18898934
21222184 21222186
21222198 21222200
21222202 21222204
21222206 21222208
21222210 21222212
21222214 21222216
21222224 21222226
21222228 21222230
21222232 21222234
21222239 21222241
21222245 21222247
21222249 21222251
21222253 21222255
21222257 21222259
21222261 21222263
21222270 21222272
21222274 21222276
21222362 21222364
21222366 21222368
21222370 21222372
21222374 21222376
21222389 21222391
21222396 21222398
21222400 21222402
21222404 21222406
21222408 21222410
21222416 21222418
21222420 21222422
21222424 21222426
21222428 21222430
21222433 21222435
21222437 21222439
21222441 21222443
21222448 21222450
21222452 21222454
21222456 21222458
21222461 21222463
21222465 21222467
21222469 21222471
1593397 339
12036299 22601191
12036299 22601192
22637106 22637113
16444675 22639643
16634068 22881078
1547138 22889336
9332223 22905640
22905862 22905866
22907172 22907176
4632131 22909049
9304673 22918254
22921199 22921204
22926581 22926586
22929521 22929524
4632208 22932113
22933996 22934000
1581023 22935617
22936387 22936390
12036160 22939907
18898483 22948043
12036158 22953386
1687125 22954654
18894928 22957869
4634696 22957896
22965851 22965854
22977386 22977390
22978355 22978359
22984016 22984020
12033087 22987712
12033088 22990102
12033333 22990719
22993111 22993118
22998692 22998697
22999105 22999109
4635142 23002264
23009414 23009418
23012103 23012106
1457213 23012258
18898157 23012586
18898044 23016830
22905863 23026180
23026970 23026974
23042803 23042806
12033319 23050713
23058678 23058681
4634798 23062953
9329102 23064512
1445010 23074168
23080164 23080167
23084587 23084591
23087182 23087185
1445011 23087734
9440037 23092369
2214284 23092578
23096381 23096384
23103334 23103338
1521478 23104995
18895202 23105038
3694753 23105450
23106861 23106865
3694460 23108912
1565299 23124286
23125175 23125178
4631878 23126045
9238416 23126396
9408261 23126972
23127861 23127864
23141838 23141841
22926582 23166064
4635243 23170970
23184982 23184987
3664086 23244715
16486410 23248200
16534462 23257652
23312292 23312296
4635282 23324365
18898203 23325975
11202139 23497858
23012583 23531832
1417893 23532323
12036308 23558480
12033495 23995511
17404150 24108783
24233059 24233064
24233065 24233069
24467010 24467014
24467015 24467018
24467019 24467023
4635106 24507900
12036494 24523799
24558850 24558853
24648107 24648111
24649005 24649008
4634682 24649014
11260260 24709649
18093387 24709686
24709741 24709745
18158480 24709769
24709770 24709774
3792238 24709777
24709985 24709989
24709990 24709994
24710012 24710016
3793278 24710628
11517703 24951376
12036552 24956526
18412716 24956529
24956530 24956535
24956536 24956540
24956541 24956545
24956733 24956736
24956737 24956741
24956742 24956745
24957410 24957413
25184892 25184896
25184897 25184900
25271110 25271114
4635463 25271117
18898316 25271120
12036645 25271124
25271125 25271129
12036783 25403182
25417604 25417608
12033475 25417611
25417612 25417615
4632346 25417619
18894684 25417625
12033071 25417629
25417630 25417634
12033117 25417638
25417641 25417644
18159377 25417647
4631773 25417650
25417651 25417654
18894720 25417657
25417658 25417662
25417663 25417666
25417667 25417670
18894695 25417673
25417626 25417676
25417677 25417681
25417631 25417684
25417685 25417688
25417723 25417726
25417735 25417739
25417740 25417744
4632043 25417747
25417748 25417751
25417752 25417755
4632122 25417759
25417760 25417763
12033294 25417766
18894857 25417770
18894862 25417774
25417775 25417780
25417781 25417784
25417785 25417788
25417790 25417793
18894962 25417797
25417798 25417802
12033240 25417806
18895051 25417810
18895052 25417814
4632003 25417817
25417811 25417820
25417821 25417825
25417826 25417829
25417830 25417833
25417834 25417838
25417840 25417843
12033359 25417847
25417848 25417852
4631978 25417856
25417857 25417861
25417862 25417865
25417866 25417869
25417870 25417874
25417875 25417879
4631927 25417882
12033172 25417887
25417888 25417891
18894807 25417895
25417896 25417900
25417901 25417906
4632104 25417909
25417910 25417914
25417915 25417919
25417803 25417931
18894867 25417935
25417936 25417940
12033197 25417943
25417944 25417949
4632222 25417952
18895115 25417956
12033347 25417959
25417960 25417964
25417965 25417969
4632227 25417972
25417973 25417976
25417977 25417981
25417982 25417986
4632207 25417989
4632214 25417993
25417994 25417998
25417999 25418003
25418004 25418007
25418008 25418011
12033371 25418017
25417990 25418021
25418022 25418026
25417995 25418029
25418030 25418033
25418034 25418037
25418038 25418041
4634866 25418044
25418045 25418048
25418049 25418053
25418054 25418058
25418059 25418063
18895285 25418066
4350918 25418069
25418070 25418073
4067730 25418077
25418078 25418081
18895304 25418084
4632389 25418088
4632364 25418093
25418094 25418097
18895331 25418101
4067731 25418106
25418089 25418113
25418114 25418117
25418118 25418123
18895359 25418127
4632459 25418131
18895401 25418135
18898949 25418138
18895397 25418141
12033622 25418145
12033652 25418149
25418159 25418164
25418196 25418201
25418214 25418218
12033825 25418273
25418293 25418296
25418322 25418325
4632879 25418426
4632884 25418454
25418461 25418464
25418470 25418473
25418477 25418480
18895762 25418497
4636145 25418502
25418503 25418507
18895770 25418510
4636146 25418513
25418514 25418518
25418519 25418524
25418525 25418528
12034019 25418532
25418533 25418537
25418538 25418542
25418543 25418546
25420488 25420492
4634885 25420500
25420502 25420505
25418055 25420510
25420511 25420514
25420518 25420521
25420522 25420525
4634988 25420536
25420538 25420541
18897917 25420544
25420547 25420551
25420552 25420554
25420555 25420559
25420560 25420563
25420566 25420569
25420575 25420578
12036188 25420581
25420585 25420588
12036239 25420604
18898003 25420611
25420612 25420616
25420617 25420620
25420608 25420625
12036275 25420630
18898035 25420637
25420638 25420641
25420642 25420645
12036293 25420651
25420652 25420657
18898101 25420662
25420663 25420667
25420668 25420671
4635184 25420675
25420676 25420680
25420682 25420685
25420686 25420689
12036392 25420692
25420693 25420696
18898159 25420701
25420702 25420706
25420707 25420710
12036422 25420714
18898181 25420719
25420720 25420724
25420725 25420729
25420730 25420734
25420735 25420738
25420739 25420742
25420745 25420749
25420726 25420756
25420760 25420764
25420765 25420768
25420770 25420774
25420775 25420778
4635269 25420781
25420784 25420787
12036467 25420792
4635285 25420795
25420796 25420800
12036475 25420808
25420809 25420812
4635270 25420816
4635284 25420821
18898241 25420826
12036538 25420831
25420834 25420839
25420840 25420844
25420846 25420849
18898247 25420852
25420854 25420857
25420860 25420864
12036550 25420867
25420868 25420872
18898264 25420878
25420879 25420883
25420884 25420888
18898276 25420894
25420895 25420900
25420908 25420912
4635391 25420915
18898295 25420920
4635384 25420923
25420924 25420927
18898341 25420931
12036676 25420937
25420938 25420942
25420943 25420946
25420952 25420956
18898342 25420959
18898375 25420962
18898349 25420966
18898359 25420972
4635431 25420976
12036736 25420981
12036704 25420984
4635458 25420988
25420989 25420992
25420994 25420997
4635490 25421001
25421003 25421006
25421007 25421010
4635477 25421013
25421014 25421018
12036778 25421021
25421022 25421026
4635532 25421029
25421030 25421033
25421034 25421038
12036746 25421042
12036751 25421047
25421048 25421051
18898446 25421055
12036790 25421062
12036791 25421065
25421066 25421069
25421070 25421074
12036911 25421078
4635617 25421081
4635580 25421084
18898471 25421087
25421089 25421093
25421094 25421098
12036928 25421101
4635630 25421105
18898469 25421112
25421114 25421126
25421127 25421130
25421131 25421135
4635661 25421138
12036950 25421141
12036975 25421144
12036954 25421150
25421151 25421154
25421155 25421158
25421159 25421162
25421163 25421167
18898490 25421172
25421178 25421181
12037276 25421187
25421189 25421192
12037257 25421197
18898820 25421200
4635964 25421204
25421442 25421445
4636021 25421453
25421456 25421460
12037352 25421470
16628976 25421475
25421476 25421479
12037326 25421485
25421492 25421496
25421498 25421502
25421503 25421507
4636076 25421510
18898862 25421515
23497854 25421521
25421522 25421525
25421528 25421531
25421542 25421546
25421548 25421551
25421552 25421555
4636115 25421559
18894588 25421569
25421570 25421573
25417605 25421578
4632330 25421581
25421582 25421586
25421587 25421590
27646164 27646166
27646191 27646193
27646195 27646197
27646199 27646201
27646203 27646205
27646207 27646209
27646213 27646215
27646219 27646221
27646224 27646226
27646234 27646235
27646237 27646239
27646241 27646243
27646293 27646295
27646297 27646299
27646304 27646306
27646312 27646314
27646327 27646329
27646331 27646333
27646336 27646338
27646340 27646342
27646345 27646347
27646349 27646351
27646353 27646355
27646357 27646359
27646361 27646363
27646367 27646369
27646379 27646381
27646383 27646385
24233060 28744424
28980053 28980057
1504025 29227877
23016827 29242203
29254501 29254504
16367411 29257011
4632117 29267484
9277662 29267574
29267632 29267635
4635068 29276771
16294361 29282028
12036288 29285523
4632080 29293736
18897834 29315997
1457214 29318991
4635013 29321733
1534443 29322274
1695570 29322489
16406482 29324679
29331170 29331174
29333944 29333947
12036378 29336849
18898067 29336883
1668662 29339255
18898015 29341336
29344963 29344968
25417849 29347264
16413860 29351568
16322282 29354710
9285069 29361726
3792274 29364550
4632270 29366448
1431426 29368819
1724596 29371357
29371915 29371920
22881075 29377561
24649011 29378663
1441752 29388286
18895033 29391326
18898075 29391717
4634748 29395120
9212611 29400188
29418273 29418276
25420805 29425168
18895106 29444109
1457215 29447529
29449034 29449038
29449337 29449340
4632335 29452346
22921200 29453184
2346003 29457190
22978356 29466025
29475597 29475601
18898127 29490837
18898133 29491474
4634966 29499741
29509469 29509473
23012255 29512743
16364109 29544744
12033220 29624012
4632296 29628254
29642844 29642848
29684909 29684912
11260669 29698142
29770822 29770825
29773541 29773543
12033278 29849527
11896216 29863936
12036364 29864516
30012298 30012301
16971008 30043159
4634964 30056985
12036205 30142053
30219578 30219584
30766201 30766205
30787944 30787947
4631723 30802275
30805978 30805982
4631805 30805985
4631806 30805988
29509470 30896131
30944221 30944224
4634681 30945263
31002641 31002644
31002645 31002650
31002867 31002871
31002872 31002875
1512816 31003478
12036575 31247177
31247178 31247182
31247343 31247346
24956531 31248066
31247179 31248069
24956542 31248072
31248073 31248076
31248077 31248080
25271126 31554981
25418060 31701015
31701016 31701029
4631739 31701032
18894657 31701035
31701036 31701039
31701040 31701043
31701044 31701048
31701049 31701052
18894924 31701057
31701058 31701061
31701062 31701066
12033056 31701069
31701070 31701073
31701074 31701077
4631812 31701080
12033103 31701084
12033104 31701087
31701088 31701091
31701092 31701095
31701140 31701144
31701145 31701148
31701149 31701152
31701153 31701156
25417892 31701159
31701160 31701163
31701164 31701168
31701169 31701174
12033289 31701177
31701180 31701183
31701184 31701186
4631964 31701189
31701190 31701193
31701194 31701198
31701199 31701202
12033219 31701206
31701207 31701210
4632075 31701213
18894985 31701216
31701217 31701220
31701221 31701225
31701226 31701229
12033234 31701233
25417932 31701236
31701237 31701240
31701241 31701245
31701141 31701249
31701250 31701254
12033225 31701257
31701045 31701260
4631917 31701264
25417756 31701267
31701268 31701271
4631940 31701274
31701275 31701278
31701279 31701283
4632156 31701287
31701288 31701292
18894832 31701295
4631934 31701299
4631933 31701302
31701303 31701307
31701308 31701311
31701312 31701315
31701316 31701319
31701320 31701323
25417884 31701326
4632098 31701330
31701332 31701336
31701337 31701341
4631973 31701344
31701345 31701348
31701333 31701353
31701246 31701356
31701357 31701360
18895120 31701363
12033360 31701367
31701368 31701371
18895114 31701374
4632221 31701377
18895071 31701380
4632176 31701383
18897794 31701386
31701387 31701390
31701391 31701394
12033424 31701397
18895175 31701400
18895180 31701403
18895142 31701408
12033400 31701412
31701413 31701416
18895169 31701420
4634874 31701423
18895185 31701427
12033428 31701431
12033433 31701434
31701435 31701439
4635051 31701442
25421592 31701445
31701446 31701450
18895271 31701455
31701456 31701459
31701464 31701467
31701468 31701471
18895256 31701475
4632377 31701479
4632394 31701482
31701483 31701486
25418124 31701489
18895308 31701492
4636136 31701495
4632412 31701499
12033556 31701503
12033563 31701507
12033569 31701510
18895318 31701513
12033585 31701516
18898943 31701520
12033596 31701523
18895388 31701528
31701529 31701532
12033545 31701537
31701538 31701543
12033574 31701547
31701548 31701552
31701553 31701557
12033615 31701560
31701561 31701564
31701565 31701569
25418160 31701573
4632555 31701579
31701581 31701586
31701603 31701606
31701637 31701641
25421608 31701660
25418451 31701737
31701768 31701772
25418498 31701806
31701810 31701814
25418504 31701830
31701918 31701923
4632889 31701926
31701927 31701931
31701932 31701936
31701937 31701941
4632905 31701944
31701945 31701949
12036087 31703826
4634879 31703829
18895222 31703834
4634945 31703837
12036120 31703840
10029060 31703848
12036082 31703872
4634912 31703890
12036155 31703901
12036131 31703904
18897887 31703907
18897892 31703910
4634923 31703913
4634928 31703916
31703918 31703921
31703922 31703925
4635011 31703935
31703945 31703949
25420613 31703984
31703985 31703988
18898022 31703995
31703996 31703999
31704000 31704003
18898029 31704009
12036283 31704012
31704013 31704016
4635141 31704019
18898053 31704025
12036346 31704028
12036314 31704032
25420648 31704036
25420654 31704040
18898150 31704043
18898154 31704047
31704049 31704052
12036391 31704055
31704058 31704062
4635166 31704065
31704066 31704069
18898165 31704072
25420731 31704076
31704081 31704084
31704085 31704088
25420771 31704091
25420751 31704109
12036445 31704112
4635237 31704115
12036454 31704121
31704128 31704131
25420841 31704135
4635262 31704139
12036507 31704143
31704154 31704157
12036500 31704160
31704161 31704164
31704166 31704170
18898260 31704178
12036540 31704181
25420885 31704186
4635347 31704189
4635334 31704194
18898289 31704200
12036584 31704203
31704205 31704209
12036590 31704213
25420905 31704217
25420907 31704220
12036594 31704223
12036620 31704227
12036625 31704231
31704232 31704235
25420909 31704238
31248063 31704241
17523952 31704243
25420969 31704250
12036670 31704264
31704265 31704268
4452988 31704271
12036693 31704285
31704287 31704291
31704292 31704295
25421015 31704299
31704300 31704303
18898406 31704306
4635510 31704310
25421035 31704314
31704321 31704324
31704327 31704330
4635579 31704333
4635562 31704337
12036896 31704340
12036842 31704352
25421132 31704355
18898454 31704358
25421058 31704362
31704349 31704365
12036837 31704368
31704370 31704374
31704375 31704378
31704382 31704385
18898489 31704391
12036922 31704395
12036958 31704401
31704402 31704405
31704406 31704409
18898504 31704412
12036971 31704415
31704418 31704421
31704422 31704425
12036951 31704428
18898510 31704431
4635940 31704435
12036982 31704441
25421183 31704456
31704459 31704462
31704463 31704467
18898788 31704474
31704673 31704676
4635998 31704683
4635965 31704686
4636027 31704692
12037246 31704701
31704703 31704706
25421504 31704709
12037325 31704712
4636046 31704716
4635966 31704723
12037307 31704726
4636028 31704742
18898833 31704754
31704757 31704761
25421543 31704765
31704767 31704770
31704771 31704774
31704775 31704778
12037412 31704781
31704783 31704787
12037413 31704794
12037423 31704798
12037440 31704801
12037446 31704806
18898881 31704811
31704812 31704816
31704817 31704820
12033004 31704826
18898910 31704829
31704830 31704834
31704837 31704841
31701447 31704844
31701452 31704847
31704850 31704854
4636092 31704858
31704859 31704862
33848550 33848552
33848554 33848556
33848575 33848577
33848582 33848584
33848586 33848588
33848590 33848592
33848596 33848598
33848600 33848602
33848608 33848610
33848612 33848614
33848616 33848618
33848637 33848639
33848641 33848643
33848645 33848647
33848654 33848656
33848658 33848660
33848666 33848668
33848671 33848673
33848675 33848677
33848679 33848681
33848683 33848685
33848687 33848689
33848691 33848693
33848698 33848700
33848702 33848704
33848706 33848708
33848712 33848714
33848723 33848725
23103335 34981253
3708360 35064039
35410459 35410462
12036450 35415700
31701053 35420455
9296280 35430575
16383128 35434065
18897989 35440808
9896185 35441748
1574893 35442478
12036303 35450190
4635065 35483653
35484479 35484483
31701203 35489284
35497727 35497739
9281370 35510192
12036098 35512697
4631768 35514066
2214281 35517069
4632055 35517775
1644659 35520224
9524155 35526423
9468484 35534475
12036298 35535365
31704080 35547498
35549498 35549502
2258504 35553484
4634962 35555637
18894827 35560036
31701289 35563165
29475598 35563511
12033314 35567147
35567918 35567923
9284163 35569149
35571269 35571272
2214282 35577284
12036264 35577350
9634580 35578726
35593507 35593510
4634805 35596274
23106862 35598572
4635210 35601535
22637107 35610802
31701428 35613361
9304674 35613936
9541457 35614771
35615942 35615945
18897949 35616877
25420270 35619048
25418102 35685572
1812033 35685576
16647433 35692366
1521479 35696456
12037277 35794938
35852268 35852273
9329103 35977168
35696453 35977638
1510542 36026124
36027887 36027890
9337741 36090943
12035915 36584694
11260262 36875358
31701081 36913778
16375000 36928133
36932314 36932317
36934327 36934330
31703777 37038208
24467011 37044483
31704855 37048121
31003475 37049498
31002646 37103948
3792232 37103996
9726110 37104000
37104013 37104016
24709991 37104233
31002868 37104239
11260681 37104244
3792549 37104751
37341160 37341163
11523707 37344057
37344065 37344068
4635443 37642683
25420953 37642689
37642690 37642693
31704311 37782894
37784288 37784291
37784294 37784297
18894658 37784301
37784302 37784305
37784306 37784309
37784310 37784314
37784315 37784318
1486610 37784324
18894671 37784327
4631751 37784330
4631763 37784333
37784334 37784337
4631774 37784340
37784341 37784344
37784345 37784348
12033082 37784351
37784352 37784355
37784358 37784361
37784362 37784365
23312293 37784369
37784393 37784396
4634797 37784399
12033309 37784402
31701317 37784406
25417897 37784409
37784410 37784413
25417876 37784417
4632024 37784420
12033251 37784423
4632030 37784426
4632069 37784430
18894887 37784433
25417794 37784436
4631984 37784439
18894898 37784443
37784444 37784450
4631962 37784454
31701350 37784457
18895025 37784460
18895024 37784464
37784465 37784468
37784469 37784473
12035914 37784476
37784477 37784480
31701280 37784483
37784484 37784488
37784489 37784492
4632166 37784495
18894796 37784499
25420412 37784502
25417807 37784505
37784506 37784510
37784511 37784514
18897408 37784518
12033338 37784524
25417946 37784527
25417953 37784531
12033343 37784534
31701364 37784537
18894817 37784540
12035884 37784543
37784544 37784547
37784548 37784551
12033173 37784554
31701170 37784558
4631911 37784561
4631896 37784564
25417741 37784567
37784447 37784570
37784555 37784577
37784578 37784580
37784446 37784583
4632146 37784586
31701327 37784589
37784590 37784593
4631992 37784596
4632010 37784599
12033235 37784602
4631956 37784605
12033196 37784608
12033352 37784611
12033270 37784614
4632036 37784617
37784618 37784621
12033382 37784624
12033366 37784627
37784641 37784644
25418000 37784647
37784648 37784651
37784652 37784655
4634808 37784658
37784659 37784662
37784663 37784666
4632291 37784669
31703787 37784673
25418023 37784676
12033395 37784679
18895141 37784682
4632242 37784686
31701404 37784689
18895164 37784693
37784694 37784697
25420489 37784700
37784701 37784704
37784705 37784708
12033486 37784711
31701476 37784714
37784715 37784719
4632376 37784722
37784723 37784727
4632370 37784731
18895291 37784734
4632383 37784738
37784739 37784742
18895317 37784745
31701496 37784748
18895332 37784752
12033544 37784755
4632430 37784758
25418128 37784761
18895360 37784765
18895392 37784769
4632460 37784772
18895412 37784775
12033621 37784779
37784780 37784784
18895423 37784787
12033608 37784790
4632566 37784793
12037493 37784797
37784805 37784809
37784826 37784830
31701827 37784890
12033905 37784902
37784918 37784921
37784930 37784935
18895678 37784949
37784973 37784977
37785034 37785038
31701928 37785076
37785104 37785107
37785152 37785156
37785157 37785161
12033999 37785165
12034014 37785169
37785170 37785174
37785175 37785178
37785179 37785183
37785184 37785187
1602650 37786792
12036096 37787073
18897866 37787079
4634902 37787082
9277981 37787085
37787087 37787090
18897854 37787093
25420506 37787096
31703831 37787100
37787102 37787106
12036148 37787109
4634946 37787113
31703898 37787116
12036106 37787119
31703885 37787123
37787097 37787126
4634911 37787129
4634943 37787133
25420530 37787136
37787130 37787145
18897916 37787153
37787154 37787157
37787158 37787161
37787162 37787164
12036194 37787170
18897978 37787186
31703944 37787190
37787194 37787197
31703992 37787209
37787210 37787214
25420664 37787217
37787218 37787221
18898095 37787224
18898058 37787227
37787228 37787233
37787235 37787238
18898143 37787241
31704044 37787246
4635126 37787249
12036315 37787252
25420653 37787255
18898088 37787259
37787260 37787264
37787266 37787270
4635151 37787274
31704037 37787277
18898108 37787280
37787281 37787285
37787286 37787290
18898169 37787294
4635171 37787297
37787282 37787301
31704073 37787304
12036397 37787307
18898185 37787310
25420711 37787313
37787314 37787317
18898190 37787320
37787321 37787324
37787325 37787328
25420761 37787331
4635216 37787335
12036386 37787342
37787343 37787346
37787349 37787354
25420797 37787358
37787363 37787366
12036502 37787369
12036483 37787372
37787375 37787378
12036525 37787381
31704167 37787388
12036491 37787391
12036526 37787397
12036513 37787400
18898249 37787403
12036537 37787406
12036492 37787409
37787411 37787414
25420861 37787417
29351565 37787421
37787422 37787426
37787427 37787430
37787431 37787434
25420875 37787438
37787443 37787446
4635342 37787449
12036562 37787453
4635362 37787457
31704224 37787463
31704228 37787466
4635393 37787470
18413445 37787474
4635414 37787478
18898348 37787485
18898323 37787489
37787490 37787494
12036633 37787498
12036660 37787501
4635452 37787517
12036677 37787521
12036689 37787524
37787527 37787530
12036709 37787534
31704277 37787542
12036741 37787546
31704288 37787552
37787553 37787557
12036800 37787561
37787563 37787566
18898422 37787569
18898426 37787573
37787549 37787579
12036805 37787583
18898445 37787586
12036725 37787590
31704344 37787595
31704348 37787600
12036883 37787603
31704388 37787606
25421071 37787615
37787616 37787619
31704397 37787622
37787623 37787626
4635599 37787630
37787633 37787636
12036965 37787639
18898482 37787642
37787645 37787648
1512818 37787651
18898505 37787654
25421193 37787657
25421177 37787663
4635656 37787672
25421457 37787675
4635945 37787679
12037273 37787682
4635706 37787694
18898789 37787947
4635973 37787951
12037274 37787955
18898797 37787959
4635951 37787963
4636040 37787966
37787969 37787972
18898809 37787983
12037347 37787994
18898889 37788002
12037332 37788008
18898871 37788011
12037341 37788015
37788016 37788019
37788020 37788023
37788025 37788028
12037376 37788033
18898922 37788039
25421575 37788044
37788045 37788048
12037371 37788053
31704784 37788057
37788058 37788061
4636083 37788064
16628977 37788069
31704813 37788073
37788074 37788077
12033470 37788080
31701012 37788086
37788087 37788090
39850455 39850457
39850459 39850461
39850463 39850465
39850469 39850471
39850474 39850476
39850478 39850480
39850482 39850484
39850486 39850488
39850490 39850492
39850496 39850497
39850506 39850508
39850511 39850513
39850515 39850517
39850524 39850526
39850558 39850560
39850562 39850564
39850566 39850568
39850570 39850572
39850574 39850576
39850578 39850580
39850589 39850591
39850593 39850595
39850597 39850598
39850600 39850602
39850604 39850606
39850611 39850613
39850615 39850617
39850619 39850621
39850625 39850627
39850645 39850647
39850652 39850654
39850659 39850661
39850663 39850665
39850673 39850675
39850680 39850682
39850691 39850693
39850695 39850697
876050 40566019
876050 40566020
9309487 40752605
4632019 40957639
9304672 41378473
23026971 41382781
41383578 41383581
41387748 41387751
18898208 41390576
11037430 41401375
4634871 41401487
25420721 41410773
12036157 41414005
4635096 41423335
18894940 41423984
18894679 41427035
1584126 41436111
12033030 41445474
31703946 41461402
31703980 41464512
12036289 41465766
18895208 41467741
18898236 41473182
4631883 41478733
12033031 41480502
17969227 41485442
4634800 41488519
37787204 41490915
25420454 41493764
4635018 41498513
18894627 41501304
41505705 41505708
24709742 41508984
4634993 41519718
25420599 41529200
4635007 41531179
1497521 41532691
4635025 41541014
18894979 41546462
9284164 41548146
4634973 41553175
18898102 41569320
29371917 41571176
4635111 41576115
29449035 41577071
12036281 41578400
37787076 41591479
10038101 41591588
31704124 41596384
16294424 41608424
12036338 41611475
41630496 41630499
29242200 41651609
1798402 41703627
41737223 41737227
3792275 41741695
9664633 41920383
18894881 41929693
17523951 41935621
29512739 41940896
42029926 42029930
4635010 42032676
12033108 42058623
18092349 42586084
30805979 42832992
12033328 42836743
12036269 42870114
18897953 42957569
42972294 42972297
35535362 42982458
43022982 43022986
43023048 43023053
43023064 43023067
18158481 43023070
43023050 43023073
9983928 43023278
18158766 43023281
43023285 43023289
43023893 43023896
8250185 317697
24956738 43263107
43263259 43263262
43379838 43379841
43379868 43379871
43379872 43379875
4635422 43555814
43696448 43696452
43696453 43696456
12037445 43696459
12033480 43696462
18894653 43696466
43696467 43696470
18894923 43696474
43696475 43696479
12033036 43696482
18894626 43696485
43696486 43696490
43696491 43696495
18894663 43696498
18159375 43696501
12033083 43696505
43696506 43696509
4631817 43696512
18894710 43696515
25417678 43696518
43696476 43696521
4631784 43696523
37784298 43696526
43696542 43696546
18895007 43696549
25417822 43696552
43696553 43696557
43696558 43696561
31703771 43696565
43696567 43696570
18895000 43696574
31701284 43696579
18894892 43696582
43696583 43696586
37784485 43696589
18894897 43696592
43696593 43696596
12033202 43696599
25417916 43696602
31703589 43696605
31701349 43696608
43696609 43696613
4632155 43696616
25417871 43696619
31701251 43696623
12035928 43696626
43696627 43696630
43696631 43696634
43696543 43696637
4632005 43696640
31701242 43696643
43696644 43696648
37784414 43696651
3539443 43696654
3539449 43696657
25417945 43696662
18894812 43696665
18894876 43696669
18894850 43696672
43696673 43696676
43696677 43696680
4634714 43696683
43696684 43696687
43696688 43696691
4631889 43696694
4631895 43696697
37784445 43696700
4632150 43696704
43696705 43696709
43696710 43696713
25417907 43696716
25417911 43696719
31701338 43696722
43696620 43696725
25417978 43696728
18895083 43696740
4632215 43696744
25417961 43696747
25417966 43696750
43696751 43696754
43696755 43696758
43696759 43696762
18895155 43696765
16447537 43696769
4634807 43696772
43696773 43696776
18895133 43696779
43696780 43696783
43696784 43696787
31701405 43696790
12033414 43696793
31701409 43696796
43696797 43696801
18897847 43696804
25420497 43696807
4634870 43696810
4632284 43696813
43696814 43696817
12036220 43696823
12036219 43696826
43696827 43696830
43696831 43696834
25184893 43696837
43696838 43696841
43696842 43696845
18895272 43696848
37784728 43696851
1812032 43696855
43696856 43696859
4632395 43696862
43696863 43696866
4632417 43696869
4632422 43696872
12033527 43696876
18895340 43696879
25418132 43696883
31701533 43696887
31701500 43696891
37784766 43696895
18895384 43696898
18898944 43696902
12033614 43696907
12033627 43696911
4632521 43696915
43696916 43696919
4632750 43697009
12037496 43697066
43697073 43697077
18895628 43697084
43697103 43697106
31701919 43697161
43697273 43697276
4632894 43697279
43697280 43697283
25418515 43697286
43697287 43697291
25418520 43697295
37785162 43697298
4632899 43697303
43697304 43697309
43697310 43697313
25418534 43697316
18897859 43699279
4632302 43699285
43699286 43699289
37787103 43699293
18897910 43699296
2386771 43699305
43699309 43699312
25420556 43699328
18897883 43699332
12036143 43699337
25420571 43699340
18897919 43699343
18897920 43699347
25420548 43699350
43699351 43699354
18897933 43699363
43699344 43699368
12036200 43699372
18895227 43699386
12033454 43699391
12033460 43699394
43699395 43699398
43699399 43699401
43699402 43699405
43699412 43699416
37787243 43699419
43699421 43699424
18898122 43699427
31704022 43699430
12036310 43699433
12036356 43699442
4635150 43699448
18898113 43699451
43699452 43699456
43699457 43699460
43699462 43699465
43699467 43699470
31704059 43699481
43699482 43699485
43699486 43699489
25420746 43699492
4635228 43699497
18898197 43699500
43699501 43699504
43699505 43699508
43699509 43699512
31704117 43699515
4635246 43699519
31704132 43699522
12036503 43699526
43699533 43699536
4635328 43699539
18898242 43699542
12036535 43699545
43699547 43699550
43699551 43699553
4635361 43699557
25420897 43699560
31704191 43699566
25420880 43699571
25420896 43699576
18898269 43699580
31704210 43699583
12036599 43699587
12036585 43699599
25420933 43699603
25420963 43699606
25420939 43699609
37787491 43699612
25420973 43699621
12036639 43699629
12036643 43699639
43699640 43699643
43699644 43699647
18898354 43699650
37787531 43699653
43699659 43699662
37787543 43699665
43699666 43699670
25271121 43699675
43699676 43699679
18898397 43699682
12036769 43699685
43699686 43699689
4635469 43699692
18898438 43699695
43699697 43699700
18898418 43699704
4635516 43699708
12036731 43699714
4635561 43699717
4635540 43699722
4635548 43699725
43699726 43699729
12036844 43699734
25421095 43699737
12036849 43699740
4635527 43699747
4635586 43699752
12036927 43699756
4635591 43699759
12036843 43699763
25421164 43699766
18898481 43699769
4635592 43699772
37787612 43699778
31704371 43699781
4635663 43699785
4635668 43699788
12036959 43699791
12036906 43699795
25421169 43699799
12036970 43699804
4635700 43699816
12036943 43699830
4635646 43699841
4635960 43699845
4635651 43699848
43699849 43699852
31704680 43699856
18898795 43699863
4635704 43699867
43700113 43700116
31704756 43700120
25421481 43700123
31704713 43700126
4636035 43700131
43700132 43700135
4635999 43700139
31704758 43700143
25421516 43700157
37787996 43700161
4636047 43700167
12037375 43700173
43700175 43700178
43700184 43700187
4636120 43700201
25421583 43700205
25417616 43700216
12032999 43700221
24951372 43700230
31704808 43700234
43700235 43700238
43700231 43700243
12037430 43700246
31704831 43700249
43700250 43700253
45695496 45695498
45695501 45695503
45695505 45695507
45695509 45695511
45695513 45695515
45695520 45695522
45695524 45695526
45695529 45695531
45695535 45695537
45695541 45695543
45695546 45695548
45695550 45695552
45695554 45695556
45695558 45695560
45695562 45695564
45695599 45695601
45695612 45695614
45695619 45695621
45695625 45695627
45695632 45695634
45695636 45695638
45695640 45695642
45695644 45695646
45695648 45695650
45695652 45695654
45695657 45695659
45695661 45695663
45695665 45695667
45695669 45695671
45695673 45695675
45695683 45695685
1435874 46878559
25418098 46952821
9269040 47179477
17944065 47179551
12036337 47181772
1417894 47184344
47199769 47199772
35577281 47201603
4635147 47205940
47207644 47207648
43696666 47209175
25420677 47211589
25417771 47219495
18897806 47220334
18894802 47224268
9455011 47228848
47233462 47233465
47233796 47233800
29425165 47237098
43699383 47242005
47244237 47244240
18898047 47245725
12033241 47248160
18897963 47249574
4635156 47257408
4631707 47257432
16463695 47258199
43699478 47258741
29447526 47259027
31703957 47261264
41548143 47267396
31703929 47268103
16235232 47269180
2258503 47276659
18895217 47278179
4631997 47280160
17114692 47281363
43699445 47285318
12036374 47285330
4632160 47285617
9281371 47287485
4632049 47291966
35497728 47299679
25417659 47300786
18898176 47302113
35517772 47305839
18898049 47306843
37787271 47308901
4635136 47309334
22998694 47313378
23325972 47325034
1811018 47330919
29371916 47332457
1725557 47338792
23184983 47339560
47325031 47343515
25420698 47358055
4631998 47368312
25418050 47373872
12033163 47382044
41461399 47415869
25420716 47419401
11260261 47437021
11260403 47507649
9327291 47552602
41465763 47554651
31704127 47564414
3694017 47619844
16533170 47756185
1630751 47816742
4632341 47987465
48572903 48572906
25420069 48572911
12033046 48586134
31701063 48586137
12036541 48603506
9345454 48603509
12036549 48603513
9188468 48608803
1449342 48631107
31701424 48690034
18894622 48695151
9726112 48703562
43022983 48717790
3793283 48724452
1486608 48724459
2747279 48751821
48769957 58360
43023049 48770008
18545656 48770011
48770014 48770017
18158765 48770232
48770770 48770773
4635369 49007615
11523700 49007618
4635298 49007797
25420916 49008400
24956537 49008404
49212385 49212388
43699667 49293170
12036638 49293173
1512817 49293176
37784716 49428579
18895243 49428582
31701451 49428585
43696645 49428600
25417835 49428603
43696571 49428607
49428608 49428610
49428597 49428614
49428615 49428618
49428619 49428622
25417621 49428625
18894667 49428628
4631762 49428634
49428635 49428638
3793273 49428641
49428642 49428645
11260683 49428648
18894715 49428651
18894721 49428654
49428655 49428657
37784311 49428660
37784366 49428663
49428664 49428666
49428667 49428670
49428698 49428701
4632112 49428704
37784507 49428707
37784528 49428711
18897771 49428714
25417902 49428717
49428718 49428721
29624008 49428725
12033208 49428728
31701222 49428731
4631941 49428734
4631977 49428737
18897676 49428740
18894990 49428743
18894995 49428747
41737224 49428750
37784427 49428753
18894968 49428756
49428757 49428760
37784496 49428763
25417937 49428766
12033153 49428769
12033168 49428772
12033041 49428775
18895057 49428778
37784403 49428781
12033203 49428784
12033185 49428787
43696610 49428790
37784461 49428793
31701195 49428796
37784470 49428799
37784440 49428802
25417776 49428805
25417777 49428808
25417903 49428811
37784451 49428814
31701171 49428817
12033158 49428820
37784521 49428823
25417736 49428826
43696554 49428829
31701304 49428832
4632097 49428835
49428837 49428840
18894872 49428843
18894873 49428846
18895065 49428849
49428859 49428862
18895174 49428865
29444106 49428868
49428869 49428872
25418013 49428875
18895147 49428878
43696798 49428881
4634865 49428884
37784683 49428887
12033429 49428890
49428891 49428894
49428895 49428898
4632353 49428901
18895276 49428904
12033481 49428910
49428911 49428914
37784735 49428918
49428919 49428922
4632382 49428925
25418107 49428929
43696852 49428932
25418119 49428935
43696888 49428938
18895327 49428941
4632436 49428944
12033532 49428947
18895371 49428950
31701540 49428953
18895377 49428957
31701524 49428960
12033570 49428964
4632465 49428970
12033551 49428980
12033597 49428985
18895393 49428989
12033666 49428993
12033637 49428997
12033842 49429027
31701733 49429083
49429127 49429131
49429184 12033920
25421610 49429208
4632869 49429241
31701933 49429255
49429260 49429263
31701938 49429272
37788105 49429278
12037502 49429291
43697299 49429326
43697305 49429336
49429337 49429341
49429342 49429347
49429348 49429351
12034009 49429355
49429356 49429359
49429360 49429363
49429364 49429367
31701436 49431312
4634918 49431317
49431309 49431320
12036149 49431322
18897909 49431325
25420533 49431329
49431330 49431333
4634935 49431341
49431342 49431345
49431346 49431349
11018703 49431352
4635024 49431363
12036199 49431368
31703955 49431393
12033455 49431396
49431397 49431399
25420606 49431403
12036249 49431406
18898017 49431413
49431410 49431417
4635081 49431420
49431422 49431425
18898093 49431428
4635117 49431432
37787211 49431436
43699413 49431439
49431440 49431443
37787261 49431446
25420672 49431449
25420659 49431452
12036329 49431457
37787267 49431461
18898080 49431465
49431433 49431468
37787229 49431471
43699453 49431474
37787287 49431477
12036347 49431480
12036330 49431483
37787256 49431489
18898138 49431493
12036341 49431496
49431497 49431500
49431502 49431505
12036415 49431508
22984017 49431514
25420703 49431519
37787350 49431521
37787351 49431524
18898215 49431527
49431528 49431531
49431532 49431535
4635247 49431539
25420823 49431544
25420835 49431548
49431549 49431552
12036512 49431556
4635281 49431560
37787423 49431564
4635287 49431567
47258196 49431570
1807115 49431573
4635312 49431577
12036569 49431580
37787454 49431585
25420913 49431589
4635355 49431593
31704206 49431596
12036571 49431602
49431603 49431606
43699614 49431609
12036654 49431612
18898288 49431616
18413451 49431619
49431620 49431623
49431624 49431627
37787518 49431630
12036631 49431633
18898337 49431637
43699657 49431646
31704296 49431650
4635441 49431653
11868873 49431661
12036764 49431666
4635515 49431669
4635493 49431672
18898401 49431675
18898411 49431678
4635537 49431682
31704334 49431686
37787580 49431689
4635521 49431693
49431695 49431698
4635472 49431703
25421075 49431706
4635538 49431709
43699753 49431712
12036788 49431715
25421052 49431719
49431720 49431723
31704380 49431726
18898453 49431729
18898455 49431735
12036888 49431739
31704392 49431742
12036901 49431745
12036854 49431748
4635581 49431752
18898456 49431755
12036921 49431758
25421146 49431762
49431764 49431767
49431768 49431771
25421147 49431777
12036933 49431781
12036981 49431786
4635694 49431789
4635670 49431792
18898513 49431797
31704471 49431803
12036990 49431807
4635703 49431811
49431813 49431816
18898786 49431820
12036991 49431825
4635701 49431829
4635687 49431833
18898499 49432023
18898815 49432026
4635976 49432035
31704730 49432038
18898858 49432042
12037319 49432045
12037296 49432048
25421482 49432052
4635974 49432056
31704729 49432068
49432070 49432073
12037317 49432092
49432093 49432096
12037408 49432100
37788041 49432104
4636067 49432107
18898903 49432110
25421566 49432113
4636036 49432116
25421499 49432119
49432120 49432123
4636114 49432130
31704838 49432133
31704849 49432138
31704851 49432142
49432145 49432148
43696449 49432152
4636108 49432155
31704803 49432161
9962034 49432164
18895242 49432168
4631685 49432172
18895248 49432176
51366503 51366505
51366507 51366509
51366511 51366513
51366515 51366517
51366520 51366522
51366524 51366526
51366528 51366530
51366532 51366534
51366536 51366538
51366540 51366542
51366544 51366546
51366548 51366550
51366554 51366556
51366558 51366560
51366564 51366566
51366568 51366570
51366572 51366574
51366576 51366578
51366612 51366614
51366616 51366618
51366620 51366622
51366629 51366631
51366633 51366635
51366640 51366642
51366652 51366654
51366656 51366658
51366663 51366665
51366667 51366669
51366674 51366676
51366678 51366680
51366682 51366684
51366686 51366688
51366693 51366695
51366702 51366704
51366706 51366708
51366710 51366712
51366714 51366716
51366718 51366720
