38384 38387
292837 103037
370500 78662
391420 391431
427168 67570
479681 3167
486404 206846
512193 512207
548137 435741
558485 24376
559681 559682
580075 79190
616414 22584
639903 639910
697184 209640
734096 734098
798307 157431
798945 798956
840329 63960
951483 951488
955959 191848
1073318 164302
1150427 105565
1428569 1428574
1450102 1450103
1512426 1512428
1567596 1567603
2058279 45192
2222826 2222828
2223307 78110
2225491 2225492
2282260 11044
2340931 121101
2340934 57265
2369689 73853
2497559 2497560
2498543 35413
2498813 2498814
2499770 2499771
2502372 2502373
2502517 2502518
2502580 78674
2520172 2520173
2520737 2520738
2520894 2520895
2521270 2521271
2522809 2522810
2525311 2525312
2526775 2526776
2526806 2526807
2526816 2526817
2527679 839290
2542858 2542859
2553111 78652
2583674 2583675
1631235 1261792
2597043 2597047
2598463 2598464
2600792 2600793
2604812 2604813
2618511 2618512
2619155 88529
2637761 584715
2639668 110075
2640584 2640585
2651452 2651453
2710255 4179
2827208 2827209
2848756 2848757
2874121 866496
2875410 130687
2889512 254071
1397149 76205
3391580 20051
3405549 3405550
3405593 3405594
3405595 3405596
3405604 3405605
3405606 43097
3405607 130579
3405665 3405666
3405908 3405909
3405949 3405950
3405953 3365
3406100 198498
3406106 3406107
3406114 100194
3406135 3406136
3406187 3406188
3406194 3406195
3406212 1123964
3406285 3406286
3406302 386199
3406308 3406309
3406504 3406505
3406831 3406832
3406920 45699
3406932 3406933
3406942 132538
3406999 3407000
3407039 3407040
3407063 3407064
3407086 3407087
3407129 3407130
3407134 3407135
3407139 3407140
3407141 3407142
3407145 3407146
3407228 2031966
3407249 70589
3407280 545208
3407345 3407346
3407442 3407443
3407484 3407485
3407493 3407494
3407674 3407675
3407685 357
3407877 3407878
3408317 45782
3408382 3408383
3408415 3408416
3408571 3408572
3408591 3408592
3408593 3408594
3408833 3408834
3408905 3408906
3408971 62927
3409000 3409001
3409002 3409003
3409004 3409005
3409017 3409018
3409019 3409020
3409025 3409026
3409054 20571
3409270 3409271
3409551 3409552
3409553 3409554
3409607 77906
3409914 320517
3410299 95387
3410330 3410331
3410759 3410760
3410863 3410864
3410907 288711
3410938 295140
3410998 19334
3411074 3411075
3411092 3411093
3411165 3411166
3411276 164162
3411285 295809
3411286 3411287
3411548 3411549
3411662 3411663
3411670 3411671
3411677 136269
3411755 2115013
3411802 3411803
3411910 3411911
3411912 3411913
3411955 19102
3412115 78837
3412289 245601
3412358 44042
3412634 261078
3412680 3412681
3412792 3412793
3412808 3412809
3413056 3413057
3413110 3413111
3413411 3413412
3413554 3413555
3413728 56187
3413730 81680
1397148 247834
3413873 221679
3413945 19098
3413947 380807
3414057 3414058
3414080 3414081
3414157 3414158
3414159 3414160
3414242 3414243
3414308 3414309
3414326 3414327
3414328 3414329
3414382 106644
3414421 3414422
3414423 1051043
3414458 3414459
3414504 240204
3414635 1664797
3414662 3414663
3450084 3450089
3643987 121286
4064610 4064611
4088744 1134759
4112217 330157
4112623 4112624
4112660 4112661
4113431 4113432
4113651 4113652
4132881 4132882
4132929 131961
4132948 214267
4133057 483007
4133078 4133079
4133106 200006
4133118 296278
4133125 135299
4133135 95505
4133137 67361
4138963 18134
4205818 109572
4207074 232752
4207181 4207182
4207184 22359
4207296 191764
4207362 4207363
4207384 4207385
4207388 15967
4207423 193350
4207482 173263
4226774 4226775
4283573 1953180
4283591 4283592
4283635 4283636
4283637 4283638
4283675 4283678
4283680 4283681
4283694 4283695
4283706 4283707
4283739 2326823
4283769 4283770
4283831 3766052
4283888 4283889
4283911 4283912
4283946 4283947
4283958 4283959
4284055 4284056
4284102 4284103
4284116 4284117
4284126 4284127
4284129 4284130
4284131 4284132
4284150 4284151
4284155 4284156
4284163 4284164
4284202 3030933
4284395 4284396
4467567 4467568
4469229 3779113
4477138 4477139
4477140 4477141
4477158 4477159
4479405 4479406
4479419 4479420
4479438 4479439
4554295 4554296
4554870 4554871
4554934 4554935
4554939 4554940
4554946 4554947
4555073 4555074
4598598 4598599
4598747 4598748
4605354 4605355
4605361 4605362
4617021 4617022
4720269 4720270
4805726 4805727
4805731 4805732
4805813 3254137
4805927 146266
4805932 4805933
4805934 4805935
4889808 4889809
4907172 4907173
4916107 4916108
5225478 5225479
5225483 5225484
5225499 5225500
5225501 5225502
5877268 5877269
5877270 5877271
5916227 4216623
5973735 5973736
5973737 5973738
5976747 2079060
5976750 5976751
6364991 6364992
6458824 6458825
6544397 5356090
7142939 7142940
7142943 7142944
7142962 7142963
7142968 7142969
7142972 7142973
7142974 7142975
7142979 7142980
7143000 104913
7331085 7331086
7331087 5298889
7331088 7331089
7331090 5356405
8158151 249813
3414206 405744
8212919 8212921
8343922 76273
8375426 82625
8385724 244386
8448109 8448118
8465272 5356113
8499765 8499766
8550338 7367027
8550367 8550370
8596673 58139
8600897 8600900
8605229 8605230
8665758 262144
8718538 8718539
8723586 95474
8728802 792792
391425 8738187
8746448 587747
8807770 8807774
8846703 25033
8868417 82627
8988506 8820852
9239244 563496
9291373 9291374
9332262 7089454
9348344 11562
9428519 4086984
237496 9523942
9524448 3843312
9645378 98823
9650479 9650487
9650603 9650604
9650616 5356312
9744160 84864
9523947 9042933
9882412 7864200
9885635 9885636
9885637 7376581
9919976 4086968
10012169 10012170
10018191 268657
10019251 67532
10121500 1888005
10121624 10121625
10122050 72141
10123167 59228
10123275 815674
10123306 7367275
10124013 89123
10124645 132354
10139586 10139587
10139840 10139841
10139860 10139861
10140245 253652
10140397 10140398
10141208 59319
10141287 10141288
10142106 1583710
10143771 260519
10144340 438012
10144579 5355034
10144865 10144866
10145379 10145380
10159641 92009
10168178 264529
10203299 7380675
10223809 10223810
10234899 10234900
10238406 10238407
10252062 318410
10058344 10260005
10269459 177966
10276570 251617
10282776 10282777
10283682 10283683
10286425 10286426
10287631 16621
10291099 10291100
10304878 10304882
10304910 84048
10309985 2414257
10310013 100199
10310434 867
10445199 154440
10475366 10475367
10496932 255301
10585159 259311
10688879 10688880
10688890 10688891
10696447 222387
10816901 10816902
10914271 8591772
10914366 10914369
10914378 10914379
10914411 10914412
10914468 9085123
10914499 140663
10914511 1124097
10914549 10914550
10914575 83972
10914580 10914581
10914675 10914676
10914707 3390142
10914756 10914757
10914758 10914759
10914781 10914782
10914876 7627027
10914877 10914878
10915237 10915238
10915252 10915253
10915254 10915255
10915260 10915261
10915288 10915289
10915303 47343
10915310 10915311
10915353 10915354
10915357 10915358
10915360 10915361
10915362 10915363
10915380 10915381
10915393 7438876
10915443 7385885
10915448 10915449
10915453 10915454
10915499 8726857
10915565 10915566
10915637 5624435
10915638 10915640
10915647 10915648
10915729 10915730
10915876 9033878
10915896 10915897
10915951 262235
10915962 10915963
10915990 10915991
10916040 328516
10916055 10916056
10916146 10916147
10916412 75564
10916422 59608
10916469 10916470
10916578 10916579
10916630 10916631
10916698 10916699
10916700 10916701
10916802 551805
10916841 10806875
10916856 20572
10916929 215994
10917065 10917066
10917194 10917195
10917314 358781
10917317 10917318
10917319 10917320
10917329 10917330
10917331 10917332
10917644 16511
10918142 96561
10918150 10918151
10918862 10918863
10918916 10918917
10918929 10918930
10919074 10919075
10919088 8761915
10919273 10919274
10919275 10919276
10919292 10919293
10919437 8747133
10919446 10919447
10919459 77719
10919503 10919504
10919505 10919506
10919507 3760413
10919508 10919509
10919530 167426
10919534 10919535
10919593 1100917
10919715 155671
10919750 596694
10919752 1801657
10919787 2707048
10919790 5693636
10919917 10919918
10920149 48546
10920150 113733
10920194 68556
10920309 20708
10920407 10597
10920585 8505
10920639 10920640
10920872 8947332
10920902 10920903
10921063 133765
10921209 10921210
10921215 10921216
10921218 10921219
10921370 12424
10921637 9082065
10921708 10921709
10921714 573682
10921898 10921899
10921900 10921902
11255426 11255427
11559743 11559744
11559993 11559994
11578484 260855
11578533 697091
11578638 349476
11632639 11632640
11644356 29168
11644465 11644466
11644825 645000
11644889 11644890
11645539 292229
11645559 133893
11645603 15519
11645605 218362
11645634 133192
11645635 158233
11645902 11645903
11645939 141279
11715648 7847245
11715655 11715656
11715677 61977
11715678 1993012
10203308 5355362
11715771 11715772
11715774 3834750
11715775 11233342
11715801 11715802
11715807 5153059
11715861 5354281
11715872 11715874
11715923 11715924
11715926 11715927
11715928 5356584
11715937 5356270
11715941 11715942
11715955 11715956
11715957 11715958
11715967 11715968
11715969 10239777
11716021 11716022
11716031 896551
11716035 11716036
11716037 11716038
11716080 11716081
11716088 11716089
11716110 11716111
11716133 11716134
11716165 11716166
11716174 11716175
11716212 11716213
11716244 11716245
11716260 11716261
11716265 11716266
11716356 11716357
11716360 11716361
11716365 3759931
11716371 11716372
11716383 11716384
11716407 11716408
11883622 11233635
11891119 11891120
11891532 11891533
11891553 3426403
11891625 7529495
11893150 11893151
11893160 11893161
11893163 4970211
11893179 8866777
11962546 11962547
11965407 11965408
11965846 11965847
11967672 11967673
12002403 12002404
12002437 12002438
12090207 12090208
12092187 3761221
12139504 213571
12191232 72500
12191320 2070814
12191394 12191395
12191450 12191451
12191467 12191468
12191519 138257
12191520 11002186
12191532 11284770
12267748 1730532
12267750 12267751
12267752 12267753
12385799 8504
12436580 12436581
12470069 12470070
12532573 12532574
12567688 10172057
12567694 9005092
12567699 11308210
12567720 5669471
12567728 9004431
13163051 2250522
13197990 13197991
13198006 235839
13198039 13198040
13198044 13198045
13250420 13250421
13250422 5356734
13253144 5356276
13253147 13253148
13969353 13969354
14326475 1123979
14326490 14326491
14326494 14326495
14486978 2635445
14504576 14504577
14504578 14504579
14504580 14504581
14504582 41901
1397145 15431085
15452519 15452520
15454158 20077
1408618 3846533
8134950 13394
15518909 128648
15523015 15523019
15539922 12682564
15546741 3152
15615353 447813
15628859 66465
15687829 15687834
15691934 9261082
15720564 147227
15727585 14307666
12066965 15779366
15821230 251953
15901556 128949
15931912 15931913
8359527 1162971
15800121 200665
16196198 14791604
16288753 147131
16354788 212155
16370991 4541
16400956 11248871
16431829 74673
16503537 235336
16508207 34156
16527953 13559452
16563215 34911
16578713 476383
16625186 1287581
16744438 16744439
16744471 90999
16874364 207212
16875972 9420452
16876597 600394
16876603 54386
16876808 184040
16876820 744412
16956790 16956791
16966515 29242
16988410 16988411
16994590 469859
16996883 23368
16998270 1575579
17081566 493421
17091851 386455
17092181 17092184
17093048 5356540
17093115 97315
17093722 161039
17094640 973868
17095605 5407671
17095742 94783
17096834 1460550
17097124 369349
17097125 128551
17109856 12768153
17111167 5813753
17113251 34100
17113938 268373
17114371 1583732
17115341 12682420
17130813 12683507
17143443 5015894
17174398 61431
17174841 17174842
17178401 8754534
17190748 96953
17198903 17198904
17210669 17210670
17212496 48269
17214660 1217139
17217094 935235
10914195 17222174
17247405 5170999
17247522 284127
17249526 39262
17250470 17250471
1397146 251144
17258690 6222106
17299423 22603
17319315 183619
17337206 240967
17337418 8966645
17373754 23057
17412893 11307028
17420815 92698
17512649 1658934
17525861 524774
17625458 7367379
17832989 391546
17833036 12632070
17833038 17833039
17833040 279692
17833042 17833043
17833053 5144625
17833104 17833105
17833181 50202
17833197 17833198
17833222 17833223
17833272 90876
17833305 340061
17833345 12684087
17833353 5356498
17833401 7830366
17833408 9177204
17833421 3780496
17833655 1124116
17833932 5181775
17833933 17833934
8550343 12577670
17834139 1465871
17834240 17834241
17834242 14736803
17834250 17834251
17834254 3605543
17834261 17834262
17834439 9252427
17834474 17834475
17834476 5356670
17834516 7089394
17834555 17834556
17834575 16383365
17834680 251191
17834765 12992666
17834785 12486952
17834822 9017994
17835013 17835014
17835090 7367716
17835095 18820
17835101 17835102
17835171 17835172
17835226 17835227
17835245 15244507
17835276 1709260
17835284 17835285
17835287 15854881
17835349 40785
17835446 17835447
17835476 7367824
17835548 19027
17835616 17835617
17835629 17835630
17835631 17835632
17835708 17835709
17835712 1465898
17835747 83906
17835835 17835836
17835840 7366777
17835844 17835845
17835848 8347719
17835849 3153667
17835885 59572
17835892 304822
17836138 3224904
17836176 17836177
17836395 207735
17836442 5356125
17836449 17836450
17836465 178087
17836498 17836499
17836533 17836534
17836539 17836540
17836948 17836949
17836984 230836
17836985 48402
17837062 17837063
17837065 17837066
17837080 271265
17837092 122485
17837093 41711
17837098 98560
17837105 26155
17837106 17837107
17837116 51239
17837117 8966680
17837139 17837140
17837239 1264957
17837450 17837451
17837470 17837471
17837566 17837567
17837575 769874
17837583 12682637
17837587 17837588
17837738 17837739
17837763 226126
17837819 17837820
17837959 1465795
17838296 17838297
17838331 26936
17838359 17838360
17838406 66094
17838538 346005
17838625 508453
17839000 422086
17839107 17839108
17839110 35135
17839254 17839255
17839268 93620
17839516 319251
17839620 17839621
17839715 17839716
17839739 17839740
17839773 73590
17839811 936409
17839900 17839901
17839903 16667580
17839930 17839931
17840051 11654419
17970881 40742
17981983 17981985
18446971 18446972
18447200 18447201
18447568 10755451
18464201 232766
18464239 228346
18469018 114690
18469024 7508599
18526120 19499
18526412 394094
18526719 18526720
18526752 92190
18527043 852
18527478 101027
18527532 82241
18527541 5722
18527620 27893
18527654 152498
18527720 257243
18527817 94344
18527818 12440
18527822 42822
18527836 109437
18543211 18543212
18593442 18593443
18593483 18593484
18593509 18593510
18593512 12636622
18593513 5336029
18593514 18593515
18593520 12682499
18593542 18593543
18593573 15600
18593591 17256892
18593602 2403966
18593613 13687248
18593619 12683348
18593628 5380910
18593632 18593633
18593661 18593662
18593720 3126498
18593721 18593722
18593723 18593724
18593725 18593726
18593764 131758
18593782 807735
18593835 18593836
18593859 18593860
18593893 9945407
18593943 18593944
18593974 18593975
18594008 18594009
18594025 18594026
18594030 18594031
18594032 18542535
18594048 13050678
18594057 18594058
18594074 5695468
18594076 18594077
18594090 18594091
18761457 18761458
18762948 18762949
18762954 18762955
18762965 15752671
18827510 18551202
18828111 10928769
18828160 9012143
18834036 155907
18865803 344563
19043689 5427872
19043693 19043694
19043793 19043794
19043825 304829
19043831 568766
19043834 18204132
19043837 19043838
2161360 19043842
19043845 19043846
19043851 5129992
19043852 272659
19043859 19043860
19043908 131133
19043915 19043916
19043945 19043946
19117306 8953273
19117308 3839733
19117309 19117310
19117311 5669470
19117312 19117313
19169874 19169875
19311277 579156
19369557 19369558
19369576 16300640
19397814 19397815
19955747 1123949
19955750 19955751
19955752 19955753
19955762 8724806
19987881 19987882
19987896 1261799
20036604 11232217
20036605 18969182
20036606 7401957
20039196 7444474
20373529 20373530
20373830 20373831
20417923 510591
20511480 20511481
20768114 20768115
20798930 20798931
21062750 21062751
21062759 15838787
21062760 15401775
21062771 6998206
21062772 3777541
21062773 21062774
21062777 3243012
21231090 5271144
21235827 13687991
21235836 9040285
21235837 15688674
22059101 5747
22069875 10498460
11716296 14672577
10317515 216258
22230099 22230104
1946292 22272862
22317183 14546478
22319148 22319151
22354955 766969
22357029 22357032
18865792 41307
22394956 2226749
22451806 66429
22093063 161568
22539191 40762
17835887 98247
22714815 77167
22804186 105204
22940422 22940423
23018967 287861
23020725 23020726
8311814 19308334
23042035 5355908
23080663 12004616
23085515 177382
23197111 257819
23205577 76689
23237583 2732
23249379 42884
17384743 5400213
23443860 11137968
21788306 134349
23491655 188190
23492638 718375
23492724 2000613
23501394 19450536
23516543 753933
23602124 831232
23610291 193306
23678321 23678322
23678342 15132850
23697075 58133
23698162 5431230
23698789 23698790
23699101 17283513
23699545 23699546
23700401 260662
23700425 181729
23701888 23701889
23714705 23714706
23715302 5152734
23716041 1233624
23717956 2150789
23736045 23736056
23753638 298092
23778252 21333469
17114798 23790240
23794370 283803
23814690 23814691
23818099 10100
23823759 23823760
23855993 23855994
23868113 61697
23918507 23918508
23944947 93618
23972347 17188033
24207501 14626095
24207515 423122
12066969 17659
24396941 24396942
24396943 8296948
24396946 14275907
24397065 18189155
24397105 24397106
24397127 213573
24397212 156453
24397234 24397235
24397236 13783843
24397261 23064
24397283 17400598
24397289 74304
24397296 19502700
24397324 24397325
24397344 24397345
24397346 5355932
24397360 24397361
24397749 24397750
24397785 24397786
24397817 24397818
24397840 11648
24397873 24397874
24397921 23068666
24397964 60178
24397985 11654032
24397991 16120047
24397992 24397993
24397999 21044098
17835886 24398080
24398170 24398171
24398232 5972
24398259 12682784
24398317 12683391
24398318 21417980
24398399 12147925
24398500 19502912
24398501 5356556
24398549 64912
24398550 34142
24398645 5355110
11003352 14275880
24398655 224966
24398658 7367670
24398707 24398708
24398762 20453296
24398803 24398804
24398906 5266652
24398987 24398988
4207353 55881
24399114 64771
24399181 24399182
24399183 24399184
24399244 298569
24399245 59452
24399275 12683383
24399384 202301
24399416 6449192
24399483 24399484
24399491 3426611
24399494 13486006
24399496 24399497
24399627 22709530
24399641 24399642
24399702 9252313
24399711 15557906
24399737 134521
24399772 16022379
24400100 24400101
4132749 8316772
24400380 24400381
24400382 18134751
24400405 120672
24400429 59590
24400886 24400887
24400920 22586
24400970 24400971
24401032 131556
24401039 16201979
24401046 24401047
24401062 24401063
24401064 7366198
24401067 132034
24401239 12683803
24401549 19508660
24401554 290295
24401596 5355807
24401598 2767
24401608 6222107
24401731 21292
24401739 24401740
24401741 155364
24401746 24401747
24401748 24401749
24401750 78099
24401852 10483
24401883 223213
24402146 5380911
24402165 24136135
24402191 72409
24402297 2478780
24402316 24402317
24402635 12161368
24402680 24402681
24402696 1093
24402719 10309925
24402750 18150346
24402789 233570
24402904 16379666
24402909 619641
24402942 13105572
24403053 39268
24403062 62466
24403277 7359334
24403278 19919497
24403391 14607045
24403392 18186662
24403395 16933946
24403416 5394510
24403417 24403418
24403542 19465553
24403617 23484779
24403634 24403635
24502800 24502801
24706656 7093325
24931651 3440797
24989566 236762
24989794 4216642
24989958 8995297
24990469 24990470
24990841 24990842
25006202 237041
25006341 432146
25006412 548804
25006425 128506
25006459 5927
25006467 46839
25006585 223511
25006591 93117
25006600 22502
25006616 62887
25006620 171722
13959168 26099
25066056 242649
25066308 18452
25066464 12682991
25066816 203427
25066864 44394
25067090 39594
25067209 25067210
25067211 95827
25067243 64193
25067283 492957
25130904 14566143
25130990 25130991
25131047 25131048
25131076 19503669
25131148 25131149
25131171 25131172
25131176 25131177
25131178 25131179
25131189 12683330
25131190 19503093
25131193 19502772
25131196 25131197
25131222 18999153
25131243 25131244
25131245 25131246
4283923 6636561
25131247 25131248
25131310 7464183
25131397 84657
25131398 24689945
25131451 25131452
25131514 25131515
25131517 22709913
25131576 22521515
25131585 10089281
25131587 2626416
25131620 25131621
25131624 19489912
25131629 25131630
25131633 25131634
25131641 25131642
25131643 25131644
25131661 1600095
25131665 25131666
25284099 19502646
25284181 25284182
25284183 12682340
25284318 25284319
25284346 25284347
25284525 25284526
25291576 22590318
25293034 25293035
25293087 25293088
25295160 12592078
25355507 5302453
25355515 11525849
25355517 5355659
25355540 9252304
25358712 25358713
25358719 7997475
25390448 12683875
25390602 24732908
25390614 6998169
25396304 5761493
25560953 1023022
25560957 17718476
25561007 564348
25561009 49845
25561032 265632
25561053 7444657
25561082 61445
25561135 9484
25561136 220205
25597239 25597240
25632208 25632209
25651037 11251042
25728004 25728005
25903282 25903283
26394798 304801
26423546 5381018
26423548 5056641
26453534 3320484
26499804 245264
26499805 26499806
26502177 9252322
26854750 18990226
26867519 231714
27186372 360347
27236623 18147961
27490461 12638031
27490468 27490469
27490470 27490471
27490476 27490477
27490478 19504067
27490479 1465782
27490920 27490921
27642783 27642784
27659300 14275863
27659301 15802691
28473254 252254
28508220 28508221
1183101 37969
28536605 5417797
12535210 9252395
28544731 1550288
28576551 211597
28598151 176015
391423 5431231
4913083 67630
28682918 362349
28696466 70324
28698099 78755
28698194 120659
23848815 469526
12066960 28707469
28748942 251219
28762394 10383
28785205 284470
28836892 5355754
28851475 28851477
28864888 37908
28939093 72773
1980502 28939715
2526210 106890
29060725 11251089
29248092 103568
29324793 29324796
15243843 29452287
29520619 103628
12014943 83856
29553776 39857
29661883 33910
29705186 23956685
29784218 29784219
29825721 2357188
29829226 25997678
29829262 7523421
29830813 8747743
29840198 2158061
29869872 22666
29935264 4599677
29937653 237942
29942402 29942403
30030083 5356716
30030092 717967
30030127 30030128
30031412 19323962
30031423 1162978
30031981 3781115
30032021 3182
30033046 93792
30034541 274017
30034544 59573
38388 221886
30048668 30048669
30048809 30048810
30048811 14305602
30048924 30048925
697185 58152
30051065 16690854
11715694 25713212
30108736 30108737
30120491 102719
30139554 30139555
30141519 239392
30142660 49033
30142909 24967788
30148937 17838823
30174025 29366770
30212760 382723
30239790 30239791
3410045 94624
30289159 149879
10100953 224364
30457165 21297573
30492149 376
30510445 30510446
30561724 20403162
30698808 85499
9592582 236881
30698963 25997451
30699012 5320865
30699031 23145256
30699105 5624436
30699175 30699176
30699218 7089374
30699227 29800389
30699236 423755
30699251 3025
30699317 17098108
30699320 8752318
30699321 7401771
30699322 19103712
30699342 2666068
30699343 30699344
30699362 30699363
30699384 12683645
30699386 7444824
30699392 30699393
30699401 568722
30699587 7444686
30699628 6998241
30699827 19502783
30699844 25997087
30699846 9252384
30699871 1068587
30699894 19504189
30699907 30699908
30699909 19036501
30699927 22680410
30699963 5356355
30700032 23876267
30700085 12671979
30700109 27443342
30700173 11146115
30700191 30700192
30700207 77993
30700235 31113
30700243 22699296
30700267 14536746
30700418 7602164
30700477 30700478
30700549 5129993
30700550 16089117
30700703 57722
30700797 27843585
30700806 30700807
30700946 90326
30700967 19584188
30700970 5356513
30700971 1465915
30701012 19503847
30701075 11305192
30701078 30701079
30701111 2185
30701171 9905465
20704458 30701233
30701236 15413873
30701283 19356579
30701363 95414
30701446 30701447
30701455 30701456
30701458 37503
30701471 110520
30701530 30701531
30701541 151045
30701610 27823
30701635 30701636
30701644 5413931
30701646 226849
30701727 30701728
30701740 30701741
30701742 25997868
30701745 1234437
30701746 24745875
30701804 249115
30702086 12623543
30702220 30702221
30702222 11233658
30702250 576744
30702324 5356399
30702333 19504073
30702357 7529489
30702964 25996944
30702977 164505
30702983 30702984
30702993 173063
30703009 103944
30703038 5325154
30703053 44396
30703109 30703110
30703161 5356329
30703165 57786
30703316 3552231
30703337 378485
30703338 437335
30703487 620973
30703564 158626
3410043 5336028
30703585 11276655
30703603 109573
30703642 30703643
30703656 3718808
30703706 19503193
30703806 22935715
30703854 318537
30703873 128382
30703884 30703885
30703961 25997839
30704065 148689
30704191 30704192
30704318 23210056
30704367 5356478
30704382 25819317
30704506 129831
30704553 77827
30704562 30704563
30704633 230995
24398788 20038
30704861 5356057
30704877 155301
30704961 252002
30705104 40463
30705117 5355846
30705119 8188146
30705126 22212533
30705127 34506
30705128 30705129
30705274 8241180
30705327 19503109
30705429 22942707
30705518 3248650
30705581 30705582
30705600 11654040
30705709 14624817
30834332 30834333
30889015 3825043
30998373 1123848
31280052 5622757
31280096 843166
31280115 3224890
31280627 31280628
31295846 265272
31295853 45743
31296004 48274
31296107 549287
31296161 295150
31296194 297532
31324288 5260191
31352603 86279
31352668 62456
31353412 131171
31353519 11130
31353935 80298
31353942 102189
31353949 25938717
31353950 5400212
31353951 160838
31353998 149656
31353999 144838
31354064 34352
3413765 231214
31354132 74296
31354154 14275829
31354197 6998227
31416788 31416789
31416831 18194506
31416853 2650421
31416862 31416863
31416891 20279601
31416895 25990946
31416896 30587083
31416908 17131369
31416909 20054655
31416914 7089277
31416940 7175893
31416947 5355801
31416973 31416974
31417041 5307816
31417044 5840995
31417093 31417094
31417111 265463
31417119 28489044
31417126 31417127
31417140 13559450
31417174 7366866
31417205 18192138
31417282 1261783
31417311 353792
31417335 31417336
31417363 17881912
31417368 14607590
31417373 22680342
31417429 1121763
31417438 8389812
31417462 4846237
31417497 31417498
31417514 19850888
31417549 274135
31568436 8171621
31575301 13783643
31576719 19504051
31576732 7907144
31576768 16103297
31639583 28955231
31641875 31641876
31643273 14607063
31674072 24749082
31753543 31753544
31839244 62127
31839403 18199076
31839408 480133
31839437 3301173
31839485 5285142
31839486 14566464
31908585 7366651
31908587 31908588
31908593 24084665
31908599 31908600
31908601 11232806
31931474 31931475
32136385 16127085
32165713 32165714
32165715 3427857
32165721 32165722
32165729 2007565
32165735 1815307
32165737 32165738
32165740 32165742
32165743 32165744
32658277 24411126
32729724 21333747
32729729 25997191
32729730 8485715
32732070 29571795
33046141 33046142
33046147 33046148
33175600 5285143
33372891 4086971
33675643 32558431
33695183 3840514
33695186 33695187
33845417 1102479
33856798 18156
33856804 22229666
33856818 29051321
33856827 9172976
33860927 33860928
3412290 77526
67040 57907
17011478 21013364
3405731 12086401
34758305 1583718
1844202 66453
34768772 17971697
34774066 57719
34812469 3477802
10771755 18258
34837918 26063194
34839789 19504140
1295872 5144626
34865824 9378477
17834796 34878879
34958739 19202741
34979169 84641
35034018 161858
35038834 15908
35397319 35397320
35397690 43303
35458721 3761850
10244685 17415447
35488684 73511
35596069 71873
35597705 110309
35680626 60424
35737987 52020
35758642 362526
35894682 36224
35900144 4751400
32055396 9036176
35978086 9252328
35978216 19503159
35978246 48352
35979519 35979520
32995910 32262500
16825346 1843647
3405843 14607262
36171842 20402062
36171898 31012086
36171950 1127756
36172281 36172282
36172341 36172342
36172484 36172485
36174796 105573
36175208 7366689
36175293 114163
36175313 34440
36187628 21267552
36188706 381055
36190714 21267331
36191136 36191137
36191522 36191523
36192001 5131073
10914206 36192488
36216750 5354282
36221383 26828241
36248725 32250848
36250439 9437103
36273349 10365472
2513431 10313
36291263 32251275
36308610 15516360
24398572 1541757
36313454 21334038
36315497 7367777
36329200 243032
36329201 29501
36335212 226878
36342809 650037
36348573 36348574
36373220 10755436
36391791 8966584
36549190 69914
36630755 78964
36726289 223616
36810206 167340
36810215 6149
36810227 19503745
36810272 36810273
36810408 28618748
36810409 113605
36810410 289570
36810427 126108
36810466 25997412
36810481 40797
36810484 7089325
36810493 36810494
36810522 5187
36810549 35459529
36810569 32250791
36810574 9075336
36810598 30791462
36810607 21410240
36810610 71007
36810625 36810626
36810729 36810730
36811037 17851358
36811038 7376927
36811058 25996805
36811069 216260
36811103 7089379
36811107 36811108
36811109 29055792
36811168 34920492
36811192 29057015
36811213 36811214
36811262 36811263
36811275 11601249
36811321 66126
36811324 199701
36811519 24434183
36811701 59408
36811707 18920424
36811927 558801
36812015 26044608
36812064 437154
36812098 36812099
36812282 15693287
36812299 36812300
36812355 25693227
36812392 14536805
36812477 179423
36812478 7089365
36812487 31041915
36812489 15903780
36812560 32088839
36812629 27753167
36812737 36812738
36812811 3761556
36812833 23615437
36812852 542458
36813225 36813226
36813239 2166368
36813348 5342300
36813349 11563
36813351 3833955
36813402 36813403
36813837 80646
36813891 49470
36813911 130191
36813974 84089
36814057 36814058
36814066 189524
36814154 138521
36814155 17673378
36814157 2978
36814158 36814159
36814163 20227167
36814288 17095
36814326 36814327
36814420 18181928
36814421 314023
36814428 3501184
36814430 1273520
36814477 25996895
36814484 29051354
36814489 227806
36814492 5355879
36814604 14570104
36814609 7089282
36814613 71098
36814630 5068580
36814715 15849837
36814788 36814789
36814846 33648284
36814964 318894
36814965 12660275
36814975 3897
36814998 33285
36815041 33286
36815377 36815378
36815557 36815562
36815649 119585
36815654 15705
36815829 21411195
36815830 27700891
36815834 1465847
36815835 11035734
36815960 4661990
36816007 280241
36816038 5356523
36816096 24138866
36816130 30983909
36816214 5356197
36816215 5417798
36816230 120663
36816341 36816342
36816344 1244003
36929306 22428743
36997634 213844
37375316 37375317
37375897 30561369
37376189 7089299
37390647 12587561
37390810 25034
37390819 130754
37390843 75272
37390848 150337
37390897 40774
37390915 231496
37444822 355257
37445344 114896
37445442 32790
37446088 4086977
37446213 5920
37446278 549751
37446288 328771
37446316 39917
37447688 261993
37506596 18900970
37506625 445384
37506626 37506627
37506630 3777574
37506632 19503468
37506675 21266520
37506748 21296822
37506754 37506755
37506776 25997971
37506813 22431338
37506842 37506843
37506854 7359531
37506872 3761009
37506885 7444466
37506939 7386009
37506940 1465805
37506958 37506959
37506981 4250286
37507005 22942698
37507057 23953
37507185 32383822
37507197 37507198
37507199 64004
37507207 37507208
37507216 37507217
37507220 34775749
37507265 5298640
37653858 22491676
37661533 19474116
37661616 37661617
37661793 25996828
37661932 762580
37661983 37661984
37662286 37662289
37663216 37663217
37663218 37663219
37663239 27753573
37724416 37724417
37724466 97002
37758068 37758069
37875224 76502
37918723 37918724
37918785 60165
37918788 50299
37918789 7367477
37918852 9476
37986361 12613345
37986376 1259750
2025297 23301832
37986382 22745630
37986384 37986385
38001736 7401846
38004797 38004798
38004917 24243408
38035235 8655279
38073766 8424092
38234952 24688603
38234954 38234955
38234958 29226010
38234963 38234964
38234965 38234966
38234973 29726589
38697855 38697856
38697857 38697858
38724538 8297650
38767384 34046456
38767387 38767388
38776624 18189613
39071774 39071775
39390880 22204177
39434343 5993922
39462220 12683414
39603196 39603197
39699116 18149043
39699124 4743115
39699132 7448046
39699133 39699134
39699135 11277717
39699548 28787417
39699561 35307306
39699562 25997354
39847310 38311008
39847311 6554151
39862926 9252377
39862930 21275406
39862931 5355160
39862932 7444295
39862933 39862934
39862938 4874484
40366970 12705037
1632567 495
10695 221315
9315234 14173
4258348 251744
10426432 172795
1149051 40705644
40727901 215695
4913019 210416
40818892 40818893
40922046 16288503
28546322 11002132
8359528 39948348
41089098 469806
41335344 27718168
41413041 37950392
41493865 18198396
41495151 215302
41495813 64794
41559036 25997005
41640036 7444801
41700573 4554
41740680 22190536
23805276 11232688
41770805 213831
41782535 161963
41822199 41822200
41832804 149516
41929315 38310718
41929420 122471
41931245 86297
41939675 29354877
2526373 229924
42028353 41691
42036000 42036002
10914731 31986347
42118176 14572410
939227 27753562
42118496 119191
42119661 5793797
42119692 7398652
42119705 25542609
42120117 3833901
42121001 5355771
42125405 197422
42134230 25997117
42135833 42135834
42135934 45126
42136823 39894
42137106 16132122
42137347 144734
42137407 9608765
9819451 5342301
42200925 22619
42218813 42853
42226304 19492908
42232450 42232453
36173824 66613
42248142 8969605
42256007 7438840
42261345 32251055
42291077 3465199
42297956 218385
42333893 128701
42387322 97345
42425887 238141
42493071 463950
42496146 28406489
42662940 48283
42734050 42734051
42734101 5407672
42734147 2529806
42734148 3818736
42734156 19503282
42734182 8947369
42734198 3321578
42734293 29537955
42734352 84016
42734365 7122658
42734366 4609450
42734390 7444293
42734391 8966622
42734400 31773952
42734419 10915551
42734464 871054
42734466 3437
42734470 5402247
42734504 83651
42734505 22570
42734523 1123999
42734524 22764709
42734556 26405242
42734557 32250725
42734602 42734603
42734981 6458492
42734982 41251997
42734984 27689348
42734989 4216632
39615506 16677231
42735092 42735093
42735102 22179089
42735116 42735117
42735193 8966663
42735288 13687249
42735547 19502887
42735656 97294
42735664 34517
42735703 19503729
42735713 42735714
42735850 42735851
42736153 12253488
30148938 17663664
42736234 29189
42736308 26386
42736384 42736385
42736400 66863
42736402 8495684
42736464 74224
42736518 42736519
42736520 9919550
42736554 9205087
42736555 2170
42736598 31025045
42736607 42736608
42736671 16000146
42736687 8812
42736764 29167395
42736767 37933079
42736769 18391960
42736818 214764
42736910 39242716
3409558 16196936
42736971 63975
42737040 216040
42737255 11245139
42737291 42737292
42737342 274265
42737728 207552
42737805 285531
42737871 453371
42737923 42737924
30600977 4751472
42737995 62462
42737998 42737999
42738287 12684032
42738311 41656529
42738314 23019377
42738440 18134204
42738471 35383083
42738487 42738488
42738614 5356626
42738616 16613368
42738622 128389
42738652 17121974
42738681 6385147
42738684 18792
42738694 266912
42738735 19503405
42738755 78483
42738756 275915
42738868 24688316
42738905 32251005
42738949 4317
42738996 72636
42739144 1998828
42739171 3111
42739262 250792
42739294 237008
42739393 14536928
42739458 388533
42739512 17934051
42739705 26012
42739745 28376921
42739746 14536794
42740003 19474115
42740011 42740012
15457965 42740142
42740226 42740227
42740252 21298421
42740352 18199930
42779969 10742534
42855325 271788
42917782 26996918
14005045 24688117
43019115 43019116
43293880 29153449
43295142 5356410
43309338 11708
43309371 32251126
43309482 10469
10916421 202920
43309622 35825
43309643 745404
43336976 10967121
43364575 36297
43364767 1266923
43364798 30983648
43364844 24250201
43364846 146349
43366357 23102
43423448 30992802
43423509 15731666
43423512 43423513
43423565 6231071
43423592 32222110
43423608 39653123
43423610 813563
43423623 80686
43423624 23467119
43423669 43423670
43423682 10284525
43423713 27689192
43423720 27443313
43423724 18194883
43423725 30985376
43423763 43423764
43423782 1465826
43423809 60834
8988517 17862611
43423816 9093910
43423827 22935634
43423828 30986466
43423833 9216429
43423856 9252417
1397147 77537
43423879 9264329
43423891 31386827
17835448 28629881
43423923 37087642
43423951 43423952
43423961 43423962
43423980 16833878
43423998 5455418
43424002 43424003
43424017 3444948
43424036 22942724
43567186 1583748
43575385 18133971
43575452 19794952
43636785 35538619
43637047 32111120
43637071 613807
43637144 13261584
43640696 118694
43641775 31360921
43670552 228042
43670571 171670
43675736 36272389
43694022 24688462
43776827 32538390
43827879 37980
43827882 43827883
35354492 128111
43827945 21266662
43828015 62374
43828082 17119
43828150 78739
43862188 43862189
43894353 7516064
43911666 12678974
43915401 14672581
43979869 62522
44060396 44060397
44134607 11232709
44134609 44134610
44134612 3760456
44134614 18205190
44134617 32661404
44134618 44134619
44134629 31975993
44134632 22487531
44570246 11837706
44570251 16288526
17837452 32239974
44595886 44595887
44933460 19238209
44933461 26023222
44933464 3844159
45244426 45244427
45547029 15758734
45547053 45547054
45547065 14607529
45547498 5435000
45547508 45547509
45692638 5355446
45707740 23392072
45707745 24738197
45707746 12135226
46200944 1465839
46462424 19265403
46670081 16761175
4284154 31698084
46779324 46779329
46797594 86289
46800258 11863
46886060 1573861
794898 134815
46902190 7341
46902669 45096687
47095543 161063
334779 50519
47221773 5355707
558480 303461
47357979 19461033
35062855 61068
47444975 105570
47498684 18754
43364924 238168
47607400 150271
47616852 47616853
47711679 9294721
47713151 5356226
47713159 275092
47713342 38240
47775215 61911
47775746 47775747
47780700 22600017
47809046 31189273
47814681 209549
47815456 402463
47875752 36824578
47892682 133545
47894034 24687442
47894423 45795447
47894528 3843555
47894731 41573055
47895262 47895263
47895375 16188
47895482 29122360
47895769 8911842
47895908 8506365
47896213 11589176
47896485 5593525
47896928 42771125
47897300 18030
40337893 37145805
47908656 12683841
47908690 8472093
47909611 108485
47910375 14691427
47910467 26740853
47910655 3044896
47911083 35141
47911765 39918641
47912365 35516223
47927993 44202842
47932372 25920203
47940074 3451893
47952942 3760979
47963261 6295984
47963701 19502738
47967522 42733621
47976170 78435
47990811 2432191
48006799 7367186
48028520 16105066
48030458 75883
48030718 28922189
48038394 3772717
48046271 64851
48087890 9252402
48113739 2345572
11030403 42828
48150287 78313
48329764 19564095
48329766 47702289
48489338 1157763
48489403 29000894
48489404 27753429
48489446 30983674
48489452 18451726
48489466 1264939
48489595 4751406
48489617 474842
48489631 45795453
48489642 61223
48489718 19503496
28722530 134693
48489745 21275554
48489748 37148355
48489822 5356393
48489823 27705217
48489839 5430887
48489841 14687432
48489915 485151
48489922 19336780
48489938 438937
48490126 52732
10244686 48490321
48490380 7367001
48490391 48490392
48490397 2251780
48490398 20543653
48490406 9836803
42734401 43009612
48490414 129469
48490422 282794
48490426 14305592
25131645 101435
48490543 5356220
48490593 12757362
48490598 12613298
48490601 48490602
17834226 1054221
48490612 176783
48490649 18978968
48490685 3445399
48490721 48490722
48490794 48490795
48491051 4081
48491065 58855
48491116 12682466
48491118 82262
48491402 25996541
48491538 44202546
48491556 16288554
48491583 12659443
48491604 16670536
48491613 59054
48491714 300028
48491746 3760402
48491754 26757990
48491822 64823
48491854 5356317
48491857 36905233
48491862 10822767
48491863 18189142
48491923 48491924
48491962 39952475
48491971 5152844
48491978 27363396
48492097 48492098
48492102 16336413
48492130 5356085
48492131 77119
48492134 30048401
48492142 25578754
48492143 262115
48492145 24004354
48492261 65188
48492461 238216
48492550 32251605
48492551 14607292
48492552 5447041
48492573 37096224
48492697 12682449
48492714 18134724
48492715 14191691
48492738 5356045
48492740 200002
48493130 97539
3406975 33348665
48493284 27441337
48493306 245174
48493307 48493308
48493325 48493326
48493327 19565000
48493333 42202376
48493373 97430
48493426 127506
48493476 290039
48493477 45861340
48493478 48493479
48493489 4344
48493754 6998234
48493759 18149435
48493818 41219646
10014400 6376051
48493824 286353
48493878 5241021
48493931 80475
48493964 44362448
48493982 224705
48492726 434487
48494082 18580
48494279 2322198
48494316 58156
48494357 10559510
48494472 9369812
48494474 62926
48494475 12041613
48494944 27455277
48495144 60603
48495156 27443359
48495159 26065809
35354493 115980
48495311 6287930
48495351 12724822
48495356 8233468
48495395 38310742
48495428 2529471
48495430 32251286
48495432 2784872
48495487 29888662
48495535 18149782
48495536 48495537
48495544 48495545
48495620 32251450
12066979 252388
49038113 9624999
49038115 240193
49038525 391417
49053301 14798
49053381 556
49053461 35520
49053463 25282000
49053483 25996863
49057707 7089260
49105359 248413
49106313 365065
49106593 228328
49106678 25996675
49106705 259747
49106706 185126
49106712 7343
49106754 77643
49106763 135401
49106814 200118
49106815 48548
49163834 32251048
49163874 19336869
49163883 12683064
49163908 5355616
49163926 30983370
49163960 932570
49163964 7089360
49163975 36827170
49164028 42137257
49164029 49164030
49164032 20383983
49164049 18198422
49164054 49164055
49164059 315360
49164064 5289319
49164096 39918884
49164097 30983895
49164121 49164122
49164128 7089319
49164151 8875771
49164196 19304302
49164233 29296258
49164240 13558874
49164263 39652970
49164266 8850045
49164296 30983303
49164302 12768152
49164336 14537680
49164386 33948700
49164519 35041262
49164536 13689019
49164555 24967785
49310572 27827710
49310624 5355643
49310818 49310819
49312105 22732849
49312116 49312117
49312161 15858781
49312166 26821029
42936208 16022448
49372324 49372325
49372326 5356739
49372327 49372328
49372329 49372330
49372333 13124252
49372397 4651201
49374399 39918017
49375744 19426259
49403974 1563173
49415269 49415270
49556174 61787
49556193 70965
49556202 4048470
49556224 39065696
49556229 3894140
49556264 75599
49556340 3760992
49556355 21267394
49556359 18952418
49556428 503400
49556529 28380
49589893 16022332
49622868 19503945
49622896 28588198
49705820 28486530
49853979 11233699
49853987 21260519
50264380 9660748
50264381 50264382
50288869 15026244
50288873 12253575
50288875 37092813
50288880 27689737
50288881 950969
50288882 35604304
50288883 12682408
50325795 5355316
50327199 3759921
50327206 27689743
50329399 50329400
50349222 21266533
50620627 19446158
42002120 41093369
50620637 5455419
50620638 7089389
50741529 27688993
50993632 41957349
50993633 45791637
51219320 49914896
51219335 38150078
51219338 17915495
51219358 1124079
51219366 31488420
51378388 29422123
51378389 49887209
51378390 21385474
