142688 147008
226055 226056
60259 282832
8720 288898
119785 574163
392130 589674
760451 760454
295988 804537
282828 969487
282823 1033140
595159 1055688
361061 1156795
548144 1200859
360392 1206741
261529 356087
442251 727703
475077 632788
1852739 50275
1853628 1853629
1905975 1905976
760714 1669115
337976 1957868
2091784 1210593
336195 388340
2294888 343913
2294911 164645
2295508 1435670
2295576 2295579
2296093 2296094
1794565 2297753
847017 914343
2305218 2305219
2305218 804987
2308321 1455499
2308324 781697
2308324 2308325
2308504 118136
2313713 407806
2316227 1707767
2316283 1869636
2316283 505087
2316286 956898
2331136 2331137
2337027 2337028
2338580 1556332
2338608 1867070
2343062 423036
2343368 1601699
2345190 2345192
2349273 2349274
2350429 1183339
2350429 2350431
2351229 2351230
2352172 1884584
2352630 392506
2352776 1223776
2353275 1509662
2354905 861713
2354940 2354941
2357634 2357635
2359639 307223
2360073 2360074
2360942 45721
1633734 2314383
2364571 1954341
2364599 1699081
2364619 2364620
2364619 1023509
2364633 1430485
2364636 2364637
2364636 944496
2364644 2364645
2364671 1435021
2364749 503641
2365985 2365986
2365988 405143
2366974 2366976
2368234 2368235
2372121 547951
2335233 1801650
2373935 1434344
2375396 146568
2375396 1908835
2375795 2375796
2376224 2079246
2376462 2376464
2376615 2376616
2377229 358556
2379406 959410
2380710 429874
2381209 236900
2381233 2381234
2383111 420810
2383538 2383539
2385156 2360382
2388641 2388643
2388641 1982563
2389407 1140514
2392356 1600828
2392476 2210445
2393232 908682
2393232 1043250
2235504 2393575
2395000 2395001
2397258 2397259
2398427 2398428
2399404 1426607
2400189 1441730
2402176 2402177
2402459 1381533
2403511 274678
2407056 348905
2407111 2190007
2407114 491456
2413469 265304
2413475 1730598
2413475 2413476
2413776 2413777
2414499 2414500
2414600 717104
2414600 1891988
2415720 2364414
2418310 176391
2418349 2418350
2418967 2418968
2422159 2133078
2422286 570318
2428671 250001
2432483 1015990
2432948 1891926
2433112 2433113
2434866 1366115
2435260 2435261
2435348 2435350
2436977 2081319
2443197 2443198
2443197 1835893
2444179 846201
2447596 2447597
2455446 375913
2456042 1208720
2456097 1794295
2466734 1073813
2470164 1443789
2473040 2473041
2473040 2075143
2475068 1931448
2475733 1431204
2477911 609314
2478309 2478310
2480073 2067110
2480318 903564
2487996 195462
2490257 2301093
2493237 1001163
2368628 594515
400287 226421
2497946 782680
2499515 1167608
2499515 241073
2508072 2508073
2508072 2508074
2508419 1067730
2509489 2509490
2509701 2050361
2509701 2509702
2510690 1564551
2513235 1717749
2518944 2503235
2530546 341800
2531587 2002481
2531612 439057
2532149 292347
2535170 2535171
2535441 218931
2538803 712109
2547657 173959
2554571 328140
2556530 2425608
2557774 2557775
2557990 2557991
2558618 2484149
2559716 362112
2561789 2444425
2561791 1518396
2564246 1989588
2568083 1627036
2568540 2568543
2569512 1500403
2570289 2570290
2571557 347066
2574704 716804
2574742 2574743
2577607 3505
2578188 2578189
2578188 2578190
2578196 754770
2580270 2580271
2582679 2584901
2591559 146344
2594193 352830
2611595 586841
2613757 937343
2617951 1791114
2617973 536178
2625695 2403126
2660200 1883837
2715858 2715859
2723509 194008
2724792 2724793
2724792 1841135
2728061 1696987
2728075 2728077
390487 1530823
2728159 2728160
2728162 2320480
2728166 2728167
2728302 2728303
2728574 408131
2728641 1167211
2730890 420458
2742629 261748
2742858 257990
2743122 701644
2743124 132523
2743549 2178796
2743751 1299773
2744020 2744021
909374 903729
2748840 2748841
2750932 1725270
2755038 1732371
2757063 1987631
2585879 2431150
2585879 2758074
2758180 1750273
2771882 2771883
2773219 2773220
2781789 1844780
2784414 2784415
2787838 2787839
2789469 1363151
2789472 800873
2789545 1093576
2790140 2051842
1860395 2514426
2800129 2645053
2802201 2354427
2804690 1744402
2811095 2811096
2812882 2812883
2813653 1832869
2813653 1073336
323839 60031
323839 1671876
2813808 2813809
2818588 1610624
2819277 2819278
2819730 604947
2820527 2820528
2821348 282050
2835290 1705550
2835362 916998
2835362 1540852
2835476 2835477
2835476 2144090
2835655 2835657
2841528 2841530
2841720 1425646
2841782 2841783
2841782 2841784
2841839 1318333
2842123 2001839
2842804 326821
686479 2843318
2845302 799704
2845332 711172
2845338 2845339
2850200 1206820
2851889 2851891
2851935 2851936
2851940 2851941
2854042 2854043
2858978 455798
2858978 1094285
2860018 550267
2864041 2864042
2865525 767750
2865547 576438
2865549 82999
2872490 143055
2877145 2877147
2877145 2877148
2879192 2501171
2509438 778911
2880922 2666076
2882650 2882651
2887998 1788722
2888195 1804918
2888198 6853
2892235 818133
2895940 2895941
2895946 1169883
2895961 312508
2896014 2896015
2896473 1750213
2896949 2506094
2896949 565139
2903676 2179859
2903676 1730005
2904327 2904328
2907895 741279
2911627 1620742
2914005 2914006
2452581 2002424
1679111 2916310
2916366 2458388
459188 111944
362718 1600119
2920925 1397512
2921009 2921011
2922008 2906082
2925629 2925631
2925669 1523445
2925750 2925751
2928437 2928438
2931739 2931740
2932223 245731
2934162 808887
2943515 1072027
2946465 1616694
2951384 1305017
2951504 2951505
2952179 1056264
2861820 2952184
2952554 1627869
2953143 2029588
2955225 1081630
2955251 892622
2955257 2955259
2955617 2363302
2955814 2955815
2955868 671403
2956075 1591450
291936 2033783
2956289 1183504
2956294 1638491
2956297 1022248
2956320 2956321
2956380 86401
2956412 2956414
2956483 1826109
2956531 933526
2956532 237757
2956544 2956547
2956560 176081
2956562 2311445
2956576 2956577
2956581 1915335
2956616 1927459
2956696 863315
2956801 672564
2956802 2956803
2956855 902099
2956876 1446997
2743987 2658279
2962830 461486
315793 2963385
189535 2923758
2967835 2967839
2967916 1453006
2973897 2973898
2974658 1788133
2975764 123782
2981757 1781956
2981800 2981802
2981892 2981893
2673258 1471655
2982972 724871
2983580 2568391
2984430 1844850
2984909 246256
2985537 2985538
2986904 2986905
2987016 2987017
638495 2882345
746226 273729
2990479 890077
2991097 1172964
2992014 2351291
2992785 2992786
2993504 1619970
2994456 2994457
2994529 1938236
2995372 65015
2995666 1175716
2995666 910061
2995669 1349401
2996629 1294194
2997201 755919
3004954 2674202
3007461 3007462
3007808 1391280
3010493 1810063
3011011 149063
3013661 2491633
3013676 1752747
3013738 1701745
3017421 210788
3019315 3019316
3022077 3022078
3026485 2495143
3035889 3035890
3036258 1842549
3036308 3036310
3036308 2253394
3038982 1225399
3039749 1176464
3039749 830870
3041289 176788
3041455 970488
3041686 3041687
3042220 2645315
3042720 1035099
3042982 592461
3044382 335312
3044461 600649
3044461 3044462
3044510 3044511
3044713 747544
3048529 2636174
3048529 261747
3050078 1266510
3054048 1931494
3054352 1209224
2679010 132600
3055091 2015261
3055413 2797118
3055413 3055414
3055963 1197902
3056018 2007092
3056024 1367844
3056052 14803
3056132 1808966
3057186 3057187
2918081 3061452
1929580 3241361
1929580 3241362
3285516 1319255
3784458 3784460
3789783 1491968
3789784 3789785
3801959 3229756
3802245 1050483
3803773 509737
3804595 1707790
3804609 560433
3804879 357911
3804884 1555788
3804898 3804899
3804997 1372287
3805085 3247531
3806009 269946
3807031 1838761
3807070 3807071
3807098 672497
3807186 1278860
3809892 3809893
3809898 658375
3811136 95145
3811553 2918022
3813864 2641570
3816772 965689
3816802 470040
3816844 1475476
3816987 2084740
3817075 580866
3818778 2871271
3818871 466596
3818961 1042500
3818961 3217145
4110676 4110677
4127988 284495
4127988 246620
4128336 1384948
4176990 1926642
4185039 1904944
4192022 4192023
4192204 4192205
4192411 2448945
4192868 88358
4192883 4192884
4192920 4192921
4192940 798350
4192947 1085944
4193018 4145506
4193718 238978
4193819 2490266
4194128 2606151
4208033 1771112
4208094 4208095
4208959 4208960
4209125 1706968
4211821 725482
4211919 1982273
4211987 4211989
4212314 4212315
4212375 3457499
4214217 940048
4215102 1198875
4218194 2222158
4222305 702079
4236844 1887811
4367431 4218188
4468091 2018076
4468203 177954
4468293 3288423
4468350 3691093
4468421 4468422
4557190 4426643
4558703 1082558
4561606 488800
4706564 2762002
4706880 1909499
4706911 3285500
4718470 4718471
4718668 490675
4721261 4721262
4721303 3567728
4730806 1927014
4754015 538210
4754206 2059971
4754263 1887096
4754408 264236
4754852 733981
4110874 3549664
4795683 423829
4795685 3119999
4795726 1814410
4845026 341330
4845028 391155
4912454 3901434
4912468 242930
5022765 5022767
5106762 4063424
5198484 3618859
7043820 456352
7043822 7043823
7843681 1418896
23680 1830947
420507 8225357
391408 2355773
1233548 201020
474392 317390
409923 719760
366267 7574508
1645250 1035872
365597 2025394
97438 1882513
42270 3834398
1565760 3548394
426013 1427286
2428153 2138589
2422881 2328708
4122850 1775191
2409727 1232995
746633 8205253
2455038 3194253
445703 5972437
2703470 2117531
9539908 550971
402330 6158248
2800343 926251
1681308 2002924
9659223 9088000
286293 643170
1601341 681670
9859423 2466084
9885753 257530
9944481 8519542
9944510 1926372
9944556 8270103
9944578 1111659
9945144 9945145
439959 4013144
2548367 1876970
9952352 2176750
6785013 330602
9959163 1004699
9960305 667306
6000167 102752
6000167 177516
9975107 3228543
9975629 4993076
9980720 1432201
9980740 168278
9981001 1435016
9986388 1552970
58458 1040652
296179 271647
9990451 864401
9991420 1389326
9994105 8932438
9994448 355413
9994683 9994684
9994683 5181164
9994869 915123
9994869 1151188
9994929 3076608
9995398 1252914
9995398 2716927
9995398 2714530
9995843 905025
9995870 1220452
9999155 9999156
10000672 490151
10000672 435689
10001404 818164
10004106 6628641
10004112 4063599
10004296 1865676
6555914 90885
10004403 8172645
10004977 1824319
10012325 5201888
10012472 1548957
10013714 1775365
10015146 3569472
2523019 2143034
10017547 1967735
10017634 2141709
10018593 1020548
10019356 3679154
10026173 940729
10026293 2196312
10026372 1645848
10026565 1248530
1399781 1384130
10029502 2175586
10031982 6989245
1806485 121798
9232120 980607
10032924 468373
10035283 8256098
10035876 1068970
10036311 3531940
10036311 4127770
9692528 3223265
10039793 1522544
10039992 756387
10046519 794809
10046732 2255560
10046868 10046869
10046868 2969131
226825 3921758
2794031 96179
10048109 10048110
10049090 3308183
10049868 3553552
1947751 882509
10051044 8305710
10054618 2981602
10054891 1362818
8433095 3175429
8986257 989807
621907 2437323
10056981 1604131
59282 2448157
10058216 4516509
10058216 129540
10058659 3221561
10059083 2609514
10059083 1848936
8378440 1278596
8943112 2303597
10065537 2431167
10065587 803213
10065655 519125
10066372 656626
10067658 3428876
10068245 671430
447732 1093796
10077148 2900108
9940346 429302
10083396 1476854
10083996 984549
10087300 6653314
10087405 444788
10093683 687948
10096452 401420
10097354 8820643
1765835 464188
10098609 6099657
10100365 250895
10100408 5210034
10101348 1220322
8436858 700891
10102175 1436495
10102423 461383
10102680 1279893
10102680 5047684
10102699 1599026
10103069 9305079
10109105 3579109
10113572 2112323
10128368 369553
10129585 9536018
2998354 328722
10137908 504509
10140744 2986789
10146129 1219275
10146151 1647668
10147407 840433
10148493 312154
10148862 954726
10148886 54327
10149502 1639232
10150859 1805918
10151805 3257340
10152633 9813854
10164900 1781974
10168303 3921815
10169988 2072330
10172456 434975
10173710 3411082
10174292 10174293
4089051 289852
10180881 3246634
10181551 3972417
10190595 434785
10190880 3550958
416042 6958446
10194938 8925927
10194938 1059728
10203909 589325
10204008 680262
10205028 5303076
10205601 8903511
10205605 179822
9986649 1082866
10224412 1533561
233363 1521514
233363 2271656
10230619 1845270
10230619 2564849
10235267 557808
10242022 4599258
10242654 10242655
10255612 6925717
10275206 10275207
10288700 3623674
10293179 474033
10296482 10296483
10296482 1915248
10297437 1277558
10297803 484021
10301507 164445
10313220 221007
10320473 2867797
10320559 3681180
1996899 7092045
10320818 1582432
10320869 3540425
10333765 977593
10336818 1484040
10338361 639701
570125 464543
10343856 843788
10343871 2161831
10343871 1323103
10346412 1912263
10361472 1832720
10362117 1494395
10364758 237651
10364758 3234950
10367421 1815738
10369431 7189749
10371041 806021
10372186 3530211
10372711 426433
10372745 1051005
10373650 791949
10374059 3714279
10375909 4460269
10377099 1371572
10379589 57653
10383707 1931249
10393728 1707332
10395943 1398525
10396160 658490
10401985 2095250
1855689 1570590
10403199 6804353
10414351 6018215
10419070 163091
10419297 2107569
10419755 1213007
10420967 1660141
10421378 132053
10423403 5364819
10423403 676557
10428941 3661683
10429164 3256881
10429190 2520841
10430707 1940082
10433067 280870
10433145 740671
10435293 2442947
10435398 9844163
10435486 457699
10446796 10446797
10446796 3243675
10447633 2591019
10451669 4376427
10452294 2356046
10456108 1091882
487200 1870473
9413577 1270427
9413577 1443105
10456856 6152056
10456861 1460378
10461277 3921179
10461300 2007997
10461675 8323765
10462747 6967647
10468276 321768
10468276 584228
2791719 1596036
10475275 639830
10475279 1855660
10475734 1315492
10480451 2762258
10481649 436027
10485017 1803464
10485636 2267492
10486084 3622801
10486802 4174054
621572 3013415
2341175 467218
2404037 1090926
2859918 2134893
10490952 2219271
10492541 903889
10494895 1978539
10495006 748449
10495556 2259760
10495556 1726741
10500193 2514175
10506722 2332010
10507119 1361778
10507664 1182424
926371 1404759
10507978 557926
1778015 941505
10510380 1892516
10512382 7576395
10512605 8580678
10512657 2427427
2410277 3245901
10513867 5014601
10514710 411146
10516267 521757
10518515 2931906
10519092 603888
10520887 6997317
9979102 643856
10521484 1029239
10521676 1111233
2400538 831300
10521774 10521775
10521776 3430784
10522304 2588705
10522444 807878
10522453 328375
10522458 1808817
10522512 10383184
10522571 10045650
10522582 1746128
10522601 780841
10522616 1786332
10522684 428366
10522694 858167
10522704 2641006
10522799 2179128
10522799 1456741
10522805 63251
10522823 2371435
10522913 3618415
10522915 3757642
10522969 2071642
10523099 2331808
10523143 9232204
10523216 839577
10523337 1262216
10523430 1431016
10524299 352518
10528560 804207
10528861 2023265
10529344 9075315
10529822 3256796
10533194 2845728
5166424 169238
10534167 925705
10536729 2823753
10541464 8236049
10541934 1516057
10543155 7850721
10544126 1843832
4729964 3622862
10544749 3263529
10545547 3076460
1160699 1668853
10546846 69174
10547242 229333
2977800 1462630
10549139 1234774
10549744 3642827
453338 1622366
453338 1387162
10526081 954017
10552599 2400335
10552856 3859421
10553144 9377825
10553599 561338
10553599 5866529
10347812 3186146
10553716 8161590
548317 2086481
10554177 1889744
1543511 706780
10554401 2099868
10554743 4790977
10554745 1011252
10555521 1224472
10555982 307213
10556839 1718020
10557309 252413
10558468 3462373
10558526 500774
10560406 8116887
10561040 3135884
10561435 2465410
10563167 1394714
10563167 8576689
10563563 1467934
10565403 3924221
10565403 2253521
10565545 1970111
10569988 1162495
10569988 780585
10571171 138779
1142695 1288488
10574045 8537972
10574105 703820
9657807 10408138
10576292 603534
10576747 4215665
10581404 310807
10582258 2761465
10582258 1281928
10584984 4810052
10585945 1377502
6272857 925716
10595524 403400
10595951 147130
10597826 2009770
10598578 6107326
10598610 1955915
10599224 732127
10599336 140323
10599474 6600653
10600857 10600858
10600867 8630998
10600879 1435025
10602824 2624447
2321687 14293
2321687 996791
10607505 10607506
1464418 1952527
10610720 224240
10611568 1390513
10107434 1848966
10611604 563576
10611893 2776605
10612032 9172358
10612043 807145
10612226 7689381
10612316 1138445
10612316 807288
2368787 8978637
10613202 293792
10613318 1452804
10615399 237448
1790519 188905
11260754 5325999
11260754 1990253
11270135 1927264
11270720 3570314
11270832 1805028
11270844 3924322
11271828 1687631
11271875 2440008
11273845 3237922
11273915 805586
11277962 2525421
11277975 3219381
11278136 1401486
11278236 1788200
2083313 2713927
11282607 611485
11283011 874410
11283261 3546596
11283305 958669
11284352 4983805
11284844 2982207
9576833 636992
11519534 339995
11535284 3619332
11571962 2026510
11574676 2337661
11575019 488663
11623931 6560317
11624973 1399965
11625319 1326968
11627191 1662088
11631707 3192567
11631756 3292157
11631824 3755645
11631881 1439464
11631926 212107
11631926 4370742
11631951 60341
11631973 2261210
11632270 4845915
11632445 3786093
11632470 796269
11632527 698954
11632538 9324017
11632539 3244724
11632540 2228923
11632542 3203637
11632546 1267534
11632562 2057893
11632571 2013272
2299691 2007089
11632578 1290440
11632578 956730
11632580 4496309
11632590 1050293
11632592 11291267
11632619 1156465
11633073 7847149
11633075 283419
11633334 2072749
11633343 1955231
11633416 3264643
11633465 5181571
11633588 8154263
11633687 9871623
11633738 364002
11646346 1595586
11646790 555888
11648797 798495
11649588 2508405
11649716 56973
11649823 6088625
11654413 2117000
11655558 1668882
11655793 375163
11659048 3227580
11739004 1892778
11739576 8656014
11739614 4991136
11791910 1752450
11791944 6088956
11882929 4002585
11883279 1791836
11883286 3706838
11892048 153948
11961966 2737765
11966839 2788148
11968457 334359
12013954 438955
12100511 3677512
12111197 1861329
12111533 824396
12111607 2427408
12112566 1153900
12114025 277004
12114063 8865414
12144520 107564
12181749 269222
12226805 1452146
12226805 63624
12227530 2035540
12283139 1154940
12461035 2684671
12543043 253752
14233883 613386
14233889 465810
1125685 1443948
158774 1674054
371934 7180882
389750 5721946
1179094 1858776
443758 1709983
60533 5060545
360907 455134
547309 1494827
2221632 6637576
2828610 1720839
10897637 361810
15633751 14727977
44624 267015
175545 2520339
431594 2457358
16584928 10345858
16584928 2096938
636894 1103111
405959 3433871
16643429 1965817
16643429 381312
844766 5831842
2898749 1654292
2321910 2195989
16930423 1374042
16930423 905077
16940279 10784494
16943728 4456858
936014 622059
16946186 1465001
16947055 138645
16958687 2488882
972166 3248539
16963762 10579583
16964039 4024990
2636104 1702038
16973318 606593
16973322 2133629
16973341 2395304
2700738 1625152
16976212 5199496
16976516 1023609
16976530 3467161
16976538 1268148
467250 2864312
16981707 3139875
16985218 196948
16986367 9817241
16986945 3695218
16986945 1746364
16989642 1401561
16992292 549084
16993029 1667519
8388554 8314179
16993673 534668
16996351 7575793
16996515 2159862
16996624 1127910
613029 1561696
16996924 3676134
16997650 286090
16997650 1085274
16998002 1031019
17001094 1575011
17005201 702494
17005374 1006362
17005542 2361541
17008155 8890201
17008155 2631192
17009666 2788333
17010008 1498955
17012246 1574448
10494628 1598526
10494628 766634
17014419 956930
2500316 1081619
17017925 2106210
17018003 383457
17019051 1436170
17019341 8521263
17020872 1842497
17020872 2191476
9417741 1437009
9997361 1311732
17026219 10099
15494025 1880657
4076786 717157
17031553 2078322
17031577 6119562
17031579 1878029
17033026 4376502
51185 2784600
51185 2312007
2939496 2835999
17037162 2758315
17038835 3548697
17038835 3624333
8385045 407359
17040075 806004
17040115 5326528
17040453 2000483
15530847 1230037
17041862 11430844
17023341 1188218
17044042 9327761
15428454 297799
17048234 9298221
17057537 940725
17061500 2166208
17062800 6908754
17063043 1806740
17067296 2134252
17067569 1614285
17073732 3625299
17073887 2750054
921764 584461
17076161 842213
8434194 52454
17081677 615207
17081677 258286
17085860 304936
12221959 17570
362208 3247840
2511695 721524
17088119 2052003
17088881 2614583
17094009 712817
929426 553504
10493097 1807414
17100343 1542845
431831 1955703
2866353 623150
17110859 1890370
17110859 16450369
17110963 2202931
17119146 1328628
17119803 7393664
17128439 562323
17134331 267559
17135370 4503365
2471218 447841
17136375 260984
17136375 1510297
17137051 8289893
17137051 2805263
9246050 10528177
17139348 2016729
17140399 1557419
17140669 808792
17140826 3231975
17141011 2142808
17143196 1922153
17144583 927332
17145225 2408945
17148716 10759342
17149596 865399
17150039 1118555
17150528 2426892
17152110 1294714
17153899 2255949
13161014 3615114
17155326 8465453
17155967 222753
17156416 1304432
17156435 3569017
17156689 925873
17156921 3318035
17161897 2756591
17165568 1078391
17167483 4362538
17169067 5277337
17169162 1009557
17170878 1342557
17170888 887839
17170899 2078624
17172374 7434301
17187108 2666648
17187710 14730928
17191222 1253422
17192330 9004894
17193788 8659288
17195176 2415555
17199685 2340035
12139964 3553618
17207292 1166046
17207864 414648
365106 2112540
9172559 11412553
17259206 1648747
17264590 1155065
17277333 4572859
17278223 1565077
11569350 2123045
17279804 2825890
15608464 995185
10288985 2733340
17282417 326264
17282607 2006630
17282628 1895995
2902109 2383914
17295768 3374238
8419490 1656143
17316470 1533812
17318587 28908
17318587 1498033
9164896 1954051
17319286 6917813
17322963 432714
17323970 1577961
17324111 2081608
17335927 259991
17336347 297739
17342766 2871137
17345022 880976
17345301 3844566
17349621 1140312
17351842 127977
17354653 1525974
17369039 2871888
17369974 492285
17370044 274561
15410446 801135
17374399 6354038
17374399 423967
17375295 1740259
17375928 3310852
8534088 3224547
17376605 8985
17376613 1361713
17378307 11383677
17378346 2609924
17378385 526954
4975289 3846714
17028657 572515
17383150 1965318
17383547 2447303
17384948 1542820
17384950 7570494
17384952 1383605
17389420 1738103
17389429 3619808
17389457 431672
17391510 5199314
17406405 509915
17406871 267865
17408418 1567121
17411673 241754
10997997 494004
17413506 2069105
17413518 4850085
17417498 503203
10298594 3254275
632655 1319965
17425978 312128
17427798 681264
17428649 252115
17434444 298502
17436131 3650929
17436889 3605245
17439827 3625277
17439844 1858412
17439958 486533
472501 1465137
17444750 2576166
17445410 1148859
80566 8368170
17452423 1367325
17456186 1800046
17457853 16463781
17460890 1282000
17461180 925735
17461202 952260
3008278 9163545
3008278 2536210
17461777 9634225
17461780 9467052
17461850 3408475
17466522 656826
3105164 3605818
17466816 26526
2535065 424712
2535065 1181119
17467143 2005383
17467851 1603961
461933 3842711
10479784 165892
2901156 1860879
11543773 387001
17470351 3167490
17470365 2756587
17470400 10042
17470410 3712995
17470417 375149
17470426 794349
306922 2743420
17470489 1463567
17470499 4999630
17470594 115733
17470657 7175594
17470706 276740
17470735 2437100
17470769 3550946
17470844 172842
17470912 2077523
17470912 1287482
17470946 1648808
17470951 3926225
17470980 2464985
11980721 2362325
17471044 7023217
17471056 437954
17471100 3436731
17471104 1622367
17471106 2502097
17471516 1817359
17476344 1284740
17476346 2366174
2957114 2179778
17476969 7000321
17480751 1074174
17480751 2594833
11567174 6142772
17488847 505046
17490975 52820
17491175 151148
10017734 765546
17494599 3506913
17496228 11658315
17496451 728046
17496457 236716
17497688 889068
17497822 375551
17498617 170737
17498643 1681077
17498645 2641971
17498645 4030705
17499289 2795356
17499630 2975795
17500283 2462119
10416590 3564128
8522763 3763263
17507230 3563909
17509836 699468
17514251 712919
17515703 9235135
17515896 3544094
17517364 3435474
17518199 2503516
17518284 548224
17519152 3665164
17520314 1010184
17520674 337062
17524951 3550821
17526141 2181037
17527540 2102798
17527989 10076163
17533861 1002177
17536737 2107802
17537242 320987
17537595 1384248
16227958 3203748
17538568 2720136
17538628 11617846
17540044 2462219
2895322 1363830
2895322 808108
1806029 704579
17540827 575111
17540858 501746
17541782 182808
17541886 930523
2797898 358985
17542317 3598995
17542347 1233112
17542538 250961
17542615 2159885
8577890 1450155
17544093 1312523
17553007 6097969
17553142 2351285
17553207 457199
17553741 17553742
2694809 2004435
17554349 3682362
17554349 345747
17554815 1852338
17554874 2690850
17554907 255819
17554910 460143
17555420 2616755
17555475 3900544
2479528 10086204
17555582 2078374
17555685 1397208
17555685 9275604
17557592 9500911
17559597 6037279
17585385 15017137
17585468 1872912
18167064 3233819
18167716 750374
18167718 14986
18167729 3632394
2708950 13379916
18168923 2950621
18169079 272930
18169079 2965481
18169137 5186018
18169177 1099920
18169186 1042974
18169237 681642
18169258 1623898
1922730 1130890
1922730 13369192
10532011 3249950
18179340 3932931
18180041 137928
18180041 3847638
18180343 4203321
10339354 507653
18180389 2463538
18181250 4387312
8541227 10266980
18409015 1185351
18409015 3859513
18425623 2182138
18457988 494785
18458016 676571
18458016 817756
18459868 1688250
18460579 1726913
18460895 4115978
18461900 1855655
18506798 2334622
18513286 745366
18514323 487745
18514351 4994435
18514386 1742387
18514421 10344879
18514687 8198245
18514885 1689108
18514983 290511
18515007 9465020
18515053 2602519
18515109 169209
18515118 2280293
18515137 2052906
18515138 3203944
18515160 588440
18515698 2781717
18515858 380546
18515905 343629
18515956 1532174
18516006 960756
17251367 1735432
17251367 1169407
18516122 617682
18516122 3224863
18522518 6865551
18526786 434827
18527303 5205134
18528021 1821696
18528221 8542768
18528221 129595
18528399 3747096
18528592 3640263
18528655 1752332
8381186 1274667
18531452 2247448
1523178 1126981
18537241 151548
18540562 5403527
18540562 2467900
18552928 790963
18752933 153860
18753013 3888094
18753124 430756
18753198 1388997
18753217 7546602
18753275 1430419
18761932 644251
18761957 3881911
18830659 393880
18831689 9942261
18833281 827319
18876547 2086043
18878700 5108074
18958898 424342
18958961 1953514
18959031 1696017
18959128 1736087
18959152 3611666
18959204 2788853
18971952 9413498
18971956 926592
18971980 3705438
18971986 11196730
18980131 430994
18980209 1787626
19034587 741924
19034600 558712
19034617 749571
19077432 3336885
19077588 4121313
19077608 948294
19077701 9362447
19077744 1047375
19137677 7141132
19728673 3544918
19908311 1170637
20065454 1740794
391407 2121006
316011 4809217
2404064 3922308
214890 3240508
165705 3247496
467701 91417
228937 376970
76582 2125086
239905 2002851
2341584 1890906
467797 177740
3054143 1898889
23157022 1508537
23217613 3373034
23235370 17675973
424828 1046384
15405978 1418164
10526018 1722899
280829 1537224
23285343 49192
23294307 9284040
23294307 586699
1164283 1091897
23311670 662665
23312616 849476
23312616 99045
1493256 92564
453550 10421646
961676 1577951
332961 1593676
23556982 3605923
23559100 1154076
23560862 3841796
473152 7938183
23567494 2006326
23570076 792139
16075490 2062085
16075490 2486112
23571646 3861738
23572787 2977116
10383870 1313263
23576568 2416632
23576568 1913885
23582657 3672919
23582661 548392
23584634 3755632
23584650 1619516
19131491 756294
23585833 1162688
23587166 525530
23587171 730308
23587189 2377610
23587481 8371978
1232143 356239
23588454 215791
13576059 590230
23592526 374873
23595691 3695093
23595705 735223
2950285 3467090
22187979 2117190
23595905 8534465
23596781 1885141
23596781 1476663
365663 565269
23597553 6155043
1863997 1859174
488949 3605955
23602249 816031
23602607 3830512
22096526 1846695
23604047 116487
23604354 80389
23605284 1115791
23607139 1581855
23607139 8943468
23607893 688814
23608325 837559
23608360 1171439
23608630 1626030
23614565 317032
23617227 1485621
23617227 2390770
23619126 3567768
23619761 9656240
23621449 8213354
1351829 681287
23621460 1969683
23623749 3083812
23624532 1881651
23624539 1818360
23628068 1710493
23628512 1393983
23632954 806321
23633807 1717740
23634046 2395471
23634254 1458973
23634254 955852
1658665 6102511
23634691 8730516
8881366 3618407
23636792 9372055
23638756 8313864
23639731 3702271
2426568 153289
17513115 1827205
17513115 2743604
23640095 1855995
23641749 837839
9581509 1365095
9581509 266582
23644811 248969
23645694 9254905
23645697 3625229
23647735 428485
23647761 14731523
23649307 1963188
23651209 2383233
23651778 791229
23652708 1983353
23652708 776785
10135467 6348101
23659827 5725193
23659827 1060201
2809184 3809121
23659909 2122107
23659921 2147402
23659933 3539362
23665204 172796
23665654 1606268
23666169 342194
23668028 1546188
23668953 1440167
23677568 1235092
23677577 971210
23677689 468363
23678202 3441472
23678519 155247
23680108 1312887
23681810 2423746
23682173 679395
23691921 5599155
1621281 133212
23695251 1276961
23697026 91642
23697026 3497729
10607665 2334511
23697470 2235735
23698211 4541894
23703356 52759
23703531 2758308
23706397 1991913
428490 3931411
23709125 442996
23709887 63091
23710184 915290
23713696 333895
23713696 9841797
23714503 1166365
23714503 1123202
23714875 1061366
23737850 831622
23738854 905365
23740003 1580892
23741424 1769542
23741424 2934512
23742074 3916477
23742074 266438
23744315 6042522
23745009 1873571
23746413 3920413
11492563 7572230
23747993 316720
23751727 2020442
113996 958872
23751847 524809
23752422 2454654
23752422 16011
23752801 82252
23753192 2810685
23756465 11156973
685699 2945742
23759552 4225303
23759678 303450
23760903 1545408
23765162 1751777
10438336 264389
10438336 10136334
22220890 9764870
22220890 2118805
23771432 2092457
23771454 197695
23774048 2073465
2903225 1653052
23787332 2274545
23794723 1124404
5018949 23794748
23800069 1664237
2335004 6405703
2677426 355375
23816829 767160
23819234 1365354
23825572 1516323
10304586 553264
23877557 6554490
23877584 1130119
23877674 1189516
17028899 788937
303703 310074
23880337 5047900
23880422 11299187
23880426 306198
9508615 2761436
23880698 13156584
23880809 1911775
23889853 14201627
23890475 1276882
2453787 4436445
22189741 954618
23915920 674141
23916690 3975503
23917180 265937
23918834 292519
23920768 277884
4094638 2870127
17324890 877818
9541063 3925803
175170 2851946
23931209 6631979
23931891 979652
23938858 16940315
23944425 5060948
1705246 10344667
23961981 2086382
2467802 2433685
23962731 8865819
23967097 1728655
23967990 1641612
23969146 3875812
2965314 1720350
23970851 3908395
23970957 1430480
23970959 1059174
23971227 2131809
23971713 850141
23972674 2261037
23975580 3388485
23975880 2119360
23977048 1715606
23977048 3605865
23977752 1780329
23979086 2012998
23979156 140755
23981648 1686066
10460901 4215845
15427478 10178580
635956 1781862
23986402 644373
23992211 1742529
23994902 1871076
23998130 3664871
23998130 7189686
15661670 1905783
23999507 552308
23999867 448456
24004137 842222
23928903 62228
24004143 3260621
788529 5988925
23028706 1074560
24004217 6087042
16412871 1600988
16412871 6436471
1378271 3541930
24009832 479775
24010567 1627532
24010706 632139
15552607 2537930
24017164 1506186
24017901 23313862
3028936 10730621
24029374 3017296
24029374 559506
24029389 962020
24029415 16748169
24029831 2382345
23964208 365261
24030976 689704
24031961 1888531
24036971 943799
24037058 457138
24037084 967538
24041354 8735129
8307422 8340243
24045076 2014158
24048212 591581
18454506 298656
24051883 1718276
22683276 4253627
24054712 6593610
24054837 2454805
24055085 1753407
24055191 2146576
24057573 8670529
15620607 1206237
24057803 1408326
24057949 4591087
24058080 2796583
24058177 1135226
19625929 3268679
24058438 1933603
24058441 59001
24058465 3246608
24058467 4697098
24058520 972157
24058520 1553668
24058531 8590794
16225604 18593809
3439777 520746
24058651 1986490
24058706 1723485
24058836 1814168
24058991 1592951
24059058 3662116
24059070 1036672
24059271 4652637
24059490 1701449
24059888 2142869
24064010 2502311
24064013 428078
24064416 3230251
24064430 2467450
12289265 842402
2300025 55448
24068427 3411401
24068659 1886136
24074490 719865
24075389 1216534
24076676 2876456
24076676 1703328
24077093 1577126
24077954 3537162
24077982 1039611
24077982 1527221
24078909 283916
24078909 2346319
24079862 212989
24081826 6103785
24081877 2108447
24082589 4112206
24082811 1486836
24083393 797511
24084882 1617243
24085649 6869361
24085989 1194854
24086322 586316
24086340 813044
24086781 1891076
24087385 5322750
24088042 1780711
24088085 3554413
24089416 3629315
17142178 2301740
24094582 290288
24095267 1951349
24096146 1837899
24097751 13658334
24099580 3268311
24100995 2738827
24101446 277802
686480 1816193
24102624 221655
2496408 11400072
24104821 847961
3197910 387645
1307699 8357781
24111990 3567960
24121278 1860123
24122490 833655
24122505 1296304
802825 3244139
2417516 591638
24128503 3548636
24129371 2087844
24132249 175815
24136195 1751255
24136585 9629807
24138018 94161
24138043 6086375
24138234 2475892
24138856 1571449
22238150 1267388
24139186 1809413
489521 3203546
24139356 1413910
363520 902138
363520 1929897
24142464 3242369
24480278 681636
24707671 967856
24714839 3877968
24719894 8332857
24720388 562673
24720393 1485018
24720398 7573669
24720448 5020211
24720466 5379938
24720466 1425379
24720557 3200681
24720563 1066536
24722654 1930970
23151581 1273330
24726776 3924062
24730646 2316480
24731068 5444292
24731426 3645277
24731560 1569199
24731706 1932696
24731804 3518755
24731954 1597142
18995743 2892471
24733116 1554746
24733138 12854
24926577 2097168
24968658 2764210
25002979 430634
2794005 2227536
25003354 2985054
25003379 1175799
25050401 2007055
25052170 16468739
25054986 654986
25054992 596828
15683438 273461
25055146 9758882
25055303 2394628
25055377 2926799
15531249 1472833
25055580 1514163
25055591 1231877
5217444 1038582
25055608 4597496
25055611 1871373
25055643 435172
25056082 1730163
8381329 2035733
25056328 266827
25056383 610253
25056503 1693078
25056576 3548373
25061786 2425993
25064200 1555353
25067476 3031176
25068254 1571608
25068328 1243212
25070570 8646963
25070632 1872702
25070710 3252100
25070797 3756363
25070800 710320
25070802 1252039
25070910 4439358
25071187 2605738
25071302 862148
25071748 11498507
25073240 10036896
25075761 965369
25078693 427811
25091007 3349845
25283464 568425
25283509 6870983
25283656 67534
25283687 1549935
25283737 3578155
25283776 11965538
25283876 5317513
25283960 1206636
25284097 3384262
25357865 569166
25358857 3755651
25359595 2001787
25359694 925614
25360819 43205
25400625 194198
25479971 63809
25480177 11193084
25489956 697096
25492118 1647452
25500389 3743054
25500439 17174235
17253364 1083092
25519954 2885101
25520216 840701
25523827 497021
25552069 2702157
25552102 2981616
25593653 3420643
25593673 1321439
25593795 457384
25652421 3722880
25652431 1598323
25652445 4175531
25808632 452761
26765613 2206426
27527009 1226799
27803575 1090699
1928541 440196
282827 3433560
391406 1201974
926230 813365
39727 2027215
49922 1849335
2668050 7188507
422658 1522379
47050 405350
473423 4164751
381805 9102411
29321894 45753
476743 429183
286955 3254260
379047 2016169
292582 11917214
509491 1278750
634742 1202579
29643256 245766
924484 1384738
347148 3973572
1996474 641951
29801971 3524774
9503019 699470
29877631 3250437
29887185 3901206
29887235 1886978
29891033 4024860
29891132 2462196
29891149 1375318
29891166 5820825
29891751 9541055
29892598 4572484
29896227 10757697
29898983 634226
29901014 843927
29904571 6629620
16553528 2009621
2514333 132526
29908725 1088222
23205464 722319
2787525 238251
29912790 1890699
29913212 6219557
29914586 1086149
29914586 11884313
29915539 8162116
1428354 1301799
29920389 731502
29920588 1126356
29921271 513891
29923050 1498328
887229 246193
29926032 88354
29926078 836102
29930176 1110362
29930188 3250569
2327409 2600585
29935641 516052
29935664 9483302
29935733 1445880
29935913 1082832
29936645 306590
29938252 1566096
18457936 1061646
2444696 7625800
29939925 5007753
29940485 2021731
29940547 1065694
29940547 6095366
18456108 407381
29943422 874620
8478288 1052373
29947760 811292
29948023 406019
29948188 1392004
29953435 2660294
29953880 9481191
29953882 4043959
29955976 547727
29956266 16736156
29956887 7912791
1944578 7935341
29957210 293787
4090686 2067506
29959005 1255168
29960838 1958337
2706616 9060700
29965453 7180880
29965457 1006198
29965712 1527351
29965887 3722262
29966498 2135994
22918167 326227
20089008 8347406
29967609 7546658
18423635 3970183
18423635 234499
29972069 1194973
29973061 9916369
29973061 1529970
18846868 1332138
29975978 4441840
29977018 451059
818166 533587
29979179 8287742
29979878 3568665
29980106 1155619
29980308 930459
29980878 482561
29981016 4247427
29982093 2913816
29983472 1825117
29983474 4233218
29987778 8908734
29989367 3568981
29989367 3154018
29992011 8628661
23932739 7162343
23932739 11482035
29997468 1517932
29997480 3671648
30000926 1857317
30002311 4770798
30002311 1109012
30003724 1720927
30004737 3535415
30005931 3862001
30008233 11040305
993920 2307645
30010085 8638451
8542444 8949896
30014632 4251971
30020432 2104772
30025093 3645288
30027639 2067497
30037668 93788
30038017 1499311
30040385 9009189
30040440 9399065
30045933 577252
30051130 1898712
584250 3211004
30055183 62732
30058041 2433581
30058917 491461
30063776 581822
30068349 894167
30069363 241897
30070406 1732655
2454404 609590
30074299 1560442
30074320 195669
30075695 821898
30076599 545677
30076700 3184118
2412796 1172277
30082491 1735932
30083325 10810466
30083325 4685302
30084064 2565089
10152466 4109753
17264746 711913
30087486 932030
30087506 6870356
30087827 2557420
10163486 376553
30090268 3395194
30090268 2743536
30091610 3016604
30092948 6184158
30093480 3682456
30094009 3627619
30095247 1399330
30100110 3080380
30100192 1054955
30103071 131432
30103693 4571619
30116783 4304345
30117503 1592747
2565297 8465609
30118672 6703892
30121099 2881329
30121274 2812113
30125746 788242
26765434 2330346
30128900 2241141
25660636 4212863
9651490 1358925
30139087 2394338
30150562 4592266
30155114 4628347
30177851 1055796
30185740 338200
15500208 2152591
30206411 510254
30206549 4485423
10569346 2110609
8470486 1309072
8470486 920436
30206682 1433556
2543117 588423
4681108 12206945
15423611 3605755
23874699 3569641
30206770 4127546
30206919 413309
30206922 20068857
30206988 724288
16383280 4039925
30207016 161264
30208658 1819852
30215055 10387707
30216396 2117399
30216912 2947054
15165482 3622787
15165482 928117
30218825 3807167
30226650 2427434
9826925 1933536
30228521 1365358
30237996 436206
25549924 274831
8295193 2161881
30239895 254245
30239934 925262
30239977 21299277
98192 2264323
30242831 2130686
30242831 1283163
30243439 8593190
30246722 1056556
541613 2778197
2973505 261694
1429740 1562635
30249928 1843567
30250405 17943842
30250407 737300
30258851 3249548
30262791 2981181
30262890 1118794
30263150 4307204
30267318 3758792
2807527 781167
2939476 9973947
30274569 4081363
30277070 264905
30283786 3839176
30284932 3641384
30285904 1945420
30285996 5877295
30286516 3168927
30288507 10597740
30288507 715963
2837000 11500823
30291461 180229
1597879 196039
30293364 1693403
30293382 1781840
30293411 6827501
30295182 436628
30295259 2723854
30299013 137926
30299260 1187416
30303330 1244266
30303330 461275
30307054 2876123
817538 688061
30311719 4598680
30315157 51075
30315946 3520804
30316667 1713935
30318467 1895181
30323268 2656978
22693931 6032942
30324433 8326987
14683743 2785643
30324438 724900
8214160 4117174
9954064 1281867
30330622 777696
30331175 2493933
30333164 213966
30333946 921266
30345430 2858553
14017925 2103788
19699468 7928938
30350294 10949612
30350294 1350089
30350955 8533962
30351341 405069
30354096 1302051
30354181 3760158
30355292 2440196
30355494 3548359
10050508 3641038
1837548 832858
30360221 808386
1826418 227269
30365490 1115697
441840 133390
30366962 479652
30368087 1107205
30368208 790827
2861595 4845961
30368822 2582176
30369048 16029
30369353 1627740
30369353 1867011
17459696 2110077
30372926 665476
30372996 268970
30373049 1244868
30373156 348995
30373186 2319806
30373809 802665
30374837 1358852
10093936 1574795
30375372 2984948
30375383 665185
30375415 2212016
20345168 2287290
2377408 505002
30375545 2059481
2419827 3912269
30375945 250732
30375959 4077947
30376095 1368573
30376184 232442
30376250 1336773
30376299 1790807
15490479 2772694
30376351 1784539
16955129 3571120
10533452 152171
30376382 131935
30376410 4524737
30376419 2787024
17391821 2225929
30376550 1509144
30376631 792378
30376675 1804432
30376725 1142167
30376748 296588
30376779 1861789
30376789 209849
30376797 1063883
30376822 1829879
30376828 1148802
30377218 6544358
30378847 3446714
30380037 165460
2353363 195060
2791780 1513227
22172453 5443375
30389304 2625288
8915935 482401
30391038 6546562
30391361 12364782
30391372 1121170
30394694 3963523
30394694 265798
30395396 204806
30395396 2772316
10229180 4266232
30397900 3570215
30397900 13965748
30399085 2179788
30399120 585482
30399122 362064
30399277 2578021
30399516 152803
2188105 434846
16956755 2906228
30400166 1561376
8953574 1570625
30401012 1657756
30401565 8864784
16649027 1660217
30402595 2176601
30403233 2746563
30403847 4572762
30403971 154730
30405039 26931
30405039 610104
22908783 868182
8916431 9063912
30411878 1808369
9691655 1919775
30416971 3622852
30416971 1375567
23062252 1539600
23062252 6084829
30419548 2448944
30419548 4014507
30419656 2986971
8382080 8044813
30421876 432552
30426611 978358
30431639 5178208
30436074 2585496
30436074 108416
30436361 8999149
2871870 9403383
2871870 33791
30439747 494061
30439747 11383825
30441013 690725
30441231 420266
196892 548225
30441607 1186300
8401337 362486
30451024 5001487
30451450 1621440
80452 6114691
1874432 1276436
30452220 66321
30452562 811235
30452879 2736491
30452965 1413224
30452967 1882616
30453028 412965
30453164 901559
30453753 494498
8589081 9167595
30984717 447868
30989099 950581
30989104 1620453
30989108 3532127
1304533 2088127
31007422 3525920
31007488 1885255
31007492 3457203
31011898 252714
31012197 1542374
4913522 255580
31012751 10209664
31012840 929743
31012840 4326413
31012944 493815
31012991 3622829
31013059 476362
31013059 672813
23806939 3551319
23806939 7189960
9106272 2176893
31018917 13371980
31018955 110719
31019028 3624289
31023225 2515136
31023398 3532522
31023617 2744349
14357262 575041
31023699 318710
31023728 924190
29205094 1887785
31023837 3212391
31024929 307710
31244144 1154656
31292076 756721
31292334 463966
31292707 3743994
31292885 1211501
31293058 69206
31293058 7500212
31336894 5295988
31337162 4152774
31337376 9106625
31340441 714333
31342204 6511610
30176411 9747495
30176411 1744146
31342511 2135593
31342541 1363959
31342602 1967734
31342603 735859
31342612 948193
31342613 1261449
31342618 10781584
31343042 6994001
31343050 4589076
31343275 3788016
31343354 2429089
31349161 1968602
31354241 5202273
31354931 2052672
31354956 878729
31354964 3017653
31355243 230383
31356402 654020
31356784 1563006
31356867 1453110
31357476 1879782
31357836 1954339
31358832 1165980
31359197 856501
31359214 1718016
31402435 2053414
31567447 8902661
31567469 1416275
31567584 9101442
31567601 357116
31567603 1125918
31567759 1648541
31567808 454000
31567881 200084
31567908 2286782
31575255 3548618
31575821 663108
31639596 3525223
31642056 4057360
31643645 3239743
31773128 9034326
31773174 1730888
31773176 2316447
31800099 833186
31830849 1575175
27301290 706967
31830888 5082805
31830922 9552034
31830930 1356013
31830939 1558768
31871722 2443654
31871994 1610301
31872020 9538929
31904295 9832800
31920484 6118245
31923036 3042994
31923037 1830080
31928382 6105618
31928385 4271083
14674136 1605148
32076051 772069
32076052 3843826
32914888 1802199
33606939 7569423
34265968 8312110
66375 2098164
1358352 1130769
442974 278051
282829 10449211
906391 1396938
106754 1247317
35331158 655935
4638651 2879282
2299657 3262900
2720164 1616237
420508 8808411
420508 2333120
548318 3533214
548318 6220539
35726979 955939
7369034 11124465
7369034 7570514
425838 1281609
36024659 1888409
36028079 907420
36028079 1161161
36028357 3950208
36031667 2747061
36034226 1605518
36034228 2055395
8982168 679545
36037955 420927
2781136 3974515
36037963 1725505
475283 1902295
36039504 10018186
36053497 2373980
36054998 3928420
36055859 2359333
36059248 1538318
36063547 308873
36063601 9192886
36063601 2022422
36066206 1479626
36066219 1707616
36068497 1073107
8523368 1364439
8523368 1842856
15806344 1360142
36074302 1142879
36074320 460933
36074334 1139454
36074337 220312
65079 1641791
65079 740297
36074341 5724286
36074341 267022
36075296 9172019
2956585 2994733
36079356 585448
36081113 3432870
36081132 3991014
36081230 3616781
36082007 1078570
1334853 1241195
36084973 4681119
36085226 446316
36085246 2044676
36092392 2982949
15576286 2572006
667517 361768
36092645 839893
36092909 6834220
36093300 971065
36099048 1992746
36099058 3248230
36099058 2918507
36101010 3677452
28391976 3009001
36102457 1840597
36103852 2822358
36110703 740643
36110773 293354
36110842 1437038
36112039 2575785
10305388 140295
10305388 3234796
36113480 1747319
36116573 1065664
36116668 3220273
29471039 3203743
36118105 2572908
36118189 6966629
36118610 9577170
36121223 641225
36124231 1554841
36125301 8810018
36125483 1688912
36125951 2084769
36126532 3222034
2794100 2050097
36127346 8897599
28595195 1748908
36136084 54136
8813027 6864325
36140720 8257551
17077389 1071696
36152660 6098879
36152735 1307423
470637 7938480
10316953 3631418
15530286 363279
15530286 646604
428109 257531
36157291 2287117
2691369 3216161
36165548 4650125
36166295 6975828
36173660 767151
36176665 8243553
12224784 2758095
36179128 3763525
36180430 1449529
34531621 3433621
36180616 768150
29890673 163502
36187253 2641563
1393237 612892
1393237 1165172
36192922 1246242
36194690 1153425
36198680 960237
36198726 2392602
36203085 1683121
36203504 5280391
36212016 707931
36213124 2660452
36215006 3133447
36215262 1479642
17261563 820137
17261563 1406555
13154845 983954
36216690 2909558
30328110 908547
1619773 60152
36229703 507416
36229710 6124517
36229710 3743930
36230453 2502056
36231275 1737585
10293248 1512629
36231757 374520
36231777 820482
36234599 232719
10481233 6111333
4837168 4712619
36243495 2415988
36257331 451835
36258145 950627
36258422 571343
36259883 1636003
36267585 998338
36270056 458532
36270098 1826287
36275197 2802711
25508460 1466689
36318982 3236031
36321916 91866
36328779 1692129
36338988 2183249
625120 2292128
625120 1979174
36340366 1551567
36342028 413772
36342085 1752944
1075713 3394613
1075713 3219875
18453029 1883330
22342828 2266797
36342191 310235
36342292 3063157
36342329 2471151
36342336 6453537
36342383 4057448
36342717 912103
36343857 269863
4788988 3837281
36349851 3352424
36351324 2962480
36351324 8368732
36351812 2204792
1719301 6355666
1719301 1500062
36351947 1082019
36354372 1364974
36361335 1186858
36361878 1976781
36372588 9047105
36373688 3234192
36373880 7575681
24026280 299047
551928 1882501
551928 1035736
36384872 443960
36386450 2228064
36389350 3410389
36389635 2791892
36394776 932374
36395505 1828747
36398523 1753596
36406440 1952836
36407379 950268
36407588 4164454
36407878 1763822
36408069 435286
24075333 1646930
36418277 1243270
36422541 6085226
36422793 1449413
36422871 1210492
29012156 1180154
34739124 724992
36423582 1870404
36424852 602095
36424926 2898793
36429786 2529096
36429786 1206772
36429832 652602
36431126 3525268
36431126 6112912
22198084 3544898
1717209 840452
8377918 248800
36431828 9533968
36433235 3809239
36433235 2021128
36433699 477008
36435225 2182209
36438131 2008454
36439197 322774
36439588 1334792
34740968 463302
36450613 2015539
36451748 7563983
36453060 2072905
36453481 884521
36455405 546016
2335096 885482
1609074 3921602
36455979 961145
36458250 622714
36458250 2257671
34256731 1046970
36458572 959193
36461718 871559
36464607 442050
24009210 4572288
36301185 471222
36471920 6619879
15430601 1603224
36474175 6223214
36476667 17035926
36477077 632232
2585778 2308848
36477889 2884006
36478823 942502
36479181 632091
36480124 798952
36480126 798167
36480133 67641
36482204 6601292
36482255 7928711
36483085 4061432
36485070 2022658
36485511 241202
36487593 567806
36487639 6097314
36487639 1192433
36489613 1921001
36489959 1334555
10513273 3233888
36494823 67927
36494862 3626496
36495485 2377231
36498180 1573277
36498285 293135
36498285 2324374
36498745 8486788
36498756 1536356
2557136 821205
2557136 3515122
36498999 5823326
10412257 1970110
36499597 891822
36500385 1750647
36501713 1759110
566617 1259991
29899909 1898182
36503236 357913
10443039 38631
36503587 3203345
36503637 8170697
2723711 5108072
2723711 6294563
36505467 1324390
3036809 3622833
36505607 2536930
36505652 9146322
36505761 1432878
8464867 1884752
36506071 3545164
36506136 12406409
36506251 1421030
36506296 476200
36506296 1175340
36506333 2156149
36506378 373536
36506405 2922288
36506407 4176115
36506410 9092023
36506436 8352785
36506463 1863841
36506477 1336787
36506602 2117094
36506610 5262084
36506615 1749165
36506792 2088248
35648027 4388593
36506870 796832
5217445 482906
36511202 1957657
36511213 1249672
36511606 1715506
1701642 625164
36515765 1436276
36519827 2264297
36519970 3076419
4733282 847322
36522979 538194
36523107 109258
1483255 8674101
36523559 1171227
36523958 179063
36524176 3010429
15299432 777325
36524286 1747726
36524289 2503560
36524492 2493377
1964201 21322995
36524581 329439
36524581 3351352
3760517 431524
36527729 1349276
36527993 4451912
36528223 757234
686481 6223135
686481 4725904
2229140 3116368
36528806 189465
36529242 2923456
36529620 3536446
36530614 4329371
36531574 4833848
36532012 3456196
36532083 133096
36533264 1290904
36534334 927018
36534339 1750601
36441987 1366621
35094556 2596818
36536429 3020035
36536925 775480
2378438 2696867
392277 9475276
36541989 162822
29920444 1915096
2236207 1153191
2236207 1372265
2747079 805326
36548833 2531404
36549152 4519681
36551474 1135176
36553796 9768844
36554206 3553052
36554583 1394618
36555123 1441288
36558089 1547333
36563170 429297
36563576 8996784
36564492 3630030
2496076 734687
36565441 758082
36565441 3186693
2309674 730700
36566766 1453934
2854380 871734
36567892 1135350
4801471 1885450
36567976 177623
10312238 1488498
36568080 292913
36577339 1193713
35274207 3617826
36577677 17463
36577998 629868
36577998 528529
36578099 3651757
17516135 775234
36578742 3223560
23829544 1445240
36579317 1327114
36579794 8900718
12023835 4865232
36580198 83539
24490378 11027690
36935568 1351205
37100047 2972124
37111833 2714545
37112446 580056
37112885 2408153
37112885 13098231
37112933 452208
37113586 2157153
37113589 1509340
37113665 3150391
37113743 8331846
8433451 4519793
37114878 4635163
10096264 432126
10096264 2948147
37118327 371604
28757131 2154275
37119373 128847
37119426 3760046
480734 108104
37123862 1793042
37124041 1910602
37124169 538345
37124196 4759203
15545283 2547338
37125157 1823542
37125174 799913
37125325 998779
37125357 214108
37125769 2727115
21373201 3988672
37385465 1235481
37387313 2401922
37387444 423470
37429222 2429790
37429870 3938572
37430051 1852360
37430482 525261
37430487 2139463
37431015 271864
37431434 487552
37432322 387021
37434643 48387
37435132 4168062
37435242 710081
37435257 10963891
37435269 16762525
37435283 2077602
37435307 2087642
37435312 3922677
37435325 200661
37435354 8116393
28981238 7189972
37435751 4160898
37435925 1037047
37435928 7912863
37435971 4602490
37436014 4053286
37436020 331108
37436023 1757251
9518374 686386
37436107 2491
37436178 8726943
37436183 2965840
37436197 1034229
37436203 3810598
37436203 273646
1136979 844885
37445822 3047732
34755944 6096428
37449344 8993542
37449507 1086807
37449511 1190632
32418086 2333112
37453924 2551815
37534109 1220647
37572392 3671619
37572455 3217506
37652790 4231186
37652792 1444588
37652794 1019075
37654274 9328279
37654367 3647333
37654468 1095294
37654470 1673862
37654506 2303124
37654639 695234
37654641 4151854
37724072 4327147
37727412 4043748
37728171 6378409
37729247 13365774
37729379 419576
37842820 10355103
37854793 142109
37881560 1551208
37881571 1575959
37881794 1162064
37885319 57258
37910192 706243
37910214 361447
37910229 6307566
37910238 654054
37949602 268936
38000740 4056848
38000956 8489817
38104257 375853
38148875 268518
38148876 3286048
38148878 240298
38148879 1914701
40358690 3818034
562154 1690393
33792 6869067
2871549 599934
10030631 2011356
10030631 1568261
274761 299976
40954474 416746
8592217 1268548
309338 1775442
125429 3577855
454403 1574348
282825 2736842
1428471 136920
41432245 4044146
41432245 2077909
237233 1656415
2151115 9281073
2450354 12409283
947968 2187942
41736994 5450985
7983886 9926946
41971611 801454
41973553 270048
10376479 1536751
41983057 133421
41986754 715136
41987261 76460
41987879 84057
41988125 4015034
41998498 1181886
95493 2138900
42003290 871571
42003342 2136847
42003412 1736452
42007417 10066260
15975780 4722352
15975780 1324679
42007703 762466
42011732 734646
473656 9110326
42012073 3248419
42012073 1703935
491488 522466
42012991 557767
28580545 456531
2030156 782467
2030156 2845404
42014518 569520
1764419 1163598
42022354 894032
41077781 3835516
641923 772459
42022396 3848711
42022406 3297896
290794 1491374
42015522 4477997
42027685 1352683
42028046 551142
42028400 3210129
42028400 12710566
12041392 2134617
42030759 3311408
2696995 2640352
42032283 11026022
42033245 6119207
25052593 7083324
42039189 1786525
42040904 2670726
1794566 1971605
42044143 2858296
42045056 795364
42045605 1558274
433119 148113
42045858 9659605
42046470 651520
4211840 117605
42049539 2081791
42049549 701187
42049776 4251866
42050569 4012473
42051607 760226
42051793 870130
42057072 21113948
29221246 1203467
42061950 4898620
16885492 10631850
16885492 1996692
32594127 237078
24023922 5275257
42062896 7575958
42063303 223531
42064105 66341
42064105 7189025
29097592 2177036
42064708 882507
1240554 680343
42066591 3449338
42066591 1391850
42067063 4019414
42067144 1615980
42070003 974128
42070202 126363
18501469 1858129
42071430 8438124
42071965 586611
42071965 1024552
42072951 312820
42080315 3211577
42080689 2702989
42088364 487585
42090461 7184854
42094919 3858725
42094919 840467
2698239 2179811
42098665 2170892
42099097 2532187
42099557 2105284
42107078 1085751
42112083 725015
42112733 131404
42119117 793584
42121795 3292768
42124022 1817724
42124029 270289
42129356 3077051
42081267 2423260
42131410 1577083
42131412 2329599
42131563 2640204
42132973 2408742
42140788 689507
42143536 1140213
1504457 996422
42155287 909849
10559916 924010
29970379 2204199
42160761 1240151
42160761 3685701
42161991 801467
42161991 3230444
42162185 2912423
42162185 7806583
42166883 1897796
361059 4326632
855972 2678964
42167958 1661916
42168121 11161336
42168353 474738
645398 2135585
42169509 2366583
42170232 3568744
42171551 241347
42172770 3070192
42172883 1340621
42172903 5597105
656064 7620750
42179014 233362
42186804 600767
42187086 2141791
42187086 1599039
42187649 1612381
25621643 1713621
42210248 612221
36477554 891716
42235193 1908098
22198635 124537
42260153 173506
42260309 1985206
42263207 3250507
42263254 5672359
42267189 2932240
42270633 12114955
10146115 664561
23843705 1137163
42286116 6749686
42286153 11110416
23748897 1028696
2238117 434542
18450715 11567780
42286417 1938778
42286733 8367553
42287849 488429
42293646 1680666
2359853 9086045
2359853 582152
42296100 1545412
9883952 1597576
9883952 1803772
42303432 1752320
42314005 233817
42314402 525511
42287323 1804878
8427881 1748424
42316465 1061128
42316565 9453693
42317015 1806077
1665166 1348290
42320887 1488200
42320896 515280
42321157 1123666
42324695 6173045
42325554 15689574
42325561 8671135
42335236 8315228
42336174 468835
42337765 7938203
42343930 2965284
42359276 4055542
42359327 250788
2522663 235697
42364005 3078275
42364053 2884014
42364533 1198459
40839020 186968
42365676 4259752
2412352 245624
42366207 640669
8136278 560357
42366270 2168006
42367834 2386633
23960003 840751
42370465 3611839
42372003 107308
42372271 2594513
42373244 1728000
42374257 624216
15481634 1193704
42375623 1790402
42375623 3544694
42375922 7571300
8759742 679856
42380072 4033848
42381502 2295028
42388289 1236023
15577677 379321
1873116 1411689
42391486 2181583
42392002 59950
42011141 2691021
5118633 912858
42392491 2297786
42392509 798368
42392631 2212523
42395099 199231
42395938 151598
2372108 3970767
2372108 688729
12462449 306574
42395982 1516619
1348038 2804936
42396894 543132
42398058 5270639
29237830 4216568
42400125 3413841
42400270 3926018
42401062 3390758
1607006 2962543
4122252 3931632
42405610 484624
9886723 1475755
42407473 307162
42407473 151212
42408270 1778889
42409403 989778
42412767 404008
42416177 1357805
4234066 1528365
42417248 1571626
42417987 1558227
42418295 3717748
42418324 3462855
42420903 3204696
9972848 1822107
8432498 979286
42421487 240215
42423976 1280573
42424997 3216750
10394778 430815
42428826 2077371
42433052 3044702
42433094 3433381
42435503 2079658
42436864 296214
42436911 6602600
24995658 435046
10533205 8400281
42437656 2495459
42439231 2696100
1969142 3445224
42441695 3618839
38650063 2824766
42442902 1162878
42443108 3605686
42443386 355495
42443867 196274
42443924 1187423
42443976 3685878
42444155 2527197
5982028 3534804
42444687 1364081
42444725 532701
42444730 3525230
42444739 1877225
42444741 2760363
42444749 191760
42444753 3624292
42444753 2265856
2787333 3693644
18449882 937502
42444790 2660021
40967177 8893940
42444847 2791022
42444869 6088650
1543859 3716598
42444935 2244470
42444970 1612636
354134 639753
42445016 1454693
42445111 3452089
42445123 571704
613780 1084805
42445242 5009444
42445247 3837249
42445678 913190
42445779 333698
10444557 3259038
42449892 405259
42450261 1368193
42450436 274113
42451700 1044716
42328366 9570601
10284131 1445644
37525448 9940320
42458026 3193954
34569913 3620693
34569913 2805857
42460471 1703828
42462571 715705
42463139 740633
42463574 1327052
2694352 3704650
42464448 1051216
15924724 236806
9157077 1385447
42464949 1225264
31374603 2002591
22693896 2442003
42466140 1403452
42466219 3038058
40526373 1916922
42466845 7804727
42466845 188273
2558349 3571831
42467024 1594600
1659171 654802
820008 5221336
23831135 992108
42467396 1501939
42467712 304804
42467974 3231207
42468446 5048102
42468609 2828138
42468875 926677
1875505 1629781
10426461 3611670
42471661 5437992
42472490 145148
11566358 2266090
11566358 6184776
42474282 11090753
42477308 854536
42478094 3435151
42484723 1722780
42484926 1049866
42488162 751782
2720684 268679
42490940 211360
42491242 1939051
42491244 10748970
24009076 1193694
42492266 373340
30198859 10801567
42493225 931177
42493714 2193744
42497005 2311426
42501395 17669501
42501814 3532299
2459829 4043681
42502768 1894900
42502777 2758900
42503181 6869290
42503559 5730590
42505269 8844553
42505555 5380569
638494 832347
42505728 3989994
42506049 677114
2355518 4127541
42507138 1479975
42507154 153769
42509217 9407793
36497385 2969864
42515447 1112020
16524434 1644967
42516291 1004453
42517051 823252
42517215 80189
42518741 748842
42520054 18867387
42757840 1386641
43031429 1565803
43031432 3858411
43031531 598864
43032030 2178677
43032077 4354278
23183179 1247473
9324985 1432018
43038875 6997227
43038878 690706
43041239 4692767
43043282 1879667
43044438 2501173
43044514 212488
23941604 2191960
43044705 1860382
43044705 1755233
43044719 279238
43044955 7805844
43234080 1624237
3005797 1490265
43304214 2497620
43306106 1820239
43306481 69823
43343876 374804
43346779 1633851
389223 1493878
43346990 3947823
43353144 1643343
43353228 1070821
43353364 2480051
43353387 263592
43353435 1214180
43353442 1153420
43353607 2331285
43353714 10903847
43353759 2758703
43353761 3462397
43353763 909997
43353783 9264085
43353797 66216
43353806 1889205
43353807 344554
43353825 1099977
43353827 1444361
43353854 3648090
43353870 341769
43354168 12200483
43354212 3746869
43354401 7570059
43354443 2164705
43354538 2022908
43354538 3889949
43354568 2920714
43354571 1200316
43357234 1945616
43357234 116905
22265522 91373
43360176 1187410
43360229 3204048
43365280 1538820
43365454 2007771
43366204 1202274
43366224 413389
43367655 359736
43367918 1214208
43368193 9129527
43368197 736526
43369054 8901578
43369651 822857
34728462 490821
43371457 1074855
43372126 1557317
43372126 686871
43372829 1592779
43375414 59420
43488166 2046414
43490992 1266762
43566475 329925
43566514 1530497
30301044 986409
43566620 954102
43566779 324011
43566807 2054633
43566870 3857317
43574522 1798734
43574522 233380
43639262 7575330
22304537 402200
43640256 4988830
43640442 3690525
43640587 327828
43681941 2979204
43762654 6042206
43764697 1545881
43764741 422732
43764767 9544259
43772278 995889
43777283 1541712
43780698 6107304
43790322 758207
43790331 3573421
43790717 2024836
43814174 3745890
43819410 6826517
43819432 600526
43819437 2529802
43830721 2450407
43858773 584275
43858930 11125491
4872857 1872884
40253849 625139
44056411 693012
46105732 4837677
46193013 422000
12926 2890065
252273 1695872
19221873 3406859
19221873 9782111
19221873 532214
46722815 326352
46722815 1234647
28636326 1712619
346549 1019042
66376 992716
392855 1239341
97453 2736902
175543 594786
14745 905035
388627 2572528
983519 2928880
423519 9537306
467044 9550329
561951 3035643
823373 476793
194521 1444979
194521 309636
2523577 1499360
545717 6639759
469612 2760656
7144099 1894325
236576 91411
47540812 3606598
47550451 7500111
47655544 1461668
47754421 3746207
47756357 3548191
47758215 1897377
47761392 3548231
47762391 1543383
47764918 3911879
47766915 192690
47767517 333722
47768499 137759
47768499 1220085
47773968 1818432
47778330 8546048
47779446 2261511
47784150 5007317
47785492 3624500
47786280 178446
47787082 16609293
47789517 8649493
47791201 1010851
47791731 4758880
47791844 2980496
47793075 1778270
47793095 2761914
47793142 1983076
47793564 2636894
47793583 3562496
47793767 3694453
15426363 6990721
1968409 1093354
24061541 185809
1307825 1577271
22318847 54126
47798683 3848299
47798683 1659185
47801038 6572259
4469463 626066
47801535 6351442
47801650 275963
47801669 1922017
47801715 691515
42059586 6103750
47803036 6580520
3282253 1552355
47807557 2185105
47807736 1350157
47807997 54048
47808002 1633613
473578 870446
47810519 1826500
47810519 2447595
47811857 1390803
10291749 4351324
47812771 5143515
47813429 2098372
47813460 514994
47814426 5222090
47815214 227509
47815214 1195260
47819058 2027681
47819182 3652058
47821708 367922
2753232 5978840
47822753 1895657
47823844 3706115
47823844 2083115
47824682 2018794
47824685 956656
47825885 1888169
47826752 1168093
47826752 5002701
47827368 3568740
18500654 2587886
17545337 429300
1565065 1678060
47834705 1202322
47834794 4513086
47834794 9892812
47834840 1360210
2890117 3923768
2890117 2232147
47835737 896774
6745481 6119620
8583504 803154
8583504 8792605
47838344 918604
47839592 560354
47839592 1136319
3005793 3711006
47841191 1279800
47842730 2259770
47844434 656443
47849789 2017799
47849792 1600062
47849944 1736312
47849944 9856140
16954379 1396615
47850160 2955561
630885 4592800
10530920 4176661
47852180 1344750
47852312 2205501
47856177 3269348
14369053 1370414
47858490 1743055
47864635 462690
47864638 10753602
47866777 1061237
47867492 3186520
47868281 239443
47871018 232543
47871293 2866593
47875100 1261161
10193190 756125
9131664 3077033
9131664 8293756
39989657 1704154
47879021 64146
47879104 4091065
8610213 6222192
47879281 5885745
23635955 1575549
17439223 2351288
47887106 951095
47887965 1631296
47888057 4574368
47888345 2462104
47898122 123961
25621642 8518164
47900729 8816981
47900977 736861
47900977 6119596
47902078 1019612
47902548 8763680
47903032 1101135
40179535 2879116
47904792 3288382
47912455 276908
16916213 2118766
47916188 575648
47916193 1477620
47917793 4002240
391172 1055288
47927319 1060772
47927632 1879360
8885539 44759
47928946 278395
47932844 662141
1935658 2264268
10391006 678426
34708811 8657349
47934646 1318831
47934646 1122770
47935424 3014089
47935429 4393599
47940972 2745122
2118350 117846
47942418 3468702
2348877 1668181
47945278 745013
47945280 899107
38104849 3617295
38104849 2514200
47947672 3435417
17488350 8247804
47947889 82125
47947889 8936589
47948196 3550955
47948251 425201
47948790 1072200
47950125 4155380
47958413 2326196
47958568 4036725
47959092 7928872
47960701 3631379
47960837 1786190
47961316 1614021
47961813 2516279
47980251 1461952
40813540 2079892
47986843 2023876
47987234 3746651
48016629 1680684
48028683 1135510
28612730 777552
1978477 1184587
48036514 866211
48038437 919048
48043049 686649
48056496 2054689
26321835 2015361
48058526 7938401
48058526 2799779
48058578 1594104
48058621 879786
1247552 1328000
11548412 2427548
5835654 8240915
48058898 1849999
48058950 660722
48059156 1508703
3016114 2424646
35132078 369287
48060173 1061074
48060225 3464265
48067720 2897795
48067904 1135951
48072051 1477923
48085853 3783352
2800476 2531214
48087981 3625289
48088055 1194633
29088224 2029551
48090827 4063752
48093725 1785437
48093725 166004
48094043 1117382
48095119 775359
48095841 1801019
48101014 356509
48101014 1175125
36464409 225556
48106142 13009111
48108434 1349764
1874951 1962632
2933777 2627547
48114260 2752728
48114283 7825976
48117838 1748777
48117839 249556
17262923 2980535
18107218 1437954
31782568 300898
48120112 3622855
48120883 1648168
48120929 1884290
48128729 774905
688794 762358
48129430 652383
12125138 6189844
48129504 2330982
48129512 999565
48134069 1614978
48134096 713974
48134256 1780005
48134529 866383
48134560 2401170
48134573 1077735
48134641 558804
48135814 3422461
48135829 1493561
48135829 5857009
48135845 3575488
2836177 243590
48140114 3917527
48141695 174714
48145338 1198668
48149740 465237
48149868 827099
48150079 1991861
48151256 329008
48151256 2431329
2794454 1484636
48155082 192165
48159859 1739652
48161587 3946984
48161587 1652536
48161776 1780720
48161783 971335
407836 3758355
30551393 3238801
48164344 2600301
895905 977501
1240011 1719166
2812933 1047574
48167469 730305
48169364 5068968
48169364 2031856
48169447 5114894
48169447 1403217
1611438 1960574
48170861 729899
48170884 5203811
25660635 863357
4599593 3458286
48176713 6100349
48177196 3677482
48177196 3346928
15618427 2704943
48177586 1209248
48182267 71184
3010023 1365925
48187222 2377612
48187229 767048
10050385 557801
48189499 902662
48189993 2733588
15796480 8748142
48190110 2323509
2869646 2168785
2869646 1093143
48201162 164850
443862 970588
48205131 8708536
48209299 2263821
48209299 5993071
48211659 1834948
48211693 182176
10051303 1902001
48211820 310319
30160053 2928690
48212007 16000270
48212033 485443
10536200 706604
48212466 1641019
471588 5020713
48212524 3184089
48212528 155219
48212578 1098258
48212593 794174
48212597 158872
48212616 937947
48212626 3534840
48212643 3606802
48212659 2917128
48212676 321032
48212688 890442
48212691 150990
48212693 3251024
48212713 886939
48212719 570889
48212731 6065333
48212742 1566907
48212775 3394316
48212777 255411
48212841 3820257
48212890 3239421
48212927 13753048
46577342 2266086
48213005 1404637
48213044 173075
48213047 2964133
48213047 668276
48213054 8769617
48213059 659744
48213181 3678349
48217798 1273743
48217967 1736417
13967638 6041751
13967638 586572
48220883 1350809
28560433 367629
48221611 1789819
48227739 789763
48228058 250004
48228058 581918
48228460 925806
48228460 566083
469897 1650189
20907930 753502
48228953 215988
48229352 3703858
48229507 3246796
30258883 1388067
48230305 2078978
48230305 842732
48230439 1483863
48230573 1724542
48231205 1773894
35147748 10456
48231408 2182904
48231429 2661479
48232667 7928706
48232921 1842367
48232985 3573229
48233049 1460918
23206823 7805615
48234836 600005
48235189 408061
48235525 1413872
48235780 1058850
48235881 1236282
48236239 4304270
23878545 11607623
5971142 3465932
48237372 78374
48238766 146704
48238919 6599787
48239523 3263563
48239667 2916880
48239687 1504466
48240176 429890
48240215 1853453
48242704 1070545
48244723 263804
48250103 2294625
45321868 1894380
48251753 225159
48253078 589821
10367258 815593
48254219 4038742
48256299 1133958
48257041 1738208
48257041 1641139
47568863 533351
48259345 10675210
37426377 1551638
48266943 2239766
48267102 1887961
48268613 1335044
37237681 3605639
48268652 803585
28569822 1134954
48270459 3007787
48271425 3972718
24045935 830999
48271891 2910553
48271891 2851635
48271905 1409063
48271911 1431969
48273455 1855980
48273455 2876410
805115 61891
2923879 1250455
48281156 3993528
48281488 27373
48282311 300775
48282324 521736
48282518 8693040
48282518 9745296
48282942 1448645
647359 1254080
48283150 1677261
34782589 65681
48285444 1281431
48286133 3578092
48286136 14616159
8521939 14379912
2577372 1482458
2577372 628941
48726021 8338226
48726021 1383898
8779643 258888
8779643 1440288
16759454 3064348
48768370 3180794
46732264 3575982
7529 1257414
48777345 1049929
2484601 939234
48778203 1539918
48778459 2863147
48778466 1751770
4116882 11092686
48779023 7496130
12124813 386379
12124813 6084045
48779144 1974367
48779152 2034886
48779152 3613999
48779179 1544875
48779187 3566201
14300397 15770465
48779312 3568940
48780496 753515
48781546 2048056
48781546 4268504
48784016 849992
272619 836536
48785144 957115
2718815 266406
48789545 1010504
48789574 9452358
48789574 377330
48789585 647789
48789789 1254378
48790408 1713846
9651476 3704560
49048159 1163293
49048159 7804008
49049699 263888
49050128 849818
49050224 3864037
49050224 3568161
49050241 1195906
49050553 1812424
49085726 10271201
49089201 2328451
49089622 4176012
49089835 308561
49089950 386488
49091007 2786619
49091332 1747974
49092184 11090750
49095622 620777
49095626 8417743
49095629 2923613
49095652 11194252
49095652 3835938
49095669 1478817
49095724 740955
49095812 2058543
49095886 748441
49096095 5583697
34368079 117491
49096197 236050
49096204 1313065
49096215 2416545
49096215 227760
49096219 311776
49096479 2930571
49096540 1908621
49096542 6291608
49096671 321976
49096715 207632
49096789 850354
49096955 2446790
49097014 1861531
22133182 69090
49099483 4156186
49103673 3587754
49105313 2325787
49108990 2994119
49109736 3532577
49109750 1594537
49109759 586520
49110599 2260861
49110871 3518686
49113034 767557
49113678 1151767
49113759 269269
49113885 379264
49113885 3408224
49127409 1543306
49142072 1476585
49142079 9680549
49189044 2586730
49225808 1366110
49303443 954832
49303445 3447579
49303445 8607507
49303474 3694655
49303622 9138912
12144323 1860791
49303651 435654
49374471 1179662
49374723 2987760
49376050 1875328
49406055 1809777
49415113 3525165
49484739 805982
49485040 2994613
49496348 1615226
49496393 1867130
49508575 2392986
49520530 7515569
49547894 1070285
49547896 389388
49547902 329246
49586646 1847400
49586651 1131082
49586681 1000742
49586835 9604589
49586864 2805547
20918067 5972519
20918067 4176142
49636352 767164
49636356 4525202
49637299 4873325
49641216 2264720
49641234 1223703
49641250 505858
49775672 6065582
49814480 308336
49849950 3820014
955970 3414439
