69722 69740
104073 104075
139831 139832
177628 177636
211550 211552
214718 214719
216881 44549
217470 217471
29793 229282
241543 241545
245883 245884
255290 255291
256417 25566
256602 256603
29799 275305
50366 278318
292973 292976
325220 4231
325243 13570
349842 349844
379447 379448
384526 384527
411522 411523
417004 417005
419822 419823
424903 244171
431039 431040
433328 433329
509673 6530
509843 509845
509940 509945
510039 510041
512486 512487
516238 516239
516253 516254
524554 69629
524564 524570
524658 409454
524707 524709
524724 162143
524935 524936
524984 524986
524996 524997
525003 40023
525178 525179
525187 525188
525858 22361
526038 526039
594102 1445
596939 596940
606051 300800
630679 630680
646226 378157
661227 661228
666385 666390
681078 681079
709752 709754
728261 101086
734612 455291
740327 740328
758239 758240
772123 303933
214727 780000
214727 520049
785331 125113
816376 816377
823503 823504
827503 827504
827594 414012
830409 356530
831541 33162
837570 837572
839190 839191
842346 842348
847096 847097
862120 176243
862884 633618
879962 879964
885155 15850
888257 59759
889207 22531
894717 894719
895152 895154
903612 903613
908754 908755
921377 8901
921442 921446
927023 453136
934200 694478
939286 36569
942813 26013
943290 943292
945947 799446
948126 948127
988531 988532
993908 993910
995533 995534
997085 139832
998300 998301
1004661 1004662
1006393 401025
1007495 43777
1011478 6185
1012063 1012067
1019980 567638
1020021 999524
1020117 298322
1048645 1048646
1049997 70665
1050604 309603
1053581 1053582
325252 41109
1060598 1060601
1063071 1063073
1064183 393439
827508 691
1081716 15674
1082992 291096
1087388 1087389
1089433 1089434
1100948 1100949
1104776 1059779
1105763 178525
1106935 26875
1110008 995534
1118311 1118312
1141781 44488
1145922 1145923
1153570 1153571
1153596 1153601
1171733 1171734
1172569 1172574
1174170 1174174
1176850 1176851
1176950 1176954
1202742 1202743
1253259 1253260
1257944 326475
1274422 1274423
1283418 5002
1288914 1288915
1301247 1301248
1301247 1301249
1356162 765384
1357241 1357243
1373315 1373316
1374070 1374071
1378978 1378979
1384523 430364
1386417 1386418
1388320 1388321
1443404 1443405
1453048 246018
1455501 1455502
1482373 841334
1506087 1506088
1516429 395476
1531765 125521
1532805 1532807
1543284 4855
1560558 1560559
1565517 1565518
1570395 125521
1577930 1577931
1590883 125963
1598716 518034
1613180 721069
1629383 1629384
1641337 1641338
1642687 135270
1646211 58946
1669900 87289
1674744 1674745
1697040 1697041
1725167 1725168
1725872 1725873
1726598 26832
1735312 1735313
1586843 1738657
1738666 632337
1742880 378157
1763931 1763932
1770922 1770923
1810673 1810674
1822530 384619
1827023 1373316
1907006 113782
1156519 515390
1926054 1926055
1946123 1946124
1959448 1959449
1984637 20710
1991789 14493
1999714 1999717
2059009 185530
2094893 2094894
2140135 2140136
2140783 2140784
2141354 2141355
2142263 2142265
2142467 299285
2143455 393439
2143877 2143878
2144035 157008
2150424 2150425
2161037 2161039
2162503 1301516
2184508 2184509
2185809 2185810
2187416 2187417
2198256 2198258
2204342 1176851
2301621 2301622
2301646 2002525
2304353 242891
2304372 2304373
2315899 2315900
2318694 2318695
2342680 2342681
2346178 244171
2348474 2348477
2376230 2376231
2394085 2143878
2397680 176243
2397696 687
2398741 2398742
2430016 2430017
2431492 567638
2467869 776632
2474912 56708
2478184 2478185
2478315 730441
2506402 386086
2513920 2513921
2515724 244538
2516648 2516649
2533683 156792
2561925 128955
2569497 852447
2627042 750685
2630489 2630490
2647884 1810674
2648930 2648931
2677555 125249
2683802 2683804
2725417 476486
2743307 2743308
2751154 2751155
2782247 349844
2783953 2342681
2807199 816377
2840713 1176954
2850208 2850209
2855841 2855842
2855888 2855890
2856590 156792
2882708 2882709
2887631 2887632
2895077 2895079
2916371 2916372
2921279 2921280
2921549 2921550
2933675 349458
2946777 628174
2947382 2947383
2951947 309603
2951949 433216
3011967 414012
3014493 417005
3019864 671904
3025103 650212
3071468 1171734
3188697 516239
3311662 705482
3438296 3394
3522539 125113
3537584 3537586
3581309 1565518
3687133 1145923
3708000 3708001
3708004 3708006
3708010 3708011
3708017 4799
3708019 622216
3708022 15132
3708023 125963
3708028 10282
3708032 3708033
3752481 3752483
3781539 852447
3792866 3792868
3792866 1100949
3792866 11611
3890089 3890092
2478982 4029059
4080080 4080081
4086136 4086138
4112291 69037
4220805 4220808
4453439 4453440
4460977 3438734
4469985 865159
4558948 995534
4559019 356530
4559194 4559196
4579897 4579899
4718976 242891
4753952 13564
4875642 4875644
5082525 205002
5088785 1386418
5191614 921340
5216599 20710
5672172 401025
5761783 73
5821211 41041
6211479 6211481
6342979 6342981
6377536 6377538
6377536 244171
7037047 2342681
7105927 6297
7307415 7307416
7498004 538030
7939274 612182
27208 300285
8157496 730562
512817 26609
8185732 8185733
8215729 8215730
8268804 44549
325250 13570
8278424 42864
4181173 44161
8310627 8310628
8132992 8318491
8322827 632337
2993459 757204
1760344 666390
8356562 8356563
8368772 8368773
8371190 326940
29800 8372076
8382240 176243
8389192 3698570
8390566 8113262
8398551 8398553
8421938 8116715
8427819 6337525
1223479 38124
8463029 8463031
8322838 2769010
8486923 8486927
8489626 8489627
8489630 8489631
8489753 8489754
8489848 7105
8489916 8489917
8489932 249982
8490216 8490221
8492209 387349
8494151 1971020
8497984 8497985
8499949 1971029
8500004 8500005
8500011 103540
8500028 618039
8500034 58946
8500051 7307416
8500061 8500062
8500063 8500064
8500103 271186
8500115 8500116
8500247 8500248
8500364 17776
8500397 15937
8500426 41221
8131901 8500461
8500478 1619392
8500483 8500484
8500498 1743
8500546 8500547
8500556 41193
6966677 8501136
8501141 356530
8509546 8509547
8534855 24922
8555231 852447
8555231 8555232
8568315 8568316
8568478 8178544
8610848 2315900
8614458 8614460
8624596 8624597
8630229 31754
122000 2185810
8640960 8117674
8642627 687
8642903 8642904
8649193 241851
8649198 10500
5846138 5055
7798536 640343
8673191 8673192
729838 92640
8680105 2573035
8687835 4080081
8689197 14662
8689197 687
8690548 31857
8666199 2415360
8693132 8693133
8695305 8695306
7191645 8734374
8743737 8743739
1811072 8745909
8749756 8749758
8749760 296158
8751501 8154277
8751523 56708
8754175 3394
1206101 44071
8758411 3438878
8761831 280107
8763716 1532807
8774019 382663
7800145 1660661
1919300 44136
8784056 8568316
8784690 8784691
8785438 8785439
8785684 13303
8785718 101086
8791150 8791151
8793568 804268
1831592 1959449
8821462 8753484
8829627 185729
8829976 8829977
8841828 8841829
7789676 6586
2277289 625024
8876709 8876712
8878618 894719
8878895 8878896
8879489 8879490
8885047 8885048
8902379 38845
8905392 8905393
8912564 8912566
8913142 3495603
8913152 375874
8913771 102260
2448475 606715
8914602 244171
8914751 8914752
8921049 5087629
8921448 4029059
8921464 639462
2276422 113782
8922352 8922353
8928344 8928345
8932407 309603
8932657 8932660
8933061 1926055
8937368 128955
8965494 8965495
1253011 3152684
8980653 60874
8981430 102649
8981999 8982000
8982101 8982103
8986484 8986485
1048650 1048646
9009306 827504
9010328 9010329
9014673 2430017
9017019 3742439
9017779 1443405
9034025 1743
9035911 9035912
9035917 27721
9044160 3439127
9050137 9050138
2954817 9056590
9068065 9068067
9069349 9069350
9078887 320056
9081374 9081375
2511946 1012067
9128636 22361
9128636 2850209
9137222 9137223
9158599 44161
9165123 518840
9180679 893731
9182898 739636
9184632 1273771
9184714 9184717
9185244 8878896
9193997 9193998
9195767 1810674
9199177 47930
9206181 85228
9219885 378157
9220967 541350
9228084 9228085
9233801 9233802
9254490 2478185
9270859 9270861
9275874 205002
9288060 9288061
9289145 9289146
772130 9291401
9317166 5108598
9349796 9330898
9379219 9379221
9383546 9383547
9389061 9389062
9393670 14662
9419956 8763002
9447739 326081
9453220 9453221
9460166 9460169
9460186 176243
9471613 9471615
9478186 9228085
9511550 245475
9513421 9513422
9546933 3708033
9570921 26622
9598509 9598511
9626321 9626322
9670932 9670933
9670935 270953
9670965 8609253
9677958 245475
9678926 58946
9691303 9691304
9698386 9698387
9701421 661228
9731947 5088735
9813227 453136
8610976 385136
9813234 8165866
9813776 3290579
9816495 9816496
9817366 433329
9848171 36569
9850599 8879490
9852068 368517
9852571 383397
9950188 9598511
9950190 255291
9950230 249982
9950574 4086138
2140131 524570
9952241 9952242
9952293 1763932
9962246 61671
9981437 109461
9983224 5108598
9984941 395476
9993686 9993687
9996062 1274
10014389 10014390
10018048 131809
10021366 43577
10028312 653802
10029968 42599
10029970 476486
10048425 10048427
10049189 156792
10058367 524709
10061318 10061319
10062222 1274423
8494154 217471
10101361 41221
10103296 10103298
10103919 15816
10111059 6297
10113361 327994
10114775 1087389
10121123 10121124
10125075 113782
10126845 10126846
10136267 5113673
10172683 2516649
10186781 494518
10273315 10273316
10308465 687
10321956 42864
10322760 10322761
10329323 38845
10393554 69037
10419793 10272765
10424429 4855
10439970 24922
10458153 687
10461446 10461447
10462260 8630959
10468596 377993
10469057 2921280
1156520 378756
10491092 36569
10514279 24831
10531856 276462
10535934 211552
10539663 7504687
10566092 696677
10572358 13566
10572659 280107
10587943 10587945
10588822 8876712
10599147 10599148
10612457 8986485
10619864 10619866
10673204 10673205
10731256 10731257
10791391 10791392
10826226 2434353
10949412 219763
2677556 125249
11229358 8486927
11271645 52999
11518352 997231
11529046 799446
11556358 2921550
11573457 11573458
8499956 11579542
11595675 11595677
11608568 11608570
11641557 11641558
11642139 41512
11648862 234072
11655299 379448
11659680 11659681
11967599 191334
11969418 453136
12003081 8865223
12130073 1743
12218364 12218366
12256319 46426
12261742 12261743
12264455 753305
12341929 1301248
12465395 301103
12469699 131280
12917780 8791151
10103038 13104271
13107010 352724
13112514 510041
13130008 13130010
13162788 2184509
13693924 320056
598137 189272
15256178 5118000
15278708 410135
240055 102347
15395530 60746
15400883 15400884
15401214 681079
8133000 241545
4205508 8562919
8132991 43833
15431926 22582
15431926 15431927
1156515 15452816
15456379 2887632
15466113 20717
15472004 19308
15488166 524936
6310726 409695
15492138 15674
15498039 1971020
9928920 379727
431044 15132
10820956 1651475
15521683 9952242
8298689 326080
15578773 8914752
15583367 1202743
15583742 8753663
10538119 15591517
15592575 47930
15592584 1946124
15592602 10103298
15592623 15592626
15592636 15592637
15592641 101086
15592698 15592699
1983595 15592821
15592829 15592830
9460168 6185
15592988 764390
15593073 15239623
15593111 1458970
15593145 5782
9952305 10534253
15593154 988532
15593168 776632
15593790 15593792
15593790 15593793
15593896 15593897
15608263 852447
15628780 15628781
15642477 32585
15648085 32474
240051 161341
15665038 622216
15684138 15684141
15690811 1619497
15693603 4458598
15702679 246018
9035822 758240
15717289 68583
15723236 659446
15745678 15745679
15755495 42599
15757482 15757484
6806620 15591517
122005 12218366
15773538 2150425
15792936 44488
14936406 43577
15804108 15804110
15805479 5113673
2946900 285434
15817573 21840
13965661 518976
15824898 9609889
10631555 15825153
15834197 3220736
15835632 15835633
15840054 1770923
15652218 15840816
15846446 2287643
15847563 8910475
3106683 309724
9817367 433329
903616 903613
15865521 15865522
10014317 3394
15867833 244538
15873326 33442
15873326 377993
15888319 667652
15895021 156792
15899500 2002525
15910638 15910639
15929306 11015495
15931106 15931107
14047849 271186
15937108 8928345
10649997 47668
8143317 386086
15941866 242891
1395411 15945020
15945182 15945183
15946603 11659681
15948866 401025
15949635 2916372
15958113 8876712
15960802 15960803
15964882 215013
15967445 515390
15973017 10587945
15973976 15973977
15974277 15974278
15975633 15615376
15977529 2141355
15984120 3136303
15991448 19966
10417400 413233
8666200 417005
16012551 669083
16012551 16012552
16036095 16036098
16036099 10121124
16038752 16038753
16040529 43003
16042979 515390
16049557 8568316
16049564 85228
16050697 9269141
16059478 659385
16059665 1458974
16061322 16061325
16081559 185530
16081966 16081967
1983596 16082060
16087408 73
16087444 16087446
16105005 160927
16107707 12471225
16111357 10599148
7791512 16128242
2189051 16137055
16142263 16142265
16149340 5115377
16157510 750685
16159620 520089
16159620 26832
16159860 16159861
15801601 15318
16201652 16201653
16206014 15826772
16217130 16217131
16219020 705482
16226518 14662
16226695 8984461
16226695 16226698
16243689 42924
6982445 8116715
16271269 524709
16272542 518734
16294009 8905393
16301261 1491720
16302168 684895
16302173 10619866
16304479 2855842
16333755 33442
3073452 476345
16337585 1145923
16360301 2145029
16389762 38845
16399331 15825153
16407752 16407753
8321898 16434267
16455107 653802
16461279 2140136
16469677 16469678
16475063 16475065
16492462 16492463
16494857 1971147
16495482 16495483
16519582 10556945
16569250 22326
16577775 1118312
16640309 2185810
16647324 298322
16651552 15804110
16667303 15974278
16689285 2895079
16727136 619435
16737868 759435
16739087 978388
16775021 16775023
16808803 16808804
16809935 16809936
16811633 12471225
16854598 9691304
16886719 244538
16889351 15835633
16930803 185729
16931385 60746
16935187 177636
16937197 25587
16937200 16937201
16937203 10534253
5679828 334729
16945177 16087446
8549430 10556327
16967030 851853
16980993 16980994
16986595 16986596
16994014 3394
16996974 298913
16997056 1445
17012402 17012403
17025612 70665
17039777 758240
17048194 42599
17057344 5088735
17058909 17058910
17065442 1971029
17069111 999524
17069111 156792
17075353 16010977
17087307 378157
17096839 16980994
17099688 13655576
17144619 2145029
17144640 8291410
17146030 12471225
17152483 17152484
17158259 234072
17273833 17273834
10143141 43003
17286493 10282
17289807 17289808
17290355 765384
17329316 948127
17374484 8743739
17375744 837572
17388698 1176954
17408813 465222
17414645 8630959
17420642 17420643
17422867 590882
17439093 378787
17440507 15834989
17452022 22361
17467077 8500484
17472456 998301
17487648 518734
17489161 15431927
17515077 520089
17516556 1174174
17553455 17553456
17561816 157008
17623930 893731
17661036 1999717
17729756 300800
17861175 401025
17862149 17862150
18081790 385136
18090545 1374071
18090546 1053582
18090549 1455502
18375203 15593792
18421263 4086138
18537329 8165866
18615192 11645064
18668274 15615376
18862188 69629
7044146 18969952
19024832 1202743
19135581 4325025
19141918 270953
19378375 19378377
19702445 544567
20324036 276462
20331426 20331427
20355330 765384
20380684 13655576
20455653 32585
20456281 841334
20456300 2887632
19015719 240802
21973865 8984461
12469700 131280
69742 160865
27209 42599
22093778 22093780
15603487 1999717
22099418 326082
785335 15559
15578774 213371
22122693 20716
22123890 22123892
29792 56233
240056 22326
1081721 126886
29794 138463
22134932 18516064
22138491 2198258
22138951 2198258
22144318 8984461
6970474 261584
1156516 538030
1050002 94061
22171270 22171272
11495589 3453567
9971925 41041
22198149 22198150
22205641 22205642
3199120 107621
22213670 301103
12444689 8920598
22243317 16128242
22255423 8497985
6523605 778673
22261015 22261016
22264820 22503
22265187 22265188
13553908 97372
22267536 44196
22271053 422470
22273621 17093653
22273642 22273643
22273687 26013
16217132 16217131
22274100 618406
22274132 11566215
1831593 44433
22274180 1565518
22274424 10560
9056591 9056590
4149273 9626322
22319917 10541598
22322588 8932660
15252657 8624597
22176995 10282
22327842 22327843
22334654 22334655
22334654 22334656
22335455 8489631
22347259 758240
22349016 22349018
22355781 10545817
20940213 8349854
17442617 280404
22393116 7759
22395564 383397
122010 5114878
22402722 22402723
3097487 325593
22411115 22411117
22411712 241545
1064900 22411987
22414431 3792868
22415115 22415116
22416922 22416923
22428051 33442
22430492 8901
20940188 4485703
22433761 10534253
22434293 3438728
1991790 10014390
915972 9915826
915972 1060601
22442984 22503
22452899 1445
22461599 32585
9432767 10509130
22466739 22466741
22471193 3890092
22472909 26622
22475912 22475913
22480133 8281972
9244916 6297
22489453 2743308
22490853 868478
22491142 22491143
22496898 3698570
22499472 43610
20940190 55570
22511207 22511208
402177 419554
3079709 85841
22519033 494518
20940179 15592637
13997479 628174
22531406 8154277
22546638 22546639
22551994 9380050
8689981 5129561
22592904 1506088
22599472 22599473
22599667 22599668
15945022 22327843
29795 11481093
22602129 3708001
22602800 606715
18405411 10061319
22624065 43910
22628472 22628473
22633613 9513422
21640155 7307416
9111761 24878
22649736 9513422
22650094 750685
22650682 1373316
16322170 730441
22666211 997231
22674522 2301622
22693684 410135
22696222 9691304
14928860 1253260
22706278 280107
22718594 22718595
22721650 15745679
8771749 10509130
22732528 22732529
22733881 109461
22741035 320056
22741340 22741341
22778046 632337
2337499 12467456
22783262 36569
22784683 433986
22790949 6586
22802373 62182
22802424 16937201
22802424 1174174
1253012 158073
1253012 22826519
8510942 69037
8912569 15960803
22860384 2348477
22860404 13565
7793257 22878030
22880120 9233802
4718966 19309511
22883550 4559196
620664 22884818
22891546 17012403
22427389 9471615
22427389 15591517
22905367 2850209
22933736 38747
1545851 31754
10224430 476486
22938070 6337525
22940331 16142265
22964072 2348477
2970946 5468
22981534 24851
22982829 22982830
22990851 928964
23001082 9324940
20940193 8500547
23005808 524986
23009652 4324835
23011382 2184509
23014287 747971
23017487 4799
23024257 9081375
23030964 43777
23031390 852447
23033972 696677
23043914 15684141
23043914 62182
23046789 16775023
23085935 23085936
23099519 671904
23114948 280537
23125893 2683804
22128550 2683804
23132233 8630959
23141732 295906
23147144 9050138
23170894 304127
23204847 1301249
23226992 5108598
23241002 2143878
23256191 1004662
16938236 1153571
23309053 422470
23310509 328763
23323640 25566
23327024 671904
23361060 47930
23367712 23367713
23387204 1641338
23423189 44488
23426865 23426868
23427182 23427183
23428485 3708001
2142468 299285
23428613 21971056
23443014 23443015
23472040 14526768
23498707 47930
23527803 386086
23536883 13303
23549657 23549659
23549682 13655576
23549685 1171734
23549698 9010329
23549700 9453221
23549701 307637
23549702 328763
23549708 3438760
23549734 2342681
23549736 23549738
23551695 2340304
23556686 23556687
23559323 3439279
22789343 66741
23580492 3438760
23580997 16980994
23595267 1059779
23616388 816377
2993524 1874459
23622883 3708001
23626675 73
23643160 453136
23648685 23648686
23649982 596940
23653078 23653079
23656420 1491720
23673207 612182
23674493 22402723
23681953 9035912
23693475 622216
23695265 1176851
23709260 1273771
23711981 125963
23759750 995534
23775233 8841829
23809563 650799
23816291 41221
23844054 20826398
23861727 22025253
23868938 10126846
23886878 10272765
23896999 2342681
23921597 5087629
22860405 56708
23936735 3062417
23936969 16010977
23939568 395476
23941209 22008275
23968738 868478
23972104 1118312
23975130 23975131
23975422 8673192
23980115 104292
23980188 16469678
23980896 2887632
24010402 15973977
24011100 17420643
24017496 4220808
24030008 325593
24032309 20710
24040115 839191
24046508 8984461
24046700 943292
24047452 13375
24051219 8117674
24051232 22198150
24051303 1022471
24051334 10282
24066944 24066949
24066994 1532807
24067197 20710
24070644 8165866
24102065 628174
22519869 943292
24112741 520644
24117940 1022471
24140093 3708011
24144361 4579899
24181719 8982000
24279747 5929589
24423187 120864
24480226 24480227
24490094 70665
24504361 6185
24608211 2895079
24646423 24646424
24646429 24646430
24646436 8349854
24720347 15910639
24860367 799446
24921477 385136
25062979 5468
25076611 131809
25079983 2301622
25150953 988532
25205141 37700
25275216 10272765
25361660 352724
25391630 9513422
25402569 1089434
25520736 270953
21777752 6586
25702576 12471225
25793871 22265188
25816334 1874459
26374961 497494
26378072 16495483
26384105 2434353
26385424 26385425
26393588 9056590
16206020 125521
26778665 9232501
26811659 185530
26814524 2516649
26817205 2340304
26888865 275642
27212752 544378
27638157 32585
7353046 23556687
2857083 16158
4729129 16061325
275181 8568316
1019954 2327
121997 7105
22681936 24960745
20940195 3152684
216882 674783
8132990 191334
15642482 48244
28517826 9471615
20940175 17119118
20940201 28531783
2143828 84900
524714 28542080
2922472 16010977
3792867 3792868
28550655 2513921
275183 72536
1257946 8646206
28577878 23367713
28577878 28577879
20940177 73
1019984 290853
28598172 9425101
28620757 298322
28625405 17152484
28350426 14382
2484892 102649
28655621 20716
28655684 8500062
8489937 13104271
28655823 15580091
8489938 433216
28655939 38659
28657615 304127
28661358 430935
8499955 61671
10628002 10273316
28663758 22466741
28663761 5781
28663870 8489917
1156517 23757
229294 3890092
20940203 28663975
28664026 28664027
28664063 756000
28664068 28664069
28664132 465222
28664135 2478185
8965497 136029
28664143 6974
28664146 2596469
3188698 11608570
3188698 32474
28691040 409076
2614527 28698866
28700214 24922
19384210 918341
23639814 50248
20940208 38747
4560847 9928053
2348476 5420
8133001 379727
20940196 425089
15170103 8113974
28789187 1743
25507013 309603
15518429 28793141
28794629 650799
28796947 324764
7798453 9232501
15827466 15018
28807829 1288915
3532301 20892
20940211 8693133
20940191 20795
22452908 10944038
28833628 113782
8510943 115787
8690316 9081375
28854665 2340304
28663734 15400884
28862734 759435
524635 20275
28872069 11645071
28872095 378787
28890530 28890531
954744 2628
16322169 2017
17220036 28895046
28375386 8568316
28906527 28906528
28909772 16469678
28909939 162143
26982643 103540
28918479 1610501
2273944 73
28923352 2434353
28928040 1246249
1283422 126506
8489441 674783
20940184 11807834
28979497 8291410
22891551 104292
21997079 66741
18386139 38047
28998911 28998912
23424762 29003874
29008149 4086138
22694529 765384
29012531 29012532
21997078 349458
7353047 23556687
29013591 5112900
29017793 22466741
20940185 11807834
122002 9081375
28826598 217471
29041418 661228
15252656 29063378
18405412 9952242
18405412 32474
29063718 15980538
15684142 21971056
29064148 386086
9427108 524936
29066884 8901
20359918 42599
28402085 52999
17821873 1763932
29074434 509845
29080858 1202743
9952306 671919
29087187 307637
10651538 10560
29108504 518034
29110422 2921280
29117832 948127
17383423 15592626
9318624 44488
1273303 55570
29135771 29135773
29143040 5781
13997477 11579542
18969954 18969952
29185738 29185739
29221720 4220808
122007 4220808
29230718 2743308
29235719 29235720
9270860 476345
29240126 29240127
29244214 2142265
29245810 22198150
29254433 37865
29254555 43880
29256139 3062417
29276890 13589532
1831591 28363932
29280153 893731
29289758 3537586
14931436 25587
10433314 29301211
29311439 22878030
27277722 8901
29329606 6342981
29341669 721069
10489870 296082
29347024 271559
29357474 653802
29358221 28895046
29367927 19069
29378391 46426
29379438 25587
29397993 378756
29415566 1253260
241557 10461447
29424594 29424596
29439900 9289146
29447466 8841829
29449272 9330898
29451418 29003874
29452940 22008275
28727438 29453156
29456989 10048427
29464977 11641558
29475917 29475919
29482103 299285
29502213 8905393
29537519 8986485
29550755 324764
29551214 349844
29586280 1061548
29598353 32474
29600093 10587945
29622287 2140784
29626131 1725873
29633320 29633321
29642483 518840
29660738 20710
29669026 13655576
29671068 2434353
29673979 15816
29710331 44071
29731930 69629
29763884 23085936
29769100 22334655
29771010 125113
8649199 393439
29771670 10556945
29771696 778673
29772278 58946
29772290 921446
29772353 29772354
29801040 320056
29815560 29815561
29822709 3742439
29882466 10420481
29882471 8154277
29882483 653802
29884183 4325025
29884184 494518
29884187 43418
29884193 16087446
23549690 17152484
29884223 29884224
29884226 16775023
29884231 29884233
29884240 29012532
29884253 125963
10042023 653802
29886189 4875644
29894550 23427183
29911144 19378377
29912640 16137055
29912644 22878030
29940004 2628
16042984 131809
29978432 15240499
29979107 255291
29981008 759435
30014571 22327843
30025528 2415360
30035532 921340
30035661 2430017
30036390 255291
30037914 23085936
30043741 590882
30044269 24960745
27184734 756000
30067131 23076078
17582715 15247473
19887311 9983550
30074933 17012403
30076548 8450207
30078137 2855842
30078354 43610
30094249 4519390
30126608 158073
30139558 3708006
30145295 8879490
30150698 4799
30160020 2921550
30171934 28984316
30207913 43003
30249355 497494
30272110 22884818
17588818 13570
30284152 893731
30284333 16226698
30290020 520644
30291974 24638811
16124426 43833
30293414 804268
24759750 38047
30300885 8922353
30320135 6823867
30324406 2916372
30346554 8490221
30359989 24646430
30361434 6923841
30369453 30369454
22128552 497494
30384211 7307416
30385873 23426868
30424686 15468223
30428350 1388321
30431956 185530
30453650 753305
30455902 30455904
8494155 23680226
18523434 497494
16947350 881559
30769098 15559
30913058 10599148
30942619 24851
30942622 520089
4285885 41221
31269780 1274423
31297425 401025
31337015 2145029
31351835 524997
31357467 27721
31361361 1273771
31366324 29884233
25150370 31435921
31642489 271559
31646754 9121236
31747331 24066949
31771321 21651
31771323 9110442
31771325 58946
31801016 2185810
31834202 11659252
31866193 28984316
31866232 25587
831546 6337525
32083415 5113673
32083538 506719
32138871 298913
32423441 22491143
32495638 94061
33036272 9425101
33039033 12462572
33106397 27428
33121179 11608570
33362920 868478
33601251 2145029
33841044 33841045
34374501 1153310
34560829 255291
34649007 280537
122008 4453440
34674412 7494725
8132989 34676716
7792313 5589033
34690708 1378979
34693746 28350354
29797 34529489
8666195 17289808
1253008 55555
1156514 378756
10916597 834
9696599 881559
1750655 275642
3311714 677834
47965 60111
16683733 157008
34750961 3438760
20940192 841334
29875076 4579899
1274425 1926055
34781702 16158
34781702 69629
34781890 34781891
34795674 34795675
34804923 9626322
34830139 509845
8630233 2288686
34832900 476486
8132995 8489917
16463847 16434267
2304309 1355694
28663872 8489917
34840819 1725168
16580838 762491
34840827 9408908
9952294 8785439
21997077 28363932
34841018 650212
34841140 11659252
20940197 5919756
34867919 1006303
34884562 15826772
122006 659385
30464762 2142265
34892810 32585
34894405 21840
34894952 34894953
34895440 9928053
34895975 31857
34905378 868478
29798 506044
20940199 8154295
20940187 3279879
34922939 2145029
772129 8118020
34951656 1153571
34952778 8310628
34962140 55570
34703317 378756
8666198 34976426
34983994 138463
248346 383591
34999513 12462572
35014493 35014494
4727180 616057
10632525 619435
1529101 10792005
35028658 304127
33841046 33841045
10632209 379727
1357242 35060822
15113041 22286828
35067690 368517
35068348 102260
35070669 750685
35070669 2573035
35071692 20331427
35079966 3375014
35080225 15247474
35082014 12467456
35084544 10272765
35085182 677517
35093975 23653079
35094177 43910
35095788 9670553
19077873 85228
35108317 1674745
35108613 15247474
35114043 10556327
8160790 393439
30484968 1022471
35120521 9291401
35120703 16036098
35133520 2398742
35136491 101086
35143556 780000
28527712 474660
35148781 297292
35161643 29424596
35172440 6211481
35172524 40401
1080261 35175014
35175884 15974278
1253014 5930926
20940212 9993687
15252658 27301473
34242500 5781
35181920 804268
1822334 2141355
35191758 139590
22437010 16217131
28051406 66741
820729 351198
20514764 35195314
35225953 62182
35226814 1062803
35232098 34529489
35072369 387349
15593077 15239623
27184733 8885048
24004750 35238722
35240562 29766567
20818547 23975131
35240712 753305
35248454 25566
35253365 416004
35255269 6297
35255352 686121
10103920 7113505
229295 15945020
24280883 865159
35257447 29884233
35258088 9816496
10820961 15834989
35274951 2342681
35275450 35275451
812974 35287948
35288329 35288331
15816661 20363557
28527711 352724
29597560 20795
2283589 1738657
35309687 214719
35309687 22741341
13994899 276462
3526739 72336
35323979 1388321
9362041 35355051
24481923 6185
35356027 35356028
35360556 211552
35364616 36569
35375982 38747
345366 8489754
345366 22004374
35394091 524997
22125348 988532
35451448 23085936
15984122 8630959
35463779 5129561
35470486 4875644
35474890 255291
35479129 8500484
35480992 14662
16404776 510041
122003 671904
35497724 35497725
35533002 4799
8500041 27721
10572404 14382
35565455 307637
35568369 3439279
35585027 22732529
35585054 2855842
6982446 22205642
35585448 3438728
35585527 8673192
35613786 35613787
35625215 35625216
35625215 43003
35640697 378787
35644053 22416923
1454264 46426
35644768 120864
35664901 1697041
35665397 8490221
35671354 2648931
3455669 139590
16668979 2769010
35762186 10121124
35777464 10731257
35785848 9513422
35798032 20365251
35819176 22361
24720348 15910639
229299 844892
35923340 10673205
35951762 5118000
35952233 1301249
35952568 927410
35965311 4521275
35965363 9983550
35977892 17862150
36029593 4521275
36029875 2751155
36029893 653802
36031352 4485688
36031363 15783278
36031378 29475919
36031381 671904
19926809 651592
36031390 50944
36031403 22411987
30423671 8116715
30423671 55555
10629649 36047369
28807833 516239
36055161 16201653
36055388 2947383
36056656 15826772
36058003 43986
36061209 44136
986008 298913
36094490 103540
36111143 1274
36116563 24878
36142457 138463
36175192 505214
36181586 20354669
36183968 178525
36184565 2017
36186821 246018
13994901 518976
36234032 15745679
36257384 2573035
120036 334729
14228967 10587945
36283658 356530
36284421 15910639
1316898 395476
36294809 9453221
36333690 10121124
122009 36337236
36347749 36347750
36352008 15684141
36356404 85228
36378553 307637
36380461 3062417
36380845 409695
36399674 239842
36403797 6823867
36404466 506719
30277623 9626322
36415070 1301516
36432254 22599473
36433995 25566
36462163 16808804
36462171 8673192
36474052 291096
36480722 378756
3103147 44196
36498125 2921550
36499724 15247473
36499791 23549659
36499834 13375
36507923 18418607
36508039 939304
36522382 158073
36551135 298913
36554828 9228085
26384952 22123892
7044147 413233
29771044 10599148
36584677 1674745
36588189 1560559
36735619 16937201
36767604 1274423
36795025 29185739
36842972 666390
36871609 10673205
37047876 669083
37047878 2947383
37047882 8743739
37047891 2850209
37094292 8743739
10820958 37104953
16947352 881559
37372726 2887632
37441383 9035912
37447210 9453221
37455011 612182
509681 6530
37524824 8673192
37654537 15580091
37726696 4519390
37733936 9453221
37900102 16137055
37906679 298913
37912449 758240
37939099 23085936
13745631 37944716
37946178 2683804
38096428 740328
38152579 22475913
38235572 9193998
38478137 9626322
38641940 13571
38653679 23076078
38776576 8965495
22212118 37865
785338 158073
40105071 541350
40251030 10103298
8131900 3495603
25327493 292976
25327493 34894953
20940200 43986
3073808 31926
40649604 40649605
2304354 27428
3436092 576303
40703029 10545817
3096687 11835
40736943 9460169
15949639 105247
14834031 40757190
29864848 44549
1632458 56660
40761373 2895079
21644822 704608
349134 134624
24927873 3265824
7796180 1765
40773206 379448
40775340 10103298
40780757 29240127
40781573 157188
40782208 2398742
15533413 8117674
40813961 2072552
22205835 505214
831545 24831
40821699 544567
40821710 8178544
40821721 9324940
9393673 125963
40821739 40570959
13599832 38047
19136470 11256085
14934467 41109
40821908 2888537
28055563 109461
8691255 298322
29878643 36582203
9950218 125249
40865577 409454
20940181 2150425
14802642 15636
3392963 40895959
8666197 22582
40911174 13808
40924760 4325025
40930053 300800
35232817 15247473
40937313 15431927
12333841 379448
40940049 15508319
40944231 8113262
40947267 8154295
18381720 31435921
1253009 22826519
2088516 16492463
40952651 31926
40961360 9288061
680217 5589033
29979937 40966058
20940186 37944716
2198257 2198258
3088379 178525
20940176 40993750
37430525 11611
35024015 15238093
41004572 326079
17580844 23205164
25646707 38124
25646707 307637
41014441 44461
28375385 11807834
10231002 6297
37900104 41019765
28320521 1619392
41021191 177636
41022160 15237860
36604790 16205565
9220972 630307
16916771 379941
3099952 13564
23619136 82793
41045679 15783278
20940214 41045807
41047519 17273834
41051571 323824
4884760 8020567
35678278 3439151
39199669 639462
3011969 29766567
41068422 22415116
41068677 11194156
7800408 639462
41073356 13104271
41087205 764390
41097303 8791151
3176806 16159861
41101834 9915826
41109121 3792868
41109489 2094894
34890857 41109795
34890857 20331427
9386450 4762257
20940194 3752483
240052 2274952
30478796 295906
10658977 8555572
41124086 135270
8626541 16012552
25188140 23205164
20940204 23205164
10636550 9941735
41140417 433216
41141069 383177
10274385 431040
20940205 17420643
20940202 43418
41154551 301103
41157215 8490221
10820957 41126443
28494645 50248
20940207 686463
41190659 8631483
41203543 291096
41204332 41045807
20940198 28890531
41225884 5544
20940216 36337236
20940206 8631483
23315944 41243357
37946181 394976
22155730 16226698
41273620 20355064
41277358 24960745
41280546 650799
10655489 41281856
41282529 1641338
41284336 37700
7167595 41512
41292156 928964
41298913 2187417
40757196 15816
9318450 696677
41314605 13656221
4211585 20892
41344313 8489627
41356194 1629384
29750048 2573035
34703318 730441
25388412 8486927
41374392 72336
1156518 759435
41380361 2301622
837571 837572
41389380 109461
41402648 41402649
41405584 185729
41407884 524936
41408805 9626322
41414832 17093653
41414859 21937158
41416156 23648686
41423664 2415360
41424987 10420481
34890858 87289
41459012 8509547
41463621 696677
41485637 326082
20709233 10461447
41486433 40401
41486461 1959449
1517345 46426
41498693 38047
41502470 705482
15679908 17058910
41523593 8967740
41532178 22205642
41537435 22123892
41540915 16980994
41544758 2430017
41545094 413233
41555190 1577931
41570701 3439279
41570701 16808804
41585277 31754
39199668 431586
7044145 9626322
40944676 544378
41602417 2348477
22128549 377993
41607395 69037
41616348 10944038
41616972 213477
856613 430935
9275877 205002
41714046 36337236
41736085 15931107
41738332 10272765
41738413 356530
41741097 2348477
41786026 9270861
41797633 22503
2507342 612182
41875079 29633321
9501056 22294019
41876842 22498926
2112683 419823
41877220 686463
41916830 102347
41916834 476486
41971616 2318695
41978387 512487
41978389 9289146
41978561 2340304
41979887 43880
41979930 2855890
41979932 23426868
41979949 11641558
41979950 326082
41989036 3698570
41989592 8450207
42004170 995534
42005138 41019765
42007146 8753663
42015244 14780
10656354 5544
42032794 5544
42032816 988532
42039861 1725873
42039869 8753484
42044448 10282
2759314 18418607
42065611 1577931
42072433 3279879
42092764 9670539
42102570 1118312
42108683 9389062
42113066 526039
42129227 41109795
42129717 16158
42130306 15745679
42130366 56708
42140818 524570
42152977 1153571
42163614 15980538
42168726 32617236
42174623 66741
15931779 10048427
42237161 2017
42240662 6377538
42240976 28767549
42278442 921340
42287316 618039
42288577 4029059
42291675 619435
42292187 16986596
42315643 36047369
22934145 8693133
42324455 778673
27398770 8791151
42342128 6185
42348394 2017
28402086 2434353
42349394 4485688
3099864 12467456
42375336 239842
28353717 296082
42402399 17420643
42417131 13655576
2973362 27721
42438250 1053582
42440623 747971
42452253 903613
42452561 1577931
42454259 10461447
42455742 387349
42455818 40401
42484322 15470006
42505405 413233
42521063 8986485
42657558 40649605
41119820 8609253
42830912 5088735
42969718 101086
42969721 3708011
42969722 422470
42969724 630680
42969725 9453221
15170105 6974
43225153 666390
43238570 26622
43320615 17152484
43357065 686463
43362678 73
43366714 993910
29153973 11256085
43373314 921340
43463908 8500248
43680149 9460169
43734250 8642904
43862146 4485703
43989408 383397
44034524 270953
44059861 22361
44108267 10061319
44141138 2630490
44528952 1153310
44644972 22334655
44891209 26622
44936606 29766567
44939834 9228085
44943627 38659
45002895 9670553
45053381 1388321
45287826 1506088
34538087 17119118
45556196 619435
8131903 650212
46167696 14662
29796 2628
524989 135270
28402084 16677443
46480407 10322761
122001 1301248
33467948 46482327
4066680 7494725
46488979 17862150
3096792 38845
36590229 43880
1356167 5002
1472384 943292
46512402 22511208
46522257 2342681
10619865 10673205
8132994 300285
16787044 9460169
7795585 41193
43639416 8500484
46584223 918341
20940178 6923841
46625261 2855842
16921693 8791151
41965783 5115377
46640428 3439127
46640451 10791392
46640453 1062803
229293 1619497
46640493 10276921
46640504 718796
69744 393555
46640641 650799
46640668 297292
46640671 601946
46640677 1651475
46640680 15841855
29884244 31857
46640980 52387
46641003 747971
3074445 15265475
46641025 651592
8666196 26868984
35753806 41041
46641979 61671
16322168 2895079
46672182 1153310
9341695 433986
46691220 324764
46696046 37104953
10531857 276462
46716125 393439
46726810 103877
14056061 32617236
46739905 4559196
46740955 3350753
46741390 239842
36904598 103877
46747642 15318
46750278 7113505
46751300 11659252
46752684 46752685
2143456 281407
46757326 22025253
7798383 5129561
2507341 612182
21646474 15240499
8131902 327994
46772616 31857
46773012 5420
34678663 8450207
46773897 46773898
8132996 300285
24153341 37104953
46807635 4485688
46807654 401025
35024016 9069350
46829577 23643709
46829579 8609253
9985808 11573458
9700687 1301516
46355741 5544
46831942 22025253
10715699 1874459
10715699 525188
46835185 33875028
2871978 13303
46848233 378787
20940182 9670933
46860545 13375
46861922 20331427
46866135 2769010
46866462 21937158
46866577 601946
46866652 1725168
46870322 17273834
10029549 1445
46884608 50248
46885321 246018
46885356 28361059
46888214 5118000
46888969 520049
903617 903613
46899026 131280
46908404 10871128
28375387 8568316
46916448 38845
20940215 17058910
16399332 15825153
46922266 19135412
46922484 60746
46922819 9983550
325251 13570
28777652 1176954
46930295 120864
46941565 524709
46951542 939304
46355742 21651
831547 684895
46953434 395476
46954843 375874
46963543 15593792
17555273 752237
46966605 5139111
46966750 35275451
34538088 21975
20940209 851853
46993094 10534253
47005526 244538
22138494 16475065
8132997 842348
122004 8490221
36605078 1651475
47027259 1274423
47028012 38124
47042738 997231
47044767 23653079
47049163 544378
1203134 35355051
47050074 4324835
47052245 41402649
47053013 548543
12227134 16475065
34242939 2882709
8643386 47067593
47082890 506719
47084071 509945
16947349 881559
47094517 20892
47125688 36347750
47139609 27721
47158223 757204
34538099 123636
47166374 1738657
47167094 1118312
8568839 1153601
8568839 1735313
47173425 2855890
28933882 9513422
47200048 1053582
47200525 43777
40875923 1301516
40875923 40649605
8500039 9121236
9280949 11645064
1612052 11595677
47241174 19966
47241222 136029
47243613 47243614
47255675 17553456
23485022 10509130
8371196 8841829
47282041 16495483
47291928 4453440
47293648 21651
47299118 20710
47306038 47306039
47306947 29772354
1562109 234072
47321490 60746
47321731 524997
47324826 4521275
47336573 15960803
1614754 1971147
47341740 328763
47356343 2318695
47366355 47366356
47367032 8113974
20833006 27721
47394151 650212
47394152 47394153
47406828 4453440
34995445 245475
29618556 541350
20806420 13375
47463743 29453156
47468736 8753484
47471741 327994
47471750 23367713
34986752 6337525
36605508 15247474
47534062 47183342
47550419 29012532
47582208 8489754
47589708 7504687
8679031 136029
47626582 29884233
47632065 1810674
43008446 750685
47658190 10871128
47658428 13375
47659989 37104953
47686979 23680226
47686999 29301211
22128551 35287948
5610036 8486927
47752294 525188
47759075 9471615
34538100 15431927
47760638 103540
47760645 31435921
47760651 5118000
47760656 20826398
47760657 25587
47760658 22008275
47783472 2648931
28868843 20710
47788178 6823867
47794224 9598511
47808507 16475065
47812479 10103298
47812644 24831
47820592 1063073
47820729 8784691
47837304 15592830
47840880 4521275
47841197 704608
47846421 50248
47851731 6377538
47864067 1619497
47865824 138463
10103040 8318491
47879404 20716
47885435 2895079
47896986 1153601
47904906 28906528
47906031 7113505
47906051 23648686
47943741 219763
47993331 7504687
48000672 271559
48020911 431040
594105 2304373
48053599 2921550
13965660 383397
46702515 276462
48071259 1171734
48092275 14493
2788536 50944
240054 378157
48095804 2342681
34718333 881559
48112681 60874
48128635 29766567
48136072 5468
17590535 28542080
41309978 2648931
46046714 16158
48149735 72336
48157937 15593792
48162163 411523
48165510 516239
48177120 6974
48194306 24066949
48194385 430364
29475921 29475919
48206278 26875
48209487 246018
10518786 6974
48221261 10500
34678664 5589033
24140095 3708011
36583825 8368773
48225611 211552
48225878 245884
48250562 23076078
48254516 2142265
20940218 22416923
48350544 23648686
48513490 185729
48614740 839191
48720362 1619392
48720368 15452816
48720370 2304373
48720371 22349018
16915369 8693133
48720373 5782
47262979 16158
48720380 38747
34840822 978388
48846475 3375014
48969755 16809936
48972675 280107
48983189 9228085
49011396 40023
49017865 659446
49043854 47183342
49043856 5115377
49099652 2888537
49100147 11595677
49104297 2376231
49114144 41402649
49115934 8784691
1202747 1202743
40855750 125249
49181675 43880
49233439 1725873
49297383 2855890
49302164 6586
49302225 379448
49372163 8497985
35376867 8489754
49396921 9460169
49494472 36047369
49494473 847097
49587215 73
49587769 9330898
49620312 1743
49635736 351198
49645512 22004374
49793307 10541598
240053 1100949
50264536 618039
50584243 8489631
50651877 15238093
50687833 125113
50687841 16495483
22235591 8920598
50968151 156792
23298213 2002525
51110641 8753663
17586128 5055
51830519 20716
51941248 433329
