236748 236025
320008 230362
437773 343984
517715 517717
884051 216260
908096 120663
990737 990739
1041007 1041008
1049730 312196
1176750 1176754
1184114 1184117
1226459 1226460
1233216 1233220
1431349 1431351
1004942 1485520
1502676 1502679
1485515 1505896
1514969 1514970
1004927 1523297
1538152 1538155
1485516 1545391
1579183 1579186
1616979 1616983
376411 1627697
1661489 1661492
376413 1676564
376407 1681111
1505895 1702650
2386008 2386011
1226461 209379
3691720 3691724
3725228 3725229
3837675 87803
3754585 3882560
3754586 3882563
3754584 3882569
3754590 3883920
4069512 4069513
4072693 4072695
4074032 264874
4074181 3208
4271749 4271751
3804388 4601691
3804391 4602024
4737444 251059
4786450 4786453
4843902 4843905
4851170 4851171
4790872 5081229
4803081 5094019
4902229 5106492
5086270 5111170
5115869 89063
5115878 275134
4875907 5124902
4875904 5124999
5125012 5125017
5083647 5196207
4788141 5196215
4835774 5196787
5217257 5217258
5382901 5382903
5479596 5479606
4990300 5502319
5588588 5588596
5592894 5592897
5594949 5594950
5609134 5609144
5980808 5980814
5991102 5991107
1836300 6214405
6288669 6288670
6304518 6304519
6304535 6304536
6218567 6308085
6329637 6329643
6331354 6331360
5094021 6331381
6332244 6332249
6332277 6332282
5111172 6332304
6332715 6332716
6342232 6342235
6343898 6343899
6218568 6351073
6373280 6373282
6374239 6374242
6384655 6384708
6429235 6429236
5479618 6429341
6429447 6429448
6432163 6432164
6434142 6434143
6936328 6936330
7138862 7138863
7183107 7183110
7096560 7185735
6304542 7279054
7279065 7279066
7279959 7279963
7292611 7292615
7298699 7298704
7301558 7301559
7306405 7306406
7307145 7307149
7298810 7315252
7296210 7324051
7473746 7473747
7630904 7634154
7938919 7938922
7553041 7958073
8035201 8035203
8099583 8099584
7279075 8099602
8101134 8101136
8101137 8101139
8102596 8102599
8102601 8102602
8349205 8349207
346473 8396448
346470 8429287
8495363 8495367
3691722 8579970
8712303 62887
8736850 8736851
1184118 131800
8801806 8801807
8801811 8801812
8834647 74682
346458 8986507
346463 8986807
759569 9013043
9013041 9013061
759564 9087692
8667466 9121226
9217755 9217756
2201384 9218174
9268133 9268134
9283804 9283807
2201380 9305113
2201387 9308153
9310206 9310207
9316002 9316003
376421 9320195
759568 9333635
9343673 9343674
9353131 9353132
376410 9354333
9357807 9357808
759580 9360522
1176752 9360543
1636344 9375010
2201383 9377830
1681110 9381986
9387838 9387839
9418933 9418934
9429924 9429925
9445274 9445275
9446152 9446154
9462225 9462226
9446153 9497061
376418 9531864
9594180 9594181
10668884 251969
3691723 11032748
10760223 11034779
11166927 11166931
1538153 11178184
11034778 11345748
5592896 11520392
11520936 11520937
11523239 11523244
11621522 11621525
4610866 12017380
3804386 12018959
3804397 12087684
4610675 12087726
4610671 12087737
3804395 12132050
4610672 12137068
12225775 12225777
4843903 12225778
12254627 683484
4790873 12282185
4790886 12291155
5111166 12355564
4602022 12436060
4902232 12443263
4803079 12445959
12465408 12465414
12467796 12467801
4902236 12467809
4875912 12472115
4712073 12473627
12254942 12475272
5124737 12475275
12172457 12477256
6473751 12532163
6473757 12541613
4835775 12541651
4835779 12541658
4803082 12548225
12225120 12707189
12815201 12815207
12358327 12898435
12898574 12898585
12914606 12914610
12914621 12914625
12914787 12914788
4915934 12923577
12220342 12923588
4972723 12979623
4849335 13153701
13246441 13246442
13246443 13246444
12220350 13257405
12358370 13275870
6211552 13275936
12232718 13329872
6380562 13380559
1836290 13478353
6425531 13555687
6211550 13574742
6253084 13574754
6211541 13574782
6424583 13575885
6380563 13577601
6509353 13578684
6435031 13582162
6738994 13586129
6218570 13596275
13639469 13639472
5196208 13639946
5196216 13639961
6738992 13639962
6461796 13640065
13645325 274220
5196788 13646107
5125011 13646458
6429304 13666873
6429301 13666901
6429309 13666909
13666911 13666913
6429314 13666914
13666916 13666918
6485427 13669653
7096565 14204062
7298035 14286708
7317380 14307632
7181692 14338480
7298033 14365098
7096571 14371495
7298056 152636
7296215 14375460
6331388 14461784
7412796 14461838
7520508 14462293
8102597 240247
7298711 160860
14477762 14477765
13646108 14482344
7503042 14491302
14493315 14493318
14498390 14498392
7495017 14500829
14514259 14514261
7692709 14832526
15163543 15163546
6936338 15163595
15212144 15212145
15225827 15225831
15225832 15225835
14286710 15225836
15520928 21856
1616984 221886
15824958 15824959
370059 15927221
15927657 15927658
15928146 15928149
9254481 15962815
370058 16052679
16057055 16057057
15991246 16074014
759576 16087325
9254472 16135738
376414 16232893
759565 16273850
16284357 16284358
1836302 16322957
16325915 16325917
16331499 16331500
759575 16340979
1004930 16357728
1004928 16358006
2201388 16402764
16417946 16417948
16454403 16454404
16462458 16462459
376416 16474478
1836294 16486228
16490194 16490195
376406 16513652
9497060 16524508
1523298 16558271
1579185 16681784
1004939 16681849
16681884 16681887
2201389 16809840
4843904 16905415
17736836 17946155
17989065 17989066
3754571 18133878
3754582 18182696
3754572 18239502
3754578 18239588
18413421 18413422
13696541 325072
18495976 18495977
4271750 18549767
18632291 18632293
3804394 18879412
4702136 18947195
4610868 18963979
4768734 18975666
4768737 19026336
19082738 19082739
14164666 1647030
4790871 19274245
4790874 19274262
4790878 19274293
4601689 19281942
4902228 19282427
5088021 19283450
4790889 19297543
19302096 19302099
12220340 19302398
4902233 19303946
19311218 19311222
4875909 19313295
4875910 19313298
19313301 19313304
5086271 19364816
12231439 19367602
12231412 19374070
4875599 19379698
5083652 19379722
5083646 19379725
12220341 19477976
12231408 19701044
19701184 19701187
19701194 19701208
5594952 19706207
4786461 19707968
12231409 19718780
12231410 19718786
12554111 19831350
20060465 20060466
6429306 110103
1836298 20253684
6211553 20305555
6424587 20311718
6253086 20342785
6211549 20342831
6485421 20343001
12815208 20343433
13962110 44513
6218564 20362076
6218566 20362886
13615732 20373138
6384658 20391850
6435035 20410758
6726377 20420635
6429303 20431042
13669606 20433592
13696539 20435306
14189797 20440540
20840379 386444
7096559 20943345
21010774 21010775
7298037 21042064
21058845 21058846
7317381 21100485
7315080 21110098
6334421 8736851
13640067 21214105
7686354 117670
21224338 191181
21224630 21224631
21224662 21224665
7520512 21226380
21110758 209708
14461106 510301
14664012 21229585
15085952 21365575
7316946 21375075
14836125 21382964
21434791 478628
7692651 21491199
21581888 21581891
21613768 21613769
21855375 21864042
14365105 21865817
21042067 21925497
7292616 21926940
21201761 21926941
1485521 62927
22081337 26515
22087135 166891
1205760 37801
517716 22269627
8035202 817470
346460 22547223
22587787 22587788
22588962 22588963
1502677 22630141
22783211 22783212
9254477 22787614
21224632 21224631
4069514 105573
22883070 22883071
376405 22887979
22893645 22893646
2201377 22908882
17189268 22922180
346465 22934588
376417 22952253
11707015 62248
16273848 22978110
11166929 22986383
16325916 23019375
23053783 23053784
1523296 23095623
1004941 23137449
23211146 23211147
2201382 23309010
24547222 24547223
3754588 24789350
11524025 24790111
3754575 24791197
15927220 24945541
3754573 24956295
7995395 68372
18632292 25168268
25168269 25168270
25202941 25202942
3804380 25360011
4788127 25360034
25389739 25389740
3804389 25398750
3804392 25398814
4610673 25468079
4835703 25511891
4610870 25542033
4768578 25585934
1579184 25598535
12355563 25711907
4790875 25786037
4875903 25808459
19114314 25814545
12529744 25818887
12231407 25823440
4902230 25866260
25869287 25869289
12172458 25871101
6473748 25872212
14915412 25874278
4875906 25874893
25875084 25875088
12218158 25879167
5083645 25879175
4835776 25879731
4835778 25879732
12815203 26107970
4992206 26182466
13669652 26185123
6473752 26194655
6342233 73181
26197221 26197222
6434145 26204983
19114315 26204989
6473756 26208607
4915937 26258128
5088431 26384684
12220349 26506315
5022858 26506320
5600256 26509293
6211547 26531117
6424586 26766322
6211540 26777290
5106499 26798008
26798472 26798473
7303208 26802536
13645811 26831353
19311223 26831383
6384656 26841635
6429308 26854723
6433930 26854727
6763648 26860117
6433932 26879194
6429313 26879231
7324049 26879308
20433613 26881774
14189796 26883434
7183108 26883445
27255664 254337
7296216 27532841
7298038 27536752
14664011 27617161
15087771 27626686
6374245 261749
21228794 27631777
21403446 27638557
7630897 27655980
27775109 27775111
7316948 27969978
14840200 27994113
7183114 28225211
21829938 28267417
7185736 28267489
21855377 28269444
28298221 28298222
14307637 28328646
28329942 28329943
824967 415315
8579971 72018
9254479 28488111
3882561 267669
346454 28660019
8349206 28847208
8579969 28856150
9378802 28873946
990740 156453
28965359 28965360
346472 28996167
29048475 29048476
29086219 29086220
759573 29098451
1014978 29158918
9087690 29159140
759577 29245243
759570 29251552
10933396 29264701
1004937 29267142
15928148 29287958
8495365 29308444
1431350 29327069
29334153 29334154
29350161 29350163
9283805 29365751
29350162 29367471
2201385 29367742
16311017 29374949
1004932 29402682
29412775 29412776
2201386 29414764
2488560 29456632
376412 29471806
29476648 29476649
1836291 29502023
16681885 29619764
2201390 29655405
29970933 29970934
30925914 30925915
3754570 30983140
3754581 31081969
2386010 31083383
11524024 31117901
31242583 31242584
31247667 31247668
9378808 31248037
31487524 31487525
11702219 31649194
3804385 31681661
3804400 31749659
4072694 31765815
7995399 82613
31876777 31876778
4790881 32051451
4790869 32054467
4790887 32075894
4835772 32075898
5088022 32087197
32090656 32090662
25541347 32090665
5083648 32143398
4803078 32149510
4733768 32424671
7324304 32438327
12231411 32438329
6473753 32438692
25586152 32628842
756388 32738891
32751775 32751776
6384651 32998610
6253087 33016677
6384653 33016862
12443265 33019920
6380565 33028293
6374537 33035064
6218591 33035724
6218569 33035810
6998772 33035892
6429311 33075089
6429302 33075098
7078071 33075099
33094206 33094209
6429307 33099021
6429312 33099027
20433611 33101482
6485428 33101486
6433928 33102941
6485422 33107777
6985167 33460373
33639294 33639295
7296209 33670426
7181691 33676072
7096564 33677797
14323015 33691630
7096558 33706022
7096566 33706064
7096563 33732750
7317379 33740739
7296218 33740776
6384711 33806207
7555180 33807068
7298036 33822528
6288682 33822662
7190108 504332
14477766 33836747
7520509 33839120
7520513 354530
21110757 33841920
33850622 191181
33858091 33858092
7761337 33991711
6434146 34005589
7695208 34157202
7687797 34160530
21855380 34349562
21855378 34456230
21855382 34456368
34483788 34483790
33740743 34512789
34512790 34512792
34514111 34514112
34514113 34514114
21110099 34514116
27626688 34515458
3882566 194612
22269626 34837141
8495366 34837217
34839659 101381
4685673 128111
346456 35045312
15589518 35049863
7687798 265632
1627700 121732
990738 35135084
759566 35135934
1385605 35135959
4195071 59217
4068099 5000
346461 35238519
370057 35243847
759572 35297811
9254473 35314512
35343202 193706
35371728 35371729
1233217 35414424
35447827 35447828
16681886 35463734
9738199 33639295
376409 35521547
759562 35525144
29402681 35527295
35527415 35527416
35545269 35545270
8667467 35546788
1636343 35571055
8401958 35571120
9267917 35579708
35583780 35583781
35606020 35606021
2201378 35608026
35629732 35629733
1616980 35655483
35757719 35757720
35809851 35809853
376420 35810207
2488557 36909904
3754580 37180962
11524023 37180965
3754576 37182725
37335623 37335624
16311024 37338391
37343919 245563
17736837 37344615
31810852 37344822
37506680 37506681
12137069 356375
3804399 37755200
3804382 37755486
3804383 37765660
3804396 37770074
4610867 37831831
4800897 194110
37954505 37954506
4982858 38054397
4790879 38127886
4790880 38127893
4790883 38136060
4914501 38136625
4835771 38148631
4803080 38148633
38058835 38154236
19114312 38154388
12105637 38154416
38156054 801
4875905 38161257
4875911 38162691
13262210 38189454
25089151 38208598
4803083 38213715
6002281 38213718
4803084 38219789
5178606 38230046
38404894 38404895
12357265 38467679
38059398 38470297
4915933 38471264
38478711 38478712
27775110 38478713
6473755 38483462
12914789 38484584
12343131 38688563
38690126 38690130
38969716 38969717
6384652 39016933
6743255 39016939
6211551 39022969
6424584 39025873
6425533 39046251
32730195 39048249
6985169 39050291
39053238 39053239
12979624 39058810
19302100 11523244
39083199 39083202
12923589 39104705
13669607 39105365
6461793 39105839
13329873 39122840
39435403 446319
14072458 39479421
22992160 39695631
7298032 39710005
39714058 196489
7995398 39734308
15087767 476539
7296208 39743787
6343904 39809201
14651375 39832477
7495016 39840186
7296214 39973469
14039206 40004135
7695206 40150989
14840187 40157242
21855374 40440117
21855376 40440198
21855379 40442087
20943359 40442142
14462299 40499218
27536753 40499221
33822663 40499222
1200011 127315
21493180 293061
759582 40868106
40940861 40940862
16809843 135141
1431352 123566
8801808 188190
9254470 41108299
9254482 41138167
346469 41208801
346464 41208840
346474 41210239
41264789 41264790
9254475 41296252
9254471 41296279
41317078 41317079
9254483 41321277
41386774 41386775
1702649 41444634
23137448 41450574
41444633 41469307
759583 41473974
1661491 41474819
41486279 41486280
41488042 41488043
41497292 41497293
41509855 41509856
2201391 41526425
22911533 41534999
35286099 41535776
376419 41542262
41570494 41570495
16486227 41586465
41617246 41617247
1836306 41624326
41739114 41739115
1836295 41766901
35773077 42833503
3754589 43099366
3754591 43099367
12017378 43101562
24945540 43262944
3754583 43266856
14039207 43650131
3804390 43673309
3804381 43678312
3804384 43678313
4610674 43682514
3804393 43682609
4835702 43853147
12112951 43853801
43863288 43863289
4902231 43914187
4790867 44001170
4790882 44029193
4790868 44031800
4790870 44031806
4790877 44031832
5086272 44038947
4803077 44039901
4790884 44039940
4902235 44058255
19114313 44058444
4902237 44058472
4902238 44058476
4986960 44066409
4786451 44109864
5086273 44114508
4835777 44114887
5083653 44120177
6473749 44134973
4902234 193706
19706208 44351978
26185122 44352442
19069900 44362502
12342226 44363818
33661173 20420635
13262211 44450451
6473754 44468210
5088430 44495005
44508782 44508785
35168674 44529788
12220347 44640587
12220348 44640592
26506310 44640713
4803085 44640833
32008999 44648706
44741003 152636
1836297 44836143
6384650 44886584
6185618 44905955
6424582 44908194
26798475 44909266
6435033 44909343
13962109 44910390
6363939 44932700
39731590 44946402
6384659 44949281
21227045 44957001
44940638 44961639
19313305 44961641
12541652 44971695
6429300 44983380
6429305 44983383
20433612 44985796
39029776 45075938
33836696 127662
5125020 45370331
7096555 45436887
7096562 45436892
7298055 45527220
6329666 45528214
7298034 45668377
7555181 45670161
45683386 504332
7111826 45683886
21403448 45688303
21403447 45688321
34019458 45688323
21403445 45688331
33841015 354530
14482498 251969
45688338 1009575
7630901 1009575
21221200 117670
27648746 45699238
21110756 434537
7296217 45702234
14836123 45704586
45677549 45708162
7630907 45831602
7296219 45832328
13639473 45840565
7692652 45842337
7495015 45845978
14371513 46275520
7279972 46329757
14461786 46332327
759578 46469055
346466 46506494
8429286 46742731
376415 46809107
46831141 46831142
46978878 46978879
346455 46994550
47004174 257717
346462 47006728
346467 47009664
8986506 47070029
47074494 47074495
16486226 47220518
2201379 47258672
35809852 47262648
47268431 47268432
8177194 47269358
29245242 47277647
9333634 47289276
47301520 47301521
1636342 47304671
1004945 47304672
16052678 47304694
15886052 47365653
16057056 47370683
2386009 47702635
48415697 49728
1627696 48584489
31649195 48622306
30931879 48733130
3754587 48845690
11524021 48845691
3754574 48846946
35135083 49007468
30957468 49008061
49008062 49008063
17736838 49008370
49063714 20422
18947194 49163901
12232009 49165491
16311022 49231858
3804398 49376395
49379702 49379703
3804401 49435863
4568311 49489284
4677899 49511705
11702220 49618733
4790876 49756011
4790885 49761919
4790888 49763024
4914500 49764035
4786471 49775529
4835773 49775546
4835770 49775670
4915936 49781078
5088023 49785794
5088428 49787409
25712469 49788752
13556111 49788767
5088429 49788768
49788769 49788774
38059198 49788782
4875908 49788787
12220343 49825152
12529743 49826732
19069901 49834438
5083651 49839930
12172843 50047710
4915935 50062752
4890881 74461
26200174 125454
12220344 50069617
6473750 50069904
5697695 50119758
19644089 50163018
12554113 50169648
1627825 50225016
12220346 50332923
22992158 50336831
6211548 50355667
19198388 50356143
50525777 50525778
6424585 50545649
6384654 50569749
5081284 50573896
6253083 50578364
6868362 50585959
6253085 50587814
6357438 50593066
6492384 50593275
6492386 50593700
6380564 50595391
13959073 50601163
6435034 50603867
14491301 50628686
33841919 50628721
13615733 50632760
19313302 50647765
6492385 50649802
6985168 50652768
6738993 50665564
6429310 50669166
6429315 50669175
6433931 50672883
20459142 50672928
12923582 50672930
6763646 50677303
45683784 1146650
50951274 264132
7181690 51111704
7096561 51253404
41838458 51253537
6331362 51259888
7520510 51336322
14282198 196489
14282199 264132
7301562 51354886
28033479 51368930
6440116 51370808
7555182 51386996
7296211 51501211
14338482 51931900
21855381 51933725
33806208 51987964
7279056 51987965
45527221 51989308
14375461 51989309
