4503 4545
43092 43169
66206 66216
66811 66844
99692 99706
99702 99762
136943 136975
199234 199256
220028 220068
277844 277876
295728 295763
400308 400370
400709 400718
408402 408420
422168 422169
454245 454263
462239 462247
482225 482260
483048 483060
488872 488884
492615 492626
548465 548470
568404 297926
604387 604397
7640 673102
693032 693053
693093 693107
732747 611613
739845 357933
791180 791192
794155 794170
812671 812688
832836 832852
499817 274593
956910 956923
961266 145852
962583 962593
1013252 1013263
1049461 1049483
1087681 268170
1104609 552139
454267 214534
1158393 1158405
1189112 1189131
1338330 1338336
1338490 1338493
1402170 1402189
1406490 1406491
1427171 722968
1437845 403455
1493748 1493764
1500966 1500977
1553594 142903
1643048 1643054
1699276 1699280
1741515 1741516
1749548 1749549
1750796 1750797
1750895 568502
1752072 1752073
1757159 1757160
1775830 1456227
1784322 1694799
1788840 1748574
1791331 52822
1805901 1403261
1808613 1593369
1814601 227042
1818686 1818694
1821094 1030325
1824550 1824551
1826603 1826610
1830255 1830258
1830487 1830490
1831040 1831041
1831809 1831810
1831840 1831845
1832494 1639233
1846221 1846222
1851630 1851634
1864319 296210
1864845 1864846
1864891 1864900
1866089 1866090
1866832 1866843
1867145 1867146
1867926 169238
1868620 1868621
1869165 1869166
1871522 62041
1871655 149034
1876908 1876909
1880081 1092853
1889865 1889866
1893825 1893826
1901946 1239517
1902582 1902583
1903562 694304
1903768 1903781
1915861 1915862
1917703 1599021
1918987 1918992
1919036 625840
1919194 1919203
1923001 663210
1934083 300820
1949825 489736
1950094 1502300
1951158 1087328
1952683 170626
1968566 1858516
1976353 1976356
1981661 1981664
2000770 2000771
2004189 2004203
2018797 2018798
625197 275469
2156015 1202273
2589354 2411152
3791156 942172
3882810 152731
3886105 297748
3909504 3909518
4115624 648406
4258171 1185792
4459448 1251332
4753709 610216
5047312 5047313
5047314 3205131
5047315 2815444
5047316 4148344
5047317 5047318
5047319 1238400
5199717 5199722
5595953 2131278
5614986 1169210
7094156 1701606
7810520 1913823
7894017 126313
957130 789545
1972668 262503
279721 1459268
274689 1278461
8058553 333297
1087660 1506606
1087660 8191727
2332355 3234337
480975 7188505
8280515 800335
8313925 893484
8323456 4089369
8402244 1580518
8408901 8408910
8421766 8421770
8426381 1697787
2090203 7085491
8448488 1807317
8465986 444443
8467131 3251208
8470141 443549
8473790 3213655
8474915 1435610
2963770 3300735
558295 1767235
8526299 1913753
8529570 2475031
8531679 1895191
8534303 1496743
8541796 191830
8548295 3017037
8566803 4205571
8570246 703310
283221 67239
342506 8612365
8631695 2014340
8642222 2293091
305880 4004375
8681604 8681616
8439225 2530568
99715 8716089
8722712 8722725
8743293 3531596
8787395 243590
1972238 5978269
8831330 2002690
279726 2215022
8879990 1087216
8891098 8891099
8911318 8911340
2297552 2735267
8950903 1370949
8954356 4329678
8954356 8954363
8964039 1467197
4884362 2092927
9020403 6875489
9020513 1287482
9022505 757234
9040647 9040658
9058768 723591
9133720 3235229
9199072 3710143
1255056 3240320
9229777 7403554
9273979 9273982
9349911 3904223
9367236 9367241
9375896 2753556
9410721 564515
9476958 4681753
9477164 1092620
9486635 9486643
9486744 2398075
9487743 3497761
9487943 9487944
9488112 6087810
9488750 2017239
9490449 5154295
9512455 9351043
9515783 1186858
9515826 2363649
295755 1007326
9515953 1437081
9516154 1070958
9516187 8229483
9516530 6814109
4906744 6853809
9521480 2441158
9531986 1381533
9532807 9532811
9535980 3548550
9540935 4111644
9548524 300309
2101383 8378619
9553829 252530
9554227 330896
9566551 1930033
9572729 3848023
9582559 251122
9582561 40339
9583441 3214661
9586263 805345
9586275 1687914
9588107 1614944
9593124 9593125
9593133 9593136
9593250 665185
9593332 6994674
9593698 4122157
9613378 8116796
9613705 7196158
9613829 1870660
9614365 9614368
1916397 9228805
9622616 1691602
558294 751613
9517470 7420559
9640130 1648168
9648725 1490128
9652994 2017498
9653066 1872850
9653238 2526147
9653982 1298212
9655096 2969199
9655423 1822570
9669328 1479853
9683284 746719
9691014 2067506
9693910 956730
9762247 4459979
9787359 9787360
10377134 10377135
10416886 7289203
10720761 6965190
11532486 544090
1049479 1371388
11789856 440149
11962534 3826426
12105090 1313134
12128262 2126887
12157180 276153
12168458 178733
12188827 436561
12287421 6903363
12376126 4608305
12399816 1218900
12401206 10254604
12401207 4753259
12405839 696395
12405840 12405841
12405842 12405843
12405844 12405845
12405846 12405847
12405848 3240389
12405849 3212897
12923887 1011104
13054646 13054647
13473498 2253849
13473499 455737
13473500 2788747
13608396 792415
13945432 2230910
14192597 7359041
14276639 7377078
120812 15251945
457266 2320073
4033748 7563983
4085837 2378355
2246562 1670304
6311985 2599656
586604 2250431
15498839 6356602
15515969 1735565
9761366 1505399
8129526 15531360
786887 773324
4835651 10614060
15564902 12367884
1741342 3215460
2563179 659658
15640033 3948628
12544245 4484272
2963771 777552
15694554 3071066
4568 940131
12461807 2039189
15720657 15720658
9485327 2342983
9510951 262555
1973004 1899993
15781461 2401686
10703063 1323622
15796393 4875050
15796684 1636709
15796761 1803760
15799599 3222203
15801105 704526
1972622 1292482
15834755 1265280
7944865 1100072
15899413 1294774
6068002 1504108
15956527 557926
16024529 9539076
16027736 16027744
1831142 2018991
16048085 5220015
16063868 1091648
16072638 247620
16072940 2965194
16107749 4098809
16179399 934874
16260184 13160153
12097138 11120534
16307771 775629
16310234 7754095
210029 848912
16394806 1699612
16447314 3214618
16451606 1933453
16476595 623159
16504132 2014938
16505173 950081
16505185 2738468
16514020 239443
16515988 558165
16530007 8966786
16531760 3808869
16532345 436408
16536736 2185957
16566630 833879
16567224 947262
16567249 5068735
16567693 9285506
16568870 2136333
16570542 382441
16573945 6356534
16575454 3672280
16586312 7805910
16589903 1126093
16592779 435555
16593963 1284740
16568303 902585
16594153 4043709
16595101 3838046
16595412 288800
7493806 2712708
663994 2010501
16599463 1500222
16603534 49222
16603693 1707790
16622126 1099977
9484713 238207
16623945 1849742
16632306 1087084
16634534 9529804
16639656 342194
16640206 195501
16646256 5005479
16647609 7177244
16649308 2409398
16660373 1645477
16660380 8357781
16660423 1703024
16660537 1022248
16662337 953874
16662436 4905960
11312235 1416275
16755346 131362
16802655 16802657
16956242 2087642
8102540 2808315
18311711 6084435
18404256 9760718
18745465 3144927
19020908 7418360
19216039 1639568
9027552 439440
19240849 1768608
19245729 17246585
19245730 2353665
19245731 1586070
19245732 815367
19245733 7565012
19245734 150606
19245735 13546817
19384591 7804013
20046761 2586101
20360874 1444707
20784984 3940486
20788478 4052862
21607190 729607
21735127 1743606
63241 1464843
781345 15295834
147828 604990
914854 3227791
8463828 1836180
11186305 4039992
1100532 293849
4269802 3236455
22151186 5841108
22171851 12414891
8474930 3943685
22187685 182694
22196234 14359530
1736633 1927546
22228438 11291267
8319506 2408518
22260405 227039
18968530 10564444
22297395 1102881
2054099 7001419
15956528 1593971
5852721 2918022
21603117 3404053
22351827 7398609
22352935 4417079
16757693 18101861
22355453 1688912
22362135 3534106
15796703 131353
11751333 349648
22370253 271115
22374726 6047581
22380665 9330624
22381698 560296
11493774 8332857
16236449 634369
1315945 4477638
22452048 1989710
21604456 3704887
21506060 6086996
22539349 2386263
22563283 2151622
22617547 2561
22666254 6454707
22712186 5113991
22723633 209721
694972 18999510
22727726 596434
22729303 941119
786886 1863646
1158416 2632690
4099490 616128
22831875 8877023
8644920 5737880
22832794 1031093
22833022 1865648
16643296 17696474
1756785 280323
22998443 9389716
23005787 8703057
23021671 3165425
19015081 2526440
23026868 2117024
18968531 1137188
23098421 13582014
23134271 142268
23134651 3228182
23134896 1376831
22563284 3211191
23140358 634352
23141104 56761
23142182 6083826
23142204 1965583
23142210 11034538
23163497 8412398
23166332 1547290
8529581 4043681
23168189 5001487
23168284 686098
23170822 3691077
13117179 3130248
23183822 1681323
23190058 481263
23200701 1577109
23201549 6378294
23204417 520558
23207924 6311676
23213580 1895042
23223379 1358827
23225726 739281
23226395 11641939
6379914 2100803
23228063 2918507
23229102 3222289
23229907 6086570
23230164 2452126
23232907 7420785
23234988 177249
23244191 2142869
23252242 1752747
23252355 958569
23252552 3042992
23257453 1780751
23257478 23257483
22299082 1378400
23263002 2384762
23269000 257530
23269368 307202
16956246 17861
23276490 2132587
768762 3056424
23276539 9466576
1856892 638528
23277009 2490634
23283704 2160261
23284850 2880388
23290557 1905245
23329537 10627788
23332764 2607533
23335089 2364114
23405552 3236843
1902125 938460
23520543 19722461
23611286 7196757
23623295 1748769
23748994 749441
16532073 2870809
23993201 2372670
23305780 10775537
24441817 4845855
24878903 6086375
25024607 2605004
25026084 3844729
25148574 2748357
25290457 6379842
25531942 907195
19031452 6087546
25588249 10225574
25620758 18875282
1871846 22385089
25738098 2408742
25754381 9484724
25754382 18090278
25754383 3074282
25754384 12368786
25759325 2863326
25759326 10224135
25759327 16333623
25759328 17370003
25759329 3251920
25759330 1010683
25759331 2545172
16276410 4228370
26773105 638357
26777982 3536450
26950604 2353763
27456369 2928951
2903333 2832639
623884 854100
2667687 11189314
218758 158231
11624013 1740541
23291460 1049482
1442833 2927897
28608501 4258966
4210950 700312
2090201 3257093
4751117 3891466
11479970 1180334
14520560 110862
8924784 341484
12140003 142039
28662300 3807253
16588027 9267699
28677769 134545
66218 465104
28692012 4206132
1208688 3398656
4230417 8832977
9671850 1600897
28710684 3240379
28729563 1638061
28735243 9564882
558207 1867991
28754475 5000408
28762643 1055288
1952798 1790402
23255548 4758077
5192892 464385
28810722 67852
15264072 3171338
22368914 241791
28847927 881032
24920591 1361507
28560352 1444382
28880082 3124512
11623926 968200
28924480 506632
11624012 1748022
17842729 1922766
28940543 2677690
25448566 58842
28979089 11665850
28980903 3934787
29037893 1184371
29038139 10771504
29055364 5851911
29071254 254734
29084706 643924
1312363 1266380
29092288 8953792
29154826 6377319
7751232 2255650
29196137 10589877
29196210 8683683
29207239 15797216
9672011 2364187
29308574 583609
23225729 568340
29359516 9260674
12422336 9946878
29385709 5379851
9006863 2482806
2182293 19834107
29484469 3241042
29486527 4791273
29490327 2512590
29490919 276087
9212882 9605342
29508421 1606825
29509347 3843766
29519700 830988
29520110 612892
29520999 2135799
29528580 801343
29529113 264815
29531812 4914917
29538235 4115312
29538549 3228178
29543335 2377465
29545699 22268049
29548337 856474
29548701 1563418
29548730 15910303
4907121 10626995
29549521 14109093
29549699 2234225
29555957 2346301
13608399 274561
29564745 267680
29569567 7420803
29572027 1908989
29573469 801602
9705803 3648577
29573834 1863986
29573915 3568239
29574496 1440135
29575728 1220085
29578978 1164268
29579044 3206289
9672045 9569399
29583390 726921
29600341 3969418
29600739 2817212
29539714 34539
23284853 2443868
29608256 3044462
29612246 1011301
29624220 517991
29624357 1918507
29624454 14167012
29624529 2510358
29624652 803030
29636199 7911556
29636316 66668
29636594 1385013
29638240 7352034
29659872 29659873
29675132 16682534
29684952 789938
15966582 705001
15528524 4060926
30157896 2016488
30366841 105351
29112269 2408945
30933814 14941426
30995999 4450038
31081879 2901338
31151588 567875
31322789 10949355
31336128 2249632
31438754 232442
16956255 14600396
1823615 5835304
32023967 15899637
32028584 335111
32028585 1810570
32028587 3524938
32028592 1266647
32028592 8050149
32029204 4987831
32061031 1379840
32425281 3142584
33521867 2877677
33533532 1344906
34153791 3226568
275256 3870850
498785 3870551
4910767 4741664
8470573 1572345
2604719 1248912
4742332 474050
3008367 931468
484892 1102491
8741848 765610
1801667 419815
15254479 10791347
4837645 1379225
1005349 9844998
22096988 7363902
1857897 3464732
11982902 6084045
1462852 1299726
1826609 1876132
34864022 67387
34865867 2130585
5134412 1838124
34909353 6398122
34918278 1896373
34919567 1633907
34929896 1222865
16236450 1595103
4071840 9768673
2026749 5623903
34994531 10453281
15992661 1963858
1677013 1703679
35026460 14953774
35028896 619794
9484084 1324599
35092354 267156
35096904 918836
1261125 2089350
22815020 6360436
638101 2363522
4479104 3216750
8526308 2033783
34918820 220312
12159694 7176884
35141118 262643
35205566 1601935
23305561 561628
35206498 6086782
35208404 234893
35247881 1451710
22698975 63080
35259746 708951
35267957 15471829
6329604 5047684
35287950 3547789
22698971 3567948
24212494 1530146
35417870 2100443
35435886 1138110
35470159 2132365
8912303 3393270
35555338 2822564
9622310 1742387
9367268 180034
35639891 3249006
35640497 7805615
35643756 1560649
35646658 5874422
35647831 22172254
35648247 16003624
35648866 162167
35649483 1246242
35650466 1583991
35654204 11058868
4907120 14976718
18637793 3561791
35673114 2727134
35673372 19114949
35674379 9192868
35678407 2152591
35678407 9863457
35678770 1125468
35687273 2758669
35690239 9460867
24132084 1316719
35693390 3575472
35706166 42618
35706235 567989
35706398 2416632
35706501 3213819
35706704 8492985
35706949 1565077
28010464 1377945
914856 1359056
35721155 1146955
9011723 3225907
35729107 1510838
35731235 200149
35731297 1696058
35731547 3374706
35734576 3914138
35735247 229759
7996640 19412500
35736571 2363537
35739638 3433079
35739663 3568173
35748673 1275224
35756104 25369029
16568304 5585539
35763827 1667007
27186464 1237959
35766412 3261705
35770954 9027193
35772099 2693893
35779202 7358618
8102173 7546159
23284851 622720
35790756 9743031
35790877 276497
35791053 2730738
35791105 1047574
35791120 3644414
35791692 2264907
35792294 376992
35793233 790268
35793233 616134
35802835 3345131
35803392 30825872
35805797 2825645
35805811 2397482
35811681 6357764
35838215 4126787
35648248 9580505
36196493 3233395
17603508 3234382
36921438 854132
37419491 11059674
37512546 7849710
37575633 1695836
37822979 8625702
37848653 4459714
37858206 206941
37891261 1041889
38009458 10267274
38103027 1072202
38103028 203598
38103029 3251022
38103030 1076851
38103031 3191252
38103032 3624071
38103033 367799
38114059 253910
6694199 2771955
38965544 2005348
39127183 1600828
39513792 2172683
39533701 3721993
5802756 408676
20799134 942470
22289358 3569938
9154412 16925342
13914278 5978814
15314322 38630893
40681215 583712
163152 126814
2573306 3879386
322558 962137
40750537 3425253
661325 1853279
21957852 4133083
10717509 8156545
39112535 1635824
2013119 3243373
40780382 151496
37458986 1923228
9027551 3944185
1861627 2908474
9582447 2133936
1805109 147446
7796731 221884
14054460 3239881
40833950 1980263
21645671 16803084
40858655 2297753
40883246 1264709
40884879 3470968
7313207 10152524
2090204 3437327
40907629 6083201
16678668 119711
6488332 28797849
40926353 3749264
7749357 2083976
40983689 1620453
40988193 2366605
21941964 10769120
725033 28887711
41090604 796813
4606682 7431626
35109975 15709380
41120979 3254308
9557291 1944387
19523827 3248539
40797318 4112226
11046032 3671579
41272670 260871
41282133 2924261
41306366 11091789
41323864 1596316
41331752 1709983
11271642 106874
41332154 9592222
41391495 6317780
41424783 5597966
1941824 6950706
41517539 1314932
22727739 3413306
41576667 1726875
41584990 632225
15799617 9551123
41606965 5978732
41611773 914323
41614880 1562226
41619353 5599046
41619684 282464
41621420 11556549
41632935 1043454
41633081 1001762
41634069 1483656
41637531 22687172
41500572 1418191
41650333 2583266
41652597 24566690
41655473 4217736
24212492 4848451
41659359 1134353
41664786 1850732
41665007 1884588
41665104 958928
1868622 832436
41666583 1509342
41279534 2824909
41671735 3141152
41672685 1085950
15483794 21830313
41685917 1121169
41688897 1096392
41688992 2134089
41692136 557801
16599467 627059
41698304 1169243
41704324 8573175
1189139 9599429
41715360 1545268
41715461 1941694
40779207 2686195
41723672 1220612
41724075 2583720
41726340 2133089
41727688 658363
661292 10198936
41737322 526347
41737585 403170
41737689 2582826
4760743 1072159
23140373 1404603
41757826 1417887
13578586 11404735
35805798 57513
16493639 2441485
41795040 316067
29601652 1956618
22165342 2067613
40794437 13783917
16063883 16638112
43338018 2409265
43366644 2247443
43424613 309683
3014361 994313
43663208 734497
38471777 3007732
43682377 434542
9516539 2383333
43908538 171343
44001814 1942976
44008015 10000995
44008016 122587
44008017 14586125
44008018 11023204
44008019 7811662
44008020 3466530
44008021 432256
44026850 3532188
44347470 1816117
44373315 7359268
44832133 144024
44989714 621699
45397245 1883330
45398595 1360047
46157976 5874301
438935 1084805
846766 4977286
34824 6311435
232370 533351
509646 1297834
638100 3880274
28350542 2366332
295759 7417493
719957 8501122
46508402 4170770
28197934 1108736
1203805 2179963
46537634 3537150
1796764 17040552
16499352 14099879
19523770 61412
22351834 1924749
4318938 3915454
46597688 395517
8403153 9647692
15355425 3537349
46603045 15483084
46606906 2108704
9652178 143750
23305223 2365986
1885574 636909
1905920 846554
46623481 4008249
7796653 2119026
2026750 118039
46627026 272240
46630752 3218041
1255574 620327
13248511 373340
46660620 336546
2089541 4061069
46688196 2580847
46694504 1135634
46703665 4081316
40205795 398040
2573372 3224361
46719647 1367595
46727386 430877
46743255 8692064
26216522 1779226
9739676 8083733
23024045 2543136
36054072 422533
46842432 469781
22142260 1963225
1442840 385026
8348667 1850337
8874106 370686
46884917 1718061
46888337 2178622
37447728 1891385
16495463 3568196
844292 131448
2090523 3658113
47101118 2354418
8475975 366393
47142724 2067021
47144077 957826
47212259 2401407
47230551 1958840
7952813 6290281
47305681 6057070
47385315 9827774
47388387 1557404
47392052 2015582
31733517 7000146
47401231 4445708
29512142 5388966
47401991 839350
46106288 1737398
47408636 639472
47408849 1911740
47429252 577689
18374799 6083350
47455722 484021
47455749 3598527
47455766 57370
9632918 4852516
47462202 9976458
47463774 3999372
47475863 2370488
16560996 174233
47476236 10783313
47476252 1756908
16599464 6580574
46572048 778746
47479247 2065059
18614191 4120447
47479518 5299568
47479860 180299
47479908 331972
47480139 3080380
29610027 3291037
47484258 91411
11612010 6898033
47503621 6224229
47503624 2646031
47503689 2007349
47504278 5599435
47504926 3983459
47505716 1725427
12399633 3207709
47512954 7196656
16599466 9330674
47515351 3009001
47516825 3496560
47525220 2159861
29598532 3204453
47525433 7180882
47525650 2147801
47525715 48091
47525863 452472
47534498 1887677
35678541 1839224
47535989 3988568
47542643 14586363
47572656 15619236
27105484 10315155
42298899 3523314
47776883 3808758
47785729 8434817
47913075 29556429
47977981 1881627
48023168 3879858
48023314 1321341
48579753 7420901
48590329 5728183
49014990 415593
49093107 214351
49228997 10555306
49309826 3145577
49385175 1637226
49387538 3575610
49414333 939898
49464864 170077
49536108 18095412
49727732 1883458
49733822 7420536
49733823 39128
49733824 951515
49733825 13033045
49733826 1098786
50066452 3542731
50070154 3269775
50256058 2101089
50523846 1811248
51827283 6087218
51856577 2365578
51968262 1592501
