22699 22797
23662 23710
34351 34435
51183 51231
76566 76609
115040 115053
64404 116901
123893 123926
145381 145418
145504 145522
152673 152712
170712 170746
196621 196631
198369 198387
210007 210030
231230 231257
236567 236586
64383 253608
64431 255572
259621 259646
259678 259712
260027 260057
285036 285053
51948 286521
288126 288165
298148 298171
305994 306020
322387 322405
338707 338723
379883 379897
64440 458357
464758 464778
465134 465156
497540 497548
502410 502427
579636 579649
591626 591645
614791 614803
684313 684335
703397 703407
792387 792402
793422 793423
803458 803477
855046 855075
303621 897011
64481 910088
923509 923519
928499 928520
953453 953461
953790 953792
959259 959267
971509 971528
1039244 1039250
1078184 1078188
1126971 1126988
1148073 1148084
1160700 1160718
1161541 1161545
1173191 1173220
1181822 1181839
1221313 1221321
1222167 1222175
1239055 1239072
1322295 1322300
1324680 1324694
1387954 1387971
1420731 1420739
1437245 1437246
1441957 1441969
1460138 1460144
1460492 1460501
1469606 1469609
1489372 1489374
1497832 1497843
1499951 1499962
1502550 1502553
1509952 1509959
1517457 1517461
1520908 1520910
1521250 1521254
1524199 1524200
1525322 1525324
1526712 1526732
1536166 1536174
1537043 1537046
1549536 1549539
1550134 1550139
1555354 1555362
625968 1567850
1578834 1578835
1581874 1581883
1586860 1586871
1603906 1603910
1621530 1621548
1622706 1622715
1639043 1639050
1680449 1680487
1700127 1700129
1434708 1726996
1729915 1729929
1204710 1744248
1765749 1765760
1770718 1770727
1878324 1878344
1897569 1897572
1966050 1966055
2029129 2029142
2081892 2081898
2113266 2113268
2204261 2204274
2290339 2290352
2530701 2530714
2541880 2541904
2621791 2621797
2691495 2691504
2796752 2796761
2867850 2867867
2916994 2916995
3539083 3539084
3599480 3599484
3784294 3784296
3899349 3899359
3899635 3899650
4151524 4151534
4306393 4306396
4321310 4321319
4454041 4454056
4481781 4481782
4270334 4585008
4663694 4663697
4824739 4824751
4833700 4833707
4890269 4890274
5036060 5036063
5685254 5685258
5852564 5852567
6214406 6214410
6337563 6337575
7725225 7725226
7752928 7752946
64384 8128248
8128275 8128331
64362 8131875
64457 8132382
64430 8146731
64447 8171413
1516558 8175585
241321 8191914
1439505 8195204
274774 8196348
2294691 8198343
8198451 8198466
8201951 8201968
4067842 8206633
1957849 8220701
17687 8227557
8231901 8231925
8233490 8233504
762955 8239642
2217691 8243241
8245479 8245487
1108261 8246058
8248990 8248996
8253574 8253585
8268645 8268654
8275612 8275629
545622 8304790
8316787 8316809
64464 8337813
8399924 8399927
1413897 8412973
8416804 8416812
3187973 8420089
64460 8436260
8443217 8443235
8469503 8469518
4591039 8477478
4278134 8478764
8491260 8491279
8530403 8530415
8420099 8533274
8548295 8548326
8575362 8575374
1575026 8575528
8274945 8580933
8628972 8628983
8630245 8630270
8667308 8667324
305880 8668194
8674419 8674429
8678433 8678446
8696065 8696100
8702333 8702349
8483055 8709191
4274340 8720615
60577 8728357
8761437 8761443
8787395 8787418
8911055 8911063
8929596 8929604
7299356 8943933
8957453 8957465
8968584 8968600
8989676 8989681
9010132 9010160
9018471 9018483
9031794 9031802
9040108 9040123
9095103 9095111
8197981 9105686
9124882 9124900
9136094 9136102
9198679 9198681
614801 9206496
9231375 9231390
3901554 9238712
9258312 9258323
9265056 9265057
9267624 9267637
9306186 9306187
9316279 9316284
9323061 9323067
5061312 9346941
9352495 9352496
9384066 9384068
1499929 9388612
9389975 9389987
9401367 9401380
9405450 9405452
4714690 9407607
9407808 9407820
9415934 9415938
9417611 9417618
9417649 9417654
9421846 9421852
9427434 9427437
9445119 9445124
5106570 9456316
9461252 9461261
9464484 9464491
614800 9485416
9521340 9521342
9561415 9561416
9588032 9588042
9611648 9611651
9792213 9792215
9827841 9827845
4642271 9949297
9989057 9989062
4728271 9996132
10144491 10144503
10160686 10160691
10164304 10164316
10172864 10172869
10183421 10183422
10226447 10226450
10273055 10273059
4270634 10416816
10510456 10510464
10677202 10677207
10994379 10994383
11016513 11016523
11016617 11016619
11032652 11032659
11076490 11076493
11077061 11077064
11223466 11223476
11253557 11253573
11363841 11363855
11627401 11627409
11711570 11711578
1608630 12003527
12011528 12011531
12176544 12176560
12267651 12267663
12276562 12276566
12292143 12292148
12401799 12401801
12402920 12402921
12404875 12404877
12572617 12572620
13107269 13107279
13575988 13575989
14169742 14169744
14960173 14960175
15011706 15011718
468591 15275348
15280655 15280677
133136 15283920
141495 15289002
15309141 15309172
4984345 15310177
71849 15310651
298876 15315570
1431706 15315903
15317869 15317882
15322512 15322530
15325683 15325697
15331460 15331481
15331704 15331727
64506 15334786
154063 15341516
15343023 15343033
15354985 15354992
15357063 15357074
15364734 15364745
8840436 15378558
2907678 15382472
15383280 15383290
1295806 15388552
808619 15392073
15405607 15405647
192271 15407197
64418 15412257
64413 15415042
64420 15420909
714954 15438806
15453946 15453960
15514629 15514648
980379 15527379
1667786 15531114
1083089 15535378
15540544 15540564
15547942 15547954
64486 15565301
15570945 15570959
4270691 15588255
1214982 15614499
7877828 15614897
15616588 15616598
15620522 15620534
4643791 15621239
15636113 15636124
15663743 15663756
15668288 15668295
4270246 15668445
15673852 15673859
899432 15688640
1564878 15688777
15700573 15700592
15701566 15701584
8996850 15701821
15722579 15722587
15730793 15730808
15187246 15738802
4680769 15761155
15776753 15776762
15777097 15777111
15778789 15778806
15814487 15814492
15817968 15817989
4672381 15896026
15942066 15942084
4312557 15945571
8546200 16046418
2506969 16049594
1160724 16060601
16064682 16064693
16064713 16064734
16142686 16142694
16150342 16150346
12402051 16178531
16189179 16189190
4274238 16249105
14519495 16249561
16276809 16276819
16280601 16280603
16281796 16281803
16281837 16281845
16294989 16294991
16312966 16312969
16315658 16315674
16317217 16317229
16330784 16330793
4276009 16347609
16366800 16366812
16395317 16395344
16395917 16395930
16400243 16400249
5685259 16459803
16462468 16462469
10160693 16463665
1212257 16466471
2231938 16478357
16481357 16481370
10292348 16489167
16489875 16489882
9662244 16531741
16534703 16534706
16554080 16554087
16586566 16586568
16597141 16597160
16645969 16645972
4274329 16765980
16786817 16786822
981531 16904450
16930626 16930632
17074610 17074613
17162073 17162074
5064687 17263096
17264593 17264600
17323961 17323963
17855285 17855287
17984380 17984392
18083116 18083135
4364895 18116602
18133812 18133816
18251181 18251188
18372038 18372041
18406016 18406023
1210558 18589717
582350 18842843
18843992 18843997
18847487 18847491
18903190 18903199
18918081 18918086
18993716 18993723
19009539 19009547
19033902 19033920
19131999 19132012
19133826 19133837
19234516 19234519
20057701 20057704
7683024 20329351
20371483 20371484
21724906 21724908
21734596 21734598
21735036 21735037
8128328 21950235
64466 21950711
1655458 21959098
922695 21968882
21990247 21990264
178704 21991461
64399 22003197
15315410 22008357
1279934 22009767
15377858 22010065
22010862 22010882
263817 22012424
22013144 22013158
22016494 22016508
22022832 22022843
8140442 22026280
213503 22027558
8625420 22056135
22069801 22069821
7790239 22072450
412993 22076676
12110514 22080249
1721675 22099665
64371 22101475
1622550 22102805
64376 22113065
1036964 22118125
203694 22126560
22182727 22182732
8415240 22206796
15535381 22232504
611475 22244312
22261593 22261605
22264451 22264466
16100303 22289466
2433760 22292493
1972164 22299092
8491063 22321065
22322161 22322186
9190532 22341503
4707254 22344651
22357045 22357059
406374 22358506
22359252 22359274
13254648 22366774
22367314 22367329
22368852 22368874
22379107 22379124
22382500 22382511
4270364 22401778
64472 22441629
629312 22452798
22487399 22487414
22544170 22544179
6703313 22678486
18980479 22735224
5066711 22738443
22746431 22746439
22786614 22786618
22797424 22797435
22802881 22802891
22823630 22823640
22831781 22831789
22878646 22878651
22885117 22885125
4219103 22888735
22890859 22890869
22902738 22902747
22904058 22904061
22918052 22918059
22938667 22938681
22958105 22958118
22965310 22965316
16407152 22977801
1522875 22981502
22981745 22981748
17971448 22986812
22989524 22989536
22990478 22990480
23002704 23002711
23002878 23002881
23008283 23008290
23013553 23013555
23015820 23015833
23027669 23027670
23038111 23038121
23072214 23072215
23074564 23074568
23075302 23075303
23096783 23096798
23106105 23106109
23106215 23106219
23110526 23110529
20470743 23115236
23140517 23140518
23141851 23141854
23141859 23141871
23190180 23190199
5066964 23288393
23428919 23428924
23441032 23441039
19042942 23510935
23514639 23514642
1221322 23694824
23850918 23850930
8171405 24198521
24348604 24348605
24490882 24490890
24507276 24507278
24610905 24610908
4058512 24795409
24803242 24803251
24805840 24805851
21734605 24806009
24983088 24983089
25044482 25044489
25057438 25057441
25118140 25118151
25128858 25128863
25138936 25138942
20456064 25403759
25643661 25643667
25721954 25721955
25755583 25755589
25872950 25872956
25118951 26198264
22968997 26322305
26399811 26399812
15868132 26767775
27306293 27306296
28065945 28065948
28142254 28142256
64453 28342112
298361 28358097
4976592 28364153
28402705 28402712
2197648 28403711
123918 28406330
28405794 28407112
144976 28408456
28412168 28412184
121697 28415005
163668 28423472
461388 28423984
9788638 28425198
250204 28433234
154688 28438818
28442533 28442538
8491079 28515176
440292 28538559
14931715 28547289
28593927 28593940
64401 28604483
21793833 28612229
28640000 28640006
1644573 28640974
28644528 28644560
64438 28647421
28684200 28684220
14934604 28687700
28689795 28689804
11709831 28709590
1160725 28709823
28771759 28771774
28781425 28781432
28853354 28853364
64337 28856557
28861052 28861056
8683517 28876118
4578234 28912919
22904067 28913038
28939177 28939196
28946383 28946402
8465850 28949372
12059437 28952321
28964789 28964801
29004957 29004968
23882895 29071778
28481162 29080718
4270687 29089383
22118127 29094131
1160727 29136159
15741189 29152637
29194973 29194988
4236233 29195039
2852998 29198394
29198955 29198968
29209545 29209559
25404580 29245237
29251265 29251268
12055130 29252269
29265736 29265746
29290559 29290572
29292094 29292099
29309776 29309785
29314397 29314399
29321277 29321283
29326844 29326849
17129706 29339059
29352948 29352958
4275016 29356959
29360635 29360638
15868133 29365991
29366632 29366645
29367564 29367566
4655812 29371795
29380507 29380516
29395086 29395096
29400278 29400283
29412671 29412672
4277403 29417838
29426701 29426707
5138283 29430539
29453331 29453340
29467319 29467321
24198523 29468728
29509499 29509508
1672835 29516414
29566408 29566423
25702974 29580188
29631835 29631849
29640076 29640078
1212328 29747624
29852554 29852558
29881526 29881530
30051555 30051560
30072286 30072291
30078107 30078117
30081180 30081188
16759578 30111040
30176158 30176163
8412972 30195418
30337088 30337090
30625023 30625040
1952347 30734621
31099197 31099206
31221331 31221335
31297147 31297155
31297301 31297310
31407746 31407750
27351379 31424642
31555503 31555506
31555527 31555531
31788382 31788386
31788468 31788471
31838455 31838460
31927675 31927684
32025592 32025602
32027313 32027314
32076172 32076186
32415226 32415233
18586506 32443708
33045169 33045171
33045187 33045188
14516472 33118654
13585217 33168669
11869429 33513566
33537139 33537145
34059690 34059693
34463486 34463488
658103 34526167
64330 34527429
64396 34529956
64372 34549920
1042472 34552701
8511228 34557115
254133 34559477
12092672 34572528
7801019 34587910
14937577 34591294
8203154 34591427
4913187 34591666
24979876 34597515
22133443 34600510
34602658 34602667
64478 34611500
324525 34611726
34616872 34616888
9296383 34625237
34676193 34676213
1761902 34686345
51399 34700627
8365342 34723755
914197 34725422
34726710 34726721
4717352 34727963
64474 34736492
9000979 34781019
6370713 34781407
34521502 34784309
25695840 34785071
129214 34790700
19523654 34792148
34794444 34794461
34796198 34796213
2937241 34801554
15746759 34818418
16370285 34831801
1523259 34874027
4274562 34885702
971441 34910132
34931899 34931910
34938458 34938474
4278108 34944116
4270422 34953130
2592492 34972245
34246796 34993328
16326057 35003644
35004135 35004157
4274591 35011874
4655431 35019125
35022422 35022427
35082261 35082274
25641030 35084732
35109047 35109062
8530417 35122735
1423928 35155830
35173738 35173753
653612 35205196
24198522 35231362
25479183 35269291
35285916 35285932
35303594 35303602
35337114 35337122
4622228 35361601
4270293 35368916
8220711 35369235
35384262 35384273
35412996 35412998
35416064 35416066
35432468 35432488
35437726 35437729
16381399 35440820
4278058 35441531
35443353 35443366
35445773 35445781
35448358 35448368
35449572 35449573
6290484 35456627
4270629 35457049
35459804 35459806
35465628 35465639
35466975 35466987
35475082 35475097
35492873 35492875
35526002 35526018
35538266 35538269
35540838 35540842
25494319 35541984
1385007 35553216
3898337 35582225
35588382 35588391
35602345 35602350
35606831 35606833
35611907 35611917
22394096 35613862
35615737 35615741
15776766 35622135
35624086 35624088
35628339 35628340
18463604 35628960
35630474 35630476
35634050 35634055
35670390 35670398
18637793 35673098
35674766 35674767
35674787 35674810
35794574 35794586
35824387 35824393
35828958 35828968
7796805 35884873
10814193 36028846
8491050 36028876
36028987 36028991
31710836 36038370
36115481 36115483
36226039 36226043
36235138 36235147
36236020 36236023
36259910 36259914
36462496 36462507
36560586 36560587
36578194 36578202
36897771 36897774
36911065 36911070
36945850 36945854
4274842 37185223
37333553 37333564
29136154 37405233
4272565 37431544
1841157 37528459
37666413 37666422
4277352 37748504
37869369 37869385
22102803 38063255
38099881 38099883
24671939 38100026
38100171 38100185
15950934 38206787
38464498 38464499
38778650 38778671
38880374 38880379
39027124 39027130
39070858 39070859
39399339 39399341
39724526 39724531
39834711 39834725
39835190 39835196
40183914 40183919
40282229 40282233
34774 40511521
64370 40521646
22701 40522917
40175 40532217
64410 40544930
5188157 40560291
20683651 40571727
64385 40573791
3898336 40575992
14308241 40579761
40583362 40583382
15859921 40587738
7617844 40590655
64406 40591372
40237723 40592261
36243556 40592319
15254237 40594491
2255132 40596124
40608765 40608799
40628067 40628073
8252507 40641198
9565627 40647606
16601126 40661315
64358 40662110
8943937 40663333
15248321 40694747
4286045 40695575
40235426 40712127
40731629 40731639
8546201 40755946
1078290 40769511
126139 40804886
40804897 40804914
12002232 40837508
4655790 40842050
2962405 40885886
1491600 40887038
4327149 40890198
4233718 40901139
40911064 40911078
15616597 40918679
40932828 40932839
18960408 40945220
40951656 40951674
919746 40952512
16076615 40973747
1083311 40976063
1300222 40976508
18538162 40980097
41003770 41003780
15315564 41008870
4682620 41074692
41087884 41087892
725033 41088028
40663332 41088843
41088980 41088991
9802725 41144957
29071779 41145960
41145983 41145993
41160470 41160487
41221253 41221266
9551082 41261990
35031320 41304864
41305334 41305347
41328462 41328472
41328737 41328744
41336789 41336797
41343954 41343964
41380921 41380926
37860780 41394038
35466800 41410411
41421189 41421195
41425054 41425072
8667331 41428121
41430588 41430594
41431392 41431393
35577088 41431519
41436663 41436676
40632829 41440034
29098944 41445114
10272165 41446517
41447395 41447397
18583049 41466075
41466559 41466574
9158069 41467154
41467910 41467914
41477409 41477411
41480039 41480043
1688589 41492850
41499972 41499975
19179478 41522337
41532966 41532974
41556779 41556781
41564535 41564542
4270701 41583602
41592036 41592039
41595406 41595410
41604665 41604666
18519049 41611266
41637504 41637517
4465772 41688879
41700874 41700876
41707240 41707244
41871669 41871674
18495757 41916574
18906136 42153695
42155324 42155329
42203621 42203634
42211688 42211707
42820948 42820951
42889880 42889885
18945225 42971120
38155472 43108660
43114330 43114339
910093 43257287
12277889 43261226
12086787 43268137
43270014 43270021
3119170 43285671
43308136 43308147
43336775 43336780
23113929 43441758
43575195 43575203
5996337 43660561
7153830 43667298
43715536 43715540
43779354 43779372
43850806 43850818
43915156 43915157
43915366 43915375
43990595 43990599
44106402 44106407
9456484 44552073
44553289 44553302
44932653 44932654
45678561 45678571
64405 46343905
13913138 46349733
588273 46355371
46370853 46370877
21941450 46381998
64443 46389485
1451189 46398566
115494 46408535
21436387 46410264
46411490 46411509
46419504 46419519
64441 46420190
2826169 46420396
5178391 46426257
64429 46428417
1181824 46429305
46437514 46437527
46460935 46460953
46461960 46461979
64414 46467932
412996 46468489
690552 46472790
64509 46478124
537824 46484915
64366 46486060
175606 46487201
1300239 46494376
11642077 46515553
20346633 46535900
4724148 46570959
1213616 46579941
15882892 46589701
35549009 46620090
7125376 46626137
46627920 46627928
203693 46667355
254007 46697901
64388 46700032
46722175 46722190
46728730 46728748
9711601 46730864
46736603 46736620
2241898 46737931
12097869 46741110
4278332 46794855
46808404 46808417
46820399 46820409
46820600 46820609
4694557 46868843
1611292 46883283
2892661 46886292
18415426 46889087
46891501 46891514
30841281 46892808
46961182 46961199
46976790 46976803
1300232 46988960
6863620 46989481
47012889 47012895
36043382 47014166
47033640 47033656
47033892 47033897
1675808 47036529
47077588 47077593
4268878 47082829
8840437 47085770
1204715 47129289
5064750 47142750
47172404 47172415
9207637 47175908
34707692 47179059
47217862 47217864
47228439 47228441
1568955 47238315
47240336 47240338
47257614 47257628
44006728 47261509
21838228 47262205
47263691 47263702
15868219 47264787
29356367 47272876
47278680 47278683
47286807 47286810
34874025 47288774
47289221 47289224
47293799 47293800
47308111 47308113
43413690 47315242
47331022 47331025
47348649 47348657
4849278 47354654
47355147 47355150
1204716 47355587
31554977 47368999
47373380 47373383
2606920 47375794
47377559 47377568
37815036 47381942
47382009 47382014
47384869 47384876
28699091 47387142
47405020 47405023
47455991 47455994
47455991 47455995
43710876 47475776
32054102 47475998
47479356 47479357
12926354 47483241
47507784 47507791
47519801 47519805
47650585 47650588
47671283 47671295
10282932 47720629
47833015 47833017
47849016 47849030
35794579 47932055
30037033 48156446
48327195 48327196
48542311 48542314
1491599 48860345
1160726 48861221
48884478 48884483
49017089 49017092
49031437 49031447
49067308 49067325
49078273 49078275
20349097 49092348
49309943 49309957
49496835 49496851
49523954 49523957
37666414 49580973
17454459 49683453
49732635 49732636
44099498 49819903
50331970 50331971
50614640 50614642
50763772 50763782
51073882 51073884
21553547 51659057
