40160 40168
85275 85295
89031 89050
113785 113792
176720 176727
175131 271081
286726 286748
316770 316785
318230 318236
322791 322805
336799 336805
336799 336806
348398 348404
391735 391739
411692 411699
415087 415091
416515 416523
416968 416971
419555 419564
428870 428876
433910 433918
373189 438680
452427 452431
479123 479129
514414 514425
525572 525576
586165 586170
684886 684895
322806 685420
692074 692075
698427 698431
716211 716216
720793 720799
732360 732368
745820 745823
760054 760059
762326 762331
770625 770632
799551 799561
812241 812246
812345 812354
836799 836805
839584 839589
847083 847087
855959 855962
861805 861811
872412 872418
896689 896694
938089 938093
957602 957604
959532 959538
965734 965740
987747 987750
765217 991264
995132 995135
1002992 1003000
1005756 1005759
1017234 1017239
1032273 1032284
1034109 1034111
1039497 1039502
1044992 1044997
1048188 1048192
1051333 1051340
699208 1054844
1060345 1060354
1065990 1065997
1202131 1202136
1203895 1203899
1207331 1207335
1221953 1221959
1224339 1224342
1230926 1230930
1230935 1230937
1243350 1243354
1251808 1251814
1253231 1253234
1256381 1256388
1269027 1269031
1300162 1300165
1317006 1317009
1317051 1317054
1429014 1429017
1429417 1429421
1467139 1467144
1505194 1505197
1542958 1542959
1555336 1555342
1566886 1566887
1567335 1567341
1569775 1569782
1571373 1571378
1647506 1647510
1679667 1679672
1749007 1749015
1775458 1775462
1805675 1805678
1807259 1807266
1813677 1813681
1827049 1827053
1835464 27099
1835467 1835473
1835474 1835479
1835483 1835485
1843232 1843237
1939265 1939268
2106600 2106605
2141248 2141251
2141269 2141273
2141598 2141600
2141643 2141646
2162933 2162938
2329634 2329636
2385075 2385082
2396029 2396031
2424031 2424033
2442216 2442218
2477513 2477514
2509769 2509771
2532940 2532945
2533078 95091
2533083 2533089
2549638 2549641
2561119 2561121
2833389 2833394
2850431 2850433
2855174 2855181
2855367 2855371
2855447 2855451
2870237 2870240
3265670 3265671
3464665 3464666
3783421 3783424
3803157 3803164
3822849 3822853
4074692 4074696
4081838 4081852
4083270 4083275
4085838 4085845
4088580 4088584
4127195 4127198
4204207 4204211
4206748 719529
4211815 4211817
4223105 4223107
4339126 4339133
4366796 4366802
4366796 4366803
4467557 4467563
4746298 4746301
4748862 4748865
4844241 4844246
4996404 4996408
5011611 5011616
5198216 5198218
5843609 5843610
6351392 6351393
6404737 6404743
6440733 6440737
7116467 7116476
7188802 7188803
7309876 7309883
7309947 7309952
7313515 7313516
7313522 7313524
7493840 7493841
660 8113190
3071044 8189540
8286718 8286722
8292988 8292989
8326467 8326472
1230920 8329093
1230920 8329094
8333029 8333033
6404739 8334744
1953112 8338539
8417594 8417598
8417971 8417976
8418569 8418574
274107 8418718
8421322 8421325
8431057 8431064
8431097 8354034
8493590 8493594
8495703 8495706
8553948 8553952
8595861 8595868
5622875 8619698
3106801 8649435
8650173 8650175
8682178 8682186
8688746 8688754
8692538 8692542
8713317 8713323
34767 8718655
8740242 8740247
8744491 8744496
3071051 8748563
8751802 8751806
8769821 8769825
8779801 8779807
8799434 8799438
8802328 8802330
8805702 8805707
8810927 8810931
8811195 8811200
8826570 8826575
2000806 8838789
8860645 8860652
7077812 8913065
8927531 8927534
8929901 8929903
8930719 8930723
8930729 8930733
7790207 8931225
8931419 8931422
8932273 8932275
8955929 8955931
8962030 8962032
8973822 8973826
8114800 8989446
8991259 8991264
9009316 9009320
9012116 9012119
9017097 9017104
9029461 9029466
9048621 9048627
9056119 738155
9056222 9056227
9056247 9056250
9079251 9079253
9085054 9085060
9087445 9087452
9279124 9279127
9297748 9297749
9354610 9354613
9419134 9419135
9452798 9452801
9493614 9493616
9498092 9498096
9542013 9542018
9546327 9546331
9550670 9550672
9557952 9557955
9557991 9557996
9562291 9562293
9579183 9579184
9680593 9680597
9692545 9692549
9703561 9703566
9703817 9703821
9798567 9798571
9973187 9973189
9987331 9987332
10006094 10006099
10016935 10016937
10031937 868995
10101832 10101835
10135163 10135166
10147027 10147029
10150066 10150070
10164564 10164567
10165844 10165847
10166361 10166363
10219204 10219205
10247709 10247712
4306371 10400162
10467399 10467401
10533175 10533177
10586124 10586128
10894704 10894706
11248234 11248238
11494743 11494747
11533778 11533780
11581834 11581837
11607910 11607916
11613246 11613250
11656363 11656367
11657450 11657451
11666054 11666055
11962010 11962012
12077219 12077223
12092640 12092643
12113958 12113964
12115552 12115555
67698 12188917
12235178 3392306
12279586 12279588
12351820 6929425
12356233 12356235
12359277 12359280
12359466 12359471
12532077 12532081
7886388 12533744
12899805 12899812
12929231 12929234
12929231 12929235
13665457 13665461
13670205 13670206
13670210 13670211
13677825 13677829
14653489 14653490
14653498 14653499
15246725 15246730
720014 15250694
10506189 15258834
15282754 15282758
8326471 15298507
397173 15299545
15326008 8162291
15373921 15373924
15419720 15419723
11892994 15425893
7792956 15426198
15431718 15431721
15439434 15439441
2192846 15439745
15441753 15441757
8980308 15474031
14932573 15482537
15513087 15513091
15513540 15513547
15514388 15514403
15516305 15516307
15518040 15518042
4913463 15522656
732365 15525539
15525704 15525709
15568967 15568969
15581031 15581035
15587011 15587017
15669228 15669230
15676251 15676256
15677651 15677655
15692183 15692185
15706326 15706330
15712766 15712769
15720479 15720484
7108303 15721819
15724965 13598426
15729013 15729017
15730921 15730924
15732140 15732149
15760025 8136350
15770700 15770704
15782054 15782055
15790322 15790326
15799008 15799013
7643291 15805193
15809604 15809606
15812502 15812507
15831948 15831954
6988338 15841935
15019891 15844031
15871312 15871314
15876381 15876387
15892120 15892125
15926884 1301516
15487699 15930860
15937493 15937500
15945793 15945797
15961380 15961385
15967878 15967882
15997295 15997303
1838520 16003012
16015726 16015733
16044132 16044134
16061239 16061242
16072235 16072240
16084824 16084829
16096431 16096438
16104781 16104785
16120057 16120061
16125701 16125704
16127522 16127529
16129794 16129797
16257747 16257750
16264958 16264961
16267570 16267578
4366800 16283412
7793849 16310205
16376251 16376256
16379307 16379310
16396519 16396525
16405792 16405797
16452183 16452185
16473123 16473125
16509897 16509899
16545742 16545747
16558189 16558191
16560984 16560987
16570485 7305049
16570489 16570490
16570491 16570493
16626527 16626529
16644282 16644285
16647271 16647276
16667006 16667009
16736661 16736666
16777902 16777906
16808913 16808915
16809746 16809750
16810127 16810131
16982265 16982267
17007282 17007284
17024599 17024600
17024808 17024811
17049217 17049220
17088675 17088677
17101552 17101554
17102185 17102191
17117429 17117432
17117433 17117435
17117440 17117445
17120388 17120390
17120391 17120393
17120394 17120397
17120398 17120405
17136018 17136020
17136038 17136041
17167404 17167408
17316478 17316482
7092861 17378894
17382427 17382432
17382427 17382433
8428169 17524099
18422103 18422108
18506866 18506869
18535679 18535682
19039155 19039160
19114647 19114651
19136080 19136082
19187703 19187705
19187703 19187706
19187964 4576835
19916408 19916413
20048712 20048714
20381061 20381065
20403282 20403283
20409803 20409808
20429441 20429443
20432018 20432022
20433989 20433990
20434054 20434055
20437409 20437415
20437430 20437435
20441274 20441278
20441291 20441295
20441305 20441309
8812443 8812442
21108145 21108146
21108147 21108148
21220657 21220662
21378648 21378649
21378648 21378650
21985142 21985146
2751093 21997115
7683079 18119032
22087589 22087595
22109354 22109363
22112158 22112162
16218725 22113162
7683080 22137312
22142290 22142295
22200192 22200198
22200444 22200448
22200762 22200767
22206510 22206514
22208690 8752927
22211046 22211049
15984471 22211654
2532947 22223297
22257780 22257783
22272577 22272581
17117574 22285086
22330566 1440002
22385876 22385883
22387089 22387093
22390471 22390478
22394216 22394221
22394216 22394222
22395579 22395582
22402137 22402142
22404510 22404515
22406746 22406750
22412144 22412147
22419576 22419582
17433499 22456326
22458156 22458161
22473713 22473717
22473970 15279451
15514394 22480814
22482847 22482852
22482890 22482894
22488554 22488558
22495960 22495965
22514873 22514875
21647712 22521214
22535360 22535361
22557751 22557761
22562042 22562046
22563433 22563440
22588567 22588573
22598459 22598466
22600689 22600694
22614625 22614630
22619521 22619526
22637451 22637455
22643094 22643099
22645097 22645102
22649981 22649986
22652312 22652318
22653256 22653259
22653256 22653260
22655701 22655706
22656283 22656284
22678537 22678539
1953113 22694924
21822489 22695407
22698543 22698546
21961451 22706157
21961451 22706158
21961451 22706159
22710975 22710978
22727493 22727499
22786275 22786281
22790069 22790074
22814184 15405137
22823550 22823555
22842256 22842260
22862984 22862988
22869249 22869258
22885997 22886002
22910872 22910876
22948104 22948107
22965346 22965351
22993257 22993263
23014960 23014963
23022172 23022173
23022172 23022174
23030110 23030114
17634058 23087500
23142783 23142795
23144198 23144202
6856504 23190963
23195624 23195627
23204272 23204274
23204289 23204295
23204297 15478464
23204302 23204306
23204307 23204309
23264658 23264660
23273220 23273224
23280062 23280070
23427331 23427333
23427546 23427550
23427579 23427583
23430641 23430643
23655080 23655082
23665963 23665965
22199445 23670103
23722074 23722076
23739366 23739368
23743980 23743983
23765844 23765845
23817812 23817814
23970661 23970663
24312761 24312762
24638931 24638936
24791544 24791546
25075979 25075983
25148955 25148958
25271022 22113607
25282089 25282091
4720928 25434000
25492560 25492562
25714629 25714632
25715006 25715009
25867527 25867532
25874677 25874679
26514334 26514337
26882250 26882251
26882252 26882253
26882254 26882255
26882258 26882259
26885372 26885379
26888954 26888958
26888962 26888966
26889005 26889009
26889184 26889188
27527228 27527230
27534870 27534871
27796742 27796743
27796773 27796774
28255837 28255839
655 28339044
28366596 28366600
2508904 28367264
28417102 28417108
28430967 28430973
8342027 28480915
21640525 28480932
10397551 28531769
28534634 26783099
28573168 28573173
26413963 28590027
28590119 516707
15514395 28590453
21644459 28591140
15514971 28591869
28592962 28592965
85289 28601520
28601664 28601667
28677210 28677214
28727633 28727640
28747523 28747526
28751688 28751691
28785707 28785710
28804751 28804755
28809247 28809252
28821866 28821869
17252495 28822675
720804 46892
1835488 28850316
8907576 28855099
23428483 28860914
23190961 28865406
28874136 28874141
28874512 28874517
28878158 28878162
49449 28892521
9480924 28892701
28894297 28894302
28907335 28907338
6988336 28909282
4875768 89590
16371224 28924830
28928478 28928483
28932784 28932788
28949265 28949267
28960413 28960420
28965261 28965264
1368213 28969046
28974498 28974501
15514398 28974693
22643109 28988002
28994168 28994173
29002465 29002469
29006765 29006770
29006802 29006808
29008594 29008604
29008594 29008601
18538648 9922668
29018747 29018749
29022459 29022462
29042353 29042359
29042603 29042608
29065973 29065978
29072188 29072196
29103467 29103469
29107774 29107776
29111681 28382849
29119023 29119026
29119972 3266
29122860 29122862
22643111 29128043
29143904 29143908
29162684 245432
29168978 29168982
29174759 29174764
29188662 29188667
29192599 29192604
29244221 29244228
29245624 29245630
22643104 29254660
29272361 29272364
29280196 29280200
29288697 29288702
29292038 29292045
29301696 29301700
29326448 29326453
29407767 29407769
4084665 29437516
19138002 29450105
29509872 29509874
29528781 29528785
29540943 29540947
29552039 29552043
29552045 15415282
29552050 29552052
29552055 29552058
29566288 29566292
29570267 29570269
28879324 29617334
29733494 29733497
29769318 29769320
29769690 29769697
29769826 29769830
29785029 29785031
29872914 29872917
29913898 29913900
29926561 29926563
29935228 29935230
29976880 29976884
29992327 29992328
29997429 29997432
30010209 30010210
30020334 30020336
30035490 30035493
30046277 30046279
30056147 30056148
30056327 30056329
30108779 30108785
30108995 30108996
30134110 30134113
30155091 30155095
30226520 30226521
30245054 30245058
30272932 30272935
30325315 30325320
30349287 30349291
10656248 30391972
30394427 30394429
11174659 30457747
30838374 30838380
31352558 31352560
31566626 31566630
31576601 31576606
31798047 31798049
31828105 31828110
31872489 17437101
31974398 8557607
31986276 31986280
32144705 32144710
15514401 21977652
32450235 32450238
32450235 32450239
4084667 32645129
33052675 33052679
33101916 33101917
33101919 33101920
33108354 33108358
33494800 33494801
33738889 33738890
33847330 33847335
33847364 33847369
33855650 33855656
24226226 34527011
436070 34528532
14218234 34544428
1456085 34546991
10655428 34574369
34599254 24235162
34611084 34611088
34625701 34625704
34667845 34667849
1446741 34698471
1446741 34698472
34698904 34698912
4461309 34704718
5984585 34710259
114327 34713227
7683834 224365
23666521 28815552
25393354 34720439
15514973 24852661
2009670 34732538
4834199 34732661
34749056 34749058
23666520 10724619
34768356 34768359
34769382 34769388
34769473 34769478
34771135 34771140
34773624 34773628
34774603 34774606
4084662 34779769
7747276 34779916
28055143 34793806
21645113 34807289
34824202 34824206
34852288 34852291
34877387 34877390
34904369 34904374
34916009 34916014
18079547 30801880
15527811 34950770
34956014 34956016
34959861 34959865
31341031 34979070
35001782 35001793
35028005 35028010
35030049 35030051
1836104 35030817
35045239 35045242
35061408 35061410
35065147 35065153
35082540 35082546
35096658 35096662
35102654 35102659
35109507 10963540
35128155 35128162
35142815 35142820
35142815 35142821
35160863 35160868
9080022 35161340
35172994 35172999
23204303 35211104
35219046 35219051
35228105 35228111
35235572 35235584
10101872 35257018
35272859 35272863
35273558 35273562
21930969 35296061
4720929 35296071
35305290 24116
9603631 35311638
35359361 35359366
35363196 35363201
22643115 35365143
35464263 2737927
35477570 35477576
35503608 35503612
35527164 15329346
35527465 35527467
35585552 35585553
11884852 35593964
20541710 9458356
35605489 35605492
35695269 35695272
35699640 35699644
35710111 35710115
35710116 4488988
35710120 35710122
35710126 35710128
35710129 34581112
35715480 35715484
35716887 35716889
35808759 1113931
35825724 35825727
35827266 35827271
35897507 35897510
35921666 35921671
35921679 35921681
35921892 35921896
35921916 35921918
35921920 14479822
35921922 35921924
35922018 35922022
35923065 35923068
36049767 36049769
36074378 36074381
36093921 36093923
19893523 36156223
19893523 36156224
36157572 36157574
36182076 36182078
36195672 36195676
36196157 36196159
36196173 36196175
36196178 36196179
36196181 71555
36199210 36199211
1196121 36208858
36211286 36211290
36355668 33839078
36383310 36383314
36408356 36408362
610 36409141
36430000 36430003
36432442 36432444
36440181 36440182
36453370 36453372
36482926 19212767
36483700 328987
36558779 36558780
36731853 36731855
31803645 36940750
37112612 37112617
37365562 37365565
37438255 37438257
37448010 37448014
34717147 37459037
37462562 37462563
4231545 37661024
37726316 37726320
37875925 37875927
37882933 37882939
37921713 37921717
38001485 38001489
38045421 38045425
38061446 38061450
38173733 38173737
38211511 38211514
38495364 38495370
39125530 39125531
39128613 39128618
39131705 39131709
39131798 9458356
39741929 39741930
39741931 39741932
39849243 39849249
39849250 39849255
21648306 25148381
26404839 40531063
40638570 40638573
40670737 40670743
40235254 40687666
78559 40691750
339474 40703705
40713978 40713984
25393355 39730204
4968108 40753104
32643103 40756290
40763970 40763972
34971973 40855874
40868589 40868593
40875740 8116770
40928780 40928784
685413 40933915
40954126 40954130
40955326 40955335
40958958 40958961
22643101 621209
41006639 41006643
41016019 41016024
41016019 41016025
14936676 41020854
41040152 41040155
28590452 41041456
41045369 41045374
31647562 41054057
41071940 41071947
41099784 41099792
5150434 41108425
41110906 41110909
41116619 41116621
41132241 41132244
41136158 27099
11792473 41146863
41149168 41149171
41151086 41151092
41152702 41152707
41153802 41153804
1843234 41208020
15258830 41215366
13564929 41233881
41241316 41241324
41247171 41247176
41282515 41282521
41374188 41374193
41374711 41374716
21642703 41384381
41406426 41406431
41417353 41417358
41450827 41450830
14931676 41454409
31929499 4038989
9341120 9341119
41623093 41623096
41630404 41630408
41634994 28912187
25326799 41645835
41653469 41653473
41667111 41667113
41668677 41668680
41668677 41668681
41668683 15262344
41668687 41668691
41668692 41668698
41668701 41146863
41669126 41669131
41681313 41681317
15514396 41711433
41776087 41776091
41786315 41786317
41818568 1288915
4081839 41821073
41874410 41874412
41874954 41874956
41877110 41877115
41979738 41979740
41998053 41998057
22491420 19233709
42013862 42013864
42051272 42051275
42063004 42063008
42076312 42076313
42093955 42093957
42113815 42113819
42123472 42123474
42128878 42128882
42128975 42128977
42130206 200557
42139716 42139718
42145531 42145533
42150248 42150250
42151737 42151740
42227119 42227124
1429425 42304067
42402010 42402013
42432351 5009349
42440117 42440121
42451290 42451295
42583773 42583776
42656511 42656513
22554236 42822776
42855290 42855292
42855869 42855876
514423 42876268
43188917 43188921
43272961 43272968
13650660 21954117
43373058 43373060
43374157 43374164
43443171 43443174
43575316 41363758
43809098 43809099
44032773 17584806
44467362 44467364
44939145 44939151
44985715 44985717
44986748 44986753
44989111 44989114
44992333 44992337
44992354 32559527
44992374 44992378
45588717 45588718
45588721 45588722
45588723 45588724
45692992 45692993
45694405 45694411
45836741 45836742
4026543 46354872
4026543 34831220
17367085 46354892
46371033 46371040
3086387 22090593
46465465 46465466
46071717 46468746
46478584 46478586
46497225 15288881
21642760 22648752
3783430 46518079
46525130 46525133
865743 46529215
12261688 46539754
46540670 46540676
46554945 46554950
35082548 46559751
40610647 46574346
46574539 46574542
46574706 26809014
9990088 46575079
46575133 46575137
21930970 46575481
13564927 46575775
46576305 46576308
44992532 46584513
43305861 46602135
46632150 46632151
46639960 46639962
46702749 46702752
1953109 46706070
22473976 46707783
18478604 46717953
46735264 46735268
26889191 46739821
46747411 46747414
46751200 46751203
46751830 46751834
46754677 10125856
46756015 46756020
46767539 46767544
46770018 46770020
4720932 46775379
46817535 46817540
46819789 46819794
41020859 40683181
46829463 9473924
46836151 46836155
46842337 46842341
46849131 46849137
46853390 46853397
46862656 46862658
46876816 929797
30539527 46881397
46885067 46885071
46914038 46914040
46921893 46921898
46922186 46922192
46929794 8146376
46762 46944621
46944693 46944699
46950368 46950371
6856502 46951161
21389076 46953405
43770714 46960089
46960465 46960468
46965317 46965320
46992208 46992210
46993209 46993213
47002231 47002235
19369869 47008117
23126979 47015572
47017488 47017489
2887793 47045716
47052805 47052809
47059432 47059436
47062912 47062915
47068416 47068419
47072332 47072335
47072456 47072460
47158948 47158951
47162075 47162079
47207961 47207965
47232343 47232346
47282607 44538792
1056489 47346062
47365708 28411749
47376348 47376351
47376945 47376949
47403273 47403278
47459113 47459117
15514397 47459137
47459148 47459150
47526955 47526956
47562499 47562504
47605096 47605102
37427577 47615358
47648384 47648387
47657351 47657352
47657427 47657429
47657551 47657555
47657782 43974360
47657961 47657963
47758243 40679610
47810825 11528530
47820439 47820441
47868239 47868240
47875307 47875309
15620357 47875730
47877161 47877165
47878628 47878629
47880976 47880979
47888547 47888554
47896365 14257488
47898702 47898705
47899134 47899136
47899479 47899483
47914729 47914730
42583777 47916676
47916761 47916765
47930475 47930478
43910694 47942383
48155651 48155653
48164533 48164538
16686951 48188773
48190675 48190677
48223567 48223572
48412468 48412470
67697 48628191
49017175 49017178
49018046 31621863
49049769 49049771
49089514 49089521
12279587 49099013
49112803 49112804
49190275 49190281
49312053 23722114
6404740 49644264
46573885 49693607
49706997 49707000
13650659 49738917
49763549 49763554
50073468 50073469
50239293 22889358
50667735 50667737
50667837 50667839
50672016 50672017
50674663 50674668
50676249 50676255
50677824 3742439
50677828 50677832
51258018 51258019
51260735 51260736
