108864 108870
123740 123745
124833 124837
127580 127583
157190 157192
162215 162217
167564 167570
174901 174903
182333 182334
198843 198845
199925 199929
209282 209285
216951 216955
226316 226318
295569 295595
325461 325463
354674 354686
361904 361907
363580 363585
363601 363608
364107 364111
368768 368772
394096 394102
396424 396427
399511 399514
415811 415823
441800 441808
480210 480213
509554 509555
556164 556169
556486 556491
559296 559298
565386 565388
569927 569929
578219 578224
582655 582658
590715 590717
625182 625185
625903 625907
637632 637634
653847 653850
668349 668352
670129 670133
672469 672471
694088 694089
712854 712856
733352 733356
767924 767928
768805 768807
786187 786189
793876 793886
803361 803363
855845 855847
903221 903222
964876 964881
993090 993092
1032252 1032255
1040317 1040320
1052011 1052013
1063349 1063351
1080235 1080237
1096008 1096010
1111870 1111872
1112117 1112121
1174415 1174417
1186436 1186438
1247592 1247593
1308827 1308829
1335843 1335846
1340399 1340401
1341655 1341659
1358590 1358592
1369942 1369944
1382469 1382470
1382469 1382471
1441999 1442002
1454360 1454362
1459866 1459869
1483161 1483163
1485261 1485268
1497620 1497624
1498376 1498380
1535437 1535439
1537959 1537960
1553076 1553078
1560571 1560574
1569593 1569596
1585515 1585517
1596954 1596956
1600293 1600295
1608321 1608322
1613995 1613997
1634443 1634444
1643783 1643785
1643793 1643796
1657094 1657095
1657110 1657111
1664500 1664501
1699119 1699121
1751084 1751085
1766532 1766535
1770312 1770314
1783453 1783454
1829771 1829773
1846336 1846337
2025691 2025693
2059958 2059960
2067551 2067552
2091992 2091993
2092304 2092305
2096580 2096582
2096791 2096793
2103264 2103266
2104855 2104857
2107593 2107594
2242654 2242656
2299996 2299998
2303752 2303757
2312876 2312879
2321592 2321594
2324762 2324764
2368817 2368819
2380618 2380621
2446315 2446317
2446462 2446465
2548273 2548275
2568171 2568172
2594777 2594779
2706149 2706151
2713483 2713484
2785292 2785297
2791816 2791818
2828542 2828544
2849031 2849033
2905685 2905686
2940774 2940777
3059078 3059080
3059351 3059353
3063586 3063588
3073201 3073203
3134985 3134986
3136586 3136587
3141977 3141979
3153060 3153061
3186109 3186111
3391485 3391486
3393899 3393900
3396771 3396772
3682416 3682417
3711284 3711285
3745941 3745942
4069123 4069124
4109083 4109086
4120379 4120380
4120882 4120883
4138298 4138299
4306487 4306488
4308902 4308903
4346430 4346431
4347591 4347592
4481415 4481417
4767431 4767432
5108504 5108505
5126908 5126909
5586627 5586628
5592455 5592456
5609042 5609043
5612745 5612747
5684780 5684781
5692449 5692450
5692901 5692902
5751676 5356597
5851632 5851633
5865809 5865810
5870369 5870371
5875956 5875957
5999092 5999093
6557643 6557644
6656566 6656567
6872748 6872750
6872772 6872773
6889121 6889122
6932247 6932254
7279031 7279032
7783326 7783327
7804681 7804682
7824743 7824744
7824899 7824900
7837569 7837570
7851012 7851013
7851682 7851683
7869349 7869350
7903675 7903676
7905442 7905443
7943974 7943975
7944000 7944003
7989321 7989322
7989370 7989371
8153430 8153437
2359364 8167835
8177161 8177171
8190854 8190857
8199348 8199353
8202493 8202499
8205500 8205502
8210319 8210323
8210675 8210677
8212452 8212454
8229052 8229054
8231437 8231438
8235672 8235674
8255736 8255738
8259206 8259207
8287335 8287343
8287475 8287480
8288020 8288023
8320581 8320584
8373326 8373328
8374535 8374540
8375543 8375546
8375766 8375774
8376630 8376636
8376966 8376970
8378187 8378192
8378677 8378681
8380555 8380558
8383514 8383517
8393687 8393691
8399130 8399133
8403195 8403199
8407014 8407016
4121391 8409093
8409974 8409976
8412497 8412499
8426997 8427002
8428706 8428709
8437277 8437280
8443982 8443984
8445235 8445243
8446803 8446807
8459018 8167935
8461477 8461479
8474091 8474096
8479709 8479714
8520752 8520753
8523358 8523361
8525590 8525592
8514528 8525789
8531772 8531775
8536102 8536108
8556827 8556830
8576598 8576600
8577953 8577957
8601472 8601474
8610298 8610301
8631052 8631053
8632520 8632522
8660961 8660967
8661545 8661547
8670377 8670378
8670553 8670556
8676549 8676554
8699252 8699254
8699284 8699286
8701026 8701028
8707493 8707495
8719455 8719457
8727979 8727982
8729143 8729145
8750621 8750623
8766141 8766143
8772781 8772783
8780819 6309492
8786244 8786246
8808674 8808676
8816230 8816232
8822097 8822099
8823007 8823011
8824424 8824426
8846071 8846073
8892095 8892097
8894532 8894534
8894543 8894544
8909871 8909873
8967670 8967672
9020033 9020037
9021370 9021372
9037689 9037691
9070277 9070278
9071423 9071425
9110963 9110965
9122900 9122902
9148004 9148005
124839 9149166
9162759 9162761
9171602 9171606
9193518 9193520
9198258 9198259
9211467 9211469
9234645 9062823
9239245 9239246
9239303 9239305
9269805 9269807
9269974 9269976
9300372 9300373
8235677 9307193
9311735 9311738
9321165 9321167
9321677 9321679
9327386 9327390
9332641 9332643
9364309 9364310
9373746 9373748
9380775 9380777
9384157 9384160
9385572 9385573
9386910 9386913
9393899 9393901
9458110 9458111
9467459 9467461
9479187 9479190
9501326 9501327
9504645 9504648
9517528 9517529
9534664 9534665
9577451 9577452
9578471 9578472
9582809 9582811
9617545 9617547
9625068 9625072
9639452 9639454
9655400 9655402
9704036 9704038
9715411 9715412
9716250 9716252
9744291 9744292
9779836 9779838
9786185 9786187
9806064 9806065
9824227 9824229
9945463 5358243
9966827 9966829
10118614 10118615
10159649 10159651
10161711 10161714
10273003 10273004
10307253 10307255
10416823 10416825
10530438 10530439
10533575 10533578
10538313 10538315
10615548 10615549
10623319 10623323
10675572 10675573
10675585 10675586
10676695 10676696
10690180 10690181
10693930 10693931
10694539 10694540
10897178 10897179
10902285 10902286
10905254 10905255
11158643 11158646
11167494 11167495
11172275 11172276
11271514 11271516
11524671 11524672
11566593 11566596
11566593 11566597
11705292 11705293
11733009 11733010
11735023 11735024
11735156 11735157
11737687 11737688
11754313 11754314
12112778 12112779
12151712 12151713
12195398 12195399
12230643 12230644
12231534 12231535
12232505 12232506
12252951 12252952
12254146 12254147
12255166 12255167
12275978 12275979
12282825 12282826
12282903 12282904
12289813 12289814
12399340 12399341
12898803 12898804
12909536 12909537
12913182 12913183
12997390 12997391
13118698 13118699
13157067 13157069
13160322 13160327
13160445 13160447
13161755 13161757
13162168 13162170
13162659 13162661
13996221 13996222
14079888 14079889
14093780 14093781
14093857 14093858
14093874 14093875
14093924 14093925
14327275 14327276
14327293 6446327
14469667 9175114
14952437 14952438
14953753 14953754
14954860 14954861
14977344 14977345
14977344 14977346
14981457 14981458
15037222 15037223
15038408 15038409
15117052 15117055
15117052 15117056
15117052 15117057
15117449 15117452
15117449 15117453
15287007 15287009
15299422 15299430
15308999 15309008
15318927 15318931
15324800 15324802
15325661 15325663
15328192 15328194
15329177 15329179
15331098 15331100
15353689 15353693
15371445 11560586
5829040 15373063
15379008 15379009
15385713 15385717
15388083 15388085
8177173 15396424
15407282 15407287
15447503 15447506
15473467 15473469
15474733 15474736
15475582 15475587
15476974 15476976
15480628 15480630
15482549 15482551
15484796 13557228
15488091 15488095
15490884 15490886
15493138 15493141
15495732 15495736
15497433 15497435
15497485 15497488
15499699 15499702
15501761 15501763
15502786 12598126
15502789 15502791
15505674 15505677
15511819 15511821
15519616 15519620
15522231 13255824
15613078 15613081
1550197 15620604
15621311 14908939
15623889 15623891
15643497 15643499
134200 12285783
15646104 15646106
15667183 15667185
15676215 15676217
7348000 15678541
15680952 4201599
15683974 15683976
15684703 15684705
15698465 15698467
15699421 15699425
15723711 15723713
15735564 15735569
15744268 15744270
15756957 15756959
15765885 15765886
15776521 15776523
15780643 15780645
15783643 15783645
15786041 15786043
15788873 15788876
15812177 15812179
15816521 15816524
15877920 15877922
15879350 15879352
15883156 15883160
15883747 15883749
15887741 15887744
15890223 15890225
15892365 15892366
9084039 15893993
15905669 15905671
15906781 15906783
15912909 15912912
15963131 15963133
15971055 15971057
15978289 15978291
16002783 16002785
16012223 16012224
16013372 16013374
16023603 16023604
16041623 16041627
16068173 16068176
16070828 16070830
16088799 16088800
16088918 16088920
16090214 16090216
16155639 16155641
16169907 16169909
16178571 16178573
16181890 16181892
16194182 16194185
16236468 5249873
16244232 16244234
16247781 16247782
16254941 5376716
16266426 16266428
16268206 16268207
16290368 16290369
16293796 16293798
16301626 16301628
16301772 16301773
16302349 16302351
16302368 16302369
16302581 16302583
16314086 16314087
16315755 16315756
16327812 16327814
16335918 16335920
16352437 16352438
16355190 16355192
16359437 16359439
16367486 16367487
16380231 13069721
16388378 16388380
16389693 16389695
16411636 16411640
16421446 16421448
6426706 16423861
16424813 16424815
16436861 16436863
16459960 16459962
16465632 16465634
16467557 16467559
16469563 16469564
16473668 16473671
16479290 16479292
16480983 16480984
16486608 16486609
16521094 16521096
16538437 16538439
16547932 16547934
16553523 16553524
16636787 16636788
16659044 16659046
16696415 16696418
16720028 16720030
16736859 16736861
16768682 16768684
16771815 16771817
16774416 16774417
16774605 16774607
16794179 16794181
16818262 16818264
16819690 16819691
16880876 16880879
16880876 16880880
16880876 16880881
16902899 16902900
16949105 484770
16973815 16973817
16978109 16978110
17039086 17039088
17054325 17054326
17065145 17065147
17091545 17091547
17244791 17244794
17262089 17262092
17304494 13254239
17331945 17331946
17338845 17338846
17343943 17343945
17350804 17350807
17354513 17354514
17362621 17362622
17435037 17435039
17446920 17446924
17450125 17450127
17459442 17459444
17481092 17481095
17529398 17529400
17558271 17558273
17565280 17565281
17631222 17631223
17821846 17821847
17826072 17826073
17827761 17827762
17829819 17829820
17889345 17889347
18040883 18040884
18067517 18067518
18092237 18092240
18092906 18092907
18452943 18452944
18456443 18456444
18600119 18600120
18746915 18746916
19004273 19004274
19016330 19016331
19062168 19062170
19079470 19079471
19081561 19081562
19084728 19084729
19133057 19133058
19138032 19138033
19138210 8515780
19277039 2996656
19767483 19767486
19773932 19773933
19781641 9245743
19797202 19797203
19901223 19901225
19906731 19906732
20717558 20717559
20823274 20823280
6869477 20823472
20826367 20826368
20837262 20837263
20839362 20839363
20843691 20843692
21063592 21063593
21110189 21110190
21670110 21670111
21681614 21681615
21737182 8126041
21741928 7502231
21742153 21742154
21747776 21747777
21747778 21747779
21787814 15787162
21821711 21821712
21822027 21822028
21971917 21971919
22011201 20100358
22019045 22019047
22038097 22038099
22039186 22039187
22063418 22063419
22081519 22081521
22121556 22121561
22166068 22166071
22169773 22169775
22183702 22183706
22186601 22186605
22189783 22189789
22191357 22191359
22191864 22191866
22193388 22193390
12282828 22198049
22208211 22208215
22209424 22209426
22222944 22222950
22230719 22230721
22297748 22297750
22298588 22298590
22298658 22298660
22298936 22298938
22301250 22301253
22301998 13661758
22303834 22303836
22307947 22307951
22332078 22332079
22335061 22335062
22339855 22339858
22341792 22341794
22342250 22342252
22183707 22343434
22345103 20365820
22353460 22353462
1013887 22356310
22356596 22356598
22365495 22365497
22370954 22370956
22373900 22373903
4310249 22380352
22383742 22383744
22391944 22391945
22400653 22400655
22418956 22418966
22433584 12103052
22434110 22434112
22444179 22444181
22444647 22444649
1692285 22452701
22458269 22458271
17054328 22471703
22497698 22497699
22539235 22539236
22553579 12610256
22568919 22568922
22630682 22630683
10951548 22650131
22681090 22681092
22698237 5268841
22702644 22702646
22728207 22728210
22730865 22730869
22732598 22732600
22774965 3955672
22821019 22821020
22821417 22821419
4794842 6087889
22860843 22860846
22860929 22860931
22863211 22863214
22870767 22870768
22881434 22881436
22889362 22889364
22920838 22920840
22926205 22926207
22927392 22927394
22944508 22944510
22948740 22948742
22949272 22949274
22952565 22952566
22954902 22954905
22955976 22955978
22966918 22966920
22973765 22973766
22973783 22973785
22997775 22997777
22998786 5431237
23000061 23000062
23012079 23012081
23017863 23017865
23022073 23022075
23027284 23027285
23033206 23033208
23033588 23033590
23034272 23034273
23040448 23040451
23048147 23048149
23052934 23052936
23060663 23060666
23067311 23067313
23098321 23098322
23104212 23104217
23116482 23116483
23117614 23117617
23123576 23123578
23123902 23123905
23138099 23138100
23142723 23142724
23144349 23144350
23169849 23169851
23211692 23211694
23232828 22309290
23254890 23254892
23281917 23281920
23285004 23285008
21822031 23310995
23323181 23323183
23356983 23356985
23392574 23392575
23397401 23397403
23562285 23562287
23706184 23706186
23707217 23707219
23719656 3748125
23738223 23738225
23746518 23746519
23753745 23753747
23809329 23809331
23842042 23842045
23843851 23843855
23879861 23879863
23894062 23894064
23935883 23935885
23941419 23941421
23944906 23944908
23950956 23950957
23963916 23590071
23965184 23965186
23985706 23985709
24041230 24041231
24147452 24147454
24204979 24204980
24205492 24205493
24379306 24379307
24385123 24385124
24389930 24389931
24390063 24390064
24391143 12618812
24411860 24411861
24596093 24596094
24621167 24621168
24626392 24626393
24994778 24994779
24999011 24999012
25072927 25072929
25131775 25131776
25146352 25146355
25391391 25391392
25458524 25458525
25474818 25474819
25532113 25532114
25640996 25640997
18456446 25642107
25644529 7821287
25652916 5249822
25810761 25810762
25818407 25818408
26179960 26179961
26192310 26192311
26265960 26265961
26274981 6597143
26403028 26403031
26411368 26411369
26417851 26417856
26422383 26422385
26736055 26736056
26736055 26736057
27186801 27186802
27253504 27253505
27258502 27258503
27258504 27258505
27263927 27263928
27270471 19501762
27626305 27626306
28039831 28039832
28069415 28069416
28071171 28071172
28073717 28073718
28103841 28103842
28104599 28104600
28153409 28153410
28154648 28154649
28155657 28155658
28193689 28193690
28225687 28225689
28367765 28367766
28386308 28386313
28392947 28392958
28400447 28400450
28403476 5280449
28405345 28405351
28411318 28411320
28415702 28415704
12783244 28421592
28421603 28421605
28421629 28421631
28445750 28445752
28446200 28446202
19942559 28467109
1306967 28469155
28479165 28479167
28543453 28543457
28551994 28551997
28555568 28555577
28555918 28555921
15756961 28558483
28562762 28562766
10579291 28566531
28569152 5258198
28574597 28574601
28578262 28578265
28578974 28578976
28582904 28582907
22090672 28584048
22888251 28604377
28605951 23457791
28609149 28609152
28637234 28637237
28642184 28642189
13656425 28654060
28660128 28660130
28678616 28678619
28679165 28679166
28682064 28682069
239430 28684195
28685181 28685182
28688069 28688071
28696612 28696614
28697747 28697749
28698783 28698785
28744840 28744842
28750083 19922369
28758922 1008528
28758928 28758930
26417853 28763296
28772164 28772166
28804682 28804684
28815423 28815425
28817833 28817835
28828419 28828421
28836233 28836235
28838904 28838906
28842740 28842742
28855716 28855717
28857021 28857023
28887072 28887074
28887127 28887129
28909316 28909318
28936699 28936701
28957483 28957485
28997194 28997196
15340794 8437843
29033705 29033707
29035865 29035867
29037704 29037706
29048386 29048388
29073270 5236860
29111872 29111875
29185031 20348329
29187757 29187759
29197169 29197170
29202149 8963267
29205379 29205381
29205636 13448519
29217013 18785516
29250136 25558999
29254096 29254098
29255690 29255693
29262853 29262855
29266306 29266309
29266332 29266333
1382473 29278091
8792743 29296383
29308233 29308235
29310444 29310445
29311811 29311813
29318118 29318120
29320147 29320150
29343261 29289584
29345376 29345377
29352370 29352373
29364517 29364519
29367599 29367602
29377631 29377633
29378463 29378468
23518276 29378825
29385431 29385433
29407634 20392908
29412977 1939680
29413838 29413840
29423426 29423427
29429441 29429443
29441481 29441482
29446027 29446029
29458294 29458296
29470990 29470993
29477820 11686178
10534774 29485699
29487790 1541636
29502336 29502339
29507221 29507222
24450890 29507286
29507373 29507376
29547704 29547706
29547849 29547851
29575123 29575124
29602174 29602176
19773934 29613820
29630606 29630608
29658715 29658717
29660335 29660337
29661626 29661629
29675681 29675682
29689363 29689365
29690196 29690197
29690249 29690251
29697205 29697206
29699912 29699913
29699916 29699917
29739623 29739625
29740401 29740403
29756495 29756497
29829031 29829033
29861965 29861967
29890712 29890714
29906657 29906659
29918756 29918758
29944899 29944902
29969020 29969022
29985860 22153137
29991258 29991260
30006059 30006061
30029311 30029312
30043596 30043598
30093978 30093980
30147853 20613168
30153204 30153205
30155892 30155893
30167777 30167779
30176030 30176031
30266392 30266394
30266649 18469172
30274478 30274480
30279683 30279685
30287167 30287169
30295406 30295408
30299619 30299621
30379160 30379162
30383175 30383179
30427341 30427343
30454913 30454915
30500483 30500484
30506768 30506769
30510535 30510536
30516141 30516142
30688191 30688193
30689681 19423377
30690801 30690802
30691879 30691880
30697860 30697861
30918270 30918271
31286189 31286191
31366182 31366185
31423254 31423255
31455438 31455440
31558740 31558742
31568855 31568856
31578528 29669445
31783076 31783078
31835121 31835123
31865702 31865703
31878055 26060585
31919878 29067721
31928861 31928862
32077413 32077414
32078052 32078053
1863331 32423048
32430418 32430419
32431280 32431281
32447068 32447070
32486690 32486691
32493765 25992699
32588453 32588454
32613699 32613700
32613703 32613704
32639661 32639662
32652402 32652403
32653068 6164205
33467540 33467541
7348019 33474985
33484498 33484502
33484874 12592083
33484887 26904057
33484905 33484906
33695897 33695898
34268800 34268801
34271573 34271574
34291980 34291981
34323704 34323705
34338176 34338177
34343726 34343727
34369310 34369311
34412660 34412662
34490246 19471094
34490272 31814371
34584529 26904789
34593522 34593524
34600161 34600163
34602046 34602048
32100701 34625522
34626390 34626392
34632974 34632977
34644862 27065495
34651396 34651398
32100707 34659730
34668987 34668990
399970 34720369
34729206 34729207
34735352 34735354
22090231 34736159
34740537 34740541
34743892 34743894
34747412 34747414
34750061 34750063
34753387 34753389
34756633 34756635
34760284 34760286
32100702 34760379
17028094 34760392
34778261 23361566
34815986 28033829
34818070 782852
34824770 34824776
34827593 34827595
34839888 34839890
34852973 34852975
34856895 34856897
34858433 34858435
34859232 34859234
34860412 34860414
34862317 34862320
275802 25899418
34864599 34864603
34873255 6358527
34875638 34875641
34903151 29546943
34927461 34927464
34932174 34932178
34935376 34935379
34936394 34936400
34947401 34947405
34954327 13594442
34956710 34956711
34957334 34957335
34958772 34958774
34963274 34963276
34966764 34966767
34987553 34987556
35002708 35002710
35007720 35007721
35014485 35014487
35062152 35062154
35062978 35062980
35068477 26351934
28549492 35081892
28549493 5116063
35087129 35087133
35093789 35093791
35095275 35095276
35120073 35120075
16266429 1263199
35130194 35130195
35160149 35160151
35160832 35160833
35161105 35161107
35175847 35175849
1063352 35182182
35254279 35254281
35265910 456380
10579293 35266226
35280487 35280489
35308329 35308330
35308341 20704715
35375467 35375469
35380552 35380554
35394417 35394418
35423535 35423536
35456705 35456707
35489555 35489557
35496688 5362233
9467462 12615597
25595274 35504192
35507748 35507750
35511172 26821399
35514798 35514800
35518576 35518578
35561827 35561828
35565635 35565636
35573441 35573444
35574923 35574924
35577212 35577214
35579114 35579116
35593751 35593753
35603671 35603673
35619377 35619379
35625916 35625921
35628506 35628508
35653839 35653840
35661787 35661789
35662303 9203508
35676302 35676304
32100704 35692672
35730240 35730241
35814785 35814787
35826628 35826630
35834674 35834675
35850077 35850079
35853723 35853724
35858726 1420985
35865581 35865583
35884907 35884909
35890860 35890862
35891233 35891235
35905084 35905085
35906348 35906350
35907044 35907046
35913838 35913839
561612 35988589
36043325 36043327
36043471 36043473
36043641 36043643
36044053 36044054
36064797 36064799
36083193 36083194
36100490 36100493
36105490 36105493
36138644 36138647
36180294 36180296
36200013 36200015
36201724 36201726
36235688 36235690
36235698 5387174
36345707 35619221
8289815 36367470
36393555 36393558
36400335 36400337
36401018 36401019
36402403 12583814
36405001 36405003
36411738 36411741
36422330 36422331
12281641 5980550
36513723 26575730
36582093 34810211
26417852 36583098
36605028 36605029
36621005 36621006
36622030 36622031
24118085 36623703
36626676 36626677
36629880 36629881
36632200 36632201
36655814 36655815
36796476 36796477
36800578 19418433
36802279 12724942
36802318 36802319
36804251 20383280
36807702 36807703
37027189 37027190
37034939 37034940
37064419 37064421
37384893 37384894
37384893 37384895
37495925 37495926
37504263 37504264
37655479 37655480
37663081 37663082
11737692 37663213
37800021 1227996
37874432 37874434
37895289 12696029
37896816 37896817
37945727 37945728
37951556 37951557
37951558 8236774
37953411 37953414
21784355 37953862
37998412 12618470
37998988 37998989
38113934 38113935
38151398 38151399
38463084 23053836
38467902 38467903
38483078 38483079
38483674 38483675
38530964 16829732
13160446 38530983
38536199 38536200
19138213 38551854
38599715 38599716
11737690 38628990
38665794 38665795
38696828 38696831
6869476 39483184
39498376 39498377
39498541 39498543
39498937 39498938
39503890 39503891
39688682 39688684
39743844 39743845
40259523 40259524
40269521 40269522
40281760 40281761
40282127 13447936
40324886 40324887
40329014 39400449
40330958 40330959
40333685 40333686
40362438 40362439
40396646 29671969
40557263 40557265
40580470 40580472
40602924 40602926
40603009 40603011
40603703 40603708
40611923 40611926
40645854 40645856
40671441 40671444
40674970 40674972
32613701 40699454
40706529 40706531
36070428 38351383
12130898 40723874
40726215 5109663
40727067 40727071
40727209 40727211
40727948 40727950
40732582 40732584
40733957 40733966
40735354 40735356
40735396 40735398
40737026 12644391
40737202 40737204
38530966 40739327
40739351 40739354
964877 40740656
40740903 40740906
40746961 40746963
40746969 40746971
37351147 26042532
40765913 40765916
40770085 32228228
18761162 40785099
40792948 40792950
40815733 40815735
124838 38319391
40840847 40840848
40843157 40843159
40843801 40843804
40844623 40844625
40854401 40854403
40856911 40856913
40881988 40881990
40894922 40894923
40895684 40895687
40904567 40904569
7698452 199467
40909068 40909073
40911768 40911770
40914227 38253837
28486140 40920056
40940207 40940209
40948832 40948834
40959244 40959247
40657133 40973409
40976646 40976648
40993354 40993356
41012491 5288962
41016596 41016598
41024750 41024752
41066546 26040919
41080809 41080811
41082779 41082782
41091458 41091460
41095509 41095511
41095968 41095970
36792086 41108757
41108784 41108785
34668992 41109719
41136012 41136014
41137847 41137849
41139349 41139351
40721609 41219456
41229318 41229322
41231845 26803782
41235676 41235677
41238011 35381579
35091893 41251827
41263115 41263117
41293121 41293123
41306440 41306442
41307802 41307803
41357934 39447115
12282827 41381682
41398256 41398257
41414823 41414824
41427006 41427007
41432495 41432499
12282829 41432787
41437838 41437840
41437889 41437891
41445196 41445197
41483664 41483667
41485364 41485365
41511170 41511172
41527472 41527473
41541821 41541823
17965280 41559917
41575875 39029353
41597024 41597026
41637806 41637807
32100699 39556025
41789668 32263404
41799904 41799906
41809468 41809470
41818161 41818163
41822040 41822042
41822101 41822103
41823107 41823109
41848232 41848234
41859116 41859118
41861072 41861073
41865136 41865137
41870323 41870325
41871660 41871661
41946565 5384832
41977502 41977503
41977694 41977695
41995018 41995020
42037899 34787335
23104218 42076987
42140965 41046556
42142377 13300811
42152378 42152380
42154668 42154670
42168507 42168510
42210007 42210008
42270477 42270479
42312600 42312601
42363795 42363796
42364042 42364043
42404391 42404393
42414582 42414584
42440797 42440799
42456904 42456906
42479559 42479560
42556702 42556703
42560345 42560346
42567161 42567162
42712961 42712963
42719734 42719735
42722245 42722246
42727326 42727327
42729680 42729681
42731863 42731864
42944252 42944254
42949480 42949481
43303436 30607415
43338505 43338506
43437995 43437997
43447340 43447345
43455117 43455118
32100700 43455562
43560815 23258406
43561294 43561298
32100703 43801874
43812721 43812725
43903043 43903044
43907440 43907441
32100706 44116564
44356809 44356810
44367878 44367879
44411979 44411980
44419822 44419824
44419830 44419831
44464252 25994790
44464254 44464255
44534131 44534132
12282905 27347599
44542501 44542502
44542506 19427391
44564587 5130041
44569293 44569295
44604492 44604493
45333797 45333801
45342488 45342490
45342580 45342582
45344231 45344232
45347926 45347927
45347948 45347949
45348959 13600699
45349242 45349243
45350194 45350195
45547795 45547796
45669260 12576213
17304496 45676333
46087580 46087581
46094768 46094769
46155996 46155997
46157803 46157804
44564589 44155392
46163907 46163908
46168149 46168150
46169158 46169159
46407424 46407426
46412052 46412054
46413046 46413048
46418284 46418286
46430005 46430007
8290510 46431374
46436520 46436522
46437854 46437856
46441735 46441737
46456219 46456221
14125648 7893990
46540123 46540125
46547122 46547124
46548614 33001579
30271445 46549935
46550609 46550611
46550849 46550852
46550901 46550903
19979257 38341632
46556844 46556845
46561314 46561316
46563534 39104773
46563922 46563925
46565598 46565603
46566121 46566124
46566660 46566662
46568120 46568122
46568304 46568306
46568972 46568974
46569334 46569336
46579125 19584812
34245535 19496725
35766783 46580757
46581083 46581086
46581184 23517163
46581829 46581831
7972310 46586172
37998203 46590643
42471479 46593755
46603359 13661952
46603526 25949672
46613504 46613506
46613741 46613743
46627693 46627695
46628008 46628011
46632400 46632405
15398452 46634902
46658119 46658120
46662351 40218660
46662732 12563025
46663905 46663907
46665434 19565535
240947 46676208
46678606 46678608
46684206 46684208
46697713 46697715
46706335 46706338
46707141 46707143
46716789 46716793
46721060 46721062
46716794 46722723
46727376 46727378
46734615 46734616
46736106 46736108
46751996 46751998
46765092 46765094
8378190 6624946
46780025 16209195
46784220 46784222
46788947 44914488
46799559 46799561
46799814 26068598
46800332 46800334
46803721 46803723
46804441 46804445
46822081 46822083
46822736 32234119
46822736 10390002
46823204 46823205
46842632 46842634
46846405 26710438
46847398 46847400
46853722 46853724
46856964 46856966
46878195 46878199
46909970 46909972
46914386 19509582
46923214 43806947
46942102 46942104
46945581 46945582
46948912 46948914
24088771 38247393
46955136 46955137
46965941 32199253
47000128 25937266
36093462 47012756
47051618 47051620
47053450 44521938
17545203 47069206
47075465 47075467
47080095 38252079
47080191 47080192
47107509 47107511
47117469 47117471
47123108 12727997
47124951 47124953
47131592 47131594
47139755 20695476
47157545 47157548
47157756 47157758
47189951 47189953
35169838 47193204
47213968 47213970
47221746 9906607
47228782 47228784
47236837 44812405
47242529 47242530
47248691 47248693
47257022 6104601
47261577 47261578
34778266 47262582
47276521 47276523
47308081 47308084
47316482 47316484
47329967 47329969
9538767 20409699
47358615 47358618
47363134 47363136
47396706 47396714
47418088 47418091
47419337 29349724
47422580 47422582
47436971 47436973
47527556 47527559
47557067 47557068
47559282 47559284
47559597 47559598
47569269 47569271
47570969 33073547
47584074 47584075
41292066 47584391
47602947 47602948
47607982 47607983
47608866 47608867
1935973 47611989
47626116 47626117
47631006 47631008
47644055 47644056
47649764 47649766
47653946 47653948
47661765 47661767
47680331 47680333
47739983 47739986
47766381 47766383
47772932 47772934
47774910 47774912
47789000 47789001
47811462 47811463
47814356 47814358
47863898 47863900
25152398 47880583
48041630 48041631
48045255 48045256
48053101 48053103
48084447 48084449
48099330 48099332
2303755 48101323
48124971 26779106
48130666 48130668
48207559 48207561
48247034 870994
48263542 48263544
36605030 48303113
48315615 48315616
48317738 48317739
48318686 48318687
48324958 48324959
48327401 48327402
48474367 48474368
48481993 48481994
48482917 48482918
48487056 48487057
48488199 48488200
48702588 48702589
48709459 48709460
48736191 48736193
48736219 48736221
49008155 49008156
49043887 20061035
49044288 49044291
49048471 49048472
49057592 49057593
49194377 49194379
32100705 49491057
49574131 49574133
11737691 12991665
49590023 49590024
49612970 49612971
38530967 49636030
18456445 49638537
49724926 49724927
50045450 50045453
50052629 50052630
50062672 50062673
50217778 50217780
50259375 47414101
50263345 50263348
50263753 50263754
50345915 49874541
50568552 50568553
50951287 12649414
51008083 51008084
51011997 51011998
51049003 51049004
51370345 51370346
51623880 13475378
51730257 51730258
51788312 51788313
51827892 51827893
51830945 51830946
51857935 51857936
51894346 51894347
51894346 51894348
