38390 38395
100705 100708
102992 102997
104702 104723
105323 105328
105331 105342
105355 105375
106915 106921
124283 124290
124318 124323
131969 131975
148642 148652
173750 173756
194692 194714
273854 273859
293764 293771
313210 313222
349383 349397
374304 374311
385378 385383
394516 394521
409519 409527
413611 413617
416888 416894
419339 419347
427704 427711
433136 433142
437298 437306
439027 439039
450351 450357
471895 471902
479477 479484
486326 486331
489445 489451
491623 491632
497794 497799
498145 498156
502636 502639
502983 502990
503354 503358
506536 506543
552295 552300
554467 554474
554892 554898
559053 559061
566177 566184
569202 569209
569515 569523
570506 570509
572066 572071
575277 575282
577322 577327
577330 577336
580310 580315
580700 580705
585192 585203
592583 592588
621947 621952
627723 627728
630750 630755
633846 633852
636146 636149
659956 659961
665536 665541
665695 665700
665890 665894
666651 666657
669737 669740
693248 693253
707365 707369
749872 749877
750069 750081
770821 770826
785999 786004
207767 787595
787820 787822
788617 788621
793415 793420
793773 793777
795009 795016
796241 796245
797194 797196
807377 807383
811198 811203
811937 811943
812287 812291
827867 827872
835248 835251
844157 844173
903725 903731
932271 932276
944282 944286
952144 952149
954481 954487
954681 954686
955419 955423
955724 955729
962196 962201
965150 965159
967511 967521
969017 969022
970880 970884
971130 971137
972194 972199
1023184 1023190
1023202 1023207
1069129 1069134
1114389 1114392
1114527 1114532
1125056 1125063
1133369 1133374
1149345 1149347
1163554 1163559
1164130 1164136
1172151 1172154
1174014 1174018
1174815 1174817
1192685 1192690
1224376 1224381
1235153 1235158
1239295 1239300
1240768 1240772
1263427 1263429
1264274 1264276
1325392 1325395
1327956 1327961
1339717 1339723
1352948 1352955
1461429 1461434
1488016 1488022
1493482 1493487
1512391 1512398
1513833 1513836
1552221 1552223
1630828 1630833
1644894 1644899
1679569 1679573
585208 1701907
1779215 1779217
1785088 1785091
1788536 1788540
1792303 1792307
1830146 1830148
1834564 1834566
1839313 1839314
1848183 1848185
1852785 1852787
1856327 1856329
1881225 1881227
1881872 1881876
1883272 1883276
1917310 1917315
1921533 1921535
1925341 1925346
1933968 1933973
1935654 1935656
1939586 1939587
1943326 1943330
1951523 1951525
1964739 1964741
1964752 1964757
1966309 1966312
1976584 1976587
2150703 2150707
2306399 2306402
2308756 2308761
2308766 2308769
2323052 2323056
2328907 2328913
2330795 2330798
2346111 2346114
2346260 2346264
2443748 2443749
2458054 2458057
2466464 2466468
2475919 2475921
2481428 2481431
2509755 2509758
2523767 2523770
2529296 2529300
2553881 2553884
2555843 2555846
2614439 2614442
2634222 2634225
2642057 2642059
2659673 2659675
2693569 2693573
2711378 2711381
1172155 2737534
2750013 2750016
2780402 2780406
2789421 2789424
2797066 2797069
2809714 2809719
2813608 2813611
1964533 2828137
2836649 2836652
2871299 2871302
2919079 2919082
2919330 2919333
2938210 2938212
2950065 2950068
2971809 2971811
3064221 3064226
3064941 3064943
3129839 3129841
3392602 3392606
3481814 3481815
3483994 3483997
3564597 3564601
3791019 3791021
4058944 4058946
4061549 4061551
4090239 4090242
4105343 4105345
4111721 4111724
4113200 4113204
4133476 4133478
4187105 4187108
4198617 4198618
4198647 4198650
4231253 4231255
4579583 4579586
4584503 4584505
4768672 4768675
4769071 4769073
4792364 4792367
4851421 4851424
4910423 4910426
5108850 5108853
5108988 5108990
5118386 5118389
5225107 5225108
5225274 5225275
5585776 5585779
5610236 5610238
5757796 5757799
5815022 5815025
5840937 5840939
5861707 5861710
5861719 5861721
5999073 5999074
6401792 6401793
6458393 6458394
6458400 6458401
6503269 6503270
6759284 6759287
6780024 6780025
6785171 6785172
6872926 6872927
6912030 6912032
7104532 7104535
7152573 7152574
7296664 7296665
7334998 7334999
7335034 7335035
7337359 7337360
7789217 7789218
7789287 7789288
7804674 7804675
7807762 7807763
7807765 7807766
7811985 7811986
7811988 7811989
7817942 7817943
7844296 7844298
7989977 7989978
7991791 7991792
1680191 8126605
1779662 8134801
8140885 8140890
8140902 8140906
8140908 8140912
645286 8144644
8147680 8147685
8158272 8158278
2097057 8186187
1369933 8186204
1357256 8186218
8186250 8186252
8187736 8187743
114630 8187795
8187963 8187972
1660835 8188016
8196309 8196315
8197923 8197927
8202631 8202635
8211997 8212004
8213997 8214001
8219650 8219654
8220783 8220788
8272853 8272854
8277480 8277484
8291038 8291040
8314584 8314590
8322868 8322871
8334030 8334034
2021359 8338638
8340942 8340950
8360795 8360801
2080478 8370899
8398804 8398808
8424973 8424981
8425300 8425308
7795763 8425539
1357344 8436852
842239 8437089
8437715 8437721
8441222 8441229
2085751 8443215
8453293 8453294
1258443 8459676
8482970 8482978
8483118 8483123
8486155 8486158
8499019 8499023
8516350 8516356
8523440 8523445
8524530 8524536
1357443 8524727
8529642 8529647
8532074 8532077
8537035 8537038
8542117 8542121
2271581 8564494
8584691 8584696
8584782 8584786
8586337 8586342
8600135 8600139
8601287 8601292
8606120 8606125
8606197 8606204
8608690 8608695
8610068 8610072
8610235 8610239
8615847 8615852
8641480 8641482
8641676 8641680
8645015 8645019
8649972 8649977
8653331 8653335
2418880 8662246
8665454 8665457
8690937 8690942
8703575 8703579
8703601 8703604
8708054 8708058
8708558 8708562
8709557 8709563
8710091 8710096
8713415 8713418
8714783 8714785
8525944 8727755
8740236 8740240
8787311 8787317
8803416 8803418
8803905 8803911
8805915 8805917
8806672 8806676
8807465 8807470
1356878 8811099
8823582 8823586
8824225 8824232
8832140 8832144
8832563 8832569
8833523 8833527
8833532 8833538
8833588 8833589
8837422 8837428
8870648 8870653
8906539 8906543
8924452 8924456
8956949 8956953
8958250 8958253
8958411 8958413
8958861 8958863
8967743 8967746
8969609 8969614
1492191 8970863
8991535 8991538
9006259 9006264
9017283 9017286
8657666 9019510
9027675 9027680
9034918 9034922
9058395 9058398
9084433 9084437
1977195 9084989
9086387 9086389
9107677 9107682
9132997 9133005
9208308 9208311
9230543 9230545
9240179 9240182
9292887 9292891
9343545 9343548
9379899 9379904
9380634 9380637
9387402 9387405
9395721 9395725
9413640 9413641
9432039 9432043
9459225 9459229
9459986 9459988
9492239 9492242
9498627 9498630
9502953 9502955
8541077 9518641
9527368 9527373
9532033 9532038
9534565 9534570
9539269 9539271
9545011 9545013
9553449 9553453
9559389 9559392
9579353 9579356
9622506 9622508
9669820 9669821
9682966 9682969
9704335 9704340
9729801 9729803
9757546 9757550
9852444 9852447
9861811 9861814
9958109 9958112
9965987 9965990
10029209 10029212
10050317 10050318
10071624 10071627
10075019 10075021
10086551 10086555
10099830 10099833
10153562 10153564
10167925 10167926
10171493 10171498
10175550 10175553
10176351 10176353
10275300 10275302
10278539 10278540
10299354 10299359
10302523 10302528
10324214 10324216
10341118 10341121
10397721 10397725
3114597 10429638
10432470 10432472
10445278 10445281
10465195 10465197
10466179 10466182
10467198 10467199
10483722 10483725
10500410 10500413
10507968 10507971
10531404 10531407
10563691 10563694
10897571 10897575
10940526 10940527
844163 11038738
11045133 11045135
11045144 11045147
11045152 11045155
11223186 11223190
11282521 11282523
11479827 11479828
11493099 11493105
11514090 11514092
11518234 11518236
11520030 11520032
11541286 11541289
11556424 11556425
11569770 11569771
11599792 11599795
11602228 11602230
11618488 11618491
11692632 11692634
11745388 11745390
11891420 11891422
11991488 11991490
11991491 11991494
11995922 11995924
12109174 12109176
12111303 12111305
12112526 12112528
12114900 12114902
12180793 12180795
12181642 12181644
12264431 12264434
12290465 12290468
12413661 12413664
5131911 12550239
12562015 12562016
12567503 12567504
12567535 12567536
12890507 12890512
13129871 13129873
13264382 13264385
13273756 13273757
13273759 13273760
13677091 13677093
13693801 13693802
13774471 13774472
13784370 13784371
13912418 13912421
13922837 13922838
13935021 13935022
13961035 13961036
14031549 14031552
14209075 14209076
14219856 14219857
14224221 14224222
14292685 14292686
14470242 14470243
14505026 14505027
14582049 14582050
14619566 14619568
14766138 14766139
14842259 14842262
14978672 14978673
15112098 15112099
15263172 15263177
13995825 15269121
8283486 15303820
13129586 15304012
2359366 15304021
15305024 15305027
1359042 15305211
1028198 15311473
15311758 15311763
15313726 15313731
15320941 15320946
125345 15331434
15332271 15332280
15333032 15333036
15334409 15334413
15355192 15355196
15397798 15397800
744239 15419025
11666987 15424725
15430128 15430134
15431304 15431308
950590 15441989
4262650 15445250
1355715 15445264
15450164 15450168
15457435 15457439
4122709 15457936
1240773 15470990
2075800 15504368
15510658 15510662
11548950 15531029
15544714 15544720
15557870 15557878
15563622 15563628
15565181 15565188
15566427 15566432
15566865 15566869
9775724 15574582
580706 15579228
15579782 15579785
15585366 15585369
15627483 15627487
15632563 15632568
15658257 15658260
15659569 15659573
11980427 15668231
15695350 15695353
15695624 15695627
15696115 15696118
15696254 15696259
15698125 15698130
15716120 15716122
15722921 15722923
15730167 15730171
15731185 15731189
15731881 15731885
15742383 15742387
15755557 15755563
11666986 15783615
646600 15784378
9762715 15784590
15784599 15784604
15784800 15784804
15786983 15786986
15790045 15790048
15790130 15790133
15794652 15794657
15794991 15794996
15787500 15806974
15822366 15822368
15858520 15858523
15871153 15871156
15883682 15883686
15883887 15883893
15889412 15889417
15897697 15897701
15899546 15899549
15900262 15900265
15756325 15900285
15902079 15902083
15910729 15910733
15936060 15936064
15955105 15955110
15959258 15959260
15968447 15968450
15974856 15974859
15982553 15982559
16014538 16014539
16014570 16014574
16014942 16014947
9720166 16015134
16015359 16015362
6425476 16018914
359296 16024341
16045878 16045881
16056788 16056790
9712423 16063814
16084149 16084152
16114037 16114040
16132028 16132032
971132 16132616
16133750 16133754
16133994 16133995
16134282 16134287
16134306 16134308
16144264 16144266
16210978 16210981
16226065 16226067
9423410 16229709
16244167 16244170
16257627 16257630
16260173 16260175
16277236 16277240
16292933 16292936
16294124 16294127
16324012 16324015
16369676 16369680
16400787 16400791
16451932 16451936
16494046 16494047
16496869 16496870
16497127 16497128
16515276 16515279
16515305 16515307
16519452 16519454
16522804 16522806
9610384 16524047
16537465 16537467
16537882 16537884
16556536 16556539
16556642 16556644
16565392 16565397
349390 16583960
16592341 16592344
16598224 16598226
16598844 16598845
16603054 16603055
16640697 16640700
16657989 16657992
16660559 16660561
16689647 16689651
16694077 16694079
16716088 16716090
10278541 16758705
16787882 16787885
16820433 16820436
16839280 16839283
16881930 16881936
16892489 16892490
16934850 16934851
16941061 16941064
16949953 16949956
16951670 16951671
16963987 16963989
17019617 17019619
17024859 17024861
17029251 17029255
17051302 17051305
17070953 17070956
17103467 17103469
17124672 17124674
17154889 17154890
17168908 17168913
17173557 17173558
10266783 17230463
17234338 17234341
17236898 17236900
17247087 17247090
17250625 17250627
17265418 17265421
17285754 17285756
17341318 17341321
17348013 17348016
17351432 17351435
17372270 17372274
17383526 17383529
17386534 17386540
17390126 17390130
17396939 17396944
17415347 17415350
17416947 17416949
17434710 17434713
17440130 17440132
17441710 17441713
17507549 17507552
17514460 17514461
17530383 17530386
17557212 17557213
17601091 17601094
17799034 17799039
17825323 17825325
17955030 17955032
17955040 17955043
17955051 17955054
18018257 18018263
18152014 18152019
18158596 18158599
18185240 18185243
18405820 18405823
18411784 18411787
18457365 18457367
18463867 18463869
18463896 18463901
18491889 18491890
18494913 18494916
18501746 18501750
18520384 18520386
18577881 18577882
18702840 18702843
18081295 18740334
18857321 18857324
18890941 18890946
18967429 18967431
19029053 19029056
19125079 19125081
19125102 19125104
19234776 19234777
19300102 19300104
19392662 19392663
19392691 19392692
19397607 19397608
19397642 19397643
19401990 19401991
19402056 19402057
19702681 19702683
19705152 19705154
19942952 19942954
19945735 19945738
19979973 19979976
19979977 19979980
20058587 20058588
20312987 20312988
20407158 20407159
20417397 20417398
20427210 20427212
20944210 20944211
20961111 20961112
20964021 20964022
21238811 21238812
21239201 21239202
21239822 21239823
21490462 21490463
21639478 21639479
21646926 21646927
21653193 21653194
21653962 21653963
21687801 21687802
1550232 21956113
21960528 21960531
21960532 21960533
21960535 21960538
15580107 21999179
21999362 21999378
22000390 22000392
8646601 22000445
9786400 22000564
22000617 22000622
22000624 22000633
22010973 22010977
22013519 22013526
9124558 22047768
22119977 22119981
22121691 22121695
9742250 22125030
2686468 22135149
1018321 22135826
938706 22140709
7793769 22144790
2085750 22148775
22145328 22177932
9249705 22183333
19106373 22208250
5088767 22215999
22216004 22216010
13975222 22218714
22220885 22220887
1011384 22221806
22222088 22222093
22222234 22222239
2359365 22222253
22226326 22226328
22226913 22226919
15557013 22229769
22239879 22239883
1679574 22243619
22249282 22249286
9238147 22253810
15711075 22254120
22255441 22255445
4024057 22256636
22256997 22257002
22257013 22257019
10999786 22259457
22261267 22261269
22266165 22266169
22266258 22266262
22272136 22272138
932277 22287694
22295248 22295255
22313042 22313047
22313164 22313169
8437755 22318956
9161400 22329545
9924929 22335196
22336033 22336037
22336998 22337002
22339614 22339624
1377814 22339784
22341694 22341698
13141010 22344455
15473055 22349049
1581611 22349339
9742248 22350295
22351576 22351580
22353722 22353726
22354750 22354753
22376642 22376644
22379514 22379520
22407236 22407238
22417172 22417176
22447412 22447417
16205927 22450695
2271861 22452920
9195067 22452926
22458894 22458897
22459497 22459498
22478262 22478264
22484029 22484032
22485677 22485680
22498018 22498022
22545633 22545637
22548242 22548247
22558293 22558297
22559528 22559533
22562811 22562813
22564007 22564010
9723335 22569284
22595401 22595405
16758658 22610311
22611138 22611140
22621287 22621289
22628505 22628508
22642114 22642118
22650582 22650585
22663866 22663871
22667937 22667941
22672799 22672801
16206109 22672862
22673274 22673277
22678505 22678507
22680856 22680860
22681578 22681579
9785771 22684182
22687758 22687763
22703182 22703185
22704331 22704332
22707012 22707014
22710685 22710688
22718987 22718990
22725540 22725545
22728767 22728771
22745046 22745049
22762329 22762331
22767698 22767700
22776065 22776068
22788252 22788256
22789144 22789147
22789304 22789306
22832430 22832434
22832618 22832622
22841503 22841505
22875773 22875776
22896716 22896721
22897195 22897200
22902520 22902522
22902612 22902615
22909058 22909064
22912778 22912782
22940343 22940345
22943397 22943401
23001819 23001822
23032012 23032013
23034109 23034112
23077883 23077887
23102677 23102681
23114748 23114750
23116841 23116843
23120333 23120337
665895 23125558
23135197 23135198
9485492 23139233
23154518 23154519
23185231 23185233
23187547 23187548
23200155 23200157
23200320 23200323
23210837 23210840
23222286 23222289
23227524 23227526
23228043 23228045
23243726 23243729
23263998 23264003
23284452 23284454
23297371 23297375
23300623 23300624
23301357 23301359
811942 23301619
23303594 23303595
23331213 23331215
23332225 23332226
23334678 23334680
23338348 23338352
23360268 23360271
23396853 23396855
16520004 23555175
23564068 23564069
23617458 23617459
23650359 23650364
23657763 23657766
5602670 23671837
23724561 23724563
23809641 23809643
23828392 23828394
23846230 23846232
4911625 23849752
23865677 23865681
23879864 23879869
23919958 23919960
23930021 23930023
23955145 23955147
23972809 23972810
23975526 23975527
23982766 23982768
23990084 23990087
23990102 23990105
24024188 24024192
24024474 24024477
24048220 24048223
24065659 24065660
24116710 24116712
24144654 24144655
24177817 24177820
24229125 24229126
24475055 24475058
24497944 24497948
24514922 24514924
24514925 24514927
23321031 24514935
24514937 24514938
24515463 24515464
24599259 24599262
24670484 24670487
1691286 24830347
24917567 24917568
24930803 24930806
24947685 24947687
24986752 24986753
24996183 24996186
24998094 24998095
24998843 24998845
25006811 25006814
25090939 25090942
25183724 25183726
25235894 25235897
25270866 25270869
25283383 25283384
25375551 25375554
25375905 25375908
25391313 25391316
25398473 25398475
25436703 25436705
25487919 25487921
25488116 25488117
25501419 25501422
25588884 25588887
25599702 25599704
25770037 25770038
25809120 25809121
25818533 25818535
25874812 25874813
26201148 26201150
26258278 26258279
26416714 26416716
26521139 26521140
26801237 26801238
26834574 26834575
26840083 26840085
26854299 26854301
26856679 26856681
26856697 26856699
26868364 26868365
26876592 26876593
26902613 26902614
26906242 26906243
26968845 26968846
26988808 26988811
27148151 27148152
27253522 27253524
27262437 27262438
27391162 27391163
27392650 27392651
27400857 27400858
27437045 27437046
27456726 27456727
27470279 27470280
27659255 27659256
27904774 27904775
27994450 27994451
28050691 28050692
28096956 28096957
28096959 28096960
28097032 28097034
28097057 28097058
28097697 28097698
28097699 28097700
28184542 28184543
28221647 28221648
28237724 28237725
1746806 28351916
416707 28356188
28359483 28359484
28388323 28388327
28389051 28389057
1680166 28389542
649907 28396689
28396712 28396719
23418585 28397542
16206107 28397722
8499505 28397725
28415949 28415952
28416792 28416797
27253587 28424395
28439037 28439042
9782887 28464491
28472880 28472886
9195068 28473507
5619789 28522705
28523589 28523592
952494 28527649
1680198 28541403
11703401 28550299
15557011 28551262
679113 28551505
1000369 28597433
1303929 28598833
113892 28599045
28601150 28601152
15770254 28604599
8510734 28605481
2127918 28606011
2075802 28609453
28614767 28614771
9720842 28627862
9730058 28627873
1614233 28638372
1249359 28638377
9115288 28638496
28639570 28639576
28640237 28640241
9160738 28646738
28649517 28649524
18401884 28665119
28683874 28683879
28693831 28693835
2048738 28698126
28698608 28698610
28699508 28699511
14283166 28702859
6315329 28710292
28718802 28718805
28719101 28719105
18401883 28731952
9349083 28733117
28738615 28738619
28753031 28753037
28756171 28756175
28756871 28756876
16296076 28758702
28760116 28760120
28763072 28763076
28764143 28764151
1356882 28770859
15473054 28782250
2030643 28785358
8597274 28787291
28801223 28801227
28812141 28812145
28817509 28817512
28833615 28833620
28836206 28836210
28837407 28837411
28846571 28846573
28847301 28847305
28850493 28850498
23358476 28851052
28853078 28853081
28856125 28856127
28877342 28877344
28916035 28916039
28916577 28916582
1451661 28917302
28920734 28920736
28921557 28921560
28923158 28923163
28925783 28925786
28930205 28930208
2031308 28943074
18550795 28943533
9540188 28943998
1252384 28947042
28947044 28947046
18890943 28987081
28999119 28999121
29011424 29011428
29047425 29047426
29047988 29047990
29052354 29052358
29054216 29054217
29071634 29071642
29072231 29072234
29073006 4575256
1356866 29073178
29076518 29076520
29079994 29079997
9534573 29082442
29084622 29084625
29087407 29087409
29087588 29087591
29146673 29146675
29146858 29146862
29153744 29153747
15744287 29161572
29200751 29200753
29208468 29208469
29213799 29213802
29245784 29245785
29247812 29247815
29248528 29248530
29255722 29255725
29260687 29260688
29322530 29322535
29328880 29328883
29331166 29331169
29369184 29369186
29409070 29409073
29471206 29471208
29501721 29501729
29502024 29502025
29508202 29508204
29512690 29512692
29545849 29545851
18997975 29545855
29548194 29548196
13697923 29554883
29568027 29568029
29574271 29574273
1856330 29580629
29643979 29643981
29659259 29659261
29665995 29665996
104829 29669858
29671220 29671222
29678152 29678153
29701511 29701514
1685699 29747278
18018259 29799160
29881674 29881676
29884386 29884388
29887198 29887201
29889167 29889171
29896749 29896751
29903691 29903693
1488023 29923715
29937311 29937313
29987605 29987606
29996184 29996185
30031895 30031897
30040891 30040894
30085596 30085598
30209080 30209083
30212494 30212497
30213157 30213160
30243945 30243947
30244132 30244135
30251332 30251334
30253329 30253331
30267867 30267869
30295643 30295644
30312919 30312921
30331578 30331581
30334953 30334956
30353753 30353756
30386493 30386494
30411182 30411184
30415915 30415918
30537595 30537598
30733251 30733254
30761698 30761700
29348973 30801379
30811463 30811465
30812421 30812423
30812458 30812460
31105247 31105250
31213706 31213710
31243075 31243076
31248194 31248195
31287903 31287906
31294199 31294202
31316356 31316359
31338571 31338572
31346867 31346870
31346921 31346923
31403341 31403345
31416119 31416122
31435802 31435804
31467474 31467477
31487836 31487837
31561588 31561591
31664909 31664912
31665002 31665004
31674662 31674663
31674682 31674685
31768942 31768945
31769135 31769138
31771840 31771843
31810457 31810460
31811727 31811730
31873903 31873905
31877059 31877061
31891652 31891654
31922840 31922843
31924169 31924171
32040542 32040543
32077687 32077688
32077971 32077973
32130607 32130610
32151319 32151321
32165586 32165587
32165598 32165599
32317109 32317111
32433124 32433127
32644920 32644922
32684023 32684024
32749968 32749970
32991079 32991080
33077041 33077042
33107663 33107664
33118907 33118908
33177572 33177573
33321590 33321591
33341506 33341507
33361127 33361128
33365371 33365372
33397359 33397360
33407277 33407278
33638139 33638140
33854763 33854764
33858060 33858061
33861775 33861776
33865194 33865195
33865273 33865274
34241976 34241977
34247054 34247055
34250557 34250558
34252801 34252802
34261565 34261566
34285560 34285562
34294320 34294321
34408692 34408693
34433021 34433022
1021043 34531241
33639765 34545982
34547321 34547324
34547325 34547328
34547330 34547333
1564992 34549811
34560157 34560159
15668732 34580560
22569283 34580597
34580747 34580751
9163287 34581517
22860896 34581530
34581537 34581541
34581696 34581699
6781714 34607442
34607448 34607454
34608807 34608810
5225266 34619942
34647084 34647086
8894271 34667059
6847493 34697291
2085746 34706584
5864986 34718049
5864989 34730603
4230640 34732875
9723304 34744613
34766394 34766396
9729695 34767690
34768324 34768328
34769122 34769127
8290707 34774800
17390111 34776679
34778061 34778064
34778292 34778296
34779164 34779169
32432608 34782904
34785090 34785097
1813745 34785283
34786662 34786668
2116487 34790064
1600831 34806658
34816902 34816906
9160739 34816919
34817764 34817768
1600832 34819725
29439169 34825038
34825173 34825177
34827744 34827746
523741 34829580
9712273 34832751
34866191 34866193
34872768 34872771
34874628 34874630
34881678 34881682
23381126 34885579
34896938 34896944
28735547 34899854
34899996 34899999
34906837 34906840
29687294 34907236
34908320 34908324
8374932 34922713
34928447 34928451
34930575 34930576
34931510 34931515
34946317 34946321
16205938 34951646
10074720 34954367
34954729 34954733
34955026 34955028
23352228 34969496
34973616 34973620
22545871 34987950
34991455 34991457
19282286 34991658
34998878 34998883
9000908 35005612
23232778 35006922
9349084 35011060
35013807 35013810
9719509 35039890
35076128 35076132
35085430 35085433
25152126 35091486
21002463 35093530
35095155 35095156
35100496 35100501
35110407 35110411
35111467 35111471
35111489 35111493
10419118 35111895
35112149 35112152
1813740 35117155
22355780 35123453
35163944 35163946
35200126 35200130
35208562 35208565
35211824 35211828
35220758 35220763
35237183 35237186
35241578 35241582
35244935 35244939
35250343 35250347
35251240 35251243
35253126 35253130
35257008 35257011
35260349 35260353
35261927 35261928
35272004 35272007
35272501 35272505
35296353 35296356
35320530 35320533
35321408 35321412
35321418 35321419
35321613 35321617
35323430 35323432
13586028 35337225
7984703 35342411
35353350 35353351
35384356 35384357
35389903 35389906
35413685 35413687
35424960 35424962
35432395 35432396
35460210 35460211
35462053 35462055
35465996 35465997
35494601 35494603
35503105 35503108
35514545 35514548
35529116 35529118
35596874 35596877
23404224 35621128
35621826 35621828
35624101 35624104
35662372 35662376
35694116 35694117
35701895 35701896
3429570 35729732
35731307 35731309
35734436 35734438
35737383 35737385
35737443 35737444
35759272 35759273
35769051 35769052
35785262 35785265
23404221 35785569
35799824 35799827
35801311 35801313
35801685 35801687
844177 35804136
35805184 35805186
35812419 35812422
35816023 35816026
35846654 35846657
9720189 35850502
35863146 35863153
35953329 35953331
36033951 36033953
36034453 36034455
36043429 36043431
36044664 36044665
36100049 36100050
36116279 36116282
36138376 36138377
36139599 36139602
36180919 36180923
36187882 36187884
36213082 36213083
36256505 36256508
36261007 36261010
36278263 36278265
36295015 36295017
36329772 36329775
36335235 36335237
36337770 36337771
36339699 36339700
36343745 36343749
36344682 36344684
36345591 36345593
36376930 36376932
36380875 36380876
36383820 36383822
36387222 36387224
36388346 36388348
36388698 36388702
36389894 36389896
36391108 36391111
36400127 36400130
36426829 36426831
36454687 36454690
36464535 36464537
36487118 36487121
29662326 36510370
36513337 36513339
36535774 36535776
36551538 36551539
36559178 36559179
36575428 36575429
36584438 36584441
36655916 36655917
36794004 36794008
36869684 36869687
36884502 36884504
36908140 36908145
36914399 36914401
36919608 36919609
36919610 36919612
36931229 36931232
37326884 37326887
37335716 37335718
37337829 37337831
37338307 37338309
37340459 37340460
37359346 37359348
37360254 37360255
37364356 37364358
37383737 37383740
37393894 37393895
37401769 37401772
37413609 37413612
37420000 37420002
37504736 37504740
37511445 37511447
37522556 37522560
37725731 37725734
37729282 37729284
37749224 37749226
37943742 37943745
37997804 37997807
38002630 38002632
38007284 38007286
38107558 38107560
38221506 38221509
31753773 38234752
38238691 38238692
38238784 38238785
38539075 38539077
38676261 38676263
38684337 38684340
39026964 39026965
39101461 39101462
39144557 39144558
39164644 39164646
39383229 39383230
39383246 39383247
39434638 39434640
39441311 39441312
39448212 39448213
39603150 39603151
39663111 39663112
39663261 39663262
39663412 39663413
39667247 39667248
39865222 39865223
39865254 39865256
39865811 39865812
40233602 40233603
40240983 40240984
40275718 40275719
40275740 40275741
40531339 40531342
40531718 40531720
9044706 40544296
1369932 40565057
1606490 40566132
9925330 40566235
18018264 40571987
40574447 40574449
40586469 40586473
40588667 40588669
40593762 40593768
40608231 40608234
9785773 40625607
40632219 40632222
40639788 40639790
1062840 40645806
40646444 40646447
4589202 40689035
40696758 40696760
40701330 40701334
2075804 40701626
2021362 40701726
7793825 40704936
22816535 40729982
27253586 40731675
40736057 40736062
40753157 40753159
5828821 40758917
8416235 40760923
1000370 40764507
40765639 40765651
35851648 40765695
651275 40765742
35561663 40768819
8746352 40769011
4753915 40769053
9785770 40772961
16716736 40777673
40779653 40779657
1550222 40787912
40789535 40789541
40790229 40790233
40791999 40792002
40799387 40799392
40800010 40800013
523664 40807770
40820765 40820768
19041236 40841316
40841601 40841607
40844663 40844667
29744693 40851868
11251171 40853256
40854225 40854227
5852967 40854650
40856189 40856190
40857768 40857772
40879320 40879324
40879521 40879524
40879538 40879542
40881992 40881995
40886545 40886548
40907570 40907573
40910292 40910294
21092393 40910299
40910368 40910373
40910442 40910445
40910874 40910879
9044705 40915222
23385769 40915274
40916314 40916316
40935543 40935545
8542851 40936902
40943769 40943772
40944882 40944885
28868978 40979641
2133480 40982316
2382510 40984571
1359028 40986371
22486342 40986395
40986565 40986569
22859453 40990967
40991549 40991551
16717732 40995689
15742388 40996563
40997479 40997483
40998559 40998561
41007697 41007700
23232779 41011634
5612800 41014394
41021280 41021282
41054309 41054313
26687915 41064563
41065991 41065993
8578728 41071637
831279 41074393
29533955 41076652
41080132 41080134
23409608 41083809
41084374 41084377
41088530 41088533
29752205 41089766
41090622 41090625
41129663 41129668
41130707 41130710
243670 41152577
41161415 41161419
41183897 41183898
41184413 41184416
41184465 41184466
41184467 41184469
41184925 41184929
41187905 41187907
16206108 41187983
41210509 41210513
489456 41214473
41216102 41216105
25549343 41219879
15781404 41223051
41224178 41224180
23340453 41224557
41263570 41263574
41274370 41274373
41291137 41291140
41291148 41291151
41298558 41298561
6410352 41299735
41302454 41302455
41305470 41305472
41316040 41316042
9161686 41329499
41330455 41330458
35553196 41330512
41346028 41346032
41346675 41346676
9540185 41353775
41366866 41366869
41377410 41377414
41387048 41387051
41402985 41402988
41458555 41458556
41527362 41527363
41588967 41588970
41613326 41613327
41621593 41621594
41659355 41659356
41661066 41661067
41664109 41664110
41677730 41677736
41687207 41687208
41693969 41693972
41737273 41737275
41746313 41746316
16150725 41750603
41772784 41772786
41774452 41774455
41775206 41775209
41785210 41785211
41786751 41786752
41787367 41787368
41787986 41787987
41788531 41788532
35212606 41790975
41798656 41798660
41992559 41992562
42009337 42009340
42016105 42016107
42027785 42027788
42060734 42060736
42084895 42084898
42117433 42117435
42119256 42119259
42140676 42140678
15475815 42207424
42221826 42221829
42254757 42254759
42259028 42259029
42274833 42274834
42357182 42357184
42378251 42378252
42380717 42380719
42438536 42438539
42483619 42483623
42492947 42492948
42493133 42493135
42497353 42497356
42516044 42516046
42519371 42519374
42522623 42522625
42522883 42522885
42546751 42546755
42560945 42560947
13752722 42584026
42731869 42731870
42842592 42842595
42962841 42962844
43084718 43084721
43099312 43099315
43225236 43225237
43225238 26435314
43229174 43229177
43252276 43252277
43255126 43255128
43255464 43255466
43258910 43258912
43261359 43261360
43309825 43309828
43330483 43330486
43334415 43334416
43358164 43358166
43358217 43358219
43489044 43489046
43236055 43560988
43573613 43573615
43655757 43655759
43663457 43663459
43704771 43704774
43774473 43774475
43801171 43801173
43801805 43801807
43820297 43820299
44014228 44014232
44054345 44054346
44054721 44054723
44055230 44055232
44130958 44130959
44134408 44134409
44343436 44343439
44355991 44355992
44358758 44358759
44505743 44505744
44654078 44654079
44654082 44654083
44655910 44655912
44891300 44891302
44897015 44897016
44962965 44962966
44963015 44963016
44963025 44963026
44982000 44982001
45191616 45191617
45202729 45202733
45213944 45213945
45214253 45214254
45336703 45336704
45436842 45436843
45460524 45460527
45468774 45468775
45527541 45527542
45711238 45711239
45711267 45711268
46002084 46002085
46111529 46111531
46170115 46170116
46301812 46301815
366501 46356839
46374851 46374856
46376643 46376649
46382702 46382705
15659454 46395125
46395199 46395204
46395206 46395208
46396026 46396029
2700127 46396115
16207670 46396124
4911007 46396242
3546855 46396282
8499463 46396289
46401960 46401964
46402208 46402213
1357340 46402865
46402873 46402876
46410052 46410055
46414288 46414291
46421187 46421191
16377583 46421249
46442434 46442436
909481 46450663
46465472 46465475
933286 46477042
41541417 46483590
5831275 46508837
2115513 46510522
46511561 46511563
40733282 46530730
43302453 46531694
46534126 46534131
46562085 46562088
9162157 46573089
46573591 46573593
46574300 46574302
651274 46580169
2042261 46580276
29731430 46580364
34483454 46581878
28397715 46583621
829761 46585987
1581612 46586555
2103220 46587381
13141009 46591236
35034234 46593564
5849083 46594990
12542245 46596558
46609154 46609158
1614234 46609184
9720841 46609205
46613446 46613451
9762712 46618935
23417696 46626330
46628552 46628554
46628562 46628567
46629114 46629115
9300243 46652426
46660488 46660492
4911006 46660761
34785098 46660943
40127511 46671453
46672871 46672876
46674417 46674420
46674810 46674814
46676950 46676955
40117600 46677581
46678474 46678477
46689059 46689062
46692713 46692716
41367135 46696929
46704429 46704433
46706257 46706260
28836209 46726419
46726685 46726688
8295026 46726719
46726818 46726821
46727818 46727821
46728592 46728595
44110339 46730897
46731076 46731080
46739284 46739286
46763920 46763922
9027681 46763968
46776288 46776289
46781683 46781684
46781686 46781689
46785362 46785365
22859416 46790375
22718991 46794775
46803342 46803345
9116261 46807281
46823810 46823814
26881978 46825537
46838550 46838553
46861319 46861323
46863897 46863898
41842628 46875117
46878740 46878742
46882904 46882906
35558549 46885962
46891035 46891038
46892500 46892503
46901996 46902000
46904950 46904954
46916913 46916914
46939131 46939133
9161398 46976634
29759922 46987112
46990352 46990354
16496871 46990660
7133543 46994596
46994649 46994652
46997393 46997396
46998144 46998147
46998254 46998257
47003499 47003500
10535391 47009354
47014768 47014770
9762714 47021671
47022382 47022384
47029412 47029416
47029918 47029919
23874563 47055403
47055701 47055705
47080143 47080146
47091776 47091777
47092010 47092012
47092019 47092022
47092210 47092213
15963318 47094301
47134639 47134640
47141745 47141748
47147789 47147792
9925181 47193736
47227820 47227824
5469565 47240364
47253892 47253895
47278359 47278361
47303741 47303743
47310276 47310278
35602274 47323711
47352494 47352495
47381049 47381053
22956318 47384475
47405667 47405671
47414612 47414614
47426805 47426807
47434044 47434046
47434560 47434561
47446618 47446620
47448735 47448737
47454898 47454900
47463536 47463538
47468897 47468899
47469848 47469849
47478672 47478674
47489087 47489089
47491132 47491133
47500716 47500719
47513902 47513905
47532904 47532905
47557660 47557662
17150362 47559287
47559289 47559290
47560064 47560067
47560263 47560264
47565630 47565632
47607871 47607872
47757355 47757356
47760950 47760952
47761964 47761966
47772043 47772044
47777683 47777686
47782768 47782771
47825594 47825595
47838521 47838523
47872524 47872525
47893674 47893676
48016299 48016300
48042096 48042098
48044082 48044085
48045402 48045403
48047142 48047143
48049542 48049544
48102116 48102118
48102226 48102228
48105664 48105666
48131287 48131289
48190951 48190954
48198000 48198003
48216296 48216298
12056161 48285402
48286186 48286188
48289297 48289300
48290909 48290912
48308041 48308042
48554568 48554571
48595213 48595215
48595219 48595221
48595229 48595230
48595238 48595240
48978719 48978723
48999970 48999971
25551417 49004076
49006082 49006085
49024963 49024965
49042402 49042404
49062839 49062841
49167781 49167784
49182033 49182035
49202131 49202132
49202822 49202825
49226028 49226030
49259084 49259086
49294337 49294340
49294520 49294523
49374237 49374238
49397088 49397091
49397094 49397097
49404476 49404478
49504854 49504855
49512062 49512065
49531209 49531211
49531508 49531509
49567700 49567701
49581560 49581563
49636059 49636062
49777368 49777370
49835654 49835655
49853860 49853861
49853876 49853877
50047983 50047984
50048066 50048068
50067075 50067076
50110238 50110240
50110745 50110746
50203015 50203017
50340853 50340855
50345863 50345864
50448104 50448105
50569851 50569852
50609412 50609414
50647014 50647015
50649578 50649579
50688673 50688674
50701117 50701118
50761302 50761303
51126767 51126769
51200044 51200045
51203359 51203360
51381831 51381832
51512253 51512254
51610390 51610391
51658912 51658913
51734871 51734872
51741659 51741660
34667060 51774178
51774765 51774766
