619 25902
38451 38459
38451 38460
66130 66174
150069 150088
293867 293873
300760 300781
300760 300782
341034 330123
341034 341049
353187 353209
363790 363809
371419 219546
439984 23272
457584 38459
548641 548665
548641 548666
548641 269195
548641 548667
548641 548668
548641 548669
548641 548670
548641 548671
553006 553023
553006 300782
563814 563832
286494 7339
286494 123854
286494 615642
714484 714510
714484 293
720281 206795
720281 720294
720281 720295
915174 915176
916339 662016
932637 691002
966118 23272
996361 996363
1014022 811435
1089693 38459
1112849 98744
1120362 38459
1145615 1145619
1241336 23251
1241336 311736
1244444 183595
1314407 366924
124722 38459
1348892 120813
1420857 98744
1447635 23272
1447635 1447648
1448888 1448900
1448888 491706
1448888 115198
1454722 1145619
1553434 1553448
1553434 949523
1591673 1591689
1678431 36314
1718209 1718238
1718209 86068
1718209 23272
1718209 1591689
1718734 86068
1718734 23272
1718734 150088
1718734 1591689
1744619 548669
1744619 1591689
1748704 301361
1759077 957157
1761727 353209
1772263 150088
1772263 39676
1864046 150088
1864046 1591689
1718239 1591689
1877043 1877064
1877043 1877065
1905291 39676
1906793 1899005
1906793 1906806
1938300 23235
1950271 388541
1950271 388543
1950271 388542
1954122 548669
1988773 150088
2025810 2025820
2025810 2025821
2025810 2025822
2064688 66174
2064688 1591689
2069444 860929
2085633 150088
2085633 39676
2085633 1591689
2114564 2114569
2114564 2114570
2156070 259648
2213259 181521
2213259 385351
2156079 6932
2156079 33656
2156079 2230335
2232768 1145619
2232768 2232771
2296918 139617
2341863 881425
1472302 1899525
1472302 494198
2470327 3757
2470327 2470333
2486426 2486429
2570525 2570534
2629194 2192
2637057 548671
2650583 2650585
2650583 2650586
2653744 2192
2660125 19895
2666055 2666058
2666055 548670
2725701 2725707
2737411 957157
2114568 1145619
2114568 2745969
2114568 2114569
2789572 2789575
2789572 2450537
3104909 251555
3117455 1877064
3118139 2192
3125533 548667
3285313 2666058
3385792 957157
3440157 139794
3442176 400493
3442176 6495
3442176 35264
3734494 83324
3734494 219190
4042911 150088
4042911 548669
4042911 2474269
4089209 161958
4128965 5384
4161118 475444
4165985 408481
4168185 293430
4198567 2192
4359709 957157
4366400 4366407
4562437 353209
4601092 884722
4601619 4601624
4610987 150088
4610987 548667
4610987 548671
4628437 150088
4630388 83348
4640893 150088
4640893 4640909
4684169 2666058
4685905 2333991
4685905 548670
4685905 3118193
4685905 548671
4686320 150088
4696984 66174
4696984 1591689
4704289 95628
4720409 301463
4736826 251555
4744760 1718238
4744760 1591689
4788669 150088
4788669 4640909
4790635 24975
4889959 150088
4915081 224473
4936554 39676
4968679 4968692
4977269 1591689
1774777 5003048
1774777 5003049
5009658 319615
5009658 849474
5119446 2739177
5224958 1145619
5382488 231268
5452828 39676
5601196 548671
5680792 2629205
5825597 5825604
6308623 6308625
6334898 207284
6351514 2474269
6397098 6397100
6398161 2846118
6398161 6932
6398161 6398163
6398161 94365
6398161 6398164
6413703 6413715
6436430 175049
6437007 390786
6440322 548670
6462068 771505
6473811 264667
6558354 728607
6743455 6743457
6749031 6749032
6817170 3785373
6823222 6823228
6842958 47594
6865699 235247
6867292 2594979
6927825 294690
7005805 319615
7005805 2061471
7077988 7077990
7086826 3047
7100399 75693
7100399 2698865
7100399 7100400
7100399 7100401
7347183 1145619
7347215 1145619
7348087 1145619
7361504 2789575
7361504 7361505
7369026 867563
7369026 297827
7479802 7479808
7493940 7493942
7522888 472740
7527041 38459
7643249 7643251
7643249 1145619
7698434 1145619
7698434 7698437
7744397 7744399
7749024 38459
7749049 38459
7749063 38459
7749065 38459
7749084 38459
7749090 38459
7749196 38459
7749272 38459
7749294 38459
7749301 38459
7749313 38459
7749350 38459
7749355 38459
7749432 38459
7749448 38459
7749481 38459
7762599 38459
7762600 38459
7762604 38459
7762615 38459
7762637 38459
7762638 38459
7762639 38459
7762640 38459
7762657 38459
7762660 38459
7762661 38459
7789138 38459
7789139 38459
7826405 7826406
7826405 7826407
7845103 1149
7845103 1146
7855188 1956579
7901459 7901460
7904807 7904810
451450 1145619
451450 7643251
451450 7906107
7906687 867563
7906687 7823682
7906687 7643251
7911682 870
7911682 7911687
7914475 2878723
7915411 329883
7938430 7938431
7938430 7938432
7941027 1145619
7944366 1145619
8071247 718990
8133509 428563
8133509 8137572
8133509 8137573
5673758 34332
1110170 300782
8224780 270198
8224780 123233
8255192 372733
8255192 325930
43466 25902
8316835 219546
7748947 723442
8365214 300782
8451467 1877064
8496047 1229
1102086 6120
1102086 119825
8549093 118249
8604347 6932
8604347 1029064
8615515 1844578
4154941 150088
4154941 1591689
27242 27236
322284 2789575
322284 8720078
8746590 2192
1348415 38459
8795544 25902
8871528 1834976
8977864 290887
9006794 23251
9034527 8285515
9037923 8758574
4189463 2192
9096410 824757
9099909 150088
9099909 300782
5072948 1877065
5072948 2192
9108744 2842812
9108744 9108750
763021 700500
763021 25902
763021 1145619
1482303 3716
1482303 310367
8112051 1877064
8112051 1877065
2074694 2192
9345520 1145619
9345520 1765853
9367668 3042601
9367668 408308
9367668 467510
9499744 1619036
9499744 944105
9499744 9499747
9499744 2878431
9499744 3193983
4169230 9513685
9522605 150088
9526660 139794
9550027 251555
9550027 150088
9626731 9626734
9626731 9626735
4873868 291369
4873868 9670129
4873868 350314
9682160 1353
9766526 2192
1420858 98744
9798333 60253
9831446 434055
9831446 9157303
9831446 9831448
9962827 44652
10000339 2666058
10017989 2789575
10018565 28578
10062161 8154195
10062161 10062163
10062161 2789575
10082300 10082309
10121805 293
10172928 730503
10172928 10172943
10172928 8629934
10184990 2333991
10192849 2192
10209150 2192
10214750 39676
10214750 548670
10214750 548671
10217158 2192
2629195 2629205
10229916 2192
10231652 548666
10235208 2192
10243094 2893713
10246139 2666058
849496 849489
849496 10251245
10251827 142745
10280976 548671
10325310 57156
10377557 2789575
10377557 7361505
10385189 7826406
10385189 2298016
10388379 7621390
10464848 588296
10502270 8099387
10539622 304243
10626255 2192
10653921 957157
10666422 150088
479454 10686146
10725823 353209
10726113 2745969
10808028 2333991
10808028 548667
10808028 548670
10808028 548671
10947300 9427765
10950964 3446496
10950964 325704
10951074 10951075
10952569 206284
10981488 331603
10992309 10992311
10992309 10992312
11014323 95632
11014323 1009980
11014323 1662666
11251284 452194
11492531 141990
11492531 2170350
11492531 98745
11495027 2192
11602210 548669
11602210 548670
11619654 2192
11621701 1161032
11621701 120299
11621701 319593
11641192 2789575
11641192 11641195
12066424 548670
12066424 2893713
12111337 306085
12130573 1888130
12130573 6821319
12172911 1591689
12181660 87393
12231598 12231602
12263991 251555
12263991 548670
12263991 1591689
12285766 1874888
12346339 36314
12346339 7715022
12346339 1001520
12346339 8339882
12346339 5108444
12346339 5762916
12346339 12346342
12346339 12346343
12346339 12346344
12346339 12346345
12346339 1161764
12356312 600
12356312 330033
12356312 3084653
12356312 12356327
12356312 298303
12367036 12367050
12367036 3094890
12403541 2893713
12403541 1877065
12410998 63134
12466682 2914725
12472394 3076773
12472442 12472443
12499991 8347384
12570845 12570847
12910720 86068
12914460 123234
13088586 1300167
13089691 8978252
13138789 13138793
13138789 214163
13160535 13160537
13556388 13556390
13556388 1634985
13556388 13556391
7545424 13564925
13586282 357200
13586282 13586283
13586282 147619
13593150 282542
13593150 306213
13593150 33610
13611570 98744
13634336 13634338
13644281 1015618
13644281 13644283
13656466 233911
13656466 13656474
13656466 2061471
13656466 313839
13656466 500972
13674372 13674375
13674372 3084653
13674372 13674376
13674372 272599
13677683 622659
6739054 13741572
6739054 4720161
6739054 13741573
6739054 192857
13781606 231258
13781606 1689726
13781606 13781609
13923824 10184428
13956561 1304008
13956561 3716
14077748 2478854
14095731 1145619
14114557 293873
14114557 3047
14146757 1888130
14146757 606
14223024 14223025
14223024 23272
14223024 106363
14223024 39676
14223024 95629
14223024 548670
14223024 548669
14223024 14223026
14280771 14280776
14295631 4748378
14306873 2809180
14306873 10455288
14306873 883630
14363166 124428
14366340 1887286
14496198 22885
14496198 14496199
14497496 1314523
14497496 76819
14523288 2850499
14523288 1145619
14547774 2789575
14647447 120815
14653174 3093746
14678139 14678143
14684402 38459
14684412 38459
14684419 38459
14684683 38459
11534893 10441557
14766477 1735807
14766477 12262250
14767040 23208
14783741 25902
14787129 22708
14787129 2776120
14842095 1145619
14842095 7698437
14889015 38459
14889035 38459
14889062 38459
14889245 38459
14889365 38459
14901684 38459
14901701 38459
14901702 38459
14901706 38459
14901743 38459
14901744 38459
14901745 38459
14901753 38459
14901754 38459
14901755 38459
14901769 38459
14901770 38459
14927373 38459
14927374 38459
14927375 38459
14927376 38459
14953200 503161
14953200 1171624
14953200 113368
14953200 372733
14955934 120815
14978044 277510
14978044 83348
14978044 740745
14985934 1145619
14985934 98746
15038520 1145619
15038993 1145619
15038993 15038996
15069696 7939173
15192418 328783
15192418 771556
15192418 334843
15192418 32835
13674071 1373520
5450402 23272
15347556 742103
15347556 15347565
15356327 3113060
15357316 14897627
786699 1815582
786699 8303987
786699 313171
15436122 15436132
15436122 2463979
4075421 3100854
5185023 385351
5185023 4803317
5185023 15495171
15539074 150088
9999710 119825
9999710 198754
9999710 268977
15555018 39676
15555018 1877065
733650 78047
3108250 15038996
6898265 2760
6898265 7339
6898265 116903
15619551 385351
363791 363809
15689136 57156
15689136 15689151
15720733 219546
15720733 15720744
15720733 159775
15802388 282614
10211335 150088
15903002 150088
15964758 38459
8925305 3716
15996056 38459
16000666 98746
16000666 16000668
16004078 300782
16004078 23235
16046240 1877064
16054075 2183958
16054075 16054086
16089856 300782
16106225 395282
16146138 219546
16176328 16176332
3441710 43113
3441710 585035
3441710 363630
1788384 1877065
1788384 1591689
16432049 7361505
16432049 2789575
12055086 150088
16513341 148069
2227128 16541559
2227128 1440259
16556201 150088
16556201 1591689
16556201 293
16601338 150088
16601338 957157
16601338 1591689
16605870 353209
16634099 39955
16644238 1591689
3153864 325704
3153864 16645669
16748530 957157
16748530 1591689
16749561 86068
16765630 150088
16774484 2193861
15774423 116903
16894446 80968
16948036 1717698
16948036 282257
16948036 16948041
16948036 16948042
17007312 1145619
17007322 98744
17008893 2789575
17084730 17084733
10670071 150088
10670071 548669
10670071 1591689
17131984 39676
17151836 2474269
17152844 2192
10261190 957157
17153582 524840
17153582 1200346
17159033 2192
17159349 19895
17179338 8128787
7632770 2192
10670060 1591689
7007890 39676
17195915 39676
17195915 548670
17197183 150088
17197183 548666
17197183 2893713
17197183 1591689
10670055 1718238
10670055 66174
10670055 2893713
10670055 1591689
17198812 66174
17204855 1741009
17204855 17204857
17208685 17208687
17210711 251555
17210711 86068
17210711 150088
17210711 1591689
17216446 17216462
17226040 235247
17228576 2192
17229808 23272
17230658 6764937
17230658 4334912
17333230 17333234
17347299 8732810
17421935 14508599
17502443 279929
17549001 11164
6383569 728816
6383569 1007448
17567421 957157
17609981 2192
17610601 150088
17610601 2893713
17736990 2192
17747551 17747553
17747551 2464407
17785075 18686
17795145 1970244
17815366 150088
17815366 39676
17815811 150088
17843300 251555
17864540 2249153
17864540 910564
17868666 1426163
17868666 2234490
17868666 85352
17869652 17869653
17870168 9131375
17870168 1789557
17882902 25689
17887318 150088
17887318 52691
17887318 190846
2407163 64285
1776876 150088
1776876 957157
18185464 1301897
18242679 1075878
18242679 325930
18242679 147619
18242679 313839
18386754 123233
18427729 98744
18447925 4640909
18447925 1591689
18447925 95628
18449063 280552
18449063 200537
18451854 2232771
18472357 18472358
18472357 18472359
18528729 13217981
18638903 427258
18760922 2666058
18854378 18854384
18854378 18854385
18869679 548666
18869679 2893713
18869679 1877064
18869679 1591689
18874975 23292
18891516 548667
18901969 2333991
18950921 2022242
18950921 9592
18950921 3160857
18964144 224473
18986518 23251
18986518 548669
18986518 548670
18992331 15917440
18992331 1591689
19022274 23251
19023890 363809
19024795 2893713
19029923 207284
19029923 24975
19113689 1718238
19113689 23272
19113689 150088
19113689 4640909
19235256 6929016
19247048 579564
19268299 3173326
19308842 19308843
19711219 1591689
19713003 1591689
19713003 293
19831934 39676
19940805 548670
19945167 1369149
19945167 480110
19945167 862063
19945167 19945180
19945167 8832731
19945167 19945181
20032136 5384
20362547 66174
20457777 20457779
20459291 290887
20650802 385351
20680542 20680543
20711518 97049
20711518 20711519
20711518 2830091
20711518 3102113
20711518 20711520
20711518 8335
20771257 1007019
20775178 86052
20775635 20775637
20777944 96871
20777944 180168
20777944 2241516
20783552 20783553
17128839 20808618
20822269 700500
20822269 8432800
20822269 20822271
9115556 38459
20840341 83348
20840464 20749654
20840464 6785354
20840464 2887578
20868512 3786596
20882890 20882894
20882890 1603170
20907644 20907647
20932599 108666
20971696 904072
20971696 1161764
21019042 3098597
21024780 2184596
21024780 27287
21024780 457025
21103185 2241782
21191593 21191594
21191593 2393194
14468046 6764937
21228774 1145619
21228774 21228776
21235502 8583913
21241929 1145619
21243249 8432800
97764 9243499
97764 7920425
21276884 2789575
21276884 21276886
21408988 38459
21492437 16015089
21492437 444539
21496013 1123383
21504696 21504698
21507169 1387657
4055296 21409020
4055296 10670774
2708481 8432800
21558937 3073587
21602771 38459
21602808 38459
21602814 38459
21602823 38459
21602868 38459
21603056 38459
21603067 38459
21603122 38459
21603143 38459
21603156 38459
21611769 1145619
21615138 38459
21615139 38459
21615140 38459
21615141 38459
21615148 38459
21615152 38459
21615153 38459
21615167 38459
21615169 38459
21615170 38459
21615171 38459
21615172 38459
21615173 38459
21615174 38459
21615176 38459
21615197 38459
21615198 38459
21639420 38459
21639421 38459
21639422 38459
21694561 1145619
21694561 3714
15026955 579563
15026955 1145619
21746855 17525218
21759076 867563
21759076 7919489
21759076 2745969
21775543 21772318
21775543 7938414
21775593 21775594
21775593 10701108
21776146 21776147
21776146 3096000
21778128 158279
21827246 136125
21917247 22708
21414 21937450
674135 8099387
54964 6821319
54964 206795
1630525 148069
21998685 72847
22057917 3532236
22057917 21234277
22068699 123234
22068699 42118
22068699 2255431
22121344 2789575
980394 22128160
22179723 1933975
22186489 2192
22199937 190126
22221471 38459
286462 6932
22263772 1901045
7959260 22266160
6848570 119825
6848570 98746
6848570 113368
252917 3713
22366804 66174
22373923 548665
22395733 1591689
22395733 293
17229826 23272
22453530 982845
22453530 23272
2916410 8155
2916410 819109
2916410 30
2916410 13118638
1656720 38459
33388 6821319
33388 22609844
22654874 38459
22655287 38459
15274309 86068
15274309 2333991
15274309 39676
15274309 548667
15274309 548670
15274309 3118193
15274309 1591689
15274309 300782
15274309 1925210
22718336 22718352
22718336 22398979
6692755 66174
22727573 4163444
22727573 363630
22740636 300782
2230332 6932
22834297 9881
22834297 161923
22834297 374315
22834297 1924230
22834297 1442667
22922957 272999
22022888 21511
5229030 138329
5229030 10154774
5229030 342991
5229030 566884
5229030 28936
23066537 23243
22102985 150088
23116674 1591689
23160323 150088
23160323 39676
20391527 9513685
23235653 293
23249059 6821319
23263715 23251
23263715 1636312
23302116 300782
23325807 353209
23332803 2193566
23332803 1319366
23334653 39676
23334653 548670
23334653 548671
10670057 548665
10670057 548666
10670057 269195
1955836 6946153
23435906 2783150
23435906 63329
23435906 23435921
8991638 23493921
23499918 98744
23510429 908201
14089837 1423937
14089837 319615
14089837 272599
23605804 548670
23622899 15512365
23698399 2192
23706387 98744
23769571 10062163
17175667 548669
23767933 2192
23797415 63134
23801728 3098946
4200905 92837
4200905 56018
23839925 26122
23839925 61155
23839925 388541
23839925 388542
9667457 1075878
9667457 505772
9667457 8224075
9667457 1776250
9667457 17200943
9667457 26122
9667457 883621
9667457 4470475
7942254 39676
7942254 2192
23864417 548667
23864417 1591689
23864588 17747553
23864588 10670774
23917734 982845
23917734 23272
311349 8154195
311349 11977184
23983993 150088
23992558 23992578
24027195 98744
2598827 24044196
2598827 2789575
24044788 5819669
24044788 10703120
24072043 18201749
24072043 300782
24072043 9684379
24072043 10401883
2384909 10062163
24149407 548669
24180057 251555
24180419 2666058
24180677 2666058
24180951 662016
24180951 23272
24182173 23272
24184636 548669
24399783 4745615
24425946 113345
24427904 14793677
24429675 24429678
24429675 24429679
9861115 3180851
9861115 24719245
24957538 273597
4521581 2192
24993255 1145619
25014231 25014247
25014231 261818
25014231 1689726
25024790 251555
25040227 42118
25127865 300781
25326966 701
25357619 548669
25357619 1591689
8845416 87457
25470905 1591689
25530452 294690
25538903 4217539
25538926 11991560
25628719 548667
25628729 548666
25657475 1718238
25657475 548666
25657853 548666
25661892 1718238
25661892 548665
2333045 604308
2333045 135651
2333045 218496
25730111 1718238
25771674 25771679
25771674 738561
25771674 15908585
25771674 12219229
25771674 18507249
25771674 4681499
22922282 2263432
21274912 385351
25786573 2192
25819196 25819199
25824708 4468718
25832731 2666058
25872029 6929016
25896090 548666
26175285 26175286
26182945 251555
26258370 548670
26356138 1922859
26373267 867563
26373267 26373269
26373267 26373270
26410234 4640909
26410234 95628
7035780 548666
26788879 26788893
26788879 9319576
5970859 1871905
8168963 15717798
8168963 33610
26855237 23897395
26874205 548670
26874205 3118193
26874205 300782
26874205 26874215
26879920 3005
17208686 15236790
17208686 107
17208686 27076343
17208686 27076344
27113932 251555
2637067 2405212
27147970 16724856
27186568 2232771
27186568 1145619
27208813 8099387
27216211 5384
1929476 10366673
27293138 240177
27303845 6929016
27304652 11977184
27351665 1373520
27371742 119825
27378562 421780
27378562 27378567
27442435 1933041
27463278 8287826
27522185 27522190
27640477 27640478
27661838 1145619
27672928 1145619
27685136 2789575
27685136 7361505
27698852 24166083
27706055 2789575
27706055 15279989
7698436 1145619
7698436 17747553
27791399 9711294
27791399 10062163
3448607 1443179
27803044 25902
27803044 2850499
27803399 1145619
27826377 38459
27826382 38459
27826573 38459
27909314 3713
27910929 832583
27919147 34148
27971161 27971164
27972077 1145619
27973579 2232771
27973579 1145619
27974764 1145619
28014564 38459
28014567 38459
28014585 38459
28014627 38459
28014635 38459
28014814 38459
28014821 38459
28014873 38459
28014891 38459
28026455 38459
28026463 38459
28026465 38459
28026466 38459
28026494 38459
28026495 38459
28026496 38459
28026497 38459
28026498 38459
28026499 38459
28026500 38459
28026501 38459
28026511 38459
28026514 38459
28026515 38459
28026516 38459
28050617 38459
28050618 38459
28050619 38459
28050620 38459
28050621 38459
28050623 38459
28050624 38459
8938269 38459
28096437 704205
28103773 1145619
28103773 908675
28103773 10670774
28182434 7939286
28182434 15060496
28183324 15070987
28183324 28183326
28183873 1145619
28183873 28183876
28184472 1145619
28228554 38459
28231423 9896961
28318223 9491943
28318223 402382
28360772 12194633
92837 278683
28510839 23272
683058 38459
28533868 1396385
28533868 306865
6889454 25674
6889454 18636
6889454 78047
17532975 300782
8643166 39676
28757126 125723
28757126 42118
28757126 123233
2636753 957157
28819911 36314
28819911 7895777
14670502 38459
9025508 1623757
28911363 150088
28911363 2333991
28911363 39676
28911363 548669
28911363 548670
28911363 1591689
28911363 28911382
28911363 1925210
28911363 51028
28940744 150088
1002899 13615408
28992568 269195
28992568 293
28992568 385509
28992568 1925210
28997267 150088
29100827 2023173
4051959 691002
4051959 370700
4051959 1129154
2169256 15883635
18580456 38459
29172556 38459
7651165 123233
2432695 691002
2432695 370700
2432695 10062163
29347339 16433054
29347339 357388
29467330 2333991
29467330 1591689
29467330 8410
29468813 1591689
14286607 251555
2150477 116903
29509633 310367
29509633 600
4054563 548670
4054563 1591689
3422783 29565397
29574212 1145619
29583944 2971117
29583944 72298
4829450 24157593
4829450 1216081
10218788 2192
29672002 2305838
7697949 116903
29834124 121256
29874463 293
23706388 98744
29904521 700500
29910503 2789575
29910503 307194
6778497 7643251
29948980 310367
29959825 29959849
29959825 6458683
29959825 23858529
30023287 15441085
30024265 469027
30051968 150088
6847887 2192
30103995 548671
30115825 150088
30115825 39676
16511907 2192
30129844 1877065
30139134 2192
30140488 66174
27479897 2192
30155267 293
30161446 246145
30161446 265076
30169802 1858540
30276523 2454377
30277317 330178
30277317 330033
30277317 94327
15476435 16027979
15476435 18854385
17440625 9557981
4114061 1145619
30352352 98744
30384869 2789575
30389474 5620258
30424918 8099387
30438600 30438614
30438600 8495901
30488539 23251
30488539 23243
30488539 548669
30488539 300782
30488873 23272
30491444 1718238
30491444 150088
30491444 4640909
30491444 1591689
10670062 1877065
10670062 2192
30494972 23251
30498253 548666
30498253 1591689
30499467 315509
30512472 119825
30512472 113368
30541259 8164070
24364096 385351
30631705 1059824
30681343 66174
30709609 251555
30727499 118726
17863625 3716
17863625 334843
30730740 24975
30741505 3197215
30747150 36314
30747150 30747151
30751671 548671
30777999 55804
31321354 13933377
31321354 13933378
31328816 449887
31328816 282559
31341493 1877065
31346885 9896962
31346885 370742
31675608 311889
31675608 21942529
31675608 24151687
31683646 548667
31683646 1591689
31684221 1591689
31688101 150088
31688101 1591689
31706709 300782
31710415 330123
31773461 150088
31774146 665
31785556 39676
31786568 23110
31786568 31582
15475701 330123
31820826 1591689
31863423 55363
26017233 150088
31917209 150088
4054559 16424486
32056345 764750
32060288 23110
32060288 1200346
32083467 2666058
32139165 8348966
16883053 17566
16883053 8804
16883053 3080720
32416074 321759
32424454 548666
32500777 1591689
32500777 293
32503113 1718238
32503113 548670
32503113 3118193
32503113 548671
32592170 1300167
32645169 548670
32728528 6929016
32740256 662529
32740259 404973
9254309 121256
9254309 311889
9254309 28
9254309 17343195
9254309 8155
32749679 1051339
32749679 32749688
32749679 32835
32749679 3098083
32999288 1651357
33000913 33000915
33000913 33000916
6786577 3100854
33167464 570152
33167464 24473468
33207638 809505
33330672 1231264
33359594 8285503
33382594 22704507
33382597 6547270
33382809 33382815
33402417 860929
33402417 622659
33470931 8732349
42391 19368200
33544756 8154195
33554925 1373520
33587502 21645872
33868278 700501
33868278 2850499
33885877 2789575
33885877 7361505
33890284 1163
33891507 2789575
33891561 2789575
33899989 2789575
33900052 2789575
33900052 15279989
7698435 1145619
33991765 4307607
33995553 1145619
33995553 10670774
34012747 38459
27826380 38459
34025208 38459
7611002 34103514
34109698 28911382
34118223 2476113
34118223 836801
921099 762894
921099 9415
921099 7632
4208730 8432800
34206111 38459
34206129 38459
34206150 38459
34206154 38459
34206167 38459
34206379 38459
34206390 38459
34206403 38459
34206416 38459
34206479 38459
34217282 276173
34217282 836801
34217282 40977
34217720 38459
34217721 38459
34217725 38459
34217726 38459
34217728 38459
34217732 38459
34217733 38459
34217758 38459
34217759 38459
34217760 38459
34217761 38459
34217762 38459
34217763 38459
34217764 38459
34217765 38459
34217766 38459
34217767 38459
34217768 38459
34217780 38459
34217783 38459
34217784 38459
34217795 38459
34241854 38459
34241855 38459
34241857 38459
34266200 29445059
34332758 8432800
34332758 1145619
34343575 1145619
34344456 17747553
34344456 2850499
34344456 34268252
34344456 21753330
34344456 15045643
34344456 34344459
34344456 7913460
34344456 34344460
34344456 15045809
34344456 34344461
34344456 21753642
34344456 34344462
34344456 21753824
34344456 34344463
34344456 15046171
7906690 867563
7906690 3100854
7906690 1145619
7906690 14652686
34347713 9513685
34349953 9108750
34349953 10670774
34349958 9108750
34368715 219113
34368715 402381
34371774 17586570
34418400 38459
34490911 38459
34590463 1591689
34614487 869391
8250554 760798
3028563 325930
3028563 1992117
3028563 1142973
3028563 248216
24306811 35263
24306811 1868472
24306811 6120
644758 16118528
3414519 1145619
3414519 80968
3414519 5384
34798648 385351
34805333 57156
17412158 16156641
34827654 350694
34853834 284777
34853834 290991
5215516 3088080
5859488 2192
29283718 148362
29283718 34866707
34939073 8777401
34939073 34939081
29605571 7621390
8644293 219546
8644293 2192
15643808 1075878
15643808 198754
15643808 27991
15643808 549101
3441744 5200019
3441744 8873477
3441744 888453
35076567 385351
18628653 241901
31828196 548666
31828196 269195
35157105 120813
35212287 3446496
35212287 1447648
14160308 1445428
35258286 363809
784802 23251
35358357 642228
35358357 248132
28058323 8878457
9371248 23251
9371248 363809
30727388 75693
30727388 1124371
16814237 3115615
34815183 123233
35715946 1591689
35723100 20783553
27132304 8154195
35794701 150088
35794741 1718238
35794741 3193983
35794741 52691
35794741 288746
35799424 374187
35807802 1136418
35807802 35807809
35807802 357200
35807802 35807810
35821768 3483436
10670070 19226263
35893329 385351
35907181 8340564
35907181 10629138
35907181 17323
35907181 35907191
36000148 585035
36041272 12019190
36049153 300782
36058250 7643251
2708628 3008923
2708628 10062163
36105114 385351
36128244 1229
36129894 6932
10502271 8099387
36150757 10005243
36166185 827009
36166185 8466210
36174562 2692747
36207228 98360
36207228 3786284
36208633 36208639
36229975 855478
36232366 549489
36232366 5859486
36232366 613013
36232743 1877065
36251099 548665
36252758 2192
36254342 1177277
36260168 42586
36260168 552400
36268408 2192
17608031 2846322
36270854 548670
36279448 2192
36304402 2666058
36307825 325930
36307825 10504838
36307825 115198
36307825 18531263
36327645 17172492
36348021 39676
36371051 25674
36421434 138287
36421659 353209
36432954 345863
17931954 1156677
36459909 691002
36494028 36494029
20389560 942780
36595358 219546
36611302 1353
36613156 882832
36618968 847201
2628739 2192
23864590 17747553
23864590 10670774
36741608 15821558
36753172 36753173
10721403 17747553
24284690 3268312
36836309 113345
36837205 8432415
36838131 36838134
36838131 17868839
36838458 24975
27928791 3716
27928791 5245614
27928791 310367
27928791 3086419
27928791 36840581
36841962 22369278
36841962 628559
36855938 36855939
37020743 36855939
37020743 30746597
37358739 3170449
37391034 548669
37391034 1591689
17201061 2192
37422836 3258272
37428972 2789575
37428972 21080580
37472780 18686
37546947 351694
37648208 5384
37648208 98746
37663160 13932503
37663160 191303
37735944 251555
37739834 77319
37739834 182210
37757740 8133509
37781017 548667
37781017 1591689
37782431 34953734
37791911 39676
37814692 38459
37814692 38460
37836111 224473
37841742 3716
37845455 23272
37863966 8732349
37863966 1490089
37863966 457025
37877518 150088
37877518 39676
37902419 3173326
37907680 150088
37907680 39676
37907680 1591689
37921778 29007147
37981778 1718238
38007877 6831384
38014802 1718238
38052104 3079001
38068069 5035719
38073563 4783281
38091343 29079207
38091960 6929016
31677841 422240
31677841 207284
25771679 38151833
25771679 32139317
25771679 19077704
25771679 12559659
25771679 12286438
25771679 38151834
25771679 8741367
25771679 738561
25771679 25771674
38151833 25771679
38151833 19077704
38151833 12286438
38151833 12559659
12553109 867563
12553109 38223905
7177508 1264033
38470945 2666058
38470945 548670
38470945 1591689
38477091 548670
38486969 457292
38492325 39676
38492325 548667
38495915 1366167
38538545 2192
27796356 492926
27796356 78047
38667868 1550513
38667868 21604
38667868 175920
38667868 2111602
38677321 95725
38698017 38459
38784706 38151833
38784706 25771679
38784706 830563
38784706 19077704
38784706 12286438
38784706 38784707
7685514 366924
38969744 916945
10670080 1877065
39025238 44652
39025238 19750
39044897 300782
39061788 1670633
39073480 20807502
39073480 4042736
39073480 221089
39155343 49475
39188775 157911
39188775 3103383
39188775 3111817
39261187 363809
39261187 300782
39437981 1677728
39477628 11953
20832533 38459
39574993 224494
7007889 1244691
39606502 25059125
39606502 525395
39646143 23858645
39646143 79523
25646804 227538
39672238 2878288
39695160 10639965
39718899 123233
39822332 7837427
39822332 139617
39822332 2830091
39840198 11977184
39856407 9513685
39856407 1145619
39864872 1145619
39865697 1145619
39868704 22885
39880510 2956525
39880510 22980558
39891643 8432800
39891643 1145619
34515008 13932503
39899757 2789575
39899757 36630780
39900585 2789575
39900585 6862443
39907522 2789575
39907522 5881078
39991297 10062163
40022969 38459
40022976 38459
40022982 744110
40101130 35262
40105436 223583
40105436 1698312
40105436 1006326
40105436 7724904
40161792 1145619
40161792 2232771
40198776 38459
40198780 38459
40198797 38459
40198798 38459
40199013 38459
40199057 38459
40199087 38459
40199091 38459
40199092 38459
40199097 38459
40199100 38459
40206580 546669
40210189 38459
40210190 38459
40210191 38459
40210192 38459
40210220 38459
40210221 38459
40210222 38459
40210223 38459
40210224 38459
40210225 38459
40210226 38459
40210227 38459
40210236 38459
40210239 38459
40210242 38459
40210245 38459
40230916 3100854
40233442 38459
40233443 38459
40233444 38459
40233445 38459
40237364 2232771
34253356 38459
40339565 9108750
40358674 15069715
40358758 15060496
40358758 7939286
40360736 7493942
40360736 40360738
40360756 2685227
40360756 15059879
7977547 61155
8049448 28344419
1143544 202493
1143544 19987
1143544 3005
1143544 319593
40571081 17200943
16819806 965219
16819806 4712867
40581490 123233
40581490 2827172
40581490 673129
50635 23861680
8536481 23272
2613832 385351
40753917 39676
40753917 1591689
4871120 283840
6410515 2192
6410515 9452498
40794072 300781
40794072 300782
18491611 300781
18491611 23251
12231999 206795
15788309 66174
16192308 6821319
16192308 1145619
16192308 2232771
41033533 385351
41039141 276037
1007764 25902
11089182 39398
11089182 120299
41092126 150088
41149590 3076409
41149590 41149592
41162307 2789575
7501434 25902
22656603 4477952
22656603 6120
22656603 1231264
4890055 957157
34206344 38459
7983196 9053022
41297684 41297691
41311836 1186206
41312495 385351
41370441 38459
41411445 2789575
41443314 16375
41443314 675
41443314 9684379
41443314 304243
41453286 2114569
41471459 5819669
16474121 1877065
41581055 229693
1954262 39676
1954262 1591689
1954262 293
23793136 39676
8334733 1771464
8334733 2889420
41655455 8099387
4054561 251555
4054561 150088
41734288 662016
41734288 150088
10670068 19226263
10670068 5981755
10670068 1877065
10670068 1925210
2212457 116903
41893777 23272
26824696 268977
41900991 551454
41906489 119825
41906489 183462
17351325 15401004
41932370 380042
31220273 98745
31220273 357200
17602461 251555
33664088 98744
42040878 317676
42071173 7643251
15521275 118726
42130780 23110
42130780 3047
42161811 8875930
42161811 2616089
42169995 150088
42169995 2666058
42169995 548670
42172669 22336529
42174671 150088
42174671 2666058
42186658 14496199
42193099 957157
42194176 1145619
36242096 508353
42211069 66174
42212206 22615756
42212206 42212214
42212806 15917440
25890236 1591689
10670067 2192
42230698 1678146
42235070 957157
42237158 293
42247715 548669
42248176 2192
97649 700500
42350965 36293319
1986046 2480119
1986046 2676970
1986046 40866622
1986046 4601624
6947756 1145619
6947756 40347555
38461658 614556
42396478 553023
42410390 353209
42428136 1718238
42428136 3173326
42428136 9223822
42492925 224473
1745192 1069955
42521730 78863
10670054 15917440
10670054 1591689
18958469 957157
10670077 66174
10670077 1877064
10670077 1877065
42554267 303404
42642735 2474269
42687867 150088
1718735 150088
2357718 251555
39699907 1718238
39699907 251555
39699907 662016
39699907 23272
42760578 28390575
42773824 1050373
42776530 42118
42776530 6932
42776530 491706
42776530 23570689
43281283 8359338
43287799 28173002
43287799 10646494
43297041 28968864
43297041 17580966
43297041 43297058
43324132 707499
26797942 251555
26797942 548665
43374085 30473290
43374085 1314523
33824837 41978520
33824837 3106666
5588829 548670
18848133 3068731
18878961 8432800
43688526 548671
31352448 1510064
43737204 133419
43737204 39100711
43738208 150088
43743130 150088
43743130 1591689
43743453 86068
43743453 23272
43743453 1591689
43745655 1718238
43745655 1591689
43763856 548666
43767700 39676
43807107 1877065
43810544 8319294
18537850 1145619
43902304 2647770
43902304 8288560
7356154 1888130
43907190 19226263
43967426 66174
43967426 4640909
43974039 5035719
43990673 548670
43996468 1877064
43996468 1591689
43997543 2621742
43997543 6929016
44342629 615642
44345022 548665
44345022 548667
44370381 197011
44370381 35262
44373765 391585
22462315 139617
44558552 548670
44558552 548671
44664799 942780
44664799 16353292
44664799 9835588
44881303 2192
44946332 330291
6425600 26381893
44981575 23251
44981575 39676
44981575 548670
44981575 3118193
44983621 86395
44983621 86394
33101534 3100854
45084463 7911687
45084463 615642
45084463 1153404
45128683 363809
45128683 353209
45128683 300782
45295325 45295327
45363442 761397
45363442 2118030
45374552 6929016
14332521 34148
14332521 78047
45461868 7837427
39678890 123233
45523712 24287030
45594823 4834435
45681710 8453569
45683682 1314076
45683682 221089
45683682 881669
45683682 10632489
45683682 1239
45685447 6929016
45687091 122089
45731656 2789575
45731656 7361505
45744141 2789575
45751681 2789575
45751681 15279989
45864740 38459
45864938 38459
28865602 1145619
46009604 2789575
46028118 42851134
46028118 1301897
46028118 7911687
46028118 123855
46028118 46028119
46037505 38459
46037518 38459
46037519 38459
46037521 38459
46037529 38459
46037536 38459
46037549 38459
46037571 38459
46037581 38459
46037891 38459
46048682 38459
46048695 38459
46048699 38459
46048700 38459
46048710 38459
46048711 38459
46048712 38459
46048713 38459
46048714 38459
46048737 38459
46071226 38459
46071227 38459
46071228 38459
46116977 24044196
46116977 2789575
46120501 15805332
46120501 1145619
46120501 10670774
46124570 46124571
46165085 1145619
29345532 1145619
29345532 2850499
29345532 17747553
46172822 22266160
46183829 12570847
46183829 56018
46194624 1145619
46196499 12532070
7992254 39105385
46206433 8432800
46241182 3714
46272701 229427
46318223 8335
46318223 17615813
46318223 9027532
46318223 131915
46318223 23208
10197721 4601624
89596 6821319
850359 5384
141598 345863
24028451 23272
10947112 1105332
10947112 3714
37789441 8954266
46465999 1895826
4109051 385351
765117 662080
696628 548666
696628 548667
9072904 304243
9072904 24975
2167973 385351
6399957 3037194
46749561 1877065
46749561 2192
46764929 300782
97648 1145619
97648 3100854
97648 995126
17625116 1254815
17625116 4835682
9899981 1877064
60253 17757333
46859731 385351
1001520 1231264
1001520 5665502
28356676 113886
8333938 6258481
29780743 3716
38091296 38459
47106431 553023
47131048 363809
47240928 6929016
47293733 10643343
47293733 385351
47326931 20025
38053 9513685
38053 17421920
10051025 7336450
12754520 243789
47554807 30618125
1782045 36544886
47690450 164729
47690450 5822994
47690450 2878286
47690450 1007447
47719824 591577
47719824 3773060
47751916 8099387
17084181 2309954
47773315 553023
47803587 2789575
38021931 373678
47847095 2148644
47884850 385351
47896188 2192
47940881 548671
41395352 1360537
17208351 9092337
17208351 19226263
47950335 2192
47956600 35338791
47962902 150088
37414328 296250
37414328 98744
37414328 1007960
47983915 4640909
47983915 1591689
47985738 548669
47994004 548666
47994004 548671
47994004 1591689
47994004 2192
48001164 2646501
48010762 150088
48010762 39676
48010762 548667
48125834 4806891
48125834 2789575
48129935 427258
17187325 123233
17187325 10062163
17187325 673129
48181551 39676
48182863 37125938
30356557 2232771
48252900 121887
48282630 4306728
48282630 395063
37442699 147509
48307416 2474269
48309215 39676
48314459 957157
48344710 23235
48384315 225988
48384315 36130127
48384315 20584013
48384315 281197
48413555 86068
48426966 46553013
48459691 2102781
31742375 19226263
31742375 24184254
31742375 10715088
48514789 2257842
48515404 331603
48516537 39955
48516537 2220055
48516591 2760
48516796 869391
48516796 1858771
48516980 98746
48517003 48517004
48517003 1272447
48517636 119825
48518398 1366167
48518398 2263432
48529644 4336695
48534538 24210352
48535192 18472359
48535192 34370141
36859158 23272
36859158 95628
44648404 7826406
44648404 372539
44648404 285982
44648404 1887286
48679974 2192
48766836 1361868
42004893 1367366
49053084 2192
36149599 8099387
49116609 98744
49189894 24184254
49189894 24223466
49311000 8170305
10670079 1877065
49412926 3173326
49412926 548671
49416235 548667
49436019 553023
49452184 4828361
49470349 23110
49470349 22708
49532475 39676
49532475 1591689
49533599 123234
49533599 125723
49533599 125724
49539002 548667
49539002 2893713
49540733 3173326
49540733 548671
49549940 221089
49549940 23251
49549940 244444
49549940 15551099
49565624 23251
49565624 548669
49565624 1591689
49590378 224473
509063 2619310
49639247 38459
49643964 130904
49645103 1718238
49645103 548666
49700153 34700866
49705542 2178946
49724423 2192
23822920 2192
49784868 2219075
49785167 9449359
49785273 3008923
49826913 111821
50041802 548667
50045864 28739483
50051773 1591689
50066928 13783245
50102481 1877065
50102481 5161717
50103191 363809
50103191 300782
25872707 1300167
50221768 3343398
7926788 1145619
9997796 23272
9997796 957157
50252617 39676
50252617 2666058
10385190 7826406
10385190 2298016
50588876 45966339
50609166 548666
50609166 548671
3504889 6120
50687637 7893821
50688737 16819723
17854326 585035
8842021 2237999
8842021 29145032
50742784 1107062
50743127 182210
50896553 2192
50899979 1591689
14098084 3713
14098084 34148
14098084 1888130
14098084 606
14098084 700500
14098084 10349918
50973107 22040675
50973107 4783710
50973107 13586283
6817914 10349918
6817914 6436432
50978298 10349918
737487 47594
50963383 700500
50963383 629
47555428 39520321
51029383 19895
40750309 25488304
51164823 1184353
51251780 532031
51257757 385351
23148279 556998
6266724 98745
51387265 51387280
51387265 2666058
51387265 19113610
51387265 795
51387265 16670625
51387265 1873589
51534073 38459
51534312 38459
51534319 38459
51632453 874939
40004130 1012854
40004130 1145619
7685517 434998
7685517 9353735
51685662 1145619
51691662 13129107
51691662 1145619
51701340 38459
51701343 38459
51701351 38459
51701358 38459
51701359 38459
51701386 38459
51701412 38459
51701587 38459
51701589 38459
51701622 38459
51701632 38459
51701649 38459
51701682 38459
51712540 38459
51712541 38459
51712542 38459
51712543 38459
51712544 38459
51712545 38459
51712570 38459
51712571 38459
51712572 38459
51712573 38459
51712574 38459
51712575 38459
51712576 38459
51712577 38459
51712578 38459
51712592 38459
51712596 38459
51835661 34974
51840419 3093299
51840419 908675
51853947 3073587
51853947 21772320
51853947 10646490
51854525 7934735
51854525 7939173
51855452 40353673
51855452 7940363
51856075 21409018
51856410 40360731
51856410 46185628
51856429 15059879
51856429 2685227
7336963 27968571
7336963 8432800
7336963 17382480
7336963 3100854
7336963 44868381
51895885 1089325
51895931 5193350
44942717 8421
44942717 5988690
44942717 15584676
51976590 125723
