619 25897
191224 191240
614403 614404
909005 909008
909005 909009
1509186 1509188
1934279 1934287
1976125 1976812
2006353 2006357
2373440 2373446
2476807 2476808
2583037 2583043
2589778 2589785
2603935 2603936
2610146 2610154
2657709 2657710
2668039 2668042
2670139 2670140
2680196 2680197
2684346 2684348
2971112 2971114
3348841 3348842
3348864 3348865
3445494 3445495
4037331 4037332
4037331 4037333
4160785 4160786
4231084 4231086
4670887 4670894
4788006 4788008
5008287 5008292
224359 5061104
1376729 5607761
5616160 5616161
5829239 5829240
5972403 5972404
5975161 5975162
5985768 5985769
5985770 5985771
5985772 5985773
5985774 5985775
5985776 5985777
5985778 5985779
5985780 5985781
5985782 5985783
5998736 5998737
6067996 6068003
6121114 6121118
6121114 6121119
6121114 6121120
6121122 6121124
6121122 6121125
6121122 6121126
6230116 6230123
6236088 6236097
6255342 6255350
6292154 6292156
6292161 6292162
6307270 6307271
6307370 6307375
6332657 6332658
6336349 6336350
6350532 6350533
6366260 6366262
6397664 6397669
6409905 6409911
6414297 6414298
6414340 6414342
6414340 6414343
6415773 6415780
6426284 6426288
6429493 6429496
6432166 6432167
6462787 6462788
6546119 6546120
6699622 6699623
4841725 6715304
6769766 6769768
6817913 6817915
6836096 6836101
6919911 6919912
6930357 6930358
6975067 6975069
7038024 7038027
7065784 7065787
7092493 7092497
7156580 7156581
7183024 7183029
7193890 7193891
7284938 7284942
7290801 7290802
7302176 7302177
7342190 7342191
7467633 7467640
7473478 7473482
7479793 7479796
7487312 7487331
7614165 7614166
7614167 7614168
7617107 7617108
7619629 7619630
7620281 7620283
7640165 7640166
7683577 7683578
7686847 7686848
7686859 7686860
7697048 7697050
7711901 7711902
7713906 7713907
7778568 7778569
2172851 7799083
7807482 7807483
7807560 7807561
4916492 7812465
7825715 7825716
7838066 7838067
7852767 7852768
7890526 7890527
6965293 7911411
7925388 7925389
7997085 7997088
8044050 8044051
8066121 8066130
8077121 8077122
8077739 8077740
8098943 8098946
8104567 8104569
1427697 8269117
1427697 8269118
1427697 8269119
253146 8314421
1324655 8327918
2093515 8357724
8525582 8525588
4584570 8879623
9226365 9226368
6746062 6746057
9530837 9530840
1159929 9697739
9712727 9712734
9712727 9712735
6425671 10068388
10072154 10072155
10247396 10247397
10321331 10321336
10601600 10601606
10776083 10776084
10844084 10844085
11508083 11508090
11508363 11508369
11606869 11606874
11792702 11792707
11962272 11962273
11972126 11972128
12864109 12864115
3494843 12912998
12915506 12915507
12918754 12918759
12921817 12921818
12928921 12928923
12982894 12982895
13053167 13053168
13086255 13086256
13161781 13161784
13194736 13194737
13261671 13261672
13261673 13261674
13262239 13262241
13267406 13267411
13291774 13291775
13370775 6121118
13370775 6121119
13370775 6121120
13370779 6121124
13370779 6121125
13370779 6121126
13381970 13381971
13386338 13386343
13386338 13386344
13386338 13386345
13497789 13497790
13497791 13497792
13539150 13539151
13542829 13542830
13556133 13556134
13576451 13576452
13576451 13576453
13590842 13590846
13590955 13590961
13597395 13597400
13597395 13597401
13606186 13606187
13664840 13664849
13665005 13665006
13667314 13667315
13672854 13672855
13693779 13693781
13725764 13725765
13747082 13747083
13757453 13757454
13934254 13934255
13979122 13979124
14005524 14005525
14011559 14011565
14016376 14016385
14028436 14028438
14029120 14029121
14030281 14030283
14035009 14035010
14070425 14070426
14073741 14073742
14091796 14091797
14214921 14214922
14214921 14214923
14217925 14217928
14228773 14228776
14231590 14231593
14308383 14308384
14347521 14347523
14350653 14350654
14366392 14366393
10384094 14375239
1755675 14488687
14649599 14649600
14657247 14657249
14657410 14657411
14662854 14662855
14664560 14664561
14694379 14694380
14701485 14701486
14716547 14716548
14768724 14768725
14769048 14769049
14772289 14772290
14775156 14775157
14791289 14791290
14791873 14791874
14830801 14830802
14831645 14831646
14834186 14834187
14850210 14850211
14867042 14867043
14867042 14867044
14867042 14867045
14867042 14867046
14867042 14867047
14867042 14867048
14867042 14867049
14867042 14867050
14867042 14867051
14867042 14867052
14867042 14867053
14867042 14867054
14867042 14867055
14867042 14867056
14867042 14867057
14867042 14867058
14867042 14867059
14867042 14867060
14867042 14867061
14867042 14867062
14867042 14867063
14867042 14867064
14867042 14867065
14867042 14867066
14867042 14867067
14867042 14867068
14897954 14897955
14897954 14897955
14899536 14899537
14910550 14910551
14949447 14949452
15037050 15037052
15069086 15069087
15070530 15070533
587682 15109657
15119868 15119869
15119868 15119870
15140740 15140742
15148556 15148557
15166871 15166872
15170698 15170699
15171500 15171501
15190764 15190765
15191576 15191577
15218118 15218119
15220570 15220571
15220883 15220884
15221192 15221193
15223133 15223134
15230835 15230836
2756364 15241245
12004250 15468885
15514965 15514969
15525563 15525567
15531073 15531082
15566790 15566806
15569135 15569139
15569135 15569140
15569135 15569141
15589655 15589658
15866011 15866020
16220012 16220021
16532546 16532548
16570828 16570831
470195 16588125
16732442 16732443
16984919 16984921
17149163 17149164
17171702 17171703
17478206 17478207
17612672 17612675
17747651 17747653
17787187 17787189
17787187 17787190
17921282 17921284
18835039 18835041
18898866 18898867
19362625 19362626
19391929 19391930
19391929 19391931
19391929 19391932
19391929 19391933
19391929 19391934
19714907 19714910
19714907 19714911
19721302 19721303
19781637 19781638
19843759 19843764
19851912 19851913
19879518 19879521
19880507 19880508
19909740 19909750
19946515 19946523
19953586 19953592
20033711 20033712
20047462 20047463
20047464 20047465
20047466 20047467
20054788 20054789
33373 6121124
33373 6121125
33373 6121126
33374 13386343
33374 13386344
33374 13386345
6121128 13386343
6121128 13386344
6121128 13386345
20227288 20227293
20268905 20268906
20270830 20270831
20270832 20270833
20270834 20270835
20270836 20270837
20283439 20283442
20283439 20283443
20283439 20283444
20307670 20307671
20310107 20310109
6292157 20312924
20318525 20318526
20321983 20321985
20322345 20322347
20322769 20322770
20323949 20323951
20324352 20324353
20333175 20333180
20335434 20335437
20341973 20341974
20355067 20355068
20364449 20364455
20373570 20373572
20373570 20373573
20374916 20374917
20374920 20374922
20384098 20384099
20406755 20406756
20408956 20408957
20408956 20408958
299871 20411158
299871 20411159
20429003 20429004
20430827 20430828
20431154 20431155
20435881 20435882
20437494 20437496
20457080 20457085
20506804 20506805
20522925 20522926
20535745 20535746
20541674 20541675
20321986 20708510
20715151 20715152
20729206 20729207
20729206 20729208
20748087 20748088
20783810 20783811
20794024 20794026
20794903 20794904
14179118 20819941
20844207 20844212
20868437 20868438
20967474 20967475
7038028 20967714
21093163 21093164
14492073 21094474
21097798 21097800
21101431 21101432
21106325 21106326
21106369 21106370
21108291 21108292
21117543 21117545
21208282 21208283
21208282 21208284
21208282 21208285
21220518 21220520
21244592 21244593
21269282 21269283
21354760 21354761
21368562 21368563
21368562 21368564
21368562 21368565
21374566 21374567
6965255 21431063
21491779 21491781
21492010 21492011
21517351 21517353
21551047 21551055
15365488 21563675
21567225 21567226
21584812 21584813
7778630 21629942
8433955 21646780
21646942 21646944
21646942 21646945
21646942 21646946
21646942 21646947
21646942 21646948
21659886 21659887
8132393 21682232
8132393 21682233
21694549 21694550
21734635 21734636
21734635 21734637
21734635 21734638
21734635 21734638
21734635 21734639
21743709 21743710
21773803 21773804
21793891 21793893
21828795 21828797
21829883 21829884
21838384 21838386
21849197 21849198
21872211 21872212
21896477 21896478
21896549 21896550
21910769 21910770
21912474 21912475
21914855 21914856
545623 21948801
23099972 23099974
23142783 23142786
23146024 23146025
23335050 23335051
23335050 23335052
23616898 23616899
23635251 23635252
23752540 23752544
21214793 23754789
24376747 24376748
24376747 24376749
13140617 24789896
24937553 24937559
24941038 24941041
25032539 25032541
22424587 25446736
25447541 25447542
25471816 25471819
25586729 25586733
26412049 26412052
26416398 26416399
9192643 26455532
26506972 26506976
26506979 26506987
26510245 26510246
26510247 26510248
26510249 26510250
26511683 26511685
26512640 26512643
26513456 26513457
26529238 26529239
26532861 26532862
20470441 13386343
20470441 13386344
20470441 13386345
13386346 6121124
13386346 6121125
13386346 6121126
26708977 26708982
26728355 26728356
26728357 26728358
26728359 26728360
26728361 26728362
26767487 26767488
26772673 26772677
26777374 26777378
26793787 26793788
26796699 26796701
26796699 26796702
26811099 26811100
26811099 26811101
26811099 26811102
26824065 26824066
26825718 26825719
26831499 26831506
26838141 26838142
26839759 26839765
6409910 26863481
26874179 26874185
26875655 26875661
26916675 26916676
26916675 26916677
26978615 26978616
26980770 26980771
26981768 26981769
27080845 27080846
27080845 27080847
27128064 27128074
27149006 27149007
27151852 27151859
21457593 27207490
27208802 27208804
27219312 27219313
2833377 27231609
27259394 27259395
27262709 27262711
27273803 27273804
27314134 27314139
27314134 27314140
27391298 27391301
27398760 27398761
27524561 27524563
13505648 27538183
27631405 27631407
27652230 27652231
27658387 27658389
27659510 27659512
27803472 27803473
14775925 27804560
21403719 27821219
27907946 27907947
27913365 27913366
27913925 27913926
22036166 27915038
27929390 27929391
27946807 27946808
27960921 27960922
27961645 27961646
27963652 27963653
27983469 27983470
27994864 27994865
14960758 28062568
22781303 28063375
22781303 28063376
28065509 28065510
28066941 28066942
28071196 28071197
28091313 28091314
28095321 28095322
28113593 28113594
28145118 28145119
28153085 28153086
28180080 28180081
28189904 28189905
28216434 28216435
28233520 28233521
28242216 28242217
28300678 28300679
28310844 28310845
28318090 28318091
28323705 28323706
28323996 28323997
14769005 14867046
14769005 28340307
14769005 28340308
910586 28613374
910586 28613375
910586 28613376
28617767 28617769
28889994 28889996
18405464 29037512
29496939 29496940
29589798 29589800
1910415 29658575
18984646 29802326
18898868 30034114
30071787 30071790
30085985 30085989
30086076 30086080
30109500 30109501
30412642 30412645
30636768 30636769
30636768 30636770
30636768 30636771
30636768 30636772
31011502 31011503
31241975 31241976
31997811 31997815
32150928 32150930
32150928 32150931
1839204 32269963
1839204 32269964
3494844 32439250
32450235 32450240
24068945 32592077
20937771 32645843
32648911 32648912
32650925 32650929
32725888 32725889
32739795 32739796
32739797 32739798
32739799 32739800
32739801 32739802
32739803 32739804
32739805 32739806
32741479 32741480
13447240 32912061
32942110 32942117
32953880 32953881
32953882 32953883
32953884 32953885
32957522 32957526
32965566 32965571
32988559 32988560
33020247 33020251
33052642 33052644
33052648 33052652
33059427 33059428
33061653 33061659
33070166 33070167
18631408 33083545
33088871 33088874
33088883 33088891
1741443 33099155
20456278 33121175
33123212 33123213
33134854 33134855
33142815 33142816
20730356 33210174
33331009 33331010
29576489 33339200
27153821 33366817
33368101 33368103
6782844 33399689
33399970 33399971
33421474 33421476
33421474 33421477
13088648 33447776
33450746 33450747
6930743 33514849
33602781 33602784
33604312 33604313
22765824 33606667
33639266 33639268
33652932 33652935
18332628 21371242
33678474 33678475
33678513 33678514
33678515 33678516
27921954 33725683
33726720 33726721
13594936 33744725
33831397 33831398
20819085 33835164
33852484 33852487
33989289 33989290
34005576 34005577
34012682 34012683
34054982 34054983
34111656 34111657
34147261 34147262
34152744 34152745
34158570 34158571
34158880 34158882
34160797 34160798
15277466 34163961
34168149 34168150
14847289 34169727
34179170 34179171
34188455 34188456
34217862 34217863
34224654 34224655
34253590 34253591
15466107 34255206
34283417 34283418
34317734 34317735
34331531 34331539
34331531 34331540
34333235 34333236
29298273 34339406
15310552 34341932
34369333 34369334
34371727 34371729
34381446 34381447
34401264 34401265
34401264 34401266
34401264 34401267
34427432 34427433
34428866 34428867
34441515 34441516
34442293 34442294
34462242 34462243
34462289 34462290
34467427 34467428
34485041 34485045
21896294 34485368
34493185 7775162
16672925 34497052
34504061 34504062
34507310 34507311
34511552 34511553
34524465 34524466
1896 9697739
34555087 34555088
27143888 34578001
9100060 34620779
567235 34730259
1698224 34736759
1698224 34736760
28480597 34802616
8368164 34881096
15354601 34907253
35083714 35083715
6377017 35092417
6377017 35092418
3403828 35306570
3403828 35306571
25060356 35515403
25060356 35515404
16030671 35549422
35640650 35640657
35640650 35640658
35649450 35649453
35649450 35649454
5185586 35878795
35988180 35988184
36130829 36130830
36172436 36172438
36228989 36228998
36617291 36617293
36741286 36741287
36741286 36741288
36925176 36925178
17158599 37546819
6463045 37744097
37816396 37816405
38210422 38210428
38477498 38477499
38478397 38478398
38488768 38488770
38535548 38535549
38689182 38689184
26417935 38692536
38762211 38762212
38771802 38771808
38775060 38775061
38775062 38775063
38775064 38775065
38775066 38775067
38775068 38775069
38775071 38775072
38792555 38792557
20153296 6121118
20153296 6121119
20153296 6121120
26627900 6121118
26627900 6121119
26627900 6121120
38941949 38941951
38969076 38969082
38969076 38969083
38982309 38982310
38993234 35515403
39022273 39022274
20321984 39025727
39031701 39031709
39037842 39037844
39042925 39042929
22875772 39043497
39043565 39043566
39043565 39043567
39043565 39043568
39046599 6332658
39047644 39047645
39052379 39052380
39056769 39056771
39063117 39063119
39070122 39070123
39071101 39071102
39072808 39072809
13609861 39073464
39078134 39078138
39081987 39081991
39087405 39087408
39099294 39099296
39107903 39107906
39122777 39122778
39126201 39126202
39131168 39131169
39144684 39144685
39194727 39194730
21662498 39199904
39220871 39220872
7078372 39278217
7078372 39278218
39346033 39346034
39357926 39357927
39357926 39357928
39399612 39399613
39399612 39399614
39457956 39457958
39475067 39475068
39477363 39477369
12015113 39479153
39549400 39549401
39556224 39556230
39556547 39556550
39563171 39563173
39569806 39569808
39603427 39603428
39653370 39653371
39656276 39656279
39656511 39656512
39682780 39682781
39682782 39682783
27630247 39826067
39826297 39826300
39829253 39829254
39848504 39848505
39855234 39855235
39870331 39870346
33884323 39885122
7723864 38695843
33538221 40041822
40052225 40052226
149797 40101197
40102117 40102118
40123654 40123656
40148998 40148999
40149219 40149220
40149963 40149969
40152561 40152563
40153919 40153921
40154201 40154203
40154204 40154206
40154906 40154907
16576100 40157186
40181492 40181495
40182014 40182015
40200812 40200813
15792775 40204274
28591726 40206679
40208032 40208033
40243605 34253591
28584504 40251593
21662577 40251630
5068303 40274239
40356476 40356477
40358269 40358270
40365715 40365716
40386326 40386327
40386326 40386328
27334254 40400058
8198379 40406583
28373618 40406967
34629726 40421605
40428058 40428059
1818180 40451354
40455096 40455097
40488948 40488950
40489030 40489031
40491356 40491357
40505552 40505553
40507901 40507902
40507901 40507903
40507943 40507944
40720680 40720683
82254 33059428
21104738 41058599
21104738 41058600
5618160 41077329
927277 41111158
927277 41111159
927277 41111160
41257136 9226368
41419771 41419775
41419771 41419776
41493699 41493700
35640652 41630514
35640652 41630515
14933338 41631201
13648303 41636997
41765256 41765257
41860228 41860230
41933703 41933704
2386893 42037556
16930891 21568789
42116333 42116334
42150489 42150491
23767065 42168785
42196051 42196052
42201292 42201294
42226983 42226986
42232108 42232110
42236569 42236570
42247549 42247551
42393505 42393507
9565419 42421246
29089861 42693333
42713004 42713005
21783802 42774155
21783802 42774156
43038691 43038692
14011560 43099832
43227169 43227171
39447670 43246937
31997724 43745945
44035461 44035463
44362980 44362981
44405576 44405578
44411901 44411902
44473712 44473713
44535061 44535062
44543158 19391930
44543158 19391931
44543158 19391932
44543158 44543159
44543158 44543160
44552116 44552117
13154989 44563662
44569477 44569478
44578604 44578605
44593037 44593040
44602125 44602128
44643063 44643071
44643548 44643554
44661230 44661232
44661299 44661300
20470440 6121124
20470440 6121125
20470440 6121126
44847849 44847850
44847851 44847852
42659132 44881943
44886627 26773188
39025726 44888831
44893734 44893737
39036317 44898880
44899077 44899079
44908789 44908790
8963239 44910605
44911449 44911450
44911449 44911451
44911449 44911452
44914703 44914704
44919079 44919080
44920571 44920573
44924241 44924247
44934522 44934524
44942525 44942526
44960881 44960882
33087660 20408958
6410369 13662883
6410369 44972210
44986596 44986597
44987383 44987384
45003834 45003835
45016429 45016430
9439735 45048824
45189030 45189031
37863456 45222031
45231456 45231461
45239901 45239903
45271771 45271772
45313329 45313330
45325816 45325817
45327331 45327336
45327780 45327782
45327934 45327935
45363575 45363580
45371994 45371995
45376207 45376209
45407952 45407953
32507723 34178031
45451691 45451693
45455448 45455449
45506444 45506445
45531000 45531001
45531028 45531029
45531030 45531031
45531032 45531033
45541808 45541809
45677358 45677359
45682409 45682410
20878487 45696151
45701396 45701397
39870347 45715220
17841053 45720407
17841053 45720408
17841053 45720409
17841053 45720410
35861100 45801477
45813833 45813838
45868235 45868236
45882563 45882564
45893278 45893279
45948861 45948862
45948874 45948875
45950171 45950172
15466108 45950313
45950554 45950556
8625301 45956713
45957919 45957920
45963947 45963948
45987253 45987254
45991072 45991081
45992308 45992310
45992311 45992313
45993877 45993879
46019319 46019320
46046666 46046667
39357929 46057222
28476962 46060914
21045308 46062725
46079886 34253591
46079887 34253591
46083854 46083873
46105153 46105154
4806051 46109798
46118197 46118198
46192122 46192123
46192122 46192124
46192122 46192125
22019941 46193573
46240578 46240579
28373617 46240794
28373619 46240809
46255034 46255035
15325139 46260737
15325139 46260738
8716996 46286908
10285335 46311306
46314841 46314845
46319549 46319550
46322367 46322368
46325181 46325182
46327342 46327343
46327619 46327620
46329584 46329585
8545983 46428478
16291623 46503846
2559728 46818120
13107518 46881559
13107518 46881560
12461321 47015827
47040628 9226368
47147433 47147434
2500428 47431281
16678564 47477120
47809609 47809628
36228994 47949559
47956528 47956534
10188718 47964503
10626101 47999478
48000754 48000755
34969690 48000774
48009870 48009878
48312023 48312025
48415586 48415587
48422468 48422469
48422468 48422470
48430671 48430672
45901028 48600275
48600323 48600325
48795436 48795442
48927561 48927562
49458579 49458580
49579261 49579262
4800128 49721003
49744036 49744037
50056227 50056228
50056227 50056229
50065247 50065251
50065508 50065539
50065508 50065540
50107536 50107537
50168937 50168938
50168937 50168939
50168937 50168940
50169368 50169369
50169368 50169370
29477106 50169925
50246805 50246806
50263638 50263639
50328225 50328226
50336907 50336908
50336909 50336910
50336911 50336912
50336913 50336914
50336915 50336916
50336917 50336918
50355607 50355608
13370830 13386343
13370830 13386344
13370830 13386345
20470439 6121118
20470439 6121119
20470439 6121120
6044355 50445234
47985494 50446041
50535041 50535050
50536663 50536664
50536665 50536666
50536667 50536668
50541191 50541192
50569788 50569789
50569790 50569791
13542831 50569792
50569793 50569794
50578507 50578510
50578511 50578514
50578511 50578515
50585366 50585370
13568839 50588795
50592185 50592187
47230679 50593355
50596009 50596012
50612069 50612076
50620156 50620159
50626528 50626531
50645662 50645666
50645662 50645667
50645662 50645668
50651404 50651405
50654026 50654033
6409909 50655118
50669051 50669052
50671901 50671902
50674962 50674963
50725970 50725971
50763515 50763516
50769726 50769727
50882092 50882093
50934021 50934024
50935256 50935257
50936189 50936190
50983517 50983518
737487 50995051
27301885 51029668
27301885 51029669
51078368 51078369
51078953 51078954
45451692 51125472
51134847 51134848
51203276 51203277
51203285 51203286
14359052 51248315
7180412 51251341
51354723 51354724
51373442 51373443
51432106 51432107
51541370 51541371
6965243 51547552
51611263 51611264
51653253 51653254
51654152 51654153
51657172 51657174
51657178 51657180
51657181 51657183
7691501 51657666
40885891 51723079
18624041 51727143
51797515 51797516
40595357 51820470
51830977 51830978
814944 51840291
829205 51840938
51852307 51852308
51852328 51852329
51854046 51854047
51854195 51854196
51860750 51860751
51885542 51885544
28373615 51900326
51911616 51911617
51920216 51920217
51957128 51957129
51957130 51957131
51966204 51966205
51968741 51968742
51974251 51974254
51976832 51976833
28318342 51979344
51981495 51981496
19375228 51982433
51987402 51987405
