89018 89030
117442 117443
117725 117727
224650 224651
279473 279528
302054 302080
304678 304699
317974 318026
318029 318030
318110 318111
318608 318609
345766 345767
349542 349543
366765 366794
406410 406451
416706 416733
460250 460286
462584 462599
485205 485206
511888 511889
528551 528552
532826 532829
546392 546405
549911 549936
562081 562099
567639 567661
570444 570457
570715 570729
571391 571415
572113 572130
572177 572195
572719 572732
572825 572851
574595 574618
576263 576287
577779 577796
579025 579046
579926 579947
584756 584763
585229 585263
585615 585644
585645 585665
585724 585734
594246 594266
596467 596477
596629 596630
603618 603651
605325 605326
605371 605388
607917 607927
615384 615451
617592 617602
621644 621654
623083 623084
626367 626368
627628 627629
631743 631753
631886 631896
631982 631983
633044 633045
633380 633416
633559 633567
634769 634770
634795 634816
634909 634913
635009 635010
635321 635344
636281 636305
637973 637982
638611 638636
638721 638722
638998 639008
646848 646852
657532 657533
663382 663383
664222 664244
672082 672103
677376 677384
677444 677455
677533 677534
677713 677725
682001 682002
683928 683929
743655 743656
797200 797225
828171 828172
849032 849033
854643 854644
854703 854704
868880 868883
880507 880522
890518 890519
890694 890701
905491 905492
905614 905615
943454 943496
959414 959424
960023 960068
966413 966414
969124 969125
971903 971931
972047 972059
972068 972070
987782 987783
994025 994026
997619 997620
1012339 1012340
1012416 1012418
1018875 1018876
1021852 1021853
1022180 1022181
1022472 1022473
850643 1022593
1022648 1022664
1022772 1022773
1028776 1028777
1029338 1029340
1032415 1032416
1049070 1049085
1049695 1049696
1062468 1062471
1064934 1064935
1066632 1066633
1070394 1070395
1072077 1072078
1072150 1072152
1073434 1073439
1090720 1090721
1052913 1090746
1098665 1098667
1099709 1099710
850862 1100572
1107300 1107317
850846 1113255
1119685 1119686
1120801 1120802
1121196 1121201
1123927 1123928
1124574 1124575
1129775 1129776
1129793 1129824
1136994 1136995
1140224 1140225
1141166 1141206
1146249 1146250
1147081 1147082
1148123 1148124
1152389 1152390
1162792 1162793
1169022 1169035
1177845 1177846
1178502 1178528
1180163 1180164
1180883 1180884
1183810 1183829
1184886 1184887
1044664 1187060
1188887 1188888
1189032 1189033
1189718 1189719
1204240 1204242
1207183 1207186
1216797 1216798
1225919 1225920
1230566 1230567
1231151 1231166
1237372 1237396
1240696 1240697
1243738 1243739
1246006 1246007
1249173 1249174
1252390 1252391
1252729 1252730
1253248 1253252
1256310 1256311
1052907 1256964
1259068 1259069
1259561 1259565
1261198 1261199
1261503 1261504
1263330 1263331
1264474 1264475
1265450 1265451
1275757 1275766
1277375 1277385
1280610 1280611
1280842 1280843
1283046 1283048
1292257 1292258
1292330 1292332
1294224 1294225
1294882 1294886
1298186 1298198
1301786 1301787
1302145 1302146
1302408 1302411
1305079 1305099
1305897 1305898
1306410 1306438
1308510 1308512
1044661 1310416
1310893 1310894
1311267 1311270
1311556 1311561
1311755 1311756
1312298 1312299
1313330 1313334
850795 1315346
1315624 1315625
1315886 1315887
1318430 1318431
1318501 1318502
1318509 1318514
1319715 1319716
1320352 1320353
1321127 1321134
1321271 1321272
1322442 1322443
1322886 1322887
1322970 1322971
1323064 1323065
1325796 1325800
1326251 1326252
1326361 1326362
806856 1326649
850825 1326912
1327313 1327314
1327723 1327724
850792 1331612
1333590 1333595
850787 1340023
850790 1340436
1341403 1341404
1344212 1344229
1345663 1345669
1052899 1345735
1044525 1349737
1349871 1349872
1349894 1349895
1350215 1350216
1350471 1350475
806915 1350869
1350914 1350925
1351526 1351528
1351713 1351714
1352400 1352401
1352405 1352406
850767 1352462
1352471 1352475
1352705 1352712
1353099 1353100
1353524 1353525
1361135 1361136
1371547 1371549
1377588 1377589
1377975 1377982
1378738 1378740
1378746 1378749
1379667 1379668
1380721 1380725
1044642 1382434
1383124 1383125
1384303 1384304
806918 1384912
1388851 1388852
1389369 1389370
1390077 1390078
850702 1390372
1400208 1400209
1400223 1400230
1400237 1400238
1407020 1407021
1411404 1411405
1412030 1412031
1413091 1413092
1413753 1413754
1414211 1414238
1415332 1415333
1416473 1416474
1416713 1416717
1417649 1417650
1428327 1428335
1428922 1428923
1430827 1430828
1445209 1445210
1446291 1446292
1446726 1446727
1448952 1448958
1449987 1449991
1467756 1467758
1471831 1471832
1472092 1472093
1472214 1472215
1472633 1472634
1474150 1474151
1475378 1475385
1480383 1480384
1484637 1484670
1490699 1490700
1493720 1493730
850828 1494014
1505258 1505259
1506027 1506028
1511610 1511611
850841 1513047
1514721 1514726
1518029 1518030
1518241 1518242
1535269 1535270
1548625 1548629
1556549 1556550
1556650 1556651
1557781 1557782
1566184 1566185
1581297 1581298
1044592 1585414
1592263 1592264
1592884 1592885
1593454 1593455
1593956 1593957
1044654 1611512
1617309 1617310
1639027 1639029
1648958 1648961
1658489 1658490
1664415 1664425
1666372 1666373
1666655 1666656
1666779 1666781
1667308 1667309
1681472 1681473
1683584 1683591
1044655 1684155
1688485 1688486
1728011 1728012
1975869 1975873
1997348 1997349
1997367 1997368
2496905 2496906
2752467 2752468
2763375 2763376
3125627 3125628
3364133 3364135
3541249 3541250
3541978 3541979
3542556 3542557
3542574 3542575
3547151 3547152
3547163 3547164
3547177 3547178
3547179 3547180
3548308 3548309
3548313 3548318
3548321 3548322
3548496 3548497
3549222 3549223
3549288 3549289
3553286 3553287
3660788 3660789
3698630 3698631
3702906 3702907
3709832 3709833
3725138 3725139
3741229 3741230
3745659 3745660
3789224 3789225
3789224 3789226
3791028 3807189
3817043 3817044
3819184 3819185
3821608 3821609
3866245 3866246
1044657 4026418
1044602 4026449
1044609 4026451
4029600 4029601
4029603 4029604
4039609 4039610
4042199 4042200
4067734 4067735
4067740 4067741
4068685 4068686
4068687 4068688
4068689 4068690
4068990 4068991
4072656 4072657
4072661 4072662
4075774 4075775
4083233 4083234
1044600 4084683
4084780 4084781
4084889 4084890
4129325 4129326
4129445 4129446
4132507 4132508
4132512 4132513
4132517 4132518
4132523 4132524
1044611 4135314
4177105 4177106
4180974 4180975
4191567 4191568
4257434 4257435
4257676 4257677
4258169 4258170
4268243 4268244
4300689 4300690
4311496 4311497
4475296 4475297
4482204 4482205
4530471 4530472
4530748 4530749
4530750 4530751
4590486 4590487
4603493 4603494
4605240 4605241
4626332 4626333
4636171 4636172
4636182 4636183
4636184 4636185
4636186 4636187
4640411 4640412
4640426 4640427
4721753 4721754
4750679 4750680
4800563 4800564
4838018 4838019
4850410 4850411
4851407 4851408
4852668 4852669
4854222 4854223
4854257 4854258
4872422 4872423
5041620 5041629
5048039 5048040
5049654 5049655
5072921 5072922
5082661 5082662
5118664 5118665
5585699 5585700
5618384 5618385
5618396 5618397
5625941 5625942
5625956 5625957
5625965 5625966
5877964 5877965
5908120 5908121
5971050 5971051
5971727 5971728
5978523 5978524
5979728 5979729
5979736 5979737
5980792 5980793
5987415 5987416
5989686 5989687
5989705 5989706
5989707 5989708
5990461 5990462
5990579 5990580
5990614 5990618
5991349 5991350
5991418 5991420
5991474 5991475
5991855 5991856
5991858 5991859
5991883 5991884
5994222 5994223
5996238 5996239
5996304 5996305
5997524 5997525
5998480 5998481
5998680 5998681
5998904 5998905
6000518 6000519
6000522 6000523
6001253 6001254
6001274 6001275
6001484 6001485
6002397 6002398
6002695 6002696
6014982 6014984
6018040 6018041
6022416 6022417
6036223 6036224
6036226 6036227
6036601 6036602
6036836 6036837
6063350 6063351
6121239 6121240
6144520 6144521
6144531 6144532
6147688 6147689
6148222 6148223
6149184 6149185
6171354 6171355
6171753 6171754
6171756 6171757
6173099 6173100
6174391 6174392
6176134 6176135
6180618 6180619
6180678 6180679
6180696 6180697
6180704 6180705
6180713 6180715
6180724 6180725
6185425 6185426
6212348 6212350
6212351 6212352
6212353 6212354
6212359 6212360
6216343 6216344
6216364 6216365
6217864 6217866
6218013 6218739
6236259 6236260
6245251 6245252
6249405 6249406
6249415 6249417
6249418 6249420
6254937 6254938
6255634 6255635
6259694 6259695
6252875 6259708
6260622 6260623
6252753 6260630
6252753 6260631
6260634 6260636
6232292 6261277
6262504 6262505
6262581 6262582
4324204 6287669
6287676 6287678
6287683 6287684
6287801 6287802
6288008 6288009
6288169 6288170
6288390 6288392
6288393 6288397
6288399 6288401
6288402 6288404
6288405 6288406
6288591 6288592
6288606 6288607
6288738 6288743
6288756 6288760
6259197 6288776
6288785 6288788
6259334 6288836
6288838 6288842
3553392 6288843
6218018 6289607
6289646 6289647
6289874 6289876
6289159 6289923
6289924 6289925
6289944 6289946
6289950 6289951
6288995 6290233
6290948 6290949
6291106 6291107
6292599 6292600
6292862 6293104
6292798 6293137
6293923 6293925
6293932 6293933
6292899 6293949
6293970 6293972
6293975 6293976
6289947 6293982
6300339 6300340
6300387 6300388
6293286 6300986
6300991 6300994
6300997 6301000
6301005 6301012
6292977 6301047
6301777 6301779
6301783 6301784
6301795 6301796
6301814 6301816
6301817 6301818
6301867 6301869
6301881 6301883
6301890 6301891
6301894 6301899
6301908 6301909
6304516 6304517
6305243 6305245
6305086 6305257
6305076 6305267
6305102 6305275
6305326 6305327
6305330 6305332
6304709 6305372
6298641 6305377
6305924 6305925
6306569 6306573
6306589 6306591
6306024 6306615
6306646 6306655
6298521 6306667
6306735 6306737
6306027 6306750
6298672 6306782
6306796 6306797
6306811 6306813
6306147 6306833
6306893 6306894
6307676 6307677
6307732 6307733
6308005 6308006
6320646 6320647
6323128 6323129
6330502 6330503
6332914 6332915
6334658 6334659
6337096 6337097
6397289 6397290
6400703 6400704
6402152 6402153
6507587 6507588
6747685 6747686
6988247 6988248
7078178 7078179
806931 7083459
7083472 7083473
7103718 7103719
7153816 7153817
7166398 7166399
7096746 7178386
7285312 7285313
7286414 7286416
7293211 7293213
7293394 7293395
7322515 7322516
7325240 7325241
7370874 7370875
7471256 7471257
7489875 7489876
7526504 7526506
7644342 7644347
7644906 7644907
7644931 7644932
7645236 7645237
7692667 7692668
7709699 7709700
7788846 7788847
7812634 7812635
7814376 7814377
7816426 7816427
7838284 7838286
7846999 7847000
7994851 7994852
7995592 7995593
8013993 8013994
8041386 8041387
8044710 8044711
8044718 8044719
8044737 8044738
8045757 8045758
8050822 8050823
8051307 8051308
8080088 8080089
6289151 8143037
6248416 8156360
8156580 8156581
8175749 8175756
6293358 8177789
6248235 8221365
1428334 8245669
6248184 8255077
8276648 8276651
8318808 8318809
6293342 8323951
807189 8346046
850765 8346067
8346080 8346081
6185023 8346090
6185021 8346157
6289144 8346214
8346399 8346400
8346435 8346436
842300 8381495
6185008 8391372
6232265 8401573
806838 8411755
850836 8416001
8452855 8452861
6298584 8455533
8460093 8460094
1044580 8472484
8482821 8482822
1221862 8492174
8497957 8497958
850865 8498102
8509758 8509759
6248415 8512584
6289010 8512971
6232364 8515882
8520151 8520155
8524519 8524520
1062470 8532167
6232365 8536279
1044538 8536397
842302 8537024
1221853 8537480
1052872 8538211
5839191 8539524
2636075 8539544
6298587 8539697
850872 8542197
5839185 8548243
850744 8550266
8556464 8556465
850743 8558225
6289305 8560154
6293290 8560558
6252608 8562548
8564645 8564647
8574356 8574370
4174895 8582449
6252814 8582740
6289191 8582743
8582793 8582795
6232351 8584156
6298625 8584857
6248324 8584921
8584970 8584971
8585521 8585531
1052873 8585826
850808 8588048
6095435 8588780
850641 8588888
6298565 8590626
6232320 8598789
8599919 8599920
6292912 8659946
850823 8661025
8672664 8672665
8691528 8691529
6248328 8710048
850816 8716250
6304677 8732026
8732768 8732769
6259292 8740651
6248159 8743018
8783823 8783824
5839143 8783851
806916 8794105
8795086 8795087
6304985 8800942
6252616 8802101
850820 8829484
806852 8832054
842292 8842813
8846139 8846140
8846423 8846426
7826702 8863173
8863953 8863954
8864699 8864700
7826708 8869775
8871221 8871222
6304645 8873842
6298631 8873863
8879458 8879459
6306334 8882773
807194 8883237
8883261 8883262
8883338 8883339
6298423 8883777
6259345 8886088
8886090 8886091
6305049 8897281
8899657 8899658
8903410 8903411
8913414 8913415
8752614 8927923
6259314 8928031
8752608 8928606
6304630 8932013
8937623 8937624
6248308 8940093
8945911 8945912
8948764 8948766
8948938 8948943
8951561 8951562
8952440 8952446
8955591 8955592
6259214 8959964
8963544 8963545
8965612 8965613
6184638 8968101
842307 8976970
1313333 8977667
6217991 8978396
6232362 8983916
806928 8984320
1044533 8984441
6247850 8989127
1044676 8989375
8999611 8999612
9001606 9001607
9004574 9004575
9006374 9006377
9009250 9009251
6248116 9014960
6305008 9017227
1044510 9021998
850771 9022060
9024812 9024813
6304638 9027406
6289222 9036276
9047791 9047792
9049462 9049463
7826632 9053601
6289077 9055409
6293540 9056838
1044647 9058222
6248173 9061672
9069509 9069512
9070560 9070561
9071775 9071776
9072761 9072762
9075046 9075048
6298414 9082270
9082413 9082414
9086255 9086256
9088817 9088818
9095680 9095681
9096000 9096004
6293510 9096179
6293419 9101960
9102837 9102838
6289137 9106020
5839151 9106572
5839155 9112528
6247885 9112910
9112918 9112919
9112922 9112923
9112969 9112970
6292764 9113303
6218389 9114386
9114391 9114392
8752565 9116115
9116766 9116767
5839184 9121379
5839184 9121380
9122267 9122268
8752602 9124103
6293004 9126014
9126366 9126367
5839177 9127751
9130870 9130871
9131817 9131818
6298232 9131978
9132072 9132073
9132287 9132288
1044639 9134332
1305096 9136320
9137280 9137281
9146708 9146710
9146991 9146992
9148645 9148646
6259329 9149618
1044517 9150816
6248203 9151229
9153339 9153340
850817 9157114
9157136 9157138
9157861 9157862
9157890 9157891
1044584 9158351
8719044 9158466
1052879 9160809
8752603 9161228
9161715 9161716
9168328 9168329
9168871 9168872
6214834 9175699
9178204 9178205
9178858 9178859
6259185 9178908
6289292 9183054
9184542 9184543
8719048 9184544
6259373 9188687
1052884 9189480
8719155 9194312
9199635 9199636
9208372 9208373
9210714 9210715
9215622 9215623
9220441 9220442
9222091 9222092
9224339 9224340
6112987 9225654
6292781 9225709
6304962 9232486
9232492 9232493
6304653 9238619
9238920 9238921
6232356 9240398
9250971 9250972
9259285 9259286
6259381 9261978
6306409 9266277
9268661 9268662
9270322 9270324
9274023 9274024
9276666 9276668
8752617 9284981
9290601 9290603
6214858 9291480
6304663 9294352
6305009 9295698
6232354 9295956
6293475 9306948
9323482 9323483
9325148 9325149
6232203 9325323
6289064 9325387
9325531 9325532
6289372 9327229
6248001 9331772
6306347 9341542
9342689 9342693
9342709 9342710
9351079 9351080
806909 9351084
850851 9352598
6292826 9353646
9355169 9355170
1052898 9358461
6252749 9358486
6113522 9368883
6305061 9371660
9371764 9371765
6289143 9373173
9373485 9373486
6298525 9379993
6293369 9382830
6293434 9396859
8752630 9397042
6293492 9397624
9403040 9403041
6218405 9403070
9419359 9419360
1044613 9419558
6214808 9420072
6306157 9430558
6304651 9430969
7826691 9432688
1044616 9434963
8752673 9441194
6289280 9456693
6259023 9462365
850832 9500458
6259341 9727425
6293513 10327665
10328592 10328593
10932295 10932296
828194 11026688
6293541 11034212
11034807 11034808
11034816 11034817
11038768 11038769
850798 11039066
11039071 11039072
6293366 11039087
11039090 11039091
6288886 11039972
6298280 11040021
11040060 11040061
11044273 11044274
11184919 11184920
5839164 11187904
11192150 11192151
11216470 11216471
6288994 11228567
11251047 11251048
11257603 11257604
11257608 11257609
850656 11258453
11273921 11273922
11285163 11285164
11286903 11286905
11329867 11329868
6289349 11329883
11481786 11481787
1044682 11481810
11483174 11483175
11484724 11484725
11490394 11490395
345771 11492720
6248042 11492725
11495086 11495087
6259112 11517629
8904336 11517718
11518680 11518681
1044599 11518683
11526080 11526081
1044585 11533843
6293544 11534014
6298493 11534025
11534100 11534101
11534102 11534103
6292813 11534108
6306069 11552949
11581707 11581708
11595542 11595543
11620675 11620676
11666040 11666041
6298271 11692463
11692655 11692656
11731073 11731074
11771336 11771337
11791881 11791882
11884353 11884354
11884775 11884776
11884803 11884804
11884805 11884806
11934298 11934299
11940321 11940322
12006638 12006639
12007134 12007135
6304648 12008750
12008753 12008754
6304647 12008755
12013130 12013131
12090937 12090938
4134779 12090939
6306372 12133196
12139469 12139471
12146887 12146888
12159688 12159689
12178886 12178887
12220410 12220411
6293364 12225363
6214997 12232268
12234297 12234298
7826670 12406402
12407911 12407912
12465554 12465555
4134774 12471816
6305177 12540229
12893249 12893250
6215025 12926435
12926789 12926790
12973375 12973376
13150805 13150806
13205878 13205879
13249014 13249015
13250706 13250707
13254709 13254710
13256772 13256773
13256869 13256870
13256919 13256920
13256925 13256926
13262564 13262565
13262852 13262853
13264341 13264342
6289149 13264343
13264595 13264598
6306119 13264600
6292831 13264606
13265198 13265199
6304983 13265215
13265277 13265278
13265398 13265399
13265809 13265810
13265839 13265842
6306411 13266855
13266872 13266873
13266919 13266920
13266964 13266965
6293317 13267145
13267165 13267166
13267719 13267720
1044612 13271151
1044640 13271153
13271166 13271167
11720195 13271168
6304656 13271178
13272302 13272303
971936 13272335
13274470 13274471
13275137 13275138
13275139 13275140
6292959 13275861
13276702 13276703
13276710 13276711
13276712 13276713
13276818 13276819
13291362 13291363
13294664 13294665
13307775 13307776
13307812 13307813
13308517 13308518
12378099 13341571
6259302 13343410
13374756 13374757
13386416 13386417
1044524 13409802
1044545 13409803
13411380 13411381
13413239 13413240
13414680 13414681
13414860 13414861
13438023 13438024
13438077 13438078
13441490 13441491
13446425 13446426
13446436 13446437
13446440 13446441
13446454 13446455
13446588 13446589
13446592 13446593
13446611 13446612
13450793 13450794
13476185 13476186
13476646 13476647
13476652 13476655
13476656 13476657
13476658 13476659
13478502 13478503
13478510 13478511
13479065 13479066
13481756 13481757
13481784 13481789
6298832 13481790
6304646 13481792
13482609 13482610
13493320 13493321
13494220 13494221
13496737 13496738
850850 13503329
13503333 13503334
6304631 13505472
6122372 13505475
6122369 13505476
13505732 13505733
13508643 13508644
6306100 13508645
13509170 13509171
13512186 13512187
13512198 13512199
13513062 13513064
13513065 13513067
13513603 13513604
13513608 13513609
6232301 13514875
13539084 13539085
13539086 13539087
13539365 13539366
13539501 13539502
6252584 13539682
13539683 13539684
6289124 13539686
13539690 13539691
13539768 13539769
13539770 13539771
6304770 13539772
13539773 13539774
13539776 13539777
13539778 13539779
13539780 13539781
13539782 13539783
13539784 13539785
13539892 13539893
13539896 13539897
13540050 13540051
13540052 13540054
13540056 13540057
6259366 13540058
6259369 13540059
13540061 13540063
13540065 13540066
13540072 13540073
6259301 13540136
13540144 13540145
13540551 13540552
13540647 13540648
13540649 13540651
6289403 13540823
13540827 13540828
13540837 13540839
13540841 13540842
13540846 13540848
13540372 13540855
6289085 13540856
6288889 13540857
13540330 13541165
6298752 13541427
13541720 13541721
13543343 13543344
6292864 13543628
6292761 13543629
13543370 13543630
6292828 13543689
13543948 13543949
13544202 13544204
13543494 13544213
13549217 13549218
13549745 13549746
6214999 13549747
13549754 13549755
6288532 13549764
13548110 13549769
13549786 13549788
6298518 13549791
13549806 13549808
13550513 13550514
13550541 13550543
13550544 13550545
13550555 13550556
13548099 13550605
13543438 13550633
13551667 13551668
13551697 13551698
13553777 13553778
13553352 13553782
13553878 13553879
6306114 13554782
6298516 13554824
13554841 13554844
6306199 13554877
13554882 13554889
6306148 13554890
13554903 13554905
13547856 13554918
6306145 13554931
13555005 13555007
6298353 13555013
13555699 13555700
13555979 13555980
13563615 13563616
13566486 13566487
13567682 13567683
13574966 13574967
13574970 13574971
13580598 13580599
13584232 13584233
13589440 13589441
13595000 13595001
13608834 13608835
13609452 13609453
1475386 13640654
13642706 13642707
13678352 13678353
13787140 13787141
13946878 13946879
13946880 13946881
13977135 13977136
14124065 14124066
14133218 14133219
14178881 14178882
14205195 14205196
14205197 14205198
14208545 14208546
14216747 14216748
14286117 14286118
14323433 14323434
14347041 14347042
14349343 14349345
7096747 14360644
6300989 14477730
14482259 14482260
14773124 14773129
14773222 14773223
14793613 14793614
14796627 14796628
14797664 14797665
14948025 14948026
14948704 14948705
14971590 14971591
14980256 14980257
15001603 15001604
15036591 15036592
15119414 15119415
15140066 15140067
15171428 15171429
1347178 15316401
6298887 15380151
1044683 15392148
842289 15421157
13511854 15446899
6248326 15447501
6095433 15453341
6298230 15472812
15474851 15474852
5839145 15488090
15489672 15489675
850868 15490061
1221850 15517399
807193 15517423
570730 15539850
6112967 15550131
15559595 15559596
6232302 15565378
1044634 15574933
1221851 15579838
6298472 15579980
15580240 15580243
850654 15604502
5839141 15605150
6259392 15608254
13511897 15610354
1052870 15611518
6232192 15612453
850869 15612674
850812 15613277
6289190 15613283
6289192 15615257
6252684 15615283
3548410 15615568
1221845 15616689
5839193 15628198
6306283 15628263
5839170 15629392
6293418 15637150
1221864 15639618
6247882 15639623
1044527 15639652
806980 15639667
8752626 15641457
6259237 15643287
6248303 15644439
6293002 15647689
6185014 15651277
11720190 15654185
6122427 15655770
6293432 15660860
15660898 15660900
5839175 15671450
6259082 15671960
15672425 15672426
9012427 15673391
6248332 15674667
6248323 15676061
1044581 15676207
13547865 15676729
6248259 15677282
1052900 15677661
6185018 15680042
6292830 15682512
15683159 15688657
850682 15689614
8904340 15691104
6289238 15702429
4174898 15702601
6232310 15702956
13511926 15706320
6298566 15715592
15718472 15718473
6304755 15728878
850876 15737454
850637 15758081
13554414 15785271
13547730 15785872
842282 15795851
6293297 15803542
1052904 15830503
15831689 15831690
6218015 15831870
13553470 15831885
11795077 15851587
842296 15856689
13553523 15865717
1044650 15877202
850819 15898543
6232363 15901638
6306210 15909645
842287 15913145
806854 15913170
5839152 15913200
1044659 15913206
15916384 15916386
850806 15918478
850824 15920620
15926236 15926237
13502361 15935524
13553534 15938142
850809 15942523
15942527 15942530
1044656 15944988
806859 15946892
15946895 15946898
13553446 15946899
6214880 15946904
850881 15946905
13540388 15948066
6304687 15949871
8904341 15950114
6259096 15950348
6293370 15951869
6248183 15953836
7826638 15966895
842304 15974015
15974865 15974866
15984001 15984002
6292875 15988459
6304957 16005277
8719096 16008477
7826630 16009440
6304660 16012031
16013387 16013388
16016607 16016608
6214887 16017970
6298664 16021321
16024391 16024392
6122387 16028442
6248320 16029204
6293461 16031549
16035325 16035327
8752634 16038149
842286 16038295
6289237 16039433
13540392 16040173
6289293 16041932
16042125 16042127
13547910 16047404
16051090 16051091
6298831 16054155
850794 16055317
6248174 16065835
16066750 16066751
6298789 16067063
1052897 16067378
5839158 16070331
6298877 16072198
6298878 16072634
6292948 16073325
6304775 16073332
13543433 16073819
16074460 16074461
16075791 16075792
16078712 16078713
16078917 16078918
6304691 16081799
6293458 16081850
13553368 16082125
6248000 16087778
16087823 16087824
8752605 16095852
1044515 16097488
6289063 16103240
16103759 16103760
16104940 16104941
16105690 16105691
6304965 16108173
850785 16110122
16111342 16111343
6304744 16114908
6289018 16115778
6298617 16121145
16122145 16122148
1414237 16123097
8904331 16123705
16128236 16128237
6304727 16130750
842293 16136785
4174899 16138670
16142452 16142453
6214856 16148962
16149204 16149205
6248007 16150810
850837 16151936
16157608 16157610
6214814 16163248
1044542 16164965
6089980 16166747
850860 16168665
6232306 16168724
13543903 16171515
16171543 16171544
842306 16171795
16172498 16172499
11093359 16172982
16174111 16174112
9250416 16174134
16175308 16175310
16176097 16176098
16178764 16178765
5839176 16180996
16181901 16181902
13502413 16185082
13478890 16185799
6298412 16187338
6259132 16187560
16189352 16189353
13511928 16191788
1044587 16192270
6259236 16193612
850777 16193911
13547857 16195920
6292986 16197189
850789 16197669
6305058 16198033
6298343 16201226
16201263 16201267
13548060 16202522
6298234 16204039
6288933 16205483
16223560 16223561
16224515 16224516
6289036 16226882
6289388 16230790
6259291 16231301
6259252 16231649
6247906 16239066
16242902 16242903
16243244 16243245
13511853 16248314
6232216 16249831
6304915 16249943
6252605 16250500
1044651 16251843
1044653 16257682
6293383 16259018
16262814 16262815
6298796 16264598
5839189 16269929
1044536 16273219
806979 16275672
6289145 16277867
16278551 16278553
15683152 16285741
6298605 16286574
6252746 16287623
13506029 16296535
6289123 16301725
6252725 16303435
806914 16310987
5839161 16316840
6217973 16317326
6214815 16318063
6298560 16318667
13540205 16319113
6258995 16325044
6247900 16325344
16327382 16327385
8752606 16333081
6252877 16340034
16340991 16340992
6248327 16343135
16343161 16343162
13502320 16343244
14961119 16352952
6304925 16363249
6232367 16363274
16372745 16372746
13547933 16373911
15965906 16374309
6298270 16377969
6113364 16381841
6298475 16387047
3549290 16390471
6259371 16390725
16397660 16397664
16399584 16399585
8752612 16400813
13493549 16401875
6113534 16403762
13511914 16404242
6289008 16408559
16421765 16421766
1052902 16422119
6248198 16422853
16427300 16427301
6304812 16427312
6113012 16432936
850802 16441730
850772 16442092
6304756 16442144
16442145 16442146
6289246 16442240
16442290 16442291
16442466 16442467
16453996 16453997
8752662 16455055
6215009 16456064
16461791 16461792
13543886 17271360
17276589 17276591
17288755 17288756
6298736 17291533
17341738 17341739
5839139 17943186
17943440 17943441
17943487 17943488
6232098 17945318
6289146 17945321
6214857 17949541
17949546 17949547
17949551 17949552
6304655 17949560
17949571 17949572
11793946 17953886
17954100 17954101
17954243 17954244
6304830 18067859
18082813 18082814
15825864 18092947
18119882 18119883
18124926 18124927
18124947 18124948
18124961 18124962
3791023 18130480
18132751 18132752
6304825 18133900
6293365 18151238
13511718 18152415
11044292 18182419
6289348 18223959
6259036 18373271
18373273 18373274
18376054 18376055
18376056 18376057
6293504 18376969
6113395 18381419
6252848 18383487
6298459 18383490
6304990 18383968
18385885 18385886
18385887 18385888
18388087 18388088
18403176 18403177
18408176 18408177
18422828 18422829
13554420 18436919
6292917 18462639
13540397 18464414
6289370 18468589
6293036 18469031
18496879 18496880
18498457 18498458
3791025 18499606
18499607 18499608
13511835 18499610
18504921 18504922
18506030 18506031
13502402 18506144
18513973 18513974
18513975 18513976
18546508 18546509
11720184 18607933
6215000 18616556
1044667 18754727
18755072 18755073
11795076 18760646
18760974 18760975
18760979 18760980
18760981 18760982
18760984 18760985
18807816 18807817
18829670 18829671
5839163 18869906
18869909 18869910
18876290 18876291
18876292 18876293
13554411 18896992
18896993 18896994
6259303 18898977
18996242 18996243
13543848 19002901
13543435 19029721
6306093 19029722
19029723 19029724
19031867 19031868
19042251 19042252
13540398 19071844
19073780 19073781
6306094 19074571
6298421 19081864
13511899 19082081
13543570 19084043
19084692 19084693
19105814 19105815
19141309 19141310
13547769 19175276
13547748 19181616
19250285 19250286
19250501 19250502
19358618 19358619
19364115 19364116
19726323 19726324
6305019 19726340
6293537 19732451
19732463 19732464
19904868 19904869
19955537 19955538
20036378 20036379
20036590 20036591
20040701 20040702
20042913 20042914
20043392 20043393
5859428 20045148
3791024 20045155
18157252 20047243
20048791 20048792
20049178 20049179
6288598 20049254
6288597 20049256
6289400 20049918
20049930 20049931
20049973 20049977
6293416 20050111
6293415 20050119
13543427 20050139
20050618 20050619
20050622 20050623
6232078 20050626
20050632 20050636
20051511 20051515
6304696 20051929
20051996 20051997
13548103 20052089
20052253 20052254
20052266 20052267
11720205 20056210
6292966 20056211
8904337 20056221
8904344 20056222
20056235 20056236
13553287 20056253
20056453 20056454
20056511 20056512
20056516 20056517
13543847 20057511
20057832 20057833
20057940 20057941
20057950 20057951
20060417 20060418
20060580 20060581
20060616 20060617
20066524 20066525
20069099 20069100
20079362 20079363
6259296 20086510
20091607 20091608
20091985 20091986
20092153 20092154
6293003 20092191
20092244 20092245
20092477 20092478
13540404 20097232
6217974 20117276
20122349 20122350
6217975 20123223
20123698 20123699
20127174 20127175
20157306 20157307
20167430 20167431
20181315 20181316
1044534 20189217
15965901 20189227
20215858 20215859
20215942 20215943
20215944 20215945
20215946 20215947
20215951 20215952
20217690 20217691
20219250 20219251
20219373 20219374
20223835 20223836
20223850 20223851
20228107 20228108
20240880 20240881
20252028 20252029
20252031 20252032
20252035 20252036
6304640 20252039
20252040 20252041
20252044 20252045
20252046 20252049
20256694 20256695
20257415 20257416
20265459 20265460
20265465 20265466
20266841 20266842
13379496 20266894
20269913 20269914
20269928 20269929
6306289 20275810
13493551 20275811
20276863 20276864
20277883 20277885
6298528 20280421
20281085 20281086
6304982 20283716
20283717 20283718
20283720 20283721
6298478 20283732
20284562 20284563
20284565 20284567
13502437 20284568
13478905 20284986
20284993 20284994
13478904 20285151
20285158 20285159
20286073 20286074
20275047 20286148
850784 20309644
20309648 20309649
20309650 20309651
20310220 20310222
6252729 20310305
20310307 20310308
20310309 20310310
20278199 20310311
13506170 20310312
20283396 20310313
20310463 20310464
6259176 20310587
20310635 20310636
850657 20310637
4134796 20310638
20310865 20310866
6289416 20311149
20310808 20311154
20311155 20311156
13540337 20311157
20311158 20311159
20311160 20311161
13540313 20311170
13540371 20311173
13540434 20311174
11795081 20311445
20312118 20312119
6298751 20312182
20313171 20313172
20313281 20313282
6292821 20313557
6292863 20313558
13543413 20313559
6292803 20313612
13543372 20313613
6292839 20313614
6292840 20313615
6292811 20313865
6292995 20314139
6306291 20314148
13478895 20314150
20314154 20314155
20318364 20318365
20317236 20318966
20317289 20318973
13547837 20318983
20317362 20319515
20319521 20319523
20319530 20319531
20317414 20319554
20319555 20319556
6298309 20319571
13547926 20319573
20319581 20319583
13543439 20319586
20320666 20320667
20320675 20320676
20322041 20322042
13553290 20322409
6304732 20322446
20322451 20322453
20322467 20322468
6304968 20322482
20322542 20322543
20322933 20322934
13547716 20322973
20322975 20322976
6298808 20323434
6306111 20323447
6306287 20323458
13554502 20323462
6306379 20323464
20323470 20323471
6306278 20323487
20323507 20323508
20323511 20323512
6306102 20323538
20323109 20323579
20323585 20323586
20317294 20323591
6306294 20323597
20324533 20324534
20324632 20324633
20324634 20324635
20325288 20325289
20325290 20325291
20334747 20334748
20342705 20342706
20343895 20343896
20360552 20360553
20427797 20427798
20546079 20546080
20777526 20777527
20784966 20784967
20867042 20867043
20868644 20868645
20876878 20876879
20919474 20919475
20922522 20922523
20922577 20922578
14208547 20945931
20956530 20956531
20968888 20968889
15794689 21024342
21025927 21025928
21098079 21098080
21100321 21100322
21196777 21196778
21202718 21202719
21206328 21206329
19002902 21219175
21235723 21235724
21281736 21281737
21357566 21357567
21446681 21446682
21498654 21498655
21499455 21499456
21631840 21631841
21654626 21654627
21658333 21658334
21658420 21658421
21658998 21658999
21662334 21662335
21663392 21663393
21663395 21663396
21681303 21681304
21682412 21682413
21682416 21682417
21744423 21744424
21744445 21744446
21745068 21745069
21823966 21823967
21826849 21826850
21873139 21873140
21892327 21892328
21893289 21893290
21901182 21901183
21915011 21915012
8752666 22121675
850741 22125720
850642 22125933
4174897 22128532
6289005 22131967
22138702 22138703
807190 22138750
6248321 22138920
6214840 22138922
13479018 22164703
6306348 22164718
1052875 22183905
1310895 22188887
850774 22191443
8752609 22193288
13547960 22201026
1052867 22204045
6304949 22208731
5839183 22211778
6289373 22211882
6214841 22245016
22273118 22273119
22273126 22273127
15965853 22273234
6289131 22276135
5839174 22279017
20317273 22280985
1052915 22292151
5839172 22294983
6298398 22295025
1221858 22297509
1221852 22299871
6214832 22306105
850870 22306107
807192 22306143
6252815 22306363
5839181 22307483
3548408 22307900
6218392 22307918
6185024 22308084
850838 22309108
6184627 22309742
850810 22313699
6304989 22315879
6305050 22317225
1044514 22317240
6298304 22320358
6248274 22320369
5839153 22320395
6184636 22321310
842280 22325520
6185092 22326446
6304956 22327113
13547955 22338806
4174901 22340300
6298777 22347310
1044598 22347328
6248334 22349453
9012429 22350112
6292780 22351258
1044523 22351386
1044588 22351584
6232229 22351612
6232366 22351696
6185003 22351779
1044539 22351855
850761 22351892
22352177 22352178
6298564 22354428
6113354 22356818
6248310 22360463
850766 22360465
6247929 22364914
1044386 22365063
6259264 22368124
6306459 22368406
6259328 22373085
6293516 22373359
850863 22375798
1044586 22376344
6113394 22377088
13554548 22377592
22439730 22439731
850831 22451933
850605 22453173
13548109 22462463
13511858 22492081
6184635 22492190
6185094 22493819
6248201 22500007
850640 22500489
22518625 22518627
22518638 22518639
6304693 22522957
6288924 22526600
20274926 22528580
3679975 22559058
807191 22559085
241615 22567170
6252603 22567174
5839146 22569916
5839159 22575181
6298272 22580313
1049084 22592162
6248238 22592259
22601095 22601096
13511823 22602575
850822 22607107
13478866 22607157
22607158 22607159
13511927 22609680
6259128 22610106
6298258 22612146
6248202 22612262
6214846 22612677
15965902 22617825
6113520 22619445
14961052 22625467
6298608 22628209
13553521 22632972
1044530 22636964
20256793 22637278
857013 22640415
6292799 22640790
6293368 22640953
22641418 22641419
6292759 22643438
8752622 22646188
8752655 22648250
15965895 22648524
6289148 22649801
6289230 22656503
6306109 22661765
13554426 22664244
22665653 22665654
13548020 22665770
13553371 22667202
6248148 22670612
8752670 22670951
850603 22674202
8752639 22675545
22676930 22676931
22677602 22677603
22678259 22678260
22680286 22680287
6289096 22681171
806984 22685340
6248143 22690359
13478891 22697080
6298432 22697127
6214810 22704238
5997581 22707180
1044521 22709841
6298824 22713001
22714676 22714677
6306066 22717948
22718200 22718201
5839160 22727018
6252791 22728344
22729742 22729743
850797 22730658
9012430 22731092
850769 22731280
13543574 22731528
6248117 22734155
6259293 22734903
6298241 22734991
6259169 22735355
6248113 22737254
6306060 22740576
13543869 22744470
6293308 22746536
20275012 22748206
6306423 22752597
13540430 22758310
6232311 22759688
22759733 22759734
6304683 22762694
22763172 22763173
13543853 22766387
22769286 22769287
22769769 22769770
6298417 22771786
6248199 22775451
6259144 22776028
6247954 22776764
13554431 22777412
8752613 22777919
6289181 22778792
22779981 22779982
4174903 22782208
4174892 22783426
6304955 22784551
22790561 22790562
6248291 22790590
1052882 22793357
6232071 22796088
6259322 22796375
22796381 22796382
6293454 22798938
6292946 22803546
13547961 22807007
1052895 22807661
6113535 22809673
6232316 22811339
13553524 22813723
6232315 22814006
6214991 22816217
6259097 22818118
22820124 22820125
22820558 22820559
850776 22821117
6298593 22823582
13553537 22827448
22828624 22828625
6298679 22831350
6214843 22831557
8752619 22832552
6293437 22833189
1838554 22834146
6112968 22835475
13511930 22835711
6293538 22838910
7826696 22841607
6248207 22843096
1044646 22844158
22845496 22845497
6252683 22850043
22833192 22850807
850714 22851470
6214847 22854190
1044535 22855152
8752631 22855303
6248299 22856034
806976 22856047
22859638 22859639
6305149 22863886
1062469 22864530
8904334 22865051
13548093 22876388
5839157 22878678
6289028 22878688
8719049 22882281
22882296 22882297
7826635 22882318
13543915 22882478
6293459 22889606
13553319 22890281
22891334 22891335
22897793 22897794
6113396 22898522
22898933 22898934
20310734 22899168
20310749 22899310
6293440 22902314
13543909 22906604
6232305 22907661
20322234 22908041
6289120 22909548
6298530 22911804
6298448 22913154
6247930 22913271
22913769 22913770
6292836 22918719
6289185 22920920
6232253 22922349
6298418 22923547
22923550 22923551
6298269 22924017
13502245 22925121
1327739 22925761
22942478 22942479
20322247 22945442
13543910 22949576
20313751 22951575
20313698 22955695
6289301 22956516
1052892 22956740
6304771 22958147
6185087 22961358
11044291 22972529
22975424 22975425
22976907 22976908
13547796 22987331
13553567 23001158
23013799 23013800
6259013 23015471
6259085 23021503
23021826 23021827
6289119 23022124
20254056 23024182
23026540 23026541
6232319 23026620
6259240 23027153
23057473 23057474
23060114 23060115
23060412 23060413
23061279 23061282
7285314 23068406
5839192 23069409
23080178 23080179
850799 23080240
23081697 23081698
6289276 23081703
23082376 23082377
23082656 23082657
6304690 23093208
13543568 23093805
3791030 23870166
3791029 23882835
23895213 23895214
6306428 23896522
6304988 23904826
6298735 23906462
20322204 24323613
6304986 24341259
24454578 24454579
24505722 24505723
20322251 24505724
24508159 24508160
6289357 24508161
24509682 24509683
15683157 24509684
24509689 24509690
6248041 24509691
13511894 24509695
24509703 24509704
6293439 24509706
24509708 24509709
20317345 24509710
1044680 24510464
13502383 24510556
24514184 24514185
11720185 24515282
13511931 24624473
20254078 24638848
24642372 24642373
6252724 24649188
24651730 24651732
24665142 24665143
13540431 24674274
24679004 24679005
24679024 24679025
24679028 24679029
8752532 24684891
6298467 24686886
24692966 24692969
24701159 24701160
6289413 24704632
24709842 24709843
4134780 24709844
6298422 24709850
8752533 24764739
24929258 24929259
20313758 24929914
6293542 24929917
24929918 24929919
13479019 24931121
6252862 24931122
13540314 24931123
4044908 24949738
6258999 24951323
13547835 24952440
24952480 24952481
24953118 24953119
24958633 24958634
24959414 24959415
13479029 24965920
6292957 24965925
24983417 24983418
6305032 25003753
25006023 25006024
25008254 25008255
13511910 25012760
25022437 25022438
6289186 25040413
6304966 25041421
25044078 25044079
25044807 25044808
25054600 25054601
21019422 25057579
6288919 25084818
22625361 25109632
25145002 25145003
25150963 25150964
25285262 25285263
25285264 25285265
25291236 25291237
20323249 25385772
25394652 25394653
6306079 25394654
6252658 25394661
6292965 25399891
1044678 25400448
11720188 25400449
11720191 25400450
25400451 25400452
11720203 25400453
25400454 25400455
6298688 25419731
6289177 25419766
13511798 25421490
25421641 25421642
6300990 25421643
25421646 25421647
13543889 25421648
20310409 25426002
6289154 25492446
25516061 25516062
6292879 25534117
20283418 25548989
6289393 25556413
8795090 25582862
25592490 25592491
25592504 25592505
13511857 25592511
25600931 25600932
25600975 25600976
25620852 25620853
6289412 25653097
6288529 25653100
5859431 25740511
13150808 25744818
6215023 25759865
13502183 25759866
13543931 25759869
6289152 25761352
6306087 25778868
6293291 25813692
6218012 25870796
26177726 26177727
13553660 26197950
20313417 26199306
20317412 26204077
26249085 26249086
13543432 26356084
26356099 26356100
26412426 26412427
6259193 26497274
21670890 26498581
13540206 26505129
26505747 26505748
20313730 26505879
5859430 26507911
6298818 26508512
13547858 26511193
26511599 26511600
20310470 26511608
26511611 26511612
26511628 26511629
26511875 26511876
26512671 26512672
20317269 26513341
6214829 26513342
26513359 26513360
26513386 26513389
26513928 26513929
26513930 26513931
26514527 26514528
26514529 26514530
13511907 26514532
26514697 26514698
20317353 26514863
26514864 26514865
26514872 26514873
6292834 26517176
8904339 26518589
6298492 26518592
26518938 26518939
26518940 26518941
22625350 26520552
26522329 26522330
26522375 26522376
13543916 26522881
26522884 26522885
26522899 26522900
26523080 26523081
26523084 26523085
20323122 26530982
26534215 26534216
26537906 26537907
13511885 26538426
26541344 26541345
26553768 26553769
26553783 26553784
26553803 26553804
26553879 26553880
13540405 26558685
26558861 26558862
26627928 26627929
26627945 26627946
26641391 26641392
1044520 26649264
1044541 26649265
26649272 26649273
15965896 26649286
15965898 26649315
15965913 26649492
15965921 26650413
15965919 26652814
15965914 26653148
26675831 26675832
6298667 26676056
26677322 26677323
26677867 26677868
26678720 26678721
26679723 26679724
26684023 26684024
6298274 26684042
3382667 26688033
6289367 26700778
6306104 26701057
22625364 26711309
22625365 26711310
26711311 26711312
6304637 26711313
13540403 26713075
6306293 26714667
6216366 26716041
26716058 26716059
20161121 26725619
26725620 26725621
26727518 26727519
26730761 26730762
13493552 26732426
26732429 26732430
6298380 26732436
26736825 26736826
6259298 26740037
26740806 26740807
26731725 26740808
26740976 26740977
6215022 26741140
6306272 26764395
26764617 26764618
8752637 26764648
20278190 26764968
6252719 26764973
6252600 26764979
26764980 26764981
26764982 26764983
26765032 26765033
13506169 26765035
20278200 26765036
26765037 26765038
26765039 26765040
6306071 26765145
26765156 26765157
6288599 26765246
6292967 26765248
26765249 26765250
13511815 26765251
26765253 26765254
26739725 26765255
13506068 26765302
26739753 26765303
20283302 26765304
11040122 26765305
20313410 26765306
6306460 26765587
26765715 26765716
26765718 26765719
6289240 26765727
26765989 26765990
26765991 26765992
26766066 26766067
6298746 26766668
13553301 26767737
20313416 26768095
6288526 26771330
26772756 26772758
6288932 26772759
6292942 26772762
13543478 26772763
13543917 26772768
20313763 26772770
20323120 26772783
26773103 26773104
13543441 26773259
26773260 26773261
26773272 26773273
5859434 26773288
20317361 26773322
26768025 26773338
26773352 26773353
26773377 26773378
13547934 26773381
26773386 26773387
26774416 26774417
26774479 26774480
13553286 26776136
26775932 26776160
26776171 26776172
20322198 26776173
26776176 26776177
26776178 26776179
6305189 26776192
6305163 26776200
6304967 26776202
26776280 26776281
26776282 26776283
26776313 26776314
6298413 26777095
15794685 26777130
26777131 26777132
6306078 26777140
26777971 26777972
26784789 26784790
26786545 26786546
26801394 26801395
26828573 26828574
26834148 26834149
26857250 26857251
26861304 26861305
26878758 26878759
26888901 26888902
27155058 27155059
27300876 27300877
27376389 27376390
27376476 27376477
27446929 27446930
27454243 27454244
27489507 27489508
27501011 27501012
27618061 27618062
27627561 27627562
27638495 27638496
27671915 27671916
27671923 27671924
27704050 27704051
27753972 27753973
7620540 27913875
27915841 27915842
27931714 27931715
27966844 27966845
28024409 28024410
28067297 28067298
28091270 28091271
28276909 28276910
28277209 28277210
28297098 28297099
6259376 28468722
13543491 28469103
13547802 28490265
6214870 28516671
6247880 28532186
26713363 28532210
28532235 28532236
806974 28532451
28532452 28532453
20317189 28534309
6306306 28535192
6259382 28570609
806835 28578193
6185020 28578207
842283 28591454
6252754 28637211
13540328 28660685
20283363 28663018
6289277 28669621
6248314 28679974
13540227 28680004
806986 28680817
6293543 28682734
11793945 28682756
1221863 28682765
5839188 28682810
1221846 28684615
6289290 28684708
4174882 28685799
4174883 28688847
9012426 28688874
6298888 28688880
5839171 28689022
13543481 28694528
6292981 28695750
318502 28698098
6248286 28698531
6298446 28699857
806837 28701406
842281 28701422
1566188 28701791
6184477 28704990
1221860 28705025
664245 28707194
1044632 28708958
24502903 28709805
6214848 28711172
13540395 28716047
28719419 28719420
6248208 28721830
20254077 28724384
850856 28724910
1221856 28734765
13548021 28734901
13511777 28735786
9012428 28736267
28736905 28736906
6185010 28737665
1052911 28737708
6298662 28738423
6298904 28738726
6289259 28738853
28738871 28738872
6304773 28738973
20317157 28741384
6298638 28747330
1044513 28747336
6306434 28747417
13511898 28747450
1052877 28751008
8752610 28752221
807187 28763442
6293310 28767916
6248008 28769796
28776082 28776083
28783839 28783840
6248294 28784561
6304954 28785303
28789931 28789932
28790399 28790401
806913 28807511
8904328 28816235
6184653 28831083
6292929 28837379
6298885 28838807
6304916 28843495
1140227 28849489
850882 28851482
5839162 28862344
8752624 28880647
6298567 28884594
13553570 28893689
28895424 28895425
28898430 28898431
13506164 28910141
850804 28915078
9250424 28915621
25421491 28916951
1044511 28935223
850875 28952527
28955423 28955424
13548111 28956556
6289138 28957657
28966817 28966818
1044596 28968968
6214882 28978458
850786 28978460
28978528 28978529
6298639 28978767
28982099 28982100
9250420 28982105
6304748 28982132
13553525 28983144
28984323 28984324
28984329 28984330
22790237 28984915
1052901 28985352
850807 28987877
6306045 28993287
6252792 29004647
6298340 29015494
850833 29015564
6259313 29017610
29017714 29017715
13502219 29018059
6292945 29019017
6298554 29021100
20317232 29021193
29022110 29022111
9250426 29023334
1052906 29029049
8752674 29033439
1044644 29033945
20322252 29035333
6232348 29036298
6232254 29041791
1052896 29043289
29043936 29043937
29046063 29046064
1052889 29048364
6305001 29049853
29056914 29056915
29059777 29059779
850829 29062021
5839194 29067195
6306267 29069910
1052910 29070985
6248287 29072863
6248179 29076598
6298891 29077295
13547832 29077897
29079541 29079542
806912 29080338
26739745 29089973
8916097 29090213
22951400 29091242
6304946 29095333
6247826 29111411
13479020 29114307
1044662 29117087
13379074 29123638
6298621 29124559
11040123 29129677
6122388 29130372
850830 29131362
7826637 29134326
850861 29136207
29139706 29139707
6248057 29140585
6184646 29141487
6214865 29142534
6293405 29143397
8752569 29146308
13543566 29146309
6289217 29146919
850855 29146995
1052883 29147792
6252818 29148123
8752677 29149806
6232293 29153233
29163528 29163529
20274978 29163554
850801 29167743
29168999 29169000
6248329 29172500
6293512 29173033
806836 29174566
29175208 29175210
6112965 29176114
29176437 29176438
20317416 29176439
29178556 29178557
13502478 29178564
6247903 29178830
6259391 29179898
26739748 29180276
842303 29180862
20317296 29182712
806927 29183835
8752641 29185560
6259124 29185679
6247823 29185712
6248237 29187875
6298772 29190268
13548106 29191007
8752659 29191244
8752663 29193618
20283376 29193959
13511913 29195607
8752678 29195862
29197438 29197439
6184654 29197480
13548058 29197929
20274981 29198139
6306247 29198990
6298816 29199187
29205054 29205055
13511878 29205056
6298616 29206049
8719094 29206677
6289009 29206784
1052908 29208441
29209845 29209846
13540320 29211791
13540267 29212077
26713477 29212699
13547805 29213401
5839178 29213991
850768 29216033
1044589 29216378
6248236 29216658
13547746 29217040
6305010 29217490
6247997 29217577
1052888 29217610
850840 29217732
8752642 29220645
6259300 29220779
28846544 29221096
29230518 29230519
6259344 29236638
6304769 29239656
13547745 29243037
6214845 29243038
806983 29250789
850793 29250814
29255293 29255294
850788 29255560
6298476 29255630
29258727 29258728
6214889 29259461
6014985 29263891
29265109 29265110
13540317 29267838
11720186 29268150
29269162 29269163
1044583 29269841
842295 29270402
6289221 29273929
26731635 29278585
29278930 29278931
6289241 29278964
6248257 29284347
29290207 29290208
9373487 29294703
850848 29294839
13511879 29294841
7826703 29305205
6304820 29305512
15683154 29306302
6214879 29307616
850826 29310171
850818 29310737
6122389 29311777
6304944 29313422
29320955 29320956
971934 29322627
6289127 29323562
6293443 29327738
6214842 29331235
6259364 29333768
6305129 29342681
13548031 29342817
15965849 29346049
9250419 29346418
29347589 29347590
8719050 29354404
6304964 29370778
20274914 29383355
13548026 29386085
13502298 29395907
29401082 29401083
29432903 29432905
29433177 29433178
20227335 29433185
11043829 29433848
13511916 29434162
6259312 29434311
806910 29434570
6248306 29434622
6232266 29434864
6214864 29435114
29448464 29448465
29669495 29669496
30076841 30076842
14961143 30212867
30213155 30213156
8752633 30803394
6259143 30803896
1044679 30804142
30805703 30805704
30807276 30807277
20313427 30807279
13478869 30807280
26716157 30807304
13543569 30807307
6293292 30807308
30807312 30807313
1044649 30808025
20313453 30808105
13511826 30808130
20313448 30808225
13478896 30808760
22625356 30808829
20317370 30811357
30811663 30811664
30811670 30811671
30811676 30811677
3698632 30935464
30938909 30938910
6306095 30939335
20274925 30945433
30961206 30961207
30975056 30975057
20317210 30980558
31000251 31000252
4134778 31002755
6306338 31025560
20313454 31025576
31208552 31208553
1044597 31210155
1044526 31210200
1044606 31210202
31212404 31212405
13547919 31217719
6259196 31219615
31219957 31219958
31221636 31221637
31221638 31221639
13543890 31221640
13543816 31221641
31221809 31221810
31239031 31239032
31239237 31239238
6298792 31242423
31243459 31243460
13506070 31247027
13543575 31249407
31256430 31256431
6306077 31270844
20323124 31273722
31295685 31295686
6306339 31295687
6298458 31295692
1044614 31297849
31299308 31299309
13511829 31329142
13540399 31331906
31331907 31331908
31332306 31332307
31376911 31376912
6214866 31432659
31432662 31432663
31568872 31568873
31569161 31569162
31569163 31569164
11795078 31574586
31612584 31612585
28846545 31682766
6298312 31683278
11720194 31683279
6293325 31708226
6293029 31796245
31813735 31813736
31838072 31838073
13511900 31876189
31879137 31879138
26713480 31879176
20310722 32081077
20313770 32135321
32373294 32373295
32419486 32419487
32440870 32440871
6306322 32446013
6252860 32450942
6293293 32450943
32450951 32450952
4795073 32549439
6289150 32558617
13540345 32691195
1044582 32727203
32730398 32730399
32734715 32734716
13540401 32735277
5859429 32737587
32737589 32737590
20275026 32740749
32741041 32741042
6298242 32741068
6292824 32742223
32742776 32742777
32742778 32742779
6293452 32742783
32742830 32742831
6218002 32742897
32743380 32743381
32743391 32743392
8752623 32743396
13547709 32743583
32743851 32743852
32744282 32744283
6289153 32747735
1044608 32747752
1044603 32747761
1044675 32747762
1044663 32747763
32747765 32747766
15965923 32747767
1044686 32747770
1044665 32747815
32747831 32747832
32748064 32748065
32748774 32748775
32748776 32748777
26768028 32748778
22625355 32749485
32749513 32749514
6258989 32749520
32751932 32751933
32752668 32752669
32755053 32755054
13548039 32763565
32769312 32769313
6259297 32776261
32780000 32780001
32781962 32781963
32782100 32782101
6289264 32799309
32799628 32799629
6289267 32799810
20313412 32799834
6252813 32800161
6306366 32823718
26767997 32839692
32854818 32854819
13547761 32854848
1044528 32876995
15965899 32877004
15965900 32877008
15965908 32877599
6293462 32903124
32903125 32903126
32905200 32905201
32906329 32906330
32911292 32911293
32911329 32911330
22625358 32911344
32911420 32911421
22625347 32938473
6304641 32938476
32938479 32938480
26768016 32939014
20310466 32940518
13478861 32942796
32942797 32942798
13511703 32942799
6289384 32942923
32950788 32950789
32951207 32951208
32953194 32953195
26725219 32957418
13493550 32957419
8752611 32957427
20168274 32958938
13481926 32959180
32960811 32960812
6259333 32964313
20323118 32964315
13553543 32965116
20275046 32965117
19002903 32965579
20274982 32965580
6298594 32965605
13511911 32965791
8752644 32988101
32988102 32988103
32988104 32988105
32988106 32988107
32988477 32988478
6288596 32988648
6252806 32988653
6252819 32988706
32988707 32988708
32988709 32988710
32988712 32988713
26739747 32988714
26765102 32988794
13506165 32988828
6259278 32988955
32988956 32988957
6259232 32988958
26739744 32988960
32964090 32988961
32964096 32988962
32964058 32988964
26739720 32989019
32964057 32989021
22492024 32989024
6289163 32989324
13540402 32989325
13540394 32989327
13540382 32989334
13540383 32989335
32989502 32989503
6289369 32989505
6289368 32989506
32990002 32990003
32990464 32990465
6292760 32991599
13543405 32991600
13543407 32991601
32991617 32991618
20313409 32991619
26765104 32991778
20313440 32992020
13543548 32992022
32940324 32992026
32995760 32995763
26771239 32995764
20313705 32995768
6298893 32995771
32996252 32996253
26771198 32996254
32996267 32996268
20313743 32996270
32996271 32996272
26765105 32996286
6298894 32996303
5859433 32996308
32996309 32996310
32998605 32998606
32998662 32998663
13543538 32998676
6305005 32998901
6304741 32998905
6304667 32998920
20317371 32998921
13553457 32998925
27385558 32998933
6304912 32998943
20323309 32999647
6298377 32999651
32999654 32999655
6306475 32999660
6298487 32999717
20317251 32999718
20323121 32999723
32999724 32999725
6298826 32999731
33003516 33003517
33009714 33009715
33030261 33030262
33095936 33095937
33107501 33107502
33122099 33122100
33341496 33341497
33366014 33366015
33426858 33426859
33464213 33464214
33508813 33508814
33589012 33589013
33605986 33605987
33606183 33606184
33658136 33658137
33660457 33660458
33664460 33664461
33675154 33675155
33705342 33705343
33716806 33716807
33823950 33823951
33827504 33827505
1566189 33840936
34127446 34127447
34127453 34127454
34128753 34128754
34257369 34257370
34258874 34258875
34260886 34260887
34261796 34261797
34283989 34283990
34287624 34287625
34298957 34298958
34415382 34415383
34415674 34415675
34456476 34456477
34463177 34463178
34488169 34488170
34489875 34489876
34521386 34521387
6217997 34558178
6298786 34587418
6259375 34587485
26739733 34657342
6248107 34657560
971932 34669478
6304975 34701946
13554598 34711017
1044636 34712858
5839147 34729402
1052887 34732348
850887 34756254
850763 34756264
6248121 34764409
13547767 34769777
6293536 34770094
1044684 34802248
16324511 34813426
34819123 34819124
34838400 34838401
6214868 34839041
806911 34839893
20283398 34840357
16089982 34840388
16089983 34846701
6252682 34848306
806981 34856591
806985 34856891
1221859 34857136
6298471 34857522
6252685 34858972
5839182 34859045
6247909 34862076
4324205 34865216
6298850 34869525
34869804 34869805
1221861 34871254
8916095 34871397
842291 34872476
1044579 34874212
6298382 34874230
13478901 34874966
6232313 34875363
806977 34882158
850852 34883355
971935 34883360
850854 34884871
6298817 34885013
34888962 34888963
6112970 34891863
601765 34892358
6259286 34892528
1044547 34894495
6184645 34896178
850745 34896868
32964092 34898777
8752675 34899151
29074897 34905656
1221849 34909013
6289311 34909304
6288983 34910052
850764 34910095
842301 34910370
20283400 34911178
4324207 34911262
6259377 34911312
6293456 34911362
9012431 34911812
850780 34912388
1044607 34913329
1221857 34913334
850762 34917928
13493634 34927498
26771283 34929004
242985 34935816
1052878 34937007
842305 34942355
6252852 34942413
5839138 34948447
6304626 34950689
13493645 34954529
6298339 34957219
20322087 34975327
13450023 35002843
26713373 35009629
850873 35019242
6293438 35047914
6305033 35050581
6247910 35054337
6248154 35054365
6252874 35054385
6306219 35069658
35070638 35070639
6248120 35079708
1052909 35080482
850602 35096840
7826524 35115877
8752653 35117275
5839149 35122638
6293314 35122848
9250425 35127202
6289072 35127980
35145326 35145327
32964085 35148511
22625354 35148513
15794683 35148514
13553530 35148520
35148647 35148648
13540279 35152388
35152428 35152429
11720182 35154847
8719047 35155146
6232297 35155441
13543898 35155872
13547842 35157931
1044404 35158189
8752661 35170743
6298819 35177491
1052881 35178596
35183379 35183380
6305016 35183909
6259131 35184421
5839165 35189176
35190937 35190938
13553520 35195758
1044677 35205544
806907 35207450
6232304 35211833
20317280 35212167
35213541 35213542
22625363 35214666
6298799 35215364
12007137 35217823
6306269 35221630
6289111 35221652
6293479 35226496
35226614 35226615
6252880 35230388
4145889 35234479
13478878 35236300
26765373 35240669
13540356 35243311
16089981 35247979
6217970 35248735
6292907 35255458
13547728 35257738
850604 35264211
35266776 35266777
22492046 35270124
6298335 35270132
1052891 35270757
13543482 35272020
6095417 35273415
13553297 35275568
9250421 35279138
6289122 35279416
6185086 35281352
20317283 35281482
6214849 35292745
6293299 35293024
6215051 35293475
6293282 35296805
35296881 35296882
1022594 35297055
1044641 35297787
6298797 35298278
6248309 35298721
6306061 35298830
6218390 35299145
20323144 35303408
6122332 35303966
13548009 35305008
26776030 35314419
20168265 35316677
6292792 35316781
6289132 35317254
6298336 35317419
6184655 35317783
20322158 35318441
15825904 35318938
35046144 35320624
35320748 35320749
6259384 35322101
2569967 35323663
6252676 35323874
1044633 35327412
850844 35328703
850811 35332443
13543905 35333177
11093360 35336572
20274999 35336634
6184639 35337257
20313740 35337759
806982 35337914
6289068 35342746
10206384 35342748
8719046 35344860
806858 35346518
2624365 35347585
35350169 35350170
8752669 35353411
6252879 35354866
20317259 35354980
32999505 35356547
32940418 35360499
6252606 35360703
9250417 35361913
6232307 35362052
6214995 35362057
6298563 35362373
6232299 35364816
13543911 35365703
6113533 35366178
1044666 35366241
850712 35368781
35370031 35370032
850796 35370420
35374230 35374231
6292933 35374478
35378139 35378140
35046126 35379112
6248300 35380036
6298901 35383613
35383948 35383949
20317270 35383953
6304984 35384380
1044643 35384885
6288992 35385046
6218386 35385090
6215044 35387066
13511925 35387980
5839144 35388458
1044601 35388793
20317364 35394015
6289281 35399811
13511859 35401630
6293361 35403876
6293392 35404390
6289126 35404489
6304987 35405950
6248281 35405972
6248263 35405992
13540261 35406054
15965894 35408523
26739722 35408808
5839156 35409711
1044512 35416300
35416317 35416318
6218393 35416321
5839190 35416850
6214855 35417599
13553304 35418223
6259338 35420294
13502215 35424936
6298354 35425034
20313700 35428683
6259106 35428711
6289411 35431396
15683153 35434802
6304972 35435068
6214888 35435349
24514269 35440247
842285 35443863
6298658 35445164
35446854 35446855
6214881 35448406
13543932 35448524
850842 35457809
5839150 35461278
26713372 35464076
8719093 35466740
6232057 35467127
6293520 35470158
6293359 35471340
6298794 35473035
5997580 35474575
13547956 35476722
6292802 35479162
6288936 35481170
6306123 35493025
32991746 35495126
7826605 35498062
8752671 35506718
850781 35506917
6293001 35506982
35507478 35507479
32942860 35507575
1044593 35507641
6218406 35518795
35518869 35518870
15825920 35518925
16089980 35519249
13548027 35520845
35521435 35521436
6304746 35521698
35522648 35522649
7826631 35540140
6248307 35544388
13502266 35544397
35545068 35545069
35046129 35565410
13479008 35571753
1052914 35573028
6298626 35573155
2999441 35576251
6306067 35579809
35581621 35581622
6298488 35588301
6218010 35591362
22790236 35593270
6247886 35609933
20283377 36110437
6259342 36347365
14961140 36355599
14961141 36355681
36863101 36863102
1044638 36911711
36912000 36912001
13553289 36912061
3783436 36913449
32994418 36914875
22482925 36914878
26713375 36914880
6298586 36915596
6304629 36915756
13493643 36915758
6304953 36915780
36916250 36916251
6289263 36919925
37052954 37052955
6305116 37066546
37079568 37079569
37079570 37079571
37101871 37101872
3791026 37102215
6289366 37102578
6247881 37127754
1044605 37307355
1044610 37307356
37309514 37309515
6259079 37309543
37309681 37309682
37314304 37314305
13547920 37314598
37314662 37314663
13554423 37314791
13511901 37318874
13511861 37318875
6298454 37320698
6259002 37339129
1044668 37339627
6304649 37340046
37340869 37340870
4072664 37343849
6252715 37343850
37352900 37352901
37366913 37366914
37366922 37366923
13554415 37369611
37378210 37378211
6305013 37390464
6298466 37393785
18494380 37424895
32964089 37427440
37427639 37427640
20275037 37434325
5839154 37438964
13554628 37462703
37471678 37471680
37485966 37485967
20317395 37486271
37655498 37655499
37655879 37655880
32991548 37655881
13511694 37697793
37761272 37761273
26731660 37761497
20256776 37761518
6298460 37761535
13506116 37763021
37767287 37767288
11720206 37767289
37786425 37786426
6304684 37786437
6304686 37786444
13543442 37786448
26771269 37786454
26739736 37788144
26771223 37834486
6293033 37872267
13543857 37878838
13502401 37883842
6293032 37894412
37894496 37894497
6293444 37907822
20310778 37907823
37917563 37917564
4134795 37952080
6252857 37955024
6288595 37956410
6306323 37956429
19225086 37956903
13506118 38046553
6252817 38098080
6217976 38104923
26765343 38104924
38158159 38158160
38464106 38464107
38490759 38490760
4134797 38548886
13543855 38729075
38763018 38763019
32989051 38763169
38771124 38771125
38771301 38771302
38771301 38771303
20278307 38776604
6293042 38776609
38776614 38776615
20310790 38777214
38777215 38777216
38777277 38777278
20310745 38777907
26776807 38778026
38778395 38778396
6298805 38778682
38778870 38778871
38778874 38778875
6288530 38778968
13511909 38778971
13511856 38779199
13511707 38779207
38782564 38782565
8904330 38782575
8904338 38782576
38782841 38782842
38782850 38782851
20317422 38783638
38784036 38784037
38784174 38784175
38784178 38784179
6289295 38784262
22625362 38784297
13540381 38784437
35168635 38785960
38786720 38786721
38786757 38786758
13553351 38787546
38791006 38791007
38814897 38814898
38814910 38814911
26768026 38814919
38815056 38815057
38815070 38815071
38815205 38815206
38815207 38815208
38815733 38815734
38819912 38819913
6289402 38819926
38834275 38834276
38844748 38844749
38847539 38847540
32999546 38858066
38870298 38870299
38875903 38875904
32645225 38876907
7471258 38877351
38886730 38886731
1044531 38907549
15965893 38907558
15965910 38908103
15965909 38908497
15965918 38909373
15965920 38909684
38934282 38934283
38941909 38941910
38941921 38941922
38941932 38941933
32911345 38941957
26739746 38947673
38958492 38958493
6218014 38965826
22625357 38968211
6304643 38968212
38968796 38968797
38969305 38969306
32989063 38969820
38979003 38979004
38984162 38984163
21206330 38985312
13554417 38986102
13481939 38986876
38986877 38986878
38989415 38989416
22492047 38991958
20274979 38993244
6252617 38993247
32991550 38994345
35046133 39015252
39015253 39015254
39015255 39015256
39015563 39015564
26765103 39015565
39015864 39015865
6298311 39015866
6298311 39015867
13506167 39015868
13506168 39015869
38991690 39015870
13539775 39015871
20283397 39015872
6259383 39015873
13506174 39016031
6292970 39016114
32991556 39016115
6259231 39016116
6259368 39016117
6292810 39016118
13511706 39016120
6259299 39016162
6259275 39016163
30811345 39016167
20310809 39016457
26768045 39016460
6289404 39016461
39016462 39016463
32989052 39016464
6289383 39016469
13540384 39016470
6289242 39016471
32989072 39016477
13540435 39016478
26765379 39016479
26765378 39016480
6289116 39016647
39016648 39016649
20310410 39016650
19225087 39016651
20310789 39016708
6306099 39016709
6298749 39017361
6298892 39017362
39017687 39017688
39017885 39017886
20322112 39018349
39018478 39018479
32991546 39018679
20313407 39018698
20313415 39018699
39018599 39018700
13478893 39019065
20317351 39022666
6293288 39022670
13543794 39022672
6304868 39022673
7286415 39022676
39023159 39023160
39023161 39023162
39018803 39023164
39021089 39023165
26771329 39023166
25738367 39023167
13543505 39023189
39021094 39023191
39023197 39023198
32991549 39023215
13543795 39023216
26713485 39023217
39018815 39023229
26768227 39023249
32991732 39023251
26771316 39023263
6306472 39023265
39023266 39023267
32991751 39025953
6304826 39025961
39025962 39025963
26775963 39025965
39025966 39025967
13553278 39025972
20322097 39025976
39025984 39025985
13553353 39025986
32645226 39025988
39026045 39026046
39026378 39026379
6289948 39026564
32999435 39026575
20317241 39026579
26776792 39026603
13554650 39026605
6306082 39026609
32999436 39026610
13554422 39026615
39026616 39026617
39026621 39026622
39026423 39026624
26771216 39026626
6298827 39026627
39027187 39027188
39044207 39044208
39056371 39056372
39062131 39062132
39104539 39104540
39122739 39122740
39130418 39130419
39130439 39130440
39229843 39229844
39341307 39341308
39344075 39344076
39442661 39442662
39541582 39541583
39589569 39589570
39589717 39589718
39599318 39599319
39612999 39613001
39666197 39666198
39718282 39718283
39832569 39832570
39835853 39835854
39842964 39842965
39892507 39892508
40018167 40018168
40018169 40018170
40060437 40060438
40063854 40063855
40171213 40171214
32940520 40226263
40244040 40244041
40252383 40252384
40270526 40270527
40274171 40274172
40402383 40402384
40402425 40402426
40405962 40405963
40419737 40419738
40445735 40445736
40449372 40449373
40468848 40468849
40492284 40492285
6259380 40545192
1044635 40557349
6298788 40571846
6306336 40571897
842298 40625028
6298713 40632276
6259257 40645467
6214833 40653038
1052890 40686248
6184473 40697580
842297 40697645
6184634 40697672
6185009 40697804
13554419 40701876
20317388 40714697
40720513 40720514
6259332 40734159
807188 40739759
1221844 40742806
6248445 40743604
6248444 40744841
806978 40747848
6305024 40752205
6218348 40752323
6259258 40754368
1052866 40756736
6248044 40760884
6298231 40776989
6306266 40815752
40819582 40819583
32964079 40821105
20317248 40829935
1052869 40837647
1052871 40837656
850773 40837967
6248312 40838550
6289291 40838585
6298776 40840544
850683 40842410
6289234 40843102
13493602 40846578
850760 40847031
1044532 40848305
3548407 40852256
6214837 40852459
6185016 40852505
842299 40852509
1221854 40853664
6248292 40855638
6184624 40855975
4174896 40857604
6184656 40857775
6304747 40859198
4174902 40859200
850783 40863513
850858 40865511
6184633 40870339
6304758 40872914
6248298 40873913
29294316 40876079
6248149 40879141
6289080 40881708
7826601 40881912
6289079 40882809
6298465 40885861
4174894 40888510
14961139 40889039
1221855 40889054
6306097 40889123
5839195 40889215
14961161 40889302
6298771 40890083
6247934 40890509
6248302 40890523
13511906 40890863
6292913 40892607
6218003 40893245
6259372 40893269
5839173 40893486
6298815 40893551
13502218 40893554
20283394 40893601
6259290 40895663
6214850 40895671
13362560 40896435
20254071 40902452
806975 40905647
5839140 40916539
13502431 40916542
6252810 40917595
40936030 40936031
850874 40947458
6252576 40970469
6305002 40976771
806930 40981746
850880 40996411
6215018 41007741
6247837 41011472
6259269 41020261
6298246 41029239
20317323 41045518
13540411 41045540
13506162 41045549
41045553 41045554
13554440 41054955
13540344 41055021
7826701 41064062
6248319 41075072
3787284 41086925
6289076 41087226
6259386 41088124
62762 41090001
6298331 41093603
850847 41095715
32964078 41096726
9136448 41098856
15965912 41098993
6095404 41100114
5997582 41100437
6252861 41101774
6248301 41116817
8536389 41116886
6298607 41119429
29294315 41120441
6185298 41120444
806857 41124483
6232223 41124489
6289415 41124535
6232294 41125021
20254158 41125339
6293514 41126883
13506100 41128599
41131904 41131905
6185015 41131907
13548055 41132587
13547989 41133335
13493614 41134749
850834 41137707
41148571 41148572
41151473 41151474
6298383 41151492
6248311 41151513
6289130 41154825
41155834 41155835
11720181 41157413
6125865 41157711
8904343 41157714
6259385 41168949
26771298 41168965
6259284 41169159
8752615 41178266
6292786 41180738
41021996 41181162
6298308 41182756
13554436 41185263
20283362 41191215
6298795 41195716
41195864 41195865
13543532 41196925
6293435 41201306
20274951 41201764
6293501 41203473
6259129 41204927
41206022 41206023
13548033 41207132
6248331 41211259
6293289 41212042
8752658 41223325
6298524 41235819
6259213 41238129
41238635 41238636
41239797 41239798
6298634 41240692
41241361 41241362
26768234 41244261
1044645 41244354
26771323 41245554
842284 41248175
6292825 41249215
26731697 41249744
6293509 41250263
13554644 41250730
39016205 41251197
6298666 41251628
20317368 41255872
8752657 41264376
806929 41265070
850845 41265319
41265492 41265493
22790235 41265799
20310776 41269552
6247904 41269775
6248144 41275855
7826707 41277221
41280493 41280494
13548035 41282186
850827 41285264
41285522 41285523
20317279 41289202
8752571 41290058
32991729 41291678
26776058 41293824
41293834 41293835
850859 41296042
6248145 41297063
6304948 41298355
6247970 41299436
6305206 41300425
13511776 41300529
6288869 41309366
16736975 41310802
13540186 41311350
41314962 41314963
41316656 41316657
6306341 41319704
41320993 41320994
6304633 41321737
15965922 41321960
26768011 41323638
13511658 41326872
41327466 41327467
6214844 41328440
13547750 41332909
6293323 41333004
6289304 41333005
26713366 41333133
6293382 41333500
4132511 41338076
850782 41340328
850742 41341175
6293477 41344195
41344299 41344300
7826695 41345050
26731653 41345628
6218367 41348356
41352511 41352512
6298603 41353289
8752636 41353320
6298396 41353753
20317385 41354436
13478898 41361868
41021995 41368807
13543374 41370902
41373181 41373182
5839186 41373471
41373493 41373494
41374500 41374501
6298346 41374504
8719045 41374505
6232138 41374507
13502341 41375669
22309735 41376999
3548409 41384018
41384062 41384063
20317313 41384648
6298247 41386958
13554549 41392079
6298323 41392915
13547741 41393167
11720198 41393320
1044540 41393982
41395823 41395824
13502423 41398504
6293346 41400353
1044672 41405512
6218000 41411157
6293539 41413586
6259288 41415267
32964087 41417836
20317363 41419043
6215024 41423935
850639 41424293
6232116 41428857
32989049 41436135
6232261 41437978
6214883 41438622
20267094 41438834
6215035 41440096
41449772 41449773
4174893 41450353
13553284 41451845
13493626 41452532
41452720 41452722
9250418 41452979
13502301 41456960
41461046 41461047
6298680 41472665
6298342 41473153
1044544 41483024
6214824 41483324
13553538 41483788
6306321 41488135
32989042 41488138
806855 41488408
13553506 41503319
35046130 41508477
6232322 41508486
6289239 41509269
13502377 41517940
3553391 41518466
13379073 41520422
1052886 41520631
6259287 41524019
41546692 41546693
6293336 41554031
20283345 41554167
6217990 41554196
13554433 41554402
13553370 41556532
38984674 41557157
41557181 41557182
6125862 41557376
850706 41557741
22492048 41557994
8752628 41567770
13543907 41568431
6306160 41569409
6293526 41570745
41572903 41572904
41650007 41650008
8752530 41780487
42291382 42291383
14961142 42293387
6298731 42308678
6298747 42374563
850655 42756273
42791630 42791631
6247851 42822805
20317271 42832425
42834798 42834799
6232204 42836261
7826520 42837776
13547764 42837785
6214871 42837786
13502325 42837791
20283378 42837792
1044674 42838441
7826690 42838443
42838519 42838520
13478894 42839140
6292962 42841553
42841750 42841751
42841814 42841815
42841872 42841873
5839179 42842858
26776795 42845761
13548068 42962787
42962788 42962789
6248289 43001055
43001075 43001076
43006564 43006565
13540343 43013082
4134793 43017270
6259262 43019700
6293034 43019701
6288920 43021667
6298489 43045164
6293362 43046866
3731971 43047015
43047016 43047017
3791027 43174393
13554421 43221133
1044669 43226972
22492025 43229458
43236216 43236217
6298597 43236511
13511828 43236513
13506163 43236534
43255547 43255548
43259568 43259569
43260121 43260122
6288993 43266432
6298784 43271856
6298820 43271857
13540396 43271858
6298903 43271862
26713376 43273024
43285711 43285712
43302034 43302035
28874663 43306830
43309116 43309117
43309118 43309119
20323250 43310791
1044673 43311344
20322159 43312122
20317354 43312621
31905327 43324193
43346651 43346652
13543475 43371943
6304840 43380554
6289090 43382505
43403913 43403914
32991757 43411899
14961060 43411903
43438827 43438828
6292785 43491447
1044671 43567728
6298890 43568002
11795080 43573493
43609953 43609954
20317272 43638404
13511827 43660556
43674095 43674096
4134773 43674108
6298385 43675680
11720200 43680048
43680049 43680050
11720196 43680051
11720208 43680052
20322110 43698520
43700297 43700298
6289401 43703691
32991747 43781549
13543434 43787700
13543933 43787892
6305031 43803594
5839148 43816463
13511929 43858003
6293343 43865648
43983988 43991073
20310723 44008492
44013646 44013647
20313768 44056564
6289283 44057686
6298783 44061979
26775930 44106276
44345656 44345657
20278238 44370117
7826669 44560479
44635273 44635274
44639395 44639396
6293545 44639445
6252859 44640126
6293511 44640695
6306158 44645868
44646101 44646102
13540400 44646104
44646114 44646115
39016212 44646710
13543843 44647368
44647500 44647501
1044389 44647879
35046125 44647954
13511908 44648399
44648400 44648401
6304700 44648455
6305204 44648461
6305197 44648463
44648480 44648481
6306368 44648490
44648717 44648718
44651865 44651866
44651865 44651867
1044652 44651868
6304628 44651893
44652044 44652045
44652050 44652051
44652154 44652155
6298337 44652911
32989048 44652925
44652931 44652932
15965844 44653624
6289266 44653768
26739735 44653769
44655733 44655734
44655922 44655923
44655943 44655944
32956776 44658950
44661228 44661229
6298351 44666814
32991566 44672222
44684155 44684156
6293005 44684211
44684588 44684589
44689195 44689196
44713824 44713825
44715098 44715099
44716812 44716813
44724936 44724937
20323289 44726556
26767996 44739901
15965911 44775323
13553280 44778351
13548030 44800959
41139908 44802684
41139907 44802903
41139911 44809034
41139909 44809050
41139910 44809066
44809117 44809118
26767998 44825019
44834182 44834183
44834194 44834195
35168634 44834664
6095434 44834665
13511751 44834666
44836250 44836251
6306106 44839096
6298682 44839097
39021077 44844791
44846174 44846175
6232056 44850772
20267095 44850773
28874671 44850775
6306070 44851297
44853784 44853785
6247962 44857958
13502247 44857960
6248288 44857961
26713384 44858451
13553539 44858455
44850206 44858456
1664896 44858457
13506069 44868996
13389615 44879877
32959497 44879926
13506166 44879927
44879928 44879929
44852603 44879930
26765106 44880041
26734506 44880077
26734505 44880078
44880084 44880085
20310467 44880158
13506119 44880159
6298529 44880160
44880161 44880162
13511821 44880164
26739723 44880165
24558897 44880166
6259404 44880167
6259198 44880168
13511855 44880205
38991702 44880206
4134794 44880207
26765375 44880505
6289164 44880511
26765363 44880512
6306274 44880514
6288527 44880520
13540331 44880677
20310787 44880678
39026422 44881096
44881849 44881850
13553300 44882236
6292797 44882537
39018598 44882538
32991558 44882990
20254074 44882991
20322154 44884542
20322155 44884546
26713486 44886252
26768203 44886253
20313706 44886254
26768047 44886255
13543883 44886256
6304906 44886257
6298778 44886699
13543797 44886700
13543443 44886702
13548098 44886703
26771240 44886706
13543462 44886707
32991731 44886711
13543873 44886723
6298522 44889044
26775933 44889053
6304724 44889057
32989058 44889058
13553477 44889067
25038841 44889076
6304911 44889077
44889164 44889165
13547694 44889715
13554405 44889718
44889719 44889720
6306224 44889721
13548057 44889722
6306276 44889723
32999524 44889727
26776879 44889731
6306200 44889732
39026420 44889739
6298486 44889740
32994375 44889742
32994323 44889743
26771205 44889744
44889627 44889746
39026424 44889747
35018147 44889748
44884892 44889749
44890269 44890270
44895992 44895993
44900330 44900331
44902210 44902211
44905905 44905906
44906904 44906905
44907549 44907550
44850774 44921956
44968468 44968469
45003608 45003609
33664462 45005951
45088742 45088743
45224173 45224174
45239778 45239779
45251887 45251888
45251917 45251918
45371514 45371515
45379295 45379296
45414606 45414607
45438014 45438015
806917 45496452
45498147 45498148
40995320 45504995
15794687 45512110
15794688 45512117
45676244 45676245
45683389 45683390
45749284 45749285
6287685 45837087
45951547 45951548
45966649 45966650
45967965 45967966
35476724 45979666
45993872 45993873
45996628 45996629
45996714 45996715
46023411 46023412
46080326 46080327
46083814 46083815
46083951 46083952
46083968 46083969
46084564 46084565
46086929 46086930
46086948 46086949
46087437 46087438
46088361 46088362
46088375 46088376
6232349 46114689
46167343 46167344
46167357 46167358
6291109 46234366
46236456 46236457
46236528 46236529
46238822 46238823
46239628 46239629
46279470 46279471
46322178 46322179
46339251 46339252
6292951 46401711
6298787 46401754
29294313 46465178
850791 46472604
850839 46499052
842290 46505781
26725234 46521090
6185099 46521114
6304774 46538853
1221848 46555798
6185022 46555821
26731714 46555962
6232263 46556169
6298770 46556301
4174884 46562570
1221847 46565286
13450068 46569812
850803 46583444
318028 46610080
850638 46611152
850815 46622578
20278224 46640062
6247849 46644192
13540389 46647395
1052868 46656953
6248315 46657485
8916096 46657751
6248316 46658100
850779 46658102
6298886 46658106
850775 46658116
13553546 46659820
6298774 46670256
1044518 46670867
5839187 46671573
6298332 46674686
842288 46676487
117458 46680528
6289307 46680532
13502246 46683166
1052912 46693087
6306456 46695829
8904329 46699277
6292812 46705111
20322260 46706405
13547959 46706836
1044529 46707364
6259164 46707396
46707411 46707412
850800 46707415
406455 46707742
6247933 46708130
1052874 46708133
20322243 46708658
850700 46708932
6185019 46708973
1052905 46710691
6185297 46710893
1044385 46710902
4324200 46710905
6298730 46714547
1044537 46718472
1044522 46718526
6248333 46718548
46729984 46729985
1044548 46732719
6232312 46732815
6306081 46733746
6214886 46734118
32848318 46737295
6232228 46742766
806919 46754122
22492044 46761230
8752652 46768983
850821 46790455
6185091 46798921
1044637 46804765
6259285 46805368
6247971 46827928
13547995 46830144
15683158 46833914
46853697 46853698
13547715 46863865
5839142 46878926
6184478 46899734
20317168 46901973
971933 46902048
585666 46902059
6113536 46915018
9726881 46919598
6248119 46925312
1044546 46928696
6259346 46929003
6214835 46929023
6298828 46929033
15683155 46931438
6293372 46931567
1044615 46934249
46937423 46937424
1516606 46939048
6252885 46944490
15794684 46955324
22625353 46961111
38984690 46963649
6232361 46963865
1044660 46964372
8752667 46966945
6248158 46974849
15965903 46976819
806853 46977555
20310764 46979398
6298798 46982831
15825919 46982837
1052903 46982908
850864 46984552
39026419 46989255
32991741 46989907
20317295 46991547
46992061 46992062
20274908 46995137
6289125 46995586
1044658 46995677
13493635 46999463
13543806 46999584
6298733 47002609
6304777 47003203
6248267 47003980
806924 47003995
850843 47011326
47013157 47013158
15683150 47013221
47014872 47014873
15794686 47015225
13502357 47016368
8752672 47019414
1044519 47021164
1052894 47021675
20313741 47023898
797228 47029123
20317196 47037640
8622841 47038105
806908 47039163
42749720 47041961
6304627 47042676
6288934 47043985
20313468 47045544
6298490 47045554
47046263 47046264
6232355 47046899
47048287 47048288
26776900 47049933
6289294 47051448
22951401 47057643
6306359 47059482
13502436 47059817
11043830 47062911
35046148 47065778
26739731 47065822
1052885 47072448
32940408 47074591
32940408 47074592
850871 47074691
842294 47075238
6298600 47077679
47078935 47078936
13511831 47079491
1052880 47080371
13553541 47080535
6232296 47080771
13547859 47081102
6304658 47085542
13502339 47085565
15965907 47085741
6289109 47089165
6125863 47089814
47090174 47090175
6298681 47090465
6306065 47091918
6306441 47092041
26771238 47093753
13506089 47094454
20322249 47094818
6298568 47096330
6293396 47098480
850835 47102607
6259378 47106479
6298372 47106540
15683151 47106613
13543906 47106748
5839180 47107047
32991754 47110963
13450019 47111991
6298338 47112258
20322090 47112527
29294314 47112841
20161120 47113337
6232321 47114090
6214869 47117760
1044648 47118510
26771317 47119756
20310672 47120307
6259343 47125736
6184640 47125867
47126511 47126512
6292949 47127345
6113387 47127360
6305173 47127380
6232298 47129325
6292887 47131359
6232262 47133407
6292947 47133408
6232080 47133657
20283343 47134001
13553547 47134245
6298630 47135004
850778 47139212
304698 47141288
47143756 47143757
6298613 47143925
47147618 47147619
6293455 47149390
6122356 47151925
26739734 47153523
13478859 47156242
6215036 47158019
8752660 47166766
14961049 47166916
38987141 47168474
13478886 47169680
6298598 47170157
47174007 47174008
13502194 47174887
14961059 47174931
6248118 47175556
850697 47176123
6214839 47179439
20323131 47181986
6306257 47182653
13543902 47183272
44852629 47184695
1052876 47189288
1044590 47189571
47190073 47190074
6248206 47194465
6292832 47194820
850770 47197121
6185093 47198336
6252750 47199406
7826597 47199419
8752568 47199420
6298663 47199808
6298599 47204342
13478870 47206812
6306130 47209053
6306130 47209054
6304675 47212508
6292934 47212529
20278182 47220609
8904335 47221151
11093358 47227530
20310777 47228226
35046143 47229404
13478879 47234667
13502340 47236310
15794682 47242776
13502400 47267105
1052893 47267726
13481899 47277473
1044543 47278262
13511701 47279275
6304644 47288167
850853 47298613
806921 47303070
1044516 47303349
6292909 47303377
6293355 47304036
6113013 47304046
6289069 47304199
26739732 47305716
6248293 47306220
47309980 47309981
6289006 47313700
6298899 47314203
13547819 47316241
6304636 47316373
47328099 47328100
47328432 47328433
6248322 47329159
13553519 47334544
6298591 47338244
8752656 47346315
13553372 47351023
20317316 47351371
6252756 47351818
13540366 47352073
6289071 47352074
39026439 47362525
15825918 47367105
13548036 47370954
20322153 48064486
13554442 48071037
6306098 48074719
6293035 48515978
806920 48584667
6298773 48587087
26731724 48587088
13554427 48587089
6214828 48587091
41021997 48587741
6306149 48587814
6289356 48589225
48589227 48589228
13547957 48590591
6292950 48590596
48590634 48590635
6292928 48591289
13543818 48591345
13502381 48591349
2763377 48591377
48591956 48591957
48594544 48594545
48594550 48594551
32964084 48693146
6293442 48721800
3783437 48722381
29191092 48737985
26771241 48757329
13547747 48757330
8752531 48766927
13543817 48767951
850805 48767953
18157253 48768327
1044685 48971709
26768260 48978718
6304864 48980813
1044591 48980814
48981639 48981640
48981639 48981641
48982214 48982215
1044594 49003406
49003407 49003408
20310759 49003409
20310759 49003410
1044595 49004281
49004307 49004308
49004309 49004310
49004959 49004960
20313767 49009469
6298779 49016117
49016118 49016119
6306076 49028971
36914879 49037382
49049896 49049897
44880222 49050876
1044604 49055029
6247883 49086266
35168636 49144827
11720183 49176711
6214867 49178705
49181863 49181864
49197380 49197381
49304738 49304739
49304751 49304752
11795075 49304753
11795079 49304754
49304755 49304756
49309174 49309175
13511862 49310514
13502350 49346063
6298800 49346064
39026425 49394438
13502382 49407167
1044681 49412624
11720189 49412625
11720199 49412634
11720204 49412635
13506117 49413553
6306084 49430531
6306126 49432205
49432214 49432215
49435892 49435893
13554413 49435894
6292985 49435895
6289155 49496709
13543930 49512079
49518334 49518335
49519455 49519456
6293030 49522957
6293031 49533022
49545292 49545293
49555080 49555081
20323123 49555129
13547711 49699610
13547985 49728809
44836632 49779267
6288531 50044664
13511905 50044666
6304877 50068639
13543856 50069095
50073855 50073856
39016193 50325466
6217977 50331623
50331884 50331885
50333073 50333074
50336174 50336175
6252858 50338080
40994767 50338081
50338319 50338320
50338321 50338322
50338323 50338324
39016213 50338385
6289165 50338988
50338994 50338995
44884836 50339106
44882651 50339114
19225085 50339121
6304981 50339591
50339667 50339668
8752668 50340126
50340224 50340225
6232257 50340320
50340633 50340634
6305199 50340715
26775950 50340720
50340724 50340725
13554684 50340731
50340893 50340894
50340909 50340910
8904333 50343880
1044670 50343894
50343903 50343904
11720192 50343907
50344944 50344945
20278183 50344958
22625346 50345554
22625351 50345555
50347603 50347604
20278198 50347705
6214998 50347833
50347851 50347852
50348751 50348752
50352105 50352106
50353023 50353024
15472814 50355591
46945073 50376308
50376314 50376315
50376602 50376603
50377372 50377373
50380871 50380872
50380884 50380885
13540201 50392765
50392992 50392993
50394881 50394882
20313771 50405781
26739737 50408813
20313729 50429446
50445308 50445309
15965917 50467655
15965916 50468633
15965915 50469679
46945092 50491848
41139906 50492829
22625359 50494760
46945074 50499519
46945075 50499524
50502951 50502952
50503953 50503954
50520846 50520847
41139899 50524475
6304642 50524476
44839200 50533468
50533554 50533555
15965897 50534664
6252720 50535038
26716182 50535040
50536167 50536168
38970152 50538417
38980025 50539487
22492045 50539488
6293457 50539489
50539822 50539823
13387548 50540807
50542427 50542428
20313465 50545828
32964094 50545829
6298480 50546517
20275045 50546518
32956827 50547127
50541262 50547836
6298670 50567203
20313466 50567204
13547867 50567205
50567442 50567443
50567478 50567479
5859435 50567593
20310807 50567612
6252728 50567799
13506171 50567800
44856974 50567801
44852604 50567802
18000981 50567803
32959511 50567912
20310468 50567995
20310471 50567996
20310469 50567997
13511915 50567998
24514275 50567999
38991694 50568000
44856971 50568001
6259367 50568039
6298825 50568040
4134775 50568042
20313411 50568043
6259389 50568045
20275031 50568207
32998841 50568208
44880227 50568331
32989053 50568332
32989075 50568333
20310767 50568336
26765337 50568347
39016206 50568348
20310716 50568349
50568720 50568721
6298748 50569078
32999442 50569293
26765101 50569308
6288528 50569318
20322106 50569521
20322111 50570099
6292796 50570235
6292801 50570236
26767988 50570241
39018597 50570242
6292783 50570243
50570201 50570261
26768204 50573696
6293521 50573697
13553293 50573698
13543799 50573699
13547928 50573700
6288533 50573701
13543927 50573702
12378101 50574013
13543440 50574014
20317288 50574028
44882655 50574033
13543913 50574034
12378100 50574037
26771236 50574038
39018610 50574039
50570361 50574042
5859432 50574053
44884900 50574064
50576129 50576130
50576131 50576132
50576133 50576134
50576135 50576136
6304666 50576264
20317252 50576265
7370876 50576266
32991766 50576267
15611520 50576268
20322145 50576269
32991768 50576270
26775946 50576271
6305196 50576272
6305161 50576273
13553542 50576274
44888999 50576275
3731972 50576317
13547800 50576850
50576851 50576852
50576778 50576853
32999439 50576854
6306286 50576855
6298505 50576856
39026465 50576857
806987 50576858
806987 50576859
6306226 50576860
44889608 50576861
32994347 50576862
20317387 50576863
6306462 50576864
20317315 50576865
44889626 50576866
13547794 50576867
6306237 50576868
39021075 50576870
13554566 50576871
20317314 50576872
32999556 50576873
50594080 50594081
50597667 50597668
50597669 50597670
50602069 50602070
32991752 50605581
50620086 50620087
50624037 50624038
50632120 50632121
6298793 50649761
6298793 50649762
50668783 50668784
50742067 50742068
50877248 50877249
50919379 50919380
50933232 50933233
50971282 50971283
51090616 51090617
51090618 51090619
806923 51169476
51184711 51184712
51186875 51186876
51344458 51344459
51485558 51485559
51559113 51559114
51614774 51614775
51618182 51618183
51623667 51623668
51632077 51632078
51632084 51632085
51632086 51632087
51633179 51633180
51634526 51634527
51644722 51644723
51659851 51659852
41557377 51666919
51723068 51723069
46095632 51772408
34269071 51772409
51777210 51777211
51786972 51786973
51895744 51895745
51896038 51896039
51896053 51896054
51898395 51898396
51940261 51940262
51941322 51941323
51945846 51945847
51967743 51967744
51970123 51970124
