443 549
5235 5385
5235 5236
21513 29240
32975 33015
58793 58903
73879 73932
81897 81981
83495 83562
88462 88526
97262 97335
115133 115171
118529 118590
123363 123387
147336 147393
149602 149621
150522 150559
152673 152738
164493 164513
166472 166490
166856 166876
224075 224127
17706 235362
248239 248275
257841 257893
262802 262870
278845 278863
302005 302048
304834 304893
312955 312987
330476 330507
340156 340208
347365 347415
365154 365195
371508 371537
390503 390545
390699 390740
393078 393114
404116 404127
408985 409024
421748 421777
422372 422388
439984 440043
441445 441495
448303 448328
467645 467698
473475 473522
480063 480095
487257 487303
487466 487511
493766 493813
495803 495823
496023 496057
509857 509898
512082 512130
541854 541887
545462 545502
294617 547438
548817 548841
549317 549330
551429 551461
557957 557986
559865 559886
570100 570123
576913 576949
580897 580917
583631 583653
619471 619529
637747 637771
637914 637933
637914 637934
645088 645110
647903 647920
656007 656024
674603 674662
682943 682959
691216 691244
695866 695900
741555 741589
742182 742220
746858 746871
747429 747482
771413 771440
788930 788943
788930 788944
794194 794221
802554 802595
805738 805768
824115 824145
864778 864799
869704 869746
927812 927841
967816 967844
972335 972358
976511 976540
1018518 1018529
1039020 1039031
1068588 1068603
1082678 1082695
1099831 1099851
1103367 1103398
788397 1118775
1157282 1157294
1158911 1158965
1163908 1163932
1190746 1190763
1193518 1193539
1227330 1227352
1237448 1237456
1270270 1270280
1275614 1275635
1285574 1285596
1292893 1292912
1318245 1318252
1321412 1321440
1438977 1439006
382259 1462696
1489876 1489898
1513667 1513685
746963 1575969
1590147 1590167
1658912 1658938
1721212 1721222
1743656 1743667
1747352 1747367
1749283 1749309
1817938 1817954
1828807 1828820
1875212 1875233
1893994 1894020
1920353 1920372
1935271 1935280
1943635 1943653
1957210 1957236
1986152 1986170
1987913 1987924
2038814 2038842
2064156 2064178
2086092 2086113
2092281 2092294
2096885 2096894
2189148 2189167
2198048 2198066
2224169 2224190
2296005 2296028
2329447 2329464
71680 2356774
2380562 2380579
2408398 2408405
2409496 2409504
2409728 2409750
2410876 2410882
2483404 2483431
2506438 2506448
2528602 2528619
2541606 2541618
2542588 2542592
2585380 2585387
2602590 2602596
2613191 2613200
2620847 2620857
2667649 2667665
2674566 2674583
2689795 2689796
2690214 2690229
2694003 2694016
2694925 2694942
2697035 2697051
2706679 2706685
2709889 2709898
2709889 2709899
2718894 2718904
2719202 2719204
2728008 2728023
2755322 2755346
2798182 2798204
2801931 2801949
2813043 2813046
2862208 2862213
2896708 2896719
2897659 2897667
2901328 2901339
2901452 2901466
2905692 2905703
2918426 2918430
2924246 2924267
2958108 2958119
2967585 2967601
2978462 2978474
2998477 2998485
2999966 2999975
3000147 3000159
3000948 3000964
3001241 3001247
3002354 3002380
3003107 3003125
3014678 3014702
3048327 3048351
3051115 3051127
3052165 3052188
3052317 3052328
3189227 3189228
3201124 3201126
3474392 3474402
3887667 3887678
3932151 3932160
3941571 3941579
4085908 4085922
4087182 4087188
4098873 4098875
4099266 4099275
4179182 4179193
4199241 4199250
4199415 4199426
4199415 4199427
4199482 4199495
4199505 4199524
4279661 4279679
4293563 4293573
4445974 4445990
4458373 4458377
4481452 4481476
4574619 4574627
4574795 4574806
4575150 4575160
4586619 4586628
4616872 4616897
4627940 4627947
4628129 4628137
4637998 4638017
4638359 4638363
4639082 4639089
4639151 4639157
4640470 4640473
4696617 4696625
4697380 4697384
4841129 4841132
4850232 4850244
5046921 5046931
5187328 5187337
5567036 5567044
5673104 5673118
5795508 5795530
5798316 5798318
5867568 5867569
6000576 6000597
6363303 6363309
6369893 6369906
4199397 6416046
4199397 6416047
6501563 6501567
6691934 6691957
7086214 7086218
7280785 7280797
7333305 7333312
7333565 7333576
7335968 7335974
7339239 7339247
7340080 7340085
7340850 7340860
7340982 7340988
7345234 7345240
7349687 7349694
7351551 7351561
7448246 7448249
7472198 7472199
7474022 7474023
470760 7484374
7485032 7485038
7493719 7493722
7496564 7496566
7611126 7611131
7611345 7611350
7611370 7611380
7614030 7614032
7614037 7614039
7617058 7617068
7618495 7618501
7621201 7621204
7622158 7622161
7622293 7622297
7632481 7632485
7634976 7634994
4630279 7640173
7683255 7683256
7692075 7692076
7701046 7701049
7717901 7717906
7722948 7722954
7728812 7728819
7736064 7736069
7736146 7736154
7760237 7760239
7760350 7760355
7762815 7762820
7764456 7764463
7789066 7789070
7789519 7789521
7794382 7794387
7794397 7794403
7812329 7812330
7813231 7813233
7813242 7813243
7813844 7813851
7815316 7815317
7817727 7817728
7818201 7818203
7818243 7818245
7821517 7821518
7821586 7821587
7825257 7825259
7826384 7826385
7829193 7829196
7837490 7837491
7837624 7837625
7837641 7837643
7838030 7838031
7841645 7841647
7842525 7842529
7843618 7843620
7850373 7850378
7891758 7891759
7899662 7899671
7904098 7904099
7904297 7904300
7904769 7904772
7906498 7906499
7906717 7906719
7906731 7906733
7959541 7959549
7969602 7969603
7976439 7976440
7978669 7978677
7984940 7984944
7997251 7997260
8001960 8001972
8016507 8016509
8020389 8020404
8022427 8022429
8037504 8037514
8044686 8044697
8044789 8044794
8044916 8044917
8049671 8049680
8049740 8049745
8055984 8055990
8078693 8078698
8110947 8110954
431260 8114501
278216 8115383
438934 8115814
378688 8118311
2053744 8118603
814656 8128180
814656 8128132
2716848 8128650
652847 8129172
550429 8130086
463714 8133384
8134820 8134862
91694 8135441
241413 8137885
238602 8141973
64532 8145989
58033 8152095
8152861 8152893
281452 8168818
1503156 8169164
3002618 8172841
501648 8174637
8176490 8176505
1443897 8178926
1169736 8179029
1169736 8178985
299344 8179469
184135 8217361
17687 8227561
2130876 8228179
8274439 8274472
8278790 8278822
8316787 8316823
759036 8327460
440288 8332180
775692 8335607
347772 8341786
8349253 8349263
8361702 8361733
8365603 8365664
8367306 8367337
1771941 8367403
76367 8367633
1051792 8370535
2492150 8382540
8394042 8394054
63187 8398338
8398414 8398435
1491947 8419435
6764937 8437174
8437400 8437432
786707 8460641
8461574 8461604
4140468 8462971
8471367 8471406
8473719 8473732
8475199 8475222
8476179 8476211
8476723 8476755
6897079 8478199
3909987 8484013
2320223 8486014
2320223 8486015
7349114 8517352
834351 8519312
8525033 8525063
6332538 8525248
8533705 8533722
8534155 8534174
8536457 8536485
8537358 8537387
8537358 8537388
927830 8538195
727352 8576062
8581761 8581773
8592967 8593002
458311 8594282
8627542 8627573
8634938 8634948
8651196 8651227
7185424 8691403
2204826 8697668
8703811 8703830
8706899 8706909
8711787 8711797
1202265 8712906
8715958 8715992
8718698 8718729
8719292 8719302
2352883 8721964
8728428 8728443
8744648 8744674
8764575 8764594
8799664 8799690
8805849 8805856
8816753 8816784
2960962 8819787
8826582 8826622
8903193 8903210
817244 8907217
8921135 8921145
1048472 8926139
8946929 8946940
8948017 8948032
8957292 8957310
8971804 8971824
8982125 8982154
2684165 8987892
8988698 8988714
8991357 8991394
8996805 8996821
7296597 9011507
9012123 9012158
9018664 9018711
9018664 9018712
9089919 9089933
8610175 9123139
9130913 9130928
9131196 9131214
9188005 9188019
9189181 9189186
7793355 9198841
9227301 9227315
9273584 9273598
9353298 9353306
1212272 9463339
9484965 9484995
9486349 9486367
9516510 9516516
9575183 9575196
9665738 9665754
9665868 9665892
9706240 9706255
9721792 9721802
9725541 9725546
9750395 9750397
9751679 9751698
3388781 9772926
9882437 9882462
9896189 9896217
9958765 9958774
9965192 9965203
9988770 9988789
9991110 9991120
9998882 9998893
723408 10015396
10037659 10037662
10045461 10045469
10045773 10045780
10050706 10050721
10071040 10071059
10079328 10079345
10081323 10081332
10087820 10087830
10095485 10095497
10101430 10101441
10101574 10101592
10106175 10106186
10107824 10107842
10111813 10111822
10113270 10113287
10116922 10116929
10120069 10120085
10120105 10120116
10154439 10154443
10155475 10155477
10155730 10155742
10157712 10157720
10158276 10158286
10169387 10169405
2408859 10170841
7180339 10182640
10193102 10193117
10195633 10195650
10196334 10196339
10199946 10199963
10232424 10232440
10273342 10273348
10284234 10284253
9577415 10285605
10286361 10286362
10295021 10295027
10297660 10297680
10313612 10313618
3039677 10336342
10340900 10340911
10377438 10377457
10383744 10383770
10408413 10408424
10435889 10435896
10465532 10465534
10473214 10473234
10474396 10474415
10474919 10474937
10479555 10479577
10480672 10480697
10484822 10484829
10496600 10496612
10496600 10496613
10508862 10508891
4661585 10513244
10597452 10597487
10606125 10606130
10606534 10606544
10629028 10629037
10693273 10693281
10997296 10997303
8735953 11370417
11401975 11401986
11412816 11412825
11487722 11487742
11528450 11528463
11531876 11531884
11533924 11533927
8812815 11534645
11534877 11534897
11535477 11535486
11536258 11536269
11538717 11538721
11538931 11538933
11604001 11604013
11610756 11610765
11628381 11628385
11638366 11638375
11715744 11715755
11764080 11764087
11882391 11882396
11980552 11980560
11980908 11980918
11981461 11981483
11982332 11982346
11990160 11990172
11991188 11991200
2295917 11991784
11995666 11995668
12016018 12016024
12038995 12039002
12039272 12039283
3045989 12039337
12039411 12039418
12039626 12039632
12041107 12041110
12130626 12130630
12175434 12175445
12228243 12228258
12231121 12231122
12233030 12233038
12262754 12262763
12334565 12334576
12460795 12460799
12462959 12462963
12464569 12464578
12537449 12537453
13611449 13611465
13615067 13615073
13662676 13662684
13662700 13662705
13671200 13671208
13740079 13740085
14076906 14076916
14373668 14373677
14384373 14384385
14506514 14506521
14507240 14507246
14507277 14507289
14521069 14521083
14524662 14524664
14538051 14538053
14547572 14547579
14645273 14645278
14670715 14670721
14697091 14697099
14706537 14706543
14767040 14767048
14769960 14769966
14775775 14775779
14776460 14776466
14786665 14786668
14798897 14798898
14827429 14827435
14835830 14835832
14858829 14858837
14859235 14859239
14861079 14861086
14862765 14862769
14866674 14866681
14867097 14867102
14870892 14870897
14891572 14891584
14891613 14891626
14926642 14926661
14929671 14929675
14931964 14931965
14941876 14941881
14945712 14945713
14947642 14947648
14947694 14947695
14947744 14947746
14948111 14948112
14948587 14948588
14948688 14948689
14949092 14949093
14949665 14949667
14950779 14950780
14952877 14952880
14952902 14952908
14953149 14953150
14953297 14953298
14954847 14954852
14959490 14959498
14959511 14959516
14960914 14960915
14964364 14964371
14964364 14964372
14972072 14972073
14972576 14972577
14973861 14973866
14976045 14976046
14977898 14977899
14978492 14978495
14988757 14988762
15006404 15006406
15025259 15025260
15030540 15030541
1334941 15033437
15037144 15037146
15037204 15037206
15037539 15037544
15077115 15077116
15084863 15084878
15087901 15087905
15100696 15100697
15104669 15104674
15105044 15105046
15105069 15105070
15105082 15105087
15105479 15105496
15106011 15106012
15106290 15106292
15117922 15117924
15122668 15122680
15124418 15124419
15127985 15127998
15128020 15128021
15136847 15136851
15136936 15136937
15163714 15163729
15164990 15164995
15171148 15171167
15171363 15171366
15175083 15175084
15175500 15175503
15176514 15176519
15190921 15190925
15220457 15220468
15227296 15227297
15227300 15227311
15227300 15227312
2740693 15231129
1209245 15243788
824968 15246307
1972010 15249817
158124 15253636
97123 15255069
453174 15256378
308020 15256445
3135771 15268615
5450402 15283787
1796014 15284720
5196078 15286210
3537047 15289104
15292331 15292376
2980825 15294087
8308861 15294206
1508048 15299819
4299750 15314151
15314157 15314179
3114565 15334924
15349353 15349367
15368180 15368213
4756745 15407117
15409833 15409879
951861 15433730
786699 15436093
544413 15436412
15437463 15437504
5086602 15437564
10155740 15449138
1739721 15453759
947855 15457013
1101909 15474112
15474154 15474189
15476450 15476493
15476896 15476922
2293894 15478025
15441582 15478185
15491408 15491447
15499526 15499541
1048429 15507874
15531032 15531046
2229177 15531963
15535205 15535239
834851 15545540
15551543 15551588
6006875 15552357
9836044 15552707
291447 15574052
15574851 15574893
15620150 15620186
1898784 15624885
15625492 15625503
15137981 15627000
3057018 15629434
15629852 15629862
15635206 15635236
15636066 15636083
15638659 15638683
8154123 15638829
15640596 15640620
15672723 15672748
15674059 15674080
15678828 15678875
15689136 15689146
15449146 15695974
10718625 15696741
15744182 15744216
2661008 15765404
8725627 15784709
10544397 15789261
15812572 15812599
15832317 15832335
7938626 15872413
9012161 15873829
14771872 15887917
15891441 15891456
15891964 15891994
15893999 15894024
15894970 15894984
15898947 15898961
10001722 15903749
10321255 15909977
15497984 15912500
15942158 15942173
8807118 15982143
1865033 16007102
16011197 16011215
16027921 16027938
16042078 16042103
16044938 16044959
16048932 16048943
16127978 16127989
16155239 16155262
16174491 16174497
944652 16181589
16222894 16222908
4757843 16239319
16268259 16268274
16273656 16273668
16280737 16280761
16298346 16298369
16299813 16299828
16324556 16324564
16376875 16376900
16400718 16400730
16421495 16421529
16443628 16443662
16443941 16443949
16451424 16451438
16455629 16455646
4218756 16459069
16479951 16479966
16494077 16494099
16531417 16531437
16535904 16535918
16556340 16556352
16573635 16573654
16589707 16589710
16591683 16591695
13634431 16656952
16682943 16682967
16695797 16695811
16721015 16721032
16785552 16785564
16900845 16900861
10564360 16930842
1957923 16939364
2307514 16939549
16941241 16941255
16949440 16949445
16962207 16962220
16962601 16962616
16969049 16969056
16979134 16979160
2777666 16980089
17002247 17002255
13663082 17002888
548611 17003475
17014200 17014215
17020189 17020197
17020213 17020216
17021264 17021285
17021682 17021688
17024055 17024071
4178373 17049805
17068155 17068160
17068939 17068961
17074154 17074169
17079378 17079382
17083740 17083743
17095811 17095822
17102408 17102411
17104398 17104410
17111761 17111775
17111776 17111782
17125955 17125961
17128113 17128124
17130078 17130089
17134392 17134409
17140408 17140414
17153066 17153081
17162981 17162997
17163381 17163402
17187186 17187198
17232929 17232937
17255480 17255488
17256462 17256479
17256993 17256998
12918825 17258228
17259249 17259264
17263228 17263233
17263842 17263857
17332265 17332270
5620411 17364750
17390605 17390616
17397013 17397020
10340993 17400456
17415443 17415448
17424037 17424066
17430476 17430503
4640129 17430956
17484027 17484044
17507586 17507604
17507816 17507829
17527654 17527665
17537114 17537128
17267839 17537825
17546348 17546352
17547052 17547059
17548949 17548961
17549134 17549138
17551212 17551217
17551433 17551446
17731273 17731279
17753966 17753972
17758178 17758182
17916979 17916991
18150334 18150360
18240353 18240364
18267666 18267674
18315586 18315603
18419441 18419445
18420522 18420526
18423634 18423653
18423697 18423716
18438691 18438703
4587104 18438898
18512509 18512522
18601380 18601392
18602031 18602038
18722873 18722885
18753335 18753352
18845693 18845703
18846947 18846952
18849505 18849520
18856253 18856257
18870232 18870239
18885640 18885650
14649710 18891632
18900667 18900673
18901369 18901371
18901584 18901586
18905149 18905172
18977287 18977290
19080384 19080399
19080815 19080820
10340914 19081859
19105909 19105911
19115291 19115295
19115439 19115452
19135722 19135733
19199236 19199239
19213468 19213473
19235404 19235416
19243517 19243520
19261045 19261058
19370051 19370059
19717822 19717823
19791189 19791194
19906578 19906580
20137311 20137312
20344171 20344178
20403236 20403241
20457765 20457766
20459053 20459069
21224942 21224967
21243342 21243344
21253230 21253233
21257423 21257432
21277376 21277378
21357746 21357749
21365843 21365856
21369856 21369862
21371432 21371435
21374577 21374581
21400141 21400143
21431702 21431705
21431706 21431713
21433611 21433619
21447497 21447502
21488628 21488634
21488645 21488653
21488727 21488732
21489037 21489041
21491033 21491038
21495370 21495376
21501989 21502002
10496616 21502776
21503155 21503164
21506865 21506869
21569713 21569717
21581109 21581117
21581576 21581581
21585944 21585953
21598923 21598943
21605004 21605014
21605030 21605039
21612981 21612987
21617016 21617022
21617656 21617660
21635186 21635189
21641629 21641631
21641877 21641878
21643501 21643502
21657604 21657605
21657935 21657938
21658163 21658164
21658932 21658934
21659492 21659494
21660047 21660051
21660088 21660090
21661289 21661291
21663155 21663156
21663446 21663448
21665073 21665074
21670647 21670650
21681335 21681339
21687634 21687635
21687647 21687648
21687823 21687824
21687823 21687825
21690283 21690291
21690718 21690719
21727502 21727517
21734038 21734041
21738666 21738667
21744806 21744807
21747770 21747771
21747785 21747788
21758489 21758492
21777587 21777591
21791327 21791332
21807006 21807009
21810240 21810242
21811182 21811183
21811280 21811281
21811972 21811973
21812011 21812014
21817764 21817770
21822647 21822654
21827367 21827373
21827662 21827673
21840517 21840523
21850779 21850782
21873327 21873328
21874226 21874230
21875098 21875103
21876438 21876441
21876653 21876655
21878025 21878029
21878252 21878255
21883740 21883750
21883763 21883767
21883886 21883894
21885559 21885566
21885601 21885606
21890367 21890370
21893631 21893633
21893950 21893958
21894359 21894362
21894820 21894828
21901189 21901190
21927032 21927033
21934604 21934606
3703 21940295
3793694 21943085
1294477 21949343
8824470 21949451
940276 21950410
160985 21951363
939061 21952344
290991 21955302
15437942 21965810
3400931 21975573
4607978 21978051
767446 21986129
1768105 21986919
1844095 21995197
6333076 21995278
2464013 22011066
454056 22078847
4800824 22083026
3755905 22085671
1883468 22099727
1070597 22102592
9515283 22108364
22114584 22114602
1523108 22122256
203694 22126578
980394 22128174
1002270 22133089
8308876 22133219
64363 22133522
22133686 22133739
3055231 22145249
22149550 22149575
22151819 22151831
4037373 22168332
22172065 22172081
14932612 22173539
5086462 22174900
22191567 22191595
22192826 22192841
22194001 22194025
1128745 22205937
1006318 22206724
1921983 22207250
22224065 22224091
22225269 22225282
5990256 22231410
1010375 22231593
22235133 22235142
22235388 22235407
9402830 22235550
22237386 22237413
22237553 22237569
22237802 22237829
22239754 22239782
3148573 22240802
9411744 22243006
22244013 22244035
2135432 22244812
4646411 22246974
22253436 22253444
22290471 22290488
22293383 22293418
1776353 22301850
22302115 22302143
12430491 22308435
22319955 22319971
16382977 22330246
22333279 22333289
22346542 22346558
22347856 22347872
22359304 22359324
3183085 22374100
22374197 22374225
22399691 22399708
22416201 22416207
674067 22419829
22431924 22431953
2053730 22436233
8974319 22438893
2186504 22438933
5178333 22441718
12464129 22443623
16453525 22445335
3230996 22445529
22452130 22452139
22453530 22453544
16715734 22460034
22460263 22460304
19004093 22464165
22464792 22464815
22469015 22469028
21506060 22485936
22490160 22490172
22497318 22497341
22499485 22499505
22558754 22558776
20228579 22560126
15395870 22561161
22561171 22561178
4323883 22561384
22571336 22571370
22572496 22572508
15613028 22573474
22574304 22574335
677058 22575170
22577872 22577885
4479250 22589403
64452 22625598
22629229 22629252
22661831 22661852
22725977 22726013
4091047 22731623
22826962 22826966
22827662 22827673
22834618 22834633
22850974 22850988
22881250 22881261
562497 22907531
766528 22911370
766528 22911371
22937881 22937890
22950208 22950237
22967764 22967791
23032927 23032937
23047685 23047710
23104724 23104742
23105600 23105625
4647414 23112381
23118889 23118909
23119583 23119598
304502 23120702
9658311 23133199
23152906 23152931
9636323 23171322
23184450 23184451
17013511 23213932
23228088 23228099
23276115 23276142
23279422 23279439
17027058 23279708
23279728 23279740
2872908 23294502
23299263 23299286
23319463 23319477
2477146 23379984
23415024 23415028
17341075 23415569
23418434 23418440
1957934 23465394
473404 23474085
23497309 23497324
23521463 23521472
23528183 23528195
23529199 23529218
23539196 23539201
2316733 23550076
23555549 23555550
18535545 23565740
23567185 23567191
23573866 23573870
18945201 23599802
23607282 23607317
23612177 23612194
23619363 23619365
23622136 23622142
11046684 23631169
23631982 23631995
23657063 23657072
23670382 23670408
578866 23670719
23672501 23672516
23685894 23685901
23691487 23691504
23715790 23715795
23728683 23728691
23731824 23731841
23733697 23733705
23736199 23736211
23737268 23737286
23754140 23754143
23755285 23755297
23765679 23765686
23767654 23767675
15800954 23767841
7753683 23767866
23777909 23777912
23798922 23798938
23827756 23827776
23831250 23831268
23833719 23833727
23851007 23851025
3142279 23856651
23857084 23857088
23875997 23876017
23890584 23890606
23897901 23897910
23917734 23917758
23921148 23921158
23930378 23930385
23931233 23931234
23950245 23950251
23951286 23951291
23951286 23951292
14887121 23956626
23973109 23973123
23973135 23973140
23979994 23980002
24004757 24004774
7125714 24007507
24015095 24015101
24016639 24016646
24023354 24023357
24093001 24093013
24121521 24121543
10594745 24122198
17429467 24128538
24130513 24130536
24133864 24133874
6911798 24134575
24288077 24288091
24451102 24451115
24472935 24472938
24812791 24812801
24844627 24844642
24967371 24967380
24967371 24967381
24969645 24969650
24973760 24973761
25052950 25052965
25060951 25060961
25062482 25062490
25118183 25118190
25157084 25157086
25356507 25356514
25368499 25368507
25369263 25369281
25373510 25373517
25379810 25379813
25381025 25381044
25381673 25381681
25404126 25404128
25404332 25404341
25405035 25405038
17250412 25414324
17162489 25423172
25423695 25423698
25423937 25423943
25424095 25424115
25424152 25424160
25424187 25424193
25424915 25424917
25424980 25424983
25431154 25431164
13542927 25443634
25619690 25619702
25628875 25628881
25669671 25669686
25879586 25879590
25919300 25919307
26198256 26198257
10110236 26268291
26410234 26410235
26823422 26823431
26859176 26859181
26880191 26880198
27301718 27301723
27655656 27655672
27659793 27659803
7339250 27666473
7326999 27670369
27674123 27674124
27676205 27676206
27676387 27676402
27680326 27680327
24049499 27706768
27773324 27773334
27775043 27775048
27782638 27782642
27786279 27786283
27790921 27790922
27790921 27790923
27803453 27803457
27806514 27806518
27852931 27852933
27904830 27904836
27904984 27904987
27907854 27907860
27913098 27913105
27914252 27914255
27914652 27914654
27917059 27917073
27929055 27929075
27957650 27957656
27964160 27964164
27965398 27965399
27982681 27982708
27993882 27993885
27994123 27994129
27994391 27994397
28020142 28020145
205482 28022003
28023804 28023810
28024534 28024538
28024742 28024746
28028317 28028320
28033399 28033400
28040529 28040530
28050919 28050921
28052578 28052584
28053796 28053797
28053910 28053917
28066689 28066690
28066977 28066978
28067005 28067007
28067049 28067050
28067843 28067844
28069638 28069640
28070399 28070401
28071916 28071917
28072272 28072273
28072278 28072283
28072743 28072745
28072757 28072758
28073750 28073751
28073756 28073757
28075012 28075015
28078493 28078495
28091093 28091094
28091392 28091401
17263908 28091666
28094726 28094728
28100141 28100146
28100148 28100149
28120341 28120355
28123599 28123600
28135126 28135127
28142863 28142868
28142876 28142884
28149514 28149518
28149779 28149794
28155138 28155141
28183846 28183862
17552816 28199691
28215349 28215350
28228445 28228448
28228501 28228503
28228662 28228665
28236589 28236590
28244055 28244069
28275602 28275605
28275732 28275734
28279024 28279038
28282299 28282300
28288349 28288359
28290066 28290067
28295332 28295337
28295338 28295343
28298312 28298317
28330054 28330056
28330089 28330093
64453 28342132
4698983 28343396
21356665 28344205
1995701 28345501
34518 28349414
10159595 28365811
166171 28376486
4978729 28379058
91385 28382013
1058966 28386281
4763740 28388478
411453 28389894
1206768 28390080
7123544 28414628
818361 28418236
578680 28432650
28433739 28433758
19703663 28457227
28462571 28462594
357609 28497411
2905328 28506348
1411591 28520706
1817919 28521585
27334 28522049
28544836 28544876
64497 28545062
458990 28549814
2954481 28550621
28554944 28554970
28571418 28571441
21921202 28572008
16663786 28591655
15564799 28603718
1918079 28607808
3094572 28608386
28609818 28609845
949842 28609901
454055 28614306
28620410 28620420
28621261 28621282
28623078 28623092
28625490 28625499
8413270 28627330
16275869 28628453
28633499 28633524
28633499 28633525
22376626 28634581
18829312 28637580
9755247 28638074
28644834 28644853
7517601 28645204
11257550 28647258
28649796 28649817
7427165 28650500
16312174 28651848
8643166 28654658
22914381 28654939
15693273 28679295
28682949 28682959
508621 28685432
22113926 10473047
12169660 28686228
10977673 28692139
28701992 28702027
15995119 28708804
15303927 28732086
4118665 28735508
23694120 28739754
28740701 28740714
28741593 28741610
6385473 28762001
28774800 28774833
1300250 28797725
28816712 28816726
28817922 28817938
6332884 28820324
17824644 28829842
518007 28834441
558692 28841294
28855034 28855052
28868372 28868390
1167910 28871320
28877051 28877072
28904985 28904999
1582627 28907136
14937178 28937259
1912159 28952425
28967943 28967952
28979273 28979281
14373675 29037788
7644486 29079827
1855165 29082847
29112451 29112460
275522 29134386
29135450 29135466
29158980 29158988
29169950 29169961
29208929 29208937
29220194 28757818
29237656 29237662
29266749 29266759
29278333 29278355
389804 29388349
735650 29407845
15509342 29421321
20329596 29428705
7145513 29445926
29508502 29508525
147002 29520667
29554408 29554428
29555401 29555410
29572814 29572824
7940357 29578205
22046207 29581768
29582116 29582123
29596172 29596202
495804 29603873
578644 29615147
29622934 29622953
6382661 29718444
14373676 29725136
29785089 29785106
29791361 29791371
23468180 29807865
29830431 29830447
29880544 29880556
29891699 29891709
1860578 29912992
29923828 29923840
10175159 29934819
29955674 29955688
29993322 29993334
16177803 30021718
6508428 30048620
30049298 30049307
30070531 30070541
25442222 30083900
30093872 30093892
30096563 30096572
8371657 30106718
30129089 30129093
30129789 30129812
30178161 30178184
30178195 30178214
30222730 30222746
30222730 30222747
30268523 30268525
30268668 30268674
30274311 30274329
30304984 30305002
4809389 30309667
30310608 30310630
30326137 30326146
30326227 30326247
30342628 30342636
9129059 30365687
30372240 30372248
30379464 30379486
30409061 30409075
30409607 30409619
30410491 30410499
30444695 30444711
30446359 30446370
30446481 30446488
30447069 30447085
30448059 30448085
30450434 30450450
110728 30624768
30820007 30820010
30983547 30983561
30983688 30983700
30996880 30996890
30999738 30999744
31002498 31002524
31084830 31084834
31084882 31084908
31108701 31108706
27647000 31127781
4729325 31128143
31209343 31209354
7520604 31209378
27666091 31258803
31260651 31260655
562165 31268796
17546889 31268875
31269688 31269694
14628334 31302217
31321354 31321359
31347547 31347553
31454760 31454766
31494011 31494029
31559538 31559553
14502138 31640973
31655966 31655968
31656162 31656168
31657008 31657017
31677840 31677849
31679018 31679031
31679044 31679050
31692404 31692409
31706998 31707008
31707356 31707357
31708654 31708670
31708747 31708756
31724912 31724917
31773928 31773929
31814373 31814379
31874315 31874327
31898143 31898155
20360362 31927281
15948238 31932324
31968252 31968263
31969534 31969537
32003328 32003335
32009645 32009655
10284121 32824883
33044831 33044839
33096202 33096209
33096557 33096571
33320059 33320064
33343790 33343798
33645293 33645296
33658732 33658735
33662206 33662219
33662206 33662220
33662320 33662341
33671873 33671887
33729895 33729901
33861078 33861085
33864847 33864850
33867822 33867828
33868228 33868238
33871223 33871227
33871414 33871419
33874150 33874151
33899419 33899432
33974015 33974019
33978260 33978266
33984267 33984271
33994064 33994070
34038356 34038363
34042795 34042816
34059690 34059699
34103126 34103127
34103231 34103237
34105844 34105850
34105875 34105876
497966 34106019
34110838 34110844
34117814 34117833
34120706 34120709
34159101 34159104
34159264 34159266
34160735 34160740
21556558 34163564
34186346 34186347
34190994 34190998
34195850 34195856
34198093 34198099
34200005 34200010
27505029 34215784
34219238 34219242
34220612 34220617
34220623 34220630
34220642 34220648
34220654 34220659
34241107 34241129
34243068 34243074
34243653 34243654
34243703 34243704
34252591 34252596
34257030 34257031
34257140 34257143
34257886 34257888
34257979 34257983
34259698 34259699
34259714 34259715
34259970 34259973
34261787 34261788
34261793 34261794
34261822 34261823
34261826 34261827
34261849 34261853
34262152 34262153
34262590 34262591
34263534 34263536
34263540 34263542
34263548 34263550
34267722 34267723
34268116 34268118
34268978 34268981
34270053 34270064
34279643 34279644
34280154 34280157
34280161 34280162
34280350 34280355
34281506 34281507
34285045 34285046
34288677 34288679
34288707 34288708
34294196 34294205
34298520 34298524
34309711 34309712
34332001 34332003
34332479 34332484
34332486 34332491
34332486 34332492
34338747 34338754
34342310 34342313
34344507 34344508
34348187 34348193
34350408 34350409
34359704 34359707
34372162 34372165
34401096 34401104
34415566 34415567
34419956 34419961
34420028 34420029
34423277 34423297
34423695 34423696
7040975 34437864
34439425 34439430
34446621 34446625
34456531 34456537
34462913 34462932
34463145 34463150
34466578 34466584
34466672 34466681
34468382 34468383
34468490 34468493
34474159 34474162
34474163 34474166
34474292 34474304
34474305 34474318
34475982 34475983
34493280 34493281
34508920 34508926
34515556 34515560
34522599 34522617
27275 34524855
1026957 26984878
3298608 34546505
76875 34555628
8511228 34557124
149211 34563317
1551273 34563975
3084412 34565620
235373 34565854
2161622 34570666
548608 34580794
34604534 34604557
34609118 34609137
742988 34611183
3175532 34635945
34642901 34642925
142410 34654448
24016413 34659447
24016413 34659448
1994703 34662619
281449 34662944
692604 34664285
1486301 34673417
1896668 34675983
1756376 34679414
346330 34682531
998 34685126
375895 34696431
1984422 34700795
878568 34721499
1432188 34725136
8169580 34738596
9659968 34739503
1376869 34740593
34744031 34744061
3822335 34745134
791998 34759655
34763955 34763969
1319250 34781795
584086 34782871
1361159 34783662
1226353 34785187
17453421 34785601
34787581 34787611
1332492 34788784
472840 34790565
3186694 34794994
34797409 34797431
739198 34797967
16675791 34805095
34805333 34805340
18470200 34805634
34805695 34805712
4219628 34806612
9896962 34815913
15915590 34817134
2053724 34820843
4075580 34823411
4995782 34839538
3215582 34861369
23140904 34867051
34875814 34875832
2370191 34876369
24028450 34883261
3456856 34889289
4697203 34903934
580391 34905107
364151 34908000
34910153 34910172
17195527 34917240
2484310 34917866
24792252 34928552
16236450 28928539
21025621 34936124
34732769 34981954
35006310 35006328
35006927 35006968
931459 35007399
578777 35016407
35019170 35019188
12153774 35089787
35103886 35103910
23698084 35107861
22762714 35126090
35149676 35149686
31828196 35150731
35151436 35151455
35183314 35183339
35187784 35187796
428944 35204162
35205827 35205847
578577 35234986
4909197 35242245
8544882 35245556
22364409 35247423
1659548 35254009
35256230 35256247
35335475 35335486
35337783 35337803
35476342 35476360
35484767 35484782
5988644 35510049
35527385 35527398
17126954 35558779
25867526 35583031
35585894 35585906
35609734 35609757
35614130 35614151
35659901 35659923
2865300 35666047
29619868 35673650
35707035 35707062
7851670 35730908
2521853 35738970
31655124 35742909
2999233 35748541
35752972 35752984
35787121 35787132
35790076 35790092
11510414 35790159
35803392 35803406
35807677 35807703
35818487 35818500
2311395 35829959
35830716 35830727
35832249 35832257
35935016 35935024
1428579 35979790
35989208 35989217
2334430 35992252
36035139 36035144
36036759 36036764
36048848 36048869
36057781 36057788
5905324 36068041
36072336 36072350
9659948 36081167
36156014 36156045
36159967 36159971
36160049 36160057
36161030 36161040
36161030 36161041
36161575 36161583
36184306 36184319
21603312 36188056
36194040 36194058
36200721 36200733
36204489 36204512
36204554 36204568
36204752 36204771
36207609 36207631
34803725 36213632
36216903 36216914
36236289 36236301
15153769 36236578
14835321 36237692
14835321 36237693
36243958 36243966
22299391 36289240
36315783 36315790
33020718 36317763
36320033 36320044
36325094 36325115
36325624 36325643
30178216 36326821
30368145 36351415
36385566 36385576
36395412 36395420
36396875 36396886
28625321 36398021
36439987 36440002
23105267 36442589
36469751 36469753
36484318 36484324
12476884 36484742
36484978 36484985
36507994 36507999
485150 36538164
36570176 36570187
6304107 36570319
4690618 36574270
36574824 36574845
33021054 36575359
25372000 36576514
36860132 36860133
2484016 37072441
37099340 37099360
37187330 37187351
2718900 37193828
18150338 37306473
18150338 37306474
37338494 37338507
37350794 37350802
18856722 37354680
37355195 37355199
37356426 37356443
37356637 37356646
29145297 37365617
37377742 37377751
37432366 37432380
37440230 37440239
37443811 37443814
37445211 37445214
37513408 37513425
37601202 37601214
37739275 37739286
37748009 37748032
37749675 37749680
37749714 37749718
10256714 37749785
37749926 37749941
37752375 37752386
37761747 37761752
25395269 37762114
25398503 37765405
37768575 37768576
37775869 37775873
37781220 37781230
37789778 37789795
37789990 37789994
37790276 37790301
37790308 37790323
37790424 37790443
22431940 37790469
37790477 37790480
826632 37790634
31726812 37790652
37808297 37808301
37834916 37834926
37845455 37845470
37886531 37886547
37906418 37906424
17426834 37949466
37958986 37959008
37963451 37963466
38045829 38045835
38102897 38102911
38150795 38150807
25066976 38217691
38470785 38470790
38589758 38589765
38788232 38788236
1974389 38984274
38998627 38998628
39057397 39057403
39121320 39121321
39154537 39154538
39338678 39338683
39559197 39559200
39600566 39600567
39660562 39660577
39675521 39675528
39732010 39732013
39834381 39834383
39865036 39865047
39866128 39866131
39871349 39871354
32028688 39879178
39892927 39892934
39946803 39946805
39971008 39971012
39971247 39971251
25424981 39976437
39995058 39995064
40003513 40003519
38205701 40035493
40101065 40101074
40101747 40101751
40101758 40101762
40101869 40101876
40106623 40106628
8599829 40106680
40106709 40106717
40126494 40126495
40146484 40146489
40151880 40151881
40153321 40153322
40158447 40158453
40158661 40158670
40172505 40172509
40178305 40178311
40187124 40187129
25014300 40189713
40191656 40191663
40194335 40194337
40194380 40194385
40194386 40194409
40203614 40203615
40208527 40208530
40211300 40211305
40223698 40223699
40234691 40234692
40234846 40234848
21875105 40234962
40247306 40247308
40247342 40247343
40247388 40247389
40248227 40248231
40248349 40248350
40248359 40248360
40248802 40248803
40249425 40249426
40249436 40249437
40252131 40252132
40252144 40252147
40252216 40252218
40252253 40252255
40252262 40252264
40253913 40253916
40268387 40268388
40268395 40268402
40268413 40268416
40271514 40271516
40273652 40273653
40275109 40275110
40275115 40275119
40275234 40275236
40282001 40282010
40296496 40296497
40313233 40313237
40326207 40326211
40326216 40326217
40331880 40331882
40332304 40332305
40332308 40332309
40332689 40332694
40337830 40337831
40358355 40358361
40360712 40360722
40365756 40365766
40370134 40370139
40371412 40371413
40384585 40384587
40384598 40384599
40387605 40387607
40387629 40387630
40386342 40387935
40388121 40388122
40389928 40389934
40390200 40390201
40390253 40390257
40402168 40402169
40402183 40402199
40405111 40405115
40407061 40407071
40407079 40407083
40407096 40407099
40407267 40407287
40409972 40409992
40415078 40415091
40427525 40427527
40441114 40441117
40443270 40443273
40451249 40451252
40451580 40451585
40452866 40452869
40452984 40452989
40457678 40457683
40460439 40460448
40460911 40460919
40461049 40461064
40477254 40477260
40489064 40489070
40500552 40500553
40508704 40508713
57245 5035829
8343567 40516486
125058 40520033
289535 40520115
1143544 40520509
21648049 40528262
40532887 40532909
450139 40534865
450139 40534866
1046829 40535063
327286 40541012
475542 40541089
88498 40547899
97125 40549701
657802 40558872
34665851 40574689
5852576 40576186
40606005 40606011
583793 40611212
1224652 40651192
1481859 40651738
40655974 40655984
842327 40659952
3199081 40660548
8768655 40660597
776642 40661680
40662666 40662689
357586 40676212
2827399 40676400
337527 40685649
316307 40688397
58657 40695644
2386495 40703415
40709531 40709548
27656004 40710915
30368127 40720607
22294677 40722460
4306632 40726766
578839 40727894
40729022 40729044
40733585 40733607
13907778 40736890
1002255 40738196
15472747 40741814
40747176 40747205
8791282 40748607
347393 40765306
976545 40766168
11024788 40767639
35858617 40768544
7336044 40769223
8839035 40780902
21976106 40786223
1112801 40787049
19701305 40792325
9363318 40801518
40803418 40803432
7891184 40808318
299531 40811766
24238003 40811900
24033621 40813660
40836336 40836364
867909 40839445
8829780 40840390
40841436 40841476
40842757 40842780
40844636 40844659
6333259 40845628
16686662 40846332
34575395 40851530
960654 40862612
16756482 40864596
2643129 40882179
40884319 40884343
3502187 40897763
40903385 40903399
40909028 40909055
6409603 40916687
9199832 40918925
604904 40949523
357626 40959499
40980755 40980787
40980994 40981024
41011188 41011228
2962455 41013163
23987390 41026421
22459095 41028828
3255486 41065874
28508990 41069238
23565419 41071300
9045290 41073318
9467940 41082189
41092201 41092209
41124820 41124829
41178919 41178936
41195304 41195312
41205083 41205106
40234144 41208005
34112809 41218907
22199992 41220307
15987893 41234238
41339570 41339571
1866672 41402459
4613032 41439963
1593996 41458128
41459848 41459857
41503565 41503578
10083727 41509003
41517309 41517329
41541721 41541736
9706252 41548057
2800352 41565534
11550218 41582999
9762382 41589336
41631214 41631223
41634800 41634809
12423054 41654885
3176729 41674868
5589631 41687797
1739339 41689322
41753140 41753149
2979135 41769654
9666660 41809316
9666660 41809317
15366496 41833534
41906166 41906183
41906318 41906331
10603178 41929912
41970728 41970749
22458739 41986037
41996732 41996736
42002216 42002246
42005943 42005954
25758433 42016233
2983953 42016489
42025069 42025076
10278864 42027488
42043394 42043405
42053843 42053859
42076851 42076858
42077900 42077923
42101517 42101525
42105681 42105695
21852279 42106202
34103129 42110175
42110309 42110319
2029728 42110369
42110456 42110480
15202418 42134818
42152737 42152749
42154809 42154832
42157047 42157061
42181179 42181205
3249776 42192186
35354334 42230516
32610442 42236603
42237431 42237439
42241309 42241322
12918256 42255059
42255300 42255310
42257064 42257067
411451 42257491
42259327 42259335
42264063 42264084
42264536 42264543
42264838 42264850
42265758 42265771
42266454 42266472
42266734 42266756
42283224 42283248
29744565 42318160
42320047 42320056
42380840 42380855
2432090 42382123
42382923 42382944
42387144 42387154
42404556 42404578
42406132 42406149
42410390 42410395
42411312 42411325
42413030 42413041
29262385 42423102
14019709 42483568
42502159 42502170
42664271 42664289
42742613 42742625
42783990 42783995
12100401 43016215
43019142 43019150
29069077 43106069
43264397 43264402
36297186 43269591
17530445 43274249
17400050 43285916
43290787 43290798
43350443 43350454
38078012 43350853
43428697 43428703
43432379 43432385
43488336 43488346
43490509 43490521
43662426 43662432
43662781 43662795
43674220 43674228
15060602 43674482
36246285 43675445
43693423 43693436
43701875 43701889
9957552 43702301
43702368 43702376
43719376 43719384
43777808 43777821
43852870 43852882
43852889 43852903
43858508 43858523
43894479 43894481
43904725 43904726
43914830 43914836
43953113 43953115
43953322 43953330
43967778 43967793
16814238 43974117
43988548 43988554
44012031 44012040
44022636 44022648
44038245 44038254
42180576 44039919
22324076 44052559
44117175 44117182
37913356 44121807
12908422 44342208
5590156 44348500
44563567 44563583
44882426 44882430
9351379 45213656
45457825 45457830
45517624 45517628
45600144 45600147
45679913 45679915
45684301 45684303
45699413 45699421
45713939 45713945
45715511 45715517
45716586 45716588
45716668 45716672
45759696 45759702
45785430 45785436
45839607 45839614
45850308 45850312
45850366 45850372
45882483 45882486
45884638 45884642
45895087 45895092
45895394 45895401
45944324 45944325
45944349 45944352
45945309 45945312
45951795 45951810
45958577 45958583
24072044 45991511
17256483 45992647
31687432 45994749
45996888 45996891
46005329 46005330
46018975 46018982
46033430 46033439
46046793 46046799
46048884 46048888
46048960 46048964
46071486 46071487
46071994 46071997
46072397 46072398
46072850 46072853
46079721 46079723
46080060 46080066
46083534 46083535
46083552 46083557
46083569 46083571
46083580 46083581
46083609 46083610
46084432 46084433
46084533 46084538
11533648 46084931
46086239 46086244
46087829 46087831
46087837 46087839
46088090 46088091
46088212 46088213
46088258 46088262
46088564 46088565
46089065 46089066
46089924 46089925
46094703 46094704
46095453 46095454
46103881 46103882
46107168 46107170
46109205 46109206
46109226 46109227
46109799 46109800
46110758 46110759
46135806 46135807
41011629 46156303
46164644 46164654
46167642 46167648
46167931 46167932
46169937 46169938
46169950 46169953
46169993 46169994
46170019 46170024
46172935 46172937
46175097 46175098
46192824 46192825
46198534 46198546
16977409 46199217
46200410 46200411
40386343 46224657
46225236 46225237
46225479 46225480
46239501 46239505
46240699 46240700
46241085 46241088
46241294 46241300
46243956 46243957
46243960 46243961
46250281 46250282
46275825 46275829
46278522 46278525
46282668 46282671
46283004 46283007
46287779 46287781
10170929 46287793
46306018 46306022
46309581 46309582
46313783 46313784
46335792 46335793
46337015 46337022
46341499 46341500
91690 46342691
275448 46345224
7517 46345945
804905 46350796
8577616 46351825
176087 46353823
21509 46354837
8133360 46356950
6000 46361225
254944 46362936
46371226 46371256
251227 46377059
3702 46378105
1706628 46379766
850359 46380716
750344 46380911
163718 46394638
8985435 46399363
288571 46401407
834452 46403526
46406565 46406580
3114153 46419002
1122802 46420870
546669 46427559
295759 46472227
876837 46473483
3022140 46476348
1104185 46483739
64366 46486070
2766431 46486690
816501 46487990
719957 46499015
505597 46511051
443520 46511343
958567 46516429
41017990 46518244
252467 46520020
97128 46528275
8300456 46531172
8062754 46533522
14931734 46535842
29427029 46540199
22634509 46543777
16202401 46544738
9604001 46546409
22216957 46547018
1058961 46547564
1481460 46561442
308984 46564017
3567178 46565882
2024182 46566550
15713668 46567330
46575030 46575062
46577296 46577309
23049641 46586088
14933663 46586650
1002254 46590057
689265 46591986
25414520 46593294
46606150 46606166
9010133 46607694
8335585 46616219
16718250 46616720
657804 46617714
26383432 46617958
31125005 46624411
28055430 248079
17054157 46633031
13120891 46655467
8325565 46657912
115490 46661007
36523574 46663781
16177521 46664123
8441187 46666486
4230031 46671699
40993329 46671947
46677154 46677182
41554066 46678319
15511719 46680109
729580 46682752
46698105 46698125
10168363 46702948
46711273 46711291
1597950 46711512
46715470 46715495
46723883 46723892
46724200 46724217
35721850 46728029
35721850 46728030
7974584 46732146
46747819 46747842
46763977 46764011
46769055 46769064
18989754 46792232
13577617 46794950
550474 46806323
9767212 46806710
621064 46829992
46873279 46873300
22400406 46898196
1621117 46914187
46918652 46918657
46920557 46920575
46960192 46960219
46964122 46964128
2382682 46965224
23674082 46976918
46980375 46980396
28963598 46983631
47011571 47011593
35116019 47014312
47015336 47015362
47054132 47054141
27706769 47070634
47088592 47088619
47097968 47097978
3737904 47128805
47140600 47140614
876839 47140885
47170902 47170913
47219511 47219537
47286129 47286142
47286129 47286143
46073239 47305944
589918 47340747
47350790 47350801
47361865 47361875
16408801 47461252
9200085 47467831
47477938 47477955
47480592 47480614
37881976 47486716
47496251 47496278
47506996 47507010
47534373 47534400
47547056 47547069
15953722 47565737
47583648 47583654
47587769 47587785
47587790 47587796
47589385 47589399
47599313 47599321
47643415 47643423
47672627 47672642
47716359 47716368
33020177 47733064
21606380 47755349
2312980 47766332
10072495 47770330
47776176 47776186
23765324 47778637
1628204 47797163
17115948 47813257
26797786 47813950
47850071 47850095
31261579 47862032
47873689 47873700
29521180 47873732
47881923 47881929
47882930 47882940
47883200 47883207
47910402 47910407
47922380 47922385
47935043 47935049
47939010 47939024
4088090 47944405
47952448 47952458
4166246 47954052
47954356 47954368
47954575 47954581
17358169 47955077
47955154 47955163
47955830 47955835
36322390 47957240
42595509 47963192
17237118 47987912
10018159 47997588
48007084 48007095
15192826 48014353
48017518 48017521
48025533 48025552
48030992 48031000
2956772 48032185
2700580 48035489
48043026 48043040
48051861 48051867
48058355 48058367
48092397 48092412
24836448 48099282
48100476 48100480
48102677 48102686
48105630 48105636
48119197 48119200
48141834 48141843
48148158 48148169
48162818 48162829
48167845 48167864
48171008 48171013
48181059 48181065
48185969 48185975
48193778 48193787
9204692 48195671
28802387 48195682
48196381 48196402
48215106 48215118
31659413 48215651
48219016 48219020
48221912 48221929
48240525 48240549
48241648 48241654
48259193 48259194
48262443 48262449
17327031 48264581
48275683 48275706
4752501 48512456
5799485 48573991
48585611 48585619
48716006 48716007
48850706 48850713
15266069 48865013
4587200 48865132
48909897 48909918
48916449 48916463
48970989 48970990
48974008 48974022
48979569 48979570
48995631 48995657
42269963 49010308
49019606 49019618
49029576 49029582
49044201 49044206
49056739 49056748
49057214 49057235
17506076 49297213
28053253 49374268
49387219 49387235
49387268 49387270
49387883 49387889
33506103 49387940
49396177 49396185
49407351 49407359
22646907 49414481
49415531 49415538
49434080 49434083
49434140 49434159
49434817 49434829
49435698 49435705
4622028 49472428
49472598 49472603
49505078 49505081
49589738 49589742
49590399 49590415
49613894 49613915
49620291 49620292
49620639 49620656
49642185 49642186
49680067 49680080
7894019 49714754
14836435 49826198
50044512 50044528
14501456 50068876
50252617 50252618
50582186 50582199
50632942 50632946
50685770 50685773
50901462 50901473
51060373 51060383
51195368 51195378
51388769 51388773
51485036 51485037
31707012 51493948
51512120 51512124
51515828 51515848
51534126 51534134
51563424 51563430
51590700 51590706
51598604 51598609
51608933 51608945
51610969 51610971
51610977 51610979
51611007 51611009
51617434 51617437
38702375 51617466
51626620 51626628
7327031 51655704
21232871 51655720
51673508 51673512
51687267 51687272
51691894 51691899
51703074 51703085
51704793 51704800
51712776 51712779
51719200 51719201
51735762 51735765
51735777 51735778
51736014 51736015
51736059 51736060
51736062 51736063
51736664 51736667
51742426 51742434
51742773 51742776
51745485 51745486
51745485 51745487
51745921 51745927
51746055 51746056
51746058 51746064
51746442 51746444
51746837 51746841
51746955 51746957
51746969 51746974
51747892 51747894
51748851 51748855
51748954 51748955
51749236 51749239
51750482 51750483
51750489 51750490
51750713 51750716
51750871 51750874
51752151 51752152
51756312 51756313
51756324 51756327
51765951 51765952
51768274 51768286
51768332 51768333
51768710 51768713
51777232 51777233
51782725 51782727
51818751 51818752
51819007 51819008
51819081 51819082
51820330 51820333
51820349 51820354
51820402 51820406
51827464 51827474
51830451 51830452
51830759 51830761
51831263 51831272
51832951 51832952
51854384 51854396
28185925 51856809
51861632 51861633
26886579 51867756
51877770 51877773
51878283 51878287
40386330 51881349
51882090 51882091
40386339 51883848
51884402 51884404
51884888 51884889
51885100 51885101
51885365 51885366
51899128 51899129
51899445 51899450
51900129 51900130
51903128 51903134
51903142 51903145
51933065 51933068
51940379 51940381
51942328 51942331
51942438 51942454
51943400 51943403
51950601 51950608
51950634 51950635
51950653 51950657
51950672 51950677
51957211 51957212
51962146 51962151
51989220 51989230
51990838 51990839
51995526 51995536
51997676 51997679
40508714 40508713
