3453 3492
6843 3492
48368 48392
48423 48481
48484 3492
49509 48392
55400 3492
58102 3492
58984 48392
58984 48392
59187 48392
62894 48392
66036 3492
78169 48392
80255 48392
80628 48392
83176 48392
89322 3492
91159 48392
94614 3492
97519 3492
114208 3492
115807 115827
118480 48392
120643 48392
141824 3492
158203 48392
159573 48392
177926 3492
193279 48481
196530 48392
193305 48481
202894 3492
210866 3492
214508 3492
223500 3492
223879 115827
224895 3492
226418 48392
228055 115827
233592 48481
236228 3492
238282 3492
240535 48392
243873 115827
245214 48392
247014 48481
251097 48481
253780 48392
253936 48392
259110 48392
264435 3492
266678 48392
273709 3492
277083 48392
154267 3492
294612 3492
295133 48392
297682 3492
299205 48392
302097 3492
303413 48392
303413 48392
303946 48392
304526 115827
306207 115827
307060 3492
308715 115827
308980 48481
310219 3492
311807 115827
312180 48392
320891 48392
322456 48481
324666 3492
324967 3492
325670 115827
326238 3492
327284 3492
327481 48392
327554 48392
327812 3492
331672 115827
336431 48392
336576 3492
337227 115827
339143 3492
345694 3492
116405 3492
348586 48481
116406 48392
348961 3492
349674 3492
350236 48392
350645 48392
350880 115827
351846 3492
351960 48392
367588 3492
370363 3492
373525 3492
374062 48392
374256 48392
375755 48392
377456 48481
382887 48392
382916 48392
385525 48392
386208 48392
386887 3492
388559 3492
388768 3492
390405 48392
394862 3492
154246 3492
397574 3492
397943 48392
399184 115827
405021 48392
405491 48392
408879 48392
414411 48392
414699 48392
417358 3492
419361 48392
428912 48392
429155 48392
429213 48392
430272 48481
431755 3492
437432 48392
438147 3492
444416 48392
448880 3492
452740 3492
452788 3492
454872 48392
456063 115827
456653 3492
457698 48392
458986 48392
459832 459857
459832 459857
459832 459857
464173 48481
466955 48392
474168 48392
474980 3492
503772 3492
505590 115827
507565 3492
509602 48392
510465 48392
512685 48392
517218 3492
518351 48392
518686 48392
520101 3492
524754 48392
526106 3492
526246 3492
540864 48392
541682 48392
542485 48392
544144 48392
558688 48392
565206 3492
570800 48481
576318 3492
577900 48392
579142 3492
579887 48392
580333 3492
580360 48392
580540 48481
581275 3492
582209 3492
582256 48392
582480 48392
582619 3492
583491 48392
585264 3492
585264 3492
585542 3492
587115 48392
587412 115827
588165 48392
588991 48392
588991 48392
589398 48481
589613 3492
591031 3492
594274 48392
594765 48392
598835 3492
600065 48481
600367 48392
602472 3492
604783 48392
606256 3492
606437 48392
608463 3492
608463 3492
609136 48392
611868 3492
612713 3492
613434 3492
616110 3492
618106 48392
620822 48392
621996 48392
626088 3492
628365 48392
636831 48392
640476 3492
648942 48392
650548 3492
651055 115827
660976 3492
663121 48481
663237 115827
667393 3492
674093 3492
680150 115827
681468 3492
681607 48392
681866 48392
684004 48392
684842 48481
684899 48481
686615 48481
580300 48392
693479 3492
694829 3492
698930 3492
699212 48481
699518 48392
706419 3492
707043 3492
711145 115827
711337 115827
711826 3492
711880 115827
712339 48392
712796 48392
715533 3492
716036 115827
717964 3492
721870 48392
722922 48392
725327 48392
729349 48392
730293 48392
730801 48392
735697 48392
738849 3492
739886 3492
740252 48392
747938 115827
748819 48392
751895 3492
752372 115827
755838 48481
756620 48481
756729 48481
760506 3492
762832 48392
764597 3492
767366 48392
767493 48481
767558 3492
771005 48392
771138 48392
771268 48481
775226 48392
778219 3492
778329 3492
779265 48481
779411 48392
781265 48392
782413 48392
782481 48392
783039 3492
783194 3492
799759 3492
800082 3492
806186 3492
808259 48392
810461 48392
811608 48392
812435 3492
813627 3492
814988 48392
815672 3492
816797 3492
818169 115827
717743 3492
820655 3492
821522 48392
822186 48481
822626 3492
825437 48392
826569 3492
827514 3492
830984 3492
831382 48392
831708 3492
833328 3492
834848 48392
834937 48392
836255 3492
837355 48392
843218 48392
843784 115827
843868 48392
844182 3492
844359 3492
848895 3492
853916 48392
854112 3492
857492 48392
861024 3492
861141 3492
395805 48392
868935 115827
869289 48392
869985 459857
872355 48392
873659 115827
874391 48392
875330 48392
875707 3492
879165 48392
882667 48392
882940 48392
883807 48392
884557 3492
886159 3492
887948 3492
888803 3492
889400 3492
894248 3492
899390 3492
907174 3492
910435 48392
911343 48392
913647 3492
913829 3492
914101 3492
914414 3492
915283 3492
915462 48392
918201 3492
920060 48392
921992 115827
925136 48392
925633 3492
927725 48392
931410 3492
933695 48392
935432 3492
938322 3492
941979 48392
942902 48392
944066 48392
945071 48481
955997 48392
958867 3492
958911 48392
962352 48392
966967 3492
975028 3492
975702 48392
979500 3492
990386 3492
995025 3492
996027 48481
996827 48392
1004840 459857
1005821 48392
1008155 115827
1008789 115827
1009245 48392
1015200 48392
1016421 3492
1018174 48392
1020341 3492
1021563 48392
479220 48481
1037940 48392
1038355 3492
1041952 3492
1046269 48481
1048427 3492
1049923 3492
1051248 3492
1052334 3492
1053162 48392
1055194 48481
1055510 48392
1056026 48481
1056302 48481
1056990 3492
1057038 3492
1059051 3492
1059375 3492
1061066 48392
1063461 115827
1065054 48481
1065645 48392
1066798 3492
1069435 48481
1070890 3492
1071301 48481
1071404 115827
1074470 3492
1074736 3492
1076497 48392
1077037 115827
1079187 115827
542776 3492
1081735 48481
1082740 3492
1083271 3492
1083645 3492
1084315 48392
1085388 3492
1086979 3492
461717 3492
1087312 48392
1092386 48392
1092563 48392
1093345 3492
1093505 48392
1093806 3492
1094892 115827
1095180 115827
1099167 3492
1101456 48481
1103586 48392
1106468 3492
1107846 48392
1109855 48392
1111301 48392
1111549 3492
1112174 3492
1114182 48481
1117949 3492
1119891 3492
1123774 48392
1132216 48392
1135037 115827
1138274 48392
1139287 3492
1139318 3492
1142481 48392
1142723 48481
1142868 115827
1142915 3492
1143826 48392
1143893 48392
1144182 115827
1144268 48392
1145997 3492
1146794 115827
1150120 3492
1151039 48392
1152469 48481
1152907 48481
1156593 3492
1157336 3492
1158560 48392
1162197 48481
1163178 3492
1163322 48392
1164749 48392
1176756 48392
1179736 48392
1180069 48392
1181284 48481
1186801 3492
1188296 3492
1198909 48481
1199542 3492
1200631 3492
1201532 48392
1202421 48481
1203468 3492
1206333 48392
1209238 48392
1214521 3492
1215897 3492
1222187 48392
1223695 48392
1224315 48392
1224976 48392
1225473 48392
1226432 3492
1226586 48481
1232305 48392
1233169 3492
1236607 3492
1239736 48392
1244033 48481
1244562 3492
1247125 48392
1251982 3492
1252117 3492
1253045 3492
1255779 48392
1256665 3492
1257565 48392
1259351 48392
1265335 115827
1269701 48392
1270787 3492
1274106 48392
1278560 3492
1285784 48392
1286634 3492
1286663 3492
1286725 3492
1290896 48392
1294469 115827
1294633 48481
1295398 3492
1297814 48392
1305155 48481
1305170 3492
1305460 48392
1316501 3492
1323023 115827
1339395 48481
1350139 48392
1352729 115827
1355635 48392
1355650 48481
1358089 3492
1358263 3492
1360098 48392
1360134 3492
1360865 48392
1362638 3492
1364562 115827
1367890 48392
1371087 3492
1371630 48392
1383579 3492
1385029 3492
1385566 3492
1390389 48481
1393896 3492
1397497 3492
1399208 48392
1408283 3492
1410071 48392
1440180 3492
1447945 48392
1450455 3492
1451408 48481
1453739 48392
1456728 115827
1460591 48481
1466124 48392
1468136 48392
1489490 3492
1492558 48392
1495876 3492
1507857 48392
1546063 48392
1551304 3492
1552284 3492
1557712 3492
1558283 3492
1562906 3492
1563358 3492
1564682 3492
1567107 48392
1571606 48481
1573210 48392
49513 48392
1579939 48392
1585814 48392
1592507 3492
1599032 48392
1603933 3492
1610697 48392
1619937 48392
1620043 48392
1624120 48481
1625860 3492
1626495 48481
1630445 48481
1635975 48392
1640517 3492
1641525 3492
1644785 48392
1650517 115827
1660402 3492
1666303 48392
1673187 115827
1676335 48481
1682249 3492
1683102 3492
1689370 3492
1693206 3492
1699631 48481
1701729 48481
1701971 48392
634283 48392
1709754 3492
1716014 48392
1721080 3492
1723475 115827
1744754 115827
1768382 3492
1779027 48392
1780907 48392
1795723 48392
1807442 48392
1807457 48392
1807960 48392
1828022 3492
1835050 115827
1843944 3492
1871993 48392
1882528 48392
1887093 48481
1888332 3492
1891347 48481
1892039 115827
1892168 3492
1892483 3492
1893644 3492
1894352 3492
1911875 3492
1942518 48392
1946728 48392
1949614 115827
1962069 115827
1978042 3492
1981693 48392
1984173 48392
1993310 48392
1993941 3492
1993961 3492
1994251 3492
2002416 115827
2007203 48392
2040949 3492
2048998 48392
2055592 3492
2055754 48481
2055756 48481
2055816 3492
2055859 48392
2055992 3492
2056021 48392
2056119 3492
2056122 3492
2056347 3492
2056402 3492
2064278 48392
2072731 48481
2079267 48481
2088550 48392
2089426 115827
2100442 115827
2106433 3492
2117923 3492
2124834 3492
2129587 3492
2157950 115827
2218345 3492
2219448 3492
2219789 3492
2221882 3492
2223063 48392
2225201 48392
2238833 3492
2241199 3492
2249839 48392
2288281 3492
2318627 48392
2344506 115827
2349732 48392
2440134 3492
2443058 3492
2480594 48392
2493313 48392
2531663 3492
2534432 48392
2552989 48392
2560210 48392
2579308 48481
2602253 48392
2648654 48392
2750651 48392
2778092 3492
2808516 3492
2809138 115827
2809140 115827
2822462 3492
2823337 48392
2831938 3492
2843468 48392
2846439 48392
2895841 48481
2898240 48481
2904305 3492
2928285 48392
2938615 48392
2966734 115827
2981050 115827
2984222 3492
2987439 48392
2995564 115827
2997109 3492
3110179 3492
3151792 115827
3187809 48392
897839 48481
3445550 48392
3445646 3492
3498338 48392
3527396 3492
3792976 115827
4026168 3492
4098312 115827
4125675 3492
4172221 48392
4182897 48392
4567166 48392
4571815 3492
4816211 115827
4816335 3492
2678044 3492
5924275 3492
6208844 3492
8147296 3492
8153699 48392
8158526 3492
1525539 48392
8161541 48392
6185379 115827
80659 3492
8168707 3492
6185589 115827
8176275 3492
8178047 3492
1657925 3492
8194691 48392
8195748 48392
8196534 48392
8196534 48392
8199782 48392
8225107 3492
8240931 48392
8249984 3492
795709 3492
8255115 48392
1371926 48392
1045102 3492
8260986 48392
8261148 48392
8267216 48392
8268367 3492
8272182 3492
8278209 48392
8279749 48392
8283341 3492
8286150 115827
8287085 3492
8288427 115827
8298125 48481
8300076 48481
113507 3492
2631822 3492
8302842 48392
8303089 3492
8303112 115827
8305621 3492
8306616 3492
8306616 3492
8311208 3492
8311953 48392
8314145 48392
516888 115827
522402 3492
8315951 48481
1877331 48392
8316895 115827
310239 3492
8322798 48392
8323118 48392
2088480 115827
8324542 48481
8325092 3492
1550673 115827
8328165 3492
8328590 115827
1573172 3492
8330918 3492
8333760 3492
8334074 3492
8330920 3492
1946695 3492
8335713 3492
6121340 115827
8347750 3492
8349328 3492
6230155 115827
8355464 3492
8359010 3492
8359763 48392
1365953 3492
8360714 3492
154245 3492
8361061 3492
8361231 3492
6272845 115827
8364606 48392
8365927 48392
6211427 115827
5619135 3492
8367501 3492
6260919 115827
8368872 48481
8369897 3492
8371135 48392
8371166 3492
8372249 3492
8374510 115827
8375488 3492
8383044 48392
1965491 3492
8386094 3492
8387905 3492
8388095 3492
8388293 3492
8388651 115827
348621 48481
8389667 3492
8390869 48481
8395364 3492
8396428 3492
8396485 3492
8405318 3492
8406663 48392
1371929 48392
8410181 3492
8411475 48392
8413041 48481
8307272 3492
8414572 48392
8414867 3492
8415351 48392
8415804 48392
8421279 48392
8427963 3492
8428204 3492
8428260 48392
8437904 48392
8438608 3492
8453313 3492
8454915 3492
8455129 48392
8456027 3492
8456027 3492
8456930 3492
8479180 48392
8479409 3492
8480244 48392
8481830 48392
8484407 115827
8486521 115827
8486898 3492
815002 3492
8491809 48392
8494113 48481
8494198 3492
1379079 3492
8494288 48392
8494444 48392
8495271 48392
7139914 115827
8495591 48481
8497086 3492
8498290 3492
8500083 3492
8515066 48481
8515765 48392
8517893 3492
8524711 3492
8532222 48392
8532516 3492
8533032 48392
8538317 48392
8539777 48392
4362358 48392
4073083 48392
8542852 115827
8543042 3492
8544038 48392
8545174 48392
1701933 48392
8547373 3492
8548065 3492
8549847 3492
8550597 3492
8551235 3492
8551244 48392
8552335 3492
8552578 48392
8552997 115827
8553327 48392
2678216 48392
516885 115827
8554527 48392
8554783 3492
8555265 48392
8556673 3492
8557598 48392
8558577 48392
8530262 115827
8560800 48392
4770502 115827
8562236 48392
8563344 3492
8565098 48392
8566665 48392
8568277 48392
8568747 3492
8568818 3492
1056038 48392
8578002 48392
8579433 3492
8583440 3492
8584343 48481
8589120 3492
8591712 3492
8592429 3492
8592429 115827
8593180 3492
8593576 3492
8595426 3492
8597375 48392
8598720 48392
8599944 3492
8602370 48392
8603168 48392
8603639 115827
663240 3492
8618397 48392
8622299 48392
8623445 48392
8625088 48392
8625526 48481
3259316 48392
8626215 48392
8627089 48392
8629201 48392
8629217 3492
8629704 48392
8632256 3492
8635209 48392
8640437 3492
8640883 48392
8641316 3492
8641758 115827
8645059 48392
8645642 48392
8648228 48392
8650523 3492
8653610 3492
8656244 3492
8656596 48392
8658501 3492
8659241 3492
8661111 3492
8661535 48392
8318421 3492
8663216 48392
8663255 3492
8663864 3492
8664097 3492
8664263 3492
8666923 3492
8667381 3492
8667815 48392
8667939 48392
8668920 3492
8669649 3492
8670607 48481
8672272 115827
8674176 3492
8675014 3492
8675887 3492
8676621 48392
8678774 3492
8680054 48392
8176064 115827
8685956 48392
8688181 3492
8690857 115827
8691494 48392
8695709 48392
8699764 48392
8700812 3492
8705711 3492
2798736 3492
8716387 3492
8716481 48481
8717394 3492
2554218 48392
8717620 48481
8719880 48392
8730280 3492
8731549 3492
8733842 3492
8734242 48392
8734659 48392
8734714 3492
8737715 48392
8740604 3492
8744973 3492
8746159 48392
8747363 48392
8747619 48392
8747769 48392
8748132 48392
8748169 115827
8750684 115827
8754328 48392
8755716 115827
8757807 3492
8758200 3492
8766002 48392
8766406 3492
8766906 459857
8767675 48392
8739047 48392
8769604 3492
8770390 3492
8771366 48392
8773061 48392
8773586 48481
8774082 48392
8774547 48481
8775018 48481
8776197 115827
8776769 48392
8779593 48392
8779883 3492
8779925 48392
8780124 3492
8785263 48481
8792188 3492
8798500 48392
8800815 48392
8803032 115827
8805787 48392
8806245 3492
8807116 3492
8808261 48392
8809574 3492
8810665 48392
8810770 48392
8816163 3492
484463 3492
8817740 115827
8817740 3492
8821751 48392
8822930 3492
8825248 48481
8826008 48392
8827704 48392
8830014 48392
8830745 3492
8831889 115827
8832135 48392
8835426 48481
8838518 3492
8839032 3492
8843784 115827
8848694 48392
8848866 3492
8850294 48392
8850507 3492
8852780 3492
8854325 115827
8855380 48392
8864178 3492
8864488 115827
8868787 3492
8869850 48392
8873680 48392
8877268 48392
8877441 3492
8879138 3492
8884564 3492
8890072 3492
8892788 48392
8893534 48481
8894223 3492
8894441 3492
8896007 3492
8898027 48392
8900305 115827
8900819 48392
8902647 48392
8906623 3492
8907040 48392
8907075 3492
8907522 48392
8907855 48392
8907889 3492
8908223 3492
8908459 3492
8908498 48392
8909389 48392
8909422 48392
8911014 48392
8913005 48392
8914118 48392
8920163 48481
8921414 115827
8922772 115827
8923234 3492
8925734 3492
8925803 3492
8926039 3492
8926329 48392
8926766 48392
968840 48481
8927441 48392
8930508 115827
8933382 48392
8933926 3492
8935045 3492
8843786 115827
8843786 115827
8936007 3492
8936373 3492
8936404 48392
8936894 3492
8937203 48392
8937453 3492
8940341 48481
8940628 48481
8941336 3492
8941438 3492
8941755 48392
8942024 115827
8942103 3492
8942342 48481
8942556 3492
8942693 48392
8943485 3492
8943689 48392
8950204 48392
8956696 48392
8957003 48392
8960846 3492
1119895 3492
8963484 3492
831376 3492
8976364 3492
8976546 115827
8976708 3492
8976740 3492
8977030 48392
8979045 3492
8979784 3492
8980075 3492
8980883 48481
8982330 3492
8982653 3492
8986520 48392
8988040 3492
8990407 48392
8993926 48392
8998885 48392
8999777 48392
9005964 48392
9007187 48392
9019807 115827
9021257 3492
9023664 3492
9024699 48481
9024926 48481
8351182 48481
9026940 48392
9027370 48392
9028832 48392
9030181 3492
9031186 3492
9032058 48392
9032098 48392
9033312 3492
9033926 48392
9034010 115827
9034655 3492
1370965 3492
9036541 3492
9037513 3492
9037576 48481
8386719 48392
9050086 3492
9053205 48392
9054028 48392
9054460 48392
9060553 48392
9062526 3492
9065556 48392
9066908 48392
9067091 48392
9068168 48392
9074868 3492
9075272 3492
9076706 3492
9078414 48392
9085941 48392
9085980 48392
9088539 3492
9093116 48392
9102504 3492
9105972 48392
2010804 48392
9108504 3492
9110425 48392
9111107 48392
9111488 3492
9114709 48392
9115499 115827
9118392 3492
9122741 48392
9124191 3492
9124416 3492
9125187 3492
9150898 48392
9153002 115827
9159824 48481
9161609 3492
9162586 3492
9162710 48392
9162819 48392
9163536 3492
9163949 3492
9165575 48481
9167225 48392
9173815 3492
9174033 48392
9174474 3492
9186504 48392
9187803 48392
9188279 3492
3054983 48392
7486490 3492
9198243 3492
9204690 48392
9209973 3492
9215820 3492
9230868 3492
9230954 3492
9231045 48392
9234777 48392
9235647 48392
9242096 48392
9248741 3492
9259830 48392
9263164 48392
9264669 48481
9269792 115827
9276113 3492
9277249 48481
9277486 48392
9277524 48392
9277804 3492
9284035 48392
9305131 48481
9306257 48481
9311825 3492
9313602 115827
9316063 48392
1374408 115827
9324746 3492
9324848 48481
9325231 48392
9325333 3492
9327748 3492
9332018 115827
1867249 48481
9345126 48392
2672594 3492
9351036 3492
9364055 48392
9366331 3492
2643815 3492
9380937 3492
9381599 48481
9384471 3492
9394302 48481
9395261 3492
9396179 3492
9403593 3492
9405418 48392
7497431 48481
9407714 3492
9418093 48392
9420981 48392
9422545 115827
9429501 115827
1142725 48481
698323 3492
9448588 3492
9450250 115827
9453518 3492
9455450 3492
9470987 48392
1892167 3492
9478171 48392
9486239 48392
9498189 48392
9502455 48392
9504462 3492
9504762 3492
9504904 3492
9506354 48392
9518315 48392
9524251 48392
9526346 48392
9528629 48392
2614845 48481
9530316 48392
9535727 48392
9537783 48392
9541652 3492
8358605 48481
9566326 3492
9577148 48392
9577164 3492
9581830 3492
9589243 3492
9595911 115827
9599042 3492
9599719 48392
9600583 3492
9600969 3492
9602107 3492
9602256 48392
9604440 48392
9605335 3492
9606249 115827
9606249 115827
9606475 48392
9606568 3492
9609012 48392
9629887 48481
9634398 3492
9649621 3492
9649733 3492
9649936 48392
9661012 48392
8372276 3492
9663531 48392
9674538 48392
9675460 3492
9676037 3492
7497732 48392
1970639 48481
9676064 3492
1989121 48481
2839490 48392
9676085 48392
9679492 48392
9689594 48392
9689723 115827
9697271 3492
9710103 48481
9720240 115827
7639625 3492
9740986 48392
9741342 3492
9741367 48392
9741388 48392
9741399 48392
7554112 3492
7645703 3492
9760232 48481
9767685 3492
9781744 48392
9826445 3492
9834684 3492
9834852 48392
9848174 3492
9890558 48481
9907301 48392
9907324 48392
9921055 3492
9942041 115827
9949768 3492
9964301 3492
9971830 3492
9974849 3492
9975574 48392
9995046 48392
10006709 48481
10010544 48392
10027178 3492
10054786 48392
10067792 3492
2672443 3492
10091010 3492
10092451 48392
10130527 48481
10133517 48392
10147361 48481
10184578 48392
10186789 115827
10246885 48392
10280509 48392
1150600 48392
10387058 115827
10401460 48392
10459978 48392
10473872 48481
10490647 3492
10518029 3492
10532689 48392
10547754 115827
10548647 48392
10557559 3492
10579547 3492
10584632 3492
10612321 3492
1881238 48392
10688065 48392
10895712 48392
10896167 115827
10941416 3492
10949686 48392
10967271 3492
10995159 3492
11031928 48481
11048878 3492
11235296 115827
7554435 3492
7554403 3492
11596515 115827
11616059 48392
7554304 3492
7554348 3492
7554371 3492
11666084 3492
11963855 3492
12201243 115827
12526026 3492
12543190 3492
13775556 48392
1302315 3492
10387241 48392
15275970 115827
15277671 48481
799587 48392
15275974 115827
15284406 3492
1769496 115827
1431056 3492
15296874 48481
1457893 3492
15300662 3492
15301061 3492
15301238 115827
1305200 3492
15303925 3492
15316168 48481
15316810 48392
15316874 48392
15340792 48392
1900434 3492
193304 48481
116404 3492
1371925 48392
15369154 3492
15380678 3492
15385864 3492
9747368 48392
15388874 48481
15389357 3492
15389572 48392
15389758 3492
15390060 48392
15391302 48392
15397316 48392
15398121 48392
15399486 115827
15405440 48392
15405552 48392
15407948 48392
15408744 48392
9379655 48481
15419869 48392
15420950 3492
15421420 48481
15421895 48392
15425116 48392
15426806 3492
15427896 3492
5854620 3492
15429392 3492
15431120 3492
15433299 48481
1371831 3492
15438306 3492
6884719 48392
15439313 48481
5188610 48392
15445315 115827
15447251 115827
15449594 115827
15450295 48392
15454050 48481
15454050 48481
15454779 48392
15454983 48392
1919890 48392
15456296 48392
15459768 48392
7793927 48392
7316302 3492
1731680 48392
15468490 48392
15468701 3492
15468954 3492
15469251 48392
15469255 48481
15469416 3492
15469751 3492
2985734 115827
15470848 3492
15471930 48392
15472662 3492
15473567 3492
15475590 48392
310241 48392
15479573 3492
15482923 48392
15482944 115827
15483358 48392
15485090 48392
15485866 3492
8352526 115827
15486155 115827
15493646 115827
15494689 3492
15495207 48392
6214749 48392
1596748 3492
15501446 3492
711165 115827
8925179 48481
15506876 48481
15506984 3492
7838246 115827
15507095 3492
15508607 48392
15509715 3492
15511062 48392
8290949 48392
15511921 48392
15512537 48392
15512541 48392
15516325 48392
15522460 48392
15522474 48392
15522507 48481
15524488 48392
15526531 48392
15526652 3492
15529718 3492
1911918 3492
15543410 48392
15545649 115827
15546362 48392
15548357 3492
15549980 115827
15551267 48392
15551456 48392
15558281 115827
15558592 48392
15559157 115827
15559203 48392
15559383 3492
15563922 48392
15577574 48481
15578110 48392
15578930 48481
13136732 48392
15582863 3492
1599034 48392
15584321 3492
15585297 48392
15585937 3492
15586477 3492
9498940 3492
15589159 48392
15589743 3492
12285526 48392
15609564 48481
13647286 48392
15610124 3492
15617464 3492
15628104 3492
15630892 3492
15631004 3492
15633431 48392
4073365 48392
15634445 48392
15634524 115827
15636570 3492
15638005 48392
15638567 3492
15639147 3492
15639222 48392
15639257 115827
15639257 3492
8896010 3492
15640459 3492
15641058 48481
15641084 48392
5859268 3492
15642010 3492
15644383 48392
15645156 48392
15645679 48481
15645907 48392
15648438 48481
599328 48481
15649298 48392
15650459 48392
15650515 48392
15652097 48392
15655178 48481
7111429 115827
6862494 48392
15664367 3492
8203074 48392
15666576 115827
15666647 48392
15666780 48392
15668097 3492
15668303 3492
15671670 48392
15672973 3492
10387242 3492
15676654 3492
15677198 48392
15679176 48392
15680251 3492
15681076 48481
15682890 3492
15688001 3492
15688658 48481
15688857 48392
15690310 3492
15691123 3492
15691900 48392
15692577 48392
3157901 115827
15704251 48481
15705623 3492
15705647 3492
15707062 115827
15707252 48392
15707299 48392
15707387 3492
13647387 48392
15708581 3492
15709355 3492
15711206 48392
15713090 3492
15714204 115827
15716606 3492
15717038 48392
15717464 48392
15718074 3492
15719866 115827
8816165 3492
8980077 48392
15724982 3492
15725836 48392
15726632 48392
15727214 3492
15727892 3492
15728266 3492
15728405 3492
15729080 48392
15731101 3492
15732994 3492
9763608 3492
15734887 48392
15736657 48392
15737233 48392
15737965 115827
15738286 48392
1708981 3492
8413559 3492
15740864 48481
2945921 3492
15741922 48392
15742921 48481
15744691 48392
15746242 3492
15746279 3492
15746774 3492
15747199 48392
15749048 48392
15749559 3492
15750166 3492
15750765 48481
15750875 115827
15751482 48392
15752110 48392
15753460 48392
15753538 48481
15757503 3492
15757756 3492
15760145 3492
15760979 3492
15761338 48392
15761544 3492
15761824 48392
15763161 48392
12905897 48392
15774287 3492
15775522 48392
15778930 48392
15781661 3492
15782214 115827
15791927 3492
2987624 3492
15793496 115827
15793889 48392
15794188 48481
11648327 48392
15796547 48392
15799823 48481
15800256 48392
15800497 48392
15801058 3492
15802054 3492
15803505 48392
15803700 48392
15803721 48481
2874572 48392
15804335 48392
15805293 48481
15806484 3492
15807687 3492
15807968 115827
15809420 115827
15810590 48392
2905826 48392
15815003 48392
15815895 48481
15816209 3492
15816880 3492
15818208 3492
15818870 48481
967303 48392
15820549 3492
15820708 3492
15821381 115827
15822011 48392
15822744 3492
15823512 48392
15824097 115827
15824322 3492
848898 3492
15825391 115827
15828700 3492
1716734 48481
15833970 48481
15834225 48392
15837354 3492
875710 3492
2995604 3492
15840082 3492
15842161 48392
15842229 48392
15843121 3492
15843140 48392
15843760 48392
8769403 115827
8190273 48481
15845590 48481
15846048 48481
15846396 3492
15846799 3492
15846890 48392
15847356 3492
15847641 48392
15851127 48392
15851227 3492
3046262 3492
9537129 3492
15851819 3492
15851841 3492
1939311 48481
15856526 3492
15856645 3492
15857588 48392
15693844 115827
15858028 3492
15860083 3492
15862206 48392
15865598 48481
15868298 48392
15869503 48392
15869597 48392
15870024 3492
15871545 115827
15872419 115827
15872674 3492
15872748 48392
15873053 3492
15873946 48481
15874245 3492
15874855 3492
9763607 48392
832630 115827
7346045 3492
15877627 3492
15878599 48481
15880399 48392
15882175 48392
8370733 48392
15884592 48392
15884821 48392
15886619 3492
15887130 48392
15887229 48392
15887268 48392
15888570 48392
15889419 115827
15889795 3492
15890453 3492
15891424 48392
15893294 48481
15894133 48481
15896796 48392
15900529 48392
15901922 115827
15902355 48481
15902491 3492
15902491 3492
15905254 48481
15915715 3492
15915751 48392
15916848 3492
15928821 48392
15929572 115827
15931208 3492
15931397 3492
15934253 3492
15936684 3492
15937338 48392
15938326 3492
15939853 48392
15940791 3492
3009621 48392
15944473 3492
15949823 115827
8387413 48481
15956227 48392
15957764 48392
742450 48392
15959378 3492
7472523 3492
15961483 3492
15961688 3492
15962899 48392
2289133 48392
15966238 3492
15966343 48392
15968296 48481
8543047 3492
15969956 3492
15970063 48392
15970148 48392
15970193 3492
15970334 3492
15972113 48392
15973619 3492
15973738 3492
15974290 48392
15974371 48392
1678184 48392
15975041 3492
15975330 3492
15975400 48392
15976919 48392
9044378 3492
15980377 48392
2420601 3492
15983482 3492
15985481 3492
15986750 3492
15988049 3492
15989594 48392
15993187 48392
15993354 48392
14976239 3492
15993651 3492
15993781 48392
15993974 48392
15995038 3492
15995348 48392
15995623 48392
15995653 48392
723584 115827
15997825 48392
15998018 48392
15998508 3492
15999477 3492
16003854 48392
14177488 3492
16008624 3492
16008631 48392
16010091 3492
16011075 48481
16012693 3492
59212 3492
16027273 3492
16029184 48392
16030045 48481
16030772 3492
16031577 3492
16036791 3492
16038003 48392
16040992 48392
16041527 3492
16043783 48392
12029758 48481
16048131 48392
16048800 48392
16049785 3492
16056749 48392
16060717 3492
16077868 48392
16079494 48392
16081657 3492
16084533 3492
16084802 3492
16088538 3492
16088980 48392
16089130 115827
16090254 3492
16091835 48392
16095803 3492
16100118 3492
16101978 115827
16103763 48392
16104558 3492
16105957 3492
16113017 48392
16113147 115827
16114326 48392
16116807 48481
16117784 48392
16119403 48392
16124947 48392
16126273 3492
16126596 48392
16137599 3492
16138621 48481
16142394 3492
16142425 3492
16151977 115827
16158694 48392
16158854 48392
16163362 48392
16170522 48392
16171765 48481
16175830 48392
16184101 48481
16186026 48392
11891725 48392
16191443 115827
16197702 48481
16198905 48481
16202252 3492
16204213 48481
16204409 3492
16204624 48392
16204868 48392
16207552 3492
16207619 3492
16208019 3492
16209630 3492
16209992 3492
16210281 3492
16213002 3492
16217250 3492
16217332 459857
16217632 48392
16218412 48392
16220823 3492
16225823 48392
16226245 48392
16233449 48392
16235015 3492
16235367 3492
14931165 48392
16242623 3492
16245248 48392
16247424 48392
16256559 48392
16257434 48481
16259276 48392
16261921 3492
16263086 48392
16269164 115827
16275931 3492
16277133 115827
16282194 115827
16284098 48481
16289449 48481
16289470 48392
16290247 48481
16291078 48481
16292816 115827
16303483 48392
16316212 48392
16354270 48392
16359442 48481
1374409 115827
16361084 48392
16361138 48481
16361790 48392
16362492 3492
1677937 48392
16379206 48392
9499430 3492
16389451 48392
2318635 48392
16401855 48481
16404356 48392
16416110 48392
16421871 48481
2991279 3492
16423521 3492
16425434 3492
16437508 115827
16437580 3492
16437752 3492
16438147 3492
16440504 48481
16442236 3492
16443597 48392
16447467 3492
16450947 48392
16452363 115827
1234841 3492
16458555 48392
16475136 115827
16477348 3492
16478293 3492
16487558 48392
16488391 3492
16492357 3492
16539202 48392
16553490 48392
16553799 48392
16553856 48392
16554730 115827
16554959 48392
16558089 48481
16560746 48392
16561956 48481
16576327 48392
16577038 48392
16588869 3492
16590576 48481
16593773 48392
16609051 3492
16609422 3492
16609593 3492
9474956 3492
16611640 48392
16612024 48392
16614084 3492
16614170 48392
16614460 48392
16614862 3492
16615216 3492
16628025 48481
16628308 3492
16629791 115827
16634313 3492
16614086 3492
16667969 48392
16668310 115827
16670693 3492
2495104 48392
16685069 3492
16685649 115827
16687752 3492
16692870 3492
16695197 3492
16702323 3492
16703511 3492
16719755 48392
16724521 48481
16728741 3492
16738015 48481
16742924 48481
16742971 115827
16743009 3492
16743023 3492
16743024 3492
16743086 3492
2280143 48392
16743159 3492
16743165 48481
16743187 48481
16743240 3492
5214971 3492
16758459 48392
16796550 3492
16796574 3492
16796602 3492
16802997 3492
16857657 459857
16863450 48392
16875216 48392
16875758 48392
16900100 48392
16927618 3492
16928474 48392
16987550 3492
17020875 115827
17058732 48481
17069981 48481
17071717 3492
17075663 3492
17104273 3492
17104306 3492
17107803 3492
17120586 48392
17143016 3492
17218428 48392
17304665 115827
17315737 3492
17320529 115827
17349078 115827
17349078 115827
17360969 115827
17408583 48392
17425579 48481
17462108 48392
17490721 48392
17491565 48392
17492527 3492
17497480 3492
17497723 3492
17498679 3492
17502465 3492
17518012 48392
17525734 48392
17538940 48392
17541421 48392
17596491 3492
17596776 48392
17597055 3492
17819618 115827
17866097 48392
17883024 48392
17917330 3492
17948758 48392
18136486 115827
18180038 115827
18181269 48481
18241971 115827
18480754 115827
18522535 115827
18524469 3492
18665173 3492
19053239 48392
19053242 3492
19104894 48392
21963669 48392
512879 115827
21974478 48392
13596260 115827
16804673 3492
21980256 48392
15214783 3492
8553062 3492
4913444 3492
8921418 115827
22024619 3492
22031591 3492
2208182 3492
22046357 3492
22046584 48392
15944838 3492
22067196 3492
22071576 3492
22081423 3492
22082541 3492
22090189 48392
22091490 3492
22092035 48392
22092084 48392
15470347 3492
22096952 3492
1371931 48392
22101102 3492
22103043 48392
22105391 48392
8390937 3492
22108887 48392
4765925 48392
7711184 48392
22113817 115827
516887 115827
22115646 48392
22116465 3492
16308677 48392
16308677 48392
7633837 48392
2644872 3492
1371932 48392
9973346 48392
8640232 3492
22127826 48392
22128922 48392
22129007 3492
15203763 48392
22129858 3492
22130097 48392
13478783 3492
22133641 48481
8174132 115827
22134579 3492
22136971 48392
22138439 48392
22140267 48392
933231 3492
22143015 3492
22144821 48392
8557000 48392
22146614 48392
22001128 3492
20388731 48481
22148593 115827
22154269 115827
4978769 3492
7633749 48392
22156544 3492
405501 48392
2643051 3492
22157077 48392
22157813 115827
22158146 48392
22158172 48481
22158496 3492
22158614 48392
22159173 3492
3875183 48392
8347428 115827
22159398 3492
16989356 3492
16989356 3492
22162649 48392
22164243 3492
22165220 3492
22169045 3492
22173835 48481
22174271 48392
22174617 48392
22179003 48481
22180173 48392
2854104 48392
22181806 3492
22186870 48392
3059797 3492
22194032 48392
22194450 3492
7114347 115827
459834 48481
22197306 115827
22198270 3492
22199378 115827
22199898 3492
22202018 48392
22204163 3492
22206756 3492
22208443 3492
22209145 48392
8486525 115827
1371923 48392
22212879 3492
22219355 48392
22220106 3492
22221308 3492
22222901 48392
22224157 3492
22227342 48392
22229018 48392
2987625 3492
22230124 3492
154249 3492
967301 48392
22244553 48392
22255227 3492
22257810 48392
22258060 115827
22258962 48392
22265914 3492
22268593 3492
22269514 48392
22270696 48481
22286300 115827
22288117 3492
22289510 3492
4840271 3492
22311353 48392
4181408 48392
22313381 3492
22314433 3492
22314632 48392
22315192 115827
22315442 3492
22315495 48392
22315656 48392
22316039 48392
22317679 3492
15214785 3492
22317803 3492
22318388 3492
22319003 48392
22319155 3492
22319624 48392
22319699 48392
22322847 115827
22323168 48392
20046597 3492
22323774 3492
22228053 48392
22327531 48392
22330356 3492
22332312 3492
22333813 3492
22335315 48392
22336686 3492
22336834 48481
22340757 48392
22341319 48392
17419835 3492
22343230 48392
17171636 115827
22346891 48392
22347985 3492
22348166 48392
22114199 48481
1224306 48392
2711677 48392
22363491 48481
15303162 48481
22366593 48481
22367061 48392
22367229 3492
22373994 3492
22374552 3492
22375099 48481
22376028 48392
22376222 48392
22376646 3492
22376646 115827
22378812 3492
22380504 115827
22384415 48392
22384546 48392
22384891 48481
22385625 3492
22385807 3492
22388057 115827
22389910 3492
22391261 115827
22391987 115827
10062525 48392
22396026 3492
22396806 48481
1352739 115827
7486072 3492
22402246 3492
22402416 115827
8174131 3492
22403324 48392
22403707 48392
22404191 48392
22404356 3492
22405063 3492
22405486 48392
22407476 3492
14290137 3492
22409142 48481
22411562 48392
22412497 3492
22412913 48392
22415394 3492
22415394 115827
22415478 48481
9574519 115827
22415722 48392
22416635 48392
22417404 48481
22418401 3492
832631 3492
22422673 3492
22422833 48392
22423956 48392
22424383 48392
22426924 3492
22427980 48481
22430134 48392
22432178 48392
22432459 3492
22432672 115827
22434435 48392
22434465 3492
22435768 48392
22436247 48392
22436445 3492
10087333 48392
22437779 48392
8281075 48392
22438375 48392
22438849 48392
22439153 3492
22440605 3492
22442288 48392
22442770 48481
22444558 48481
22451777 115827
22454105 48392
22454383 3492
22457710 3492
22460663 48392
22460966 48481
22461380 3492
22461635 48392
22462559 48392
22463246 48392
22464948 48392
22465292 48481
22465292 48392
22467443 48392
8432282 48392
22469144 3492
699009 48392
22472205 48481
9115502 115827
13591953 48392
22366596 48481
22474428 48392
8866400 48392
22479277 3492
22482264 3492
22482562 3492
22485153 3492
22486175 3492
1122845 3492
22487644 3492
22487683 48392
22487952 115827
22489650 48392
22494459 115827
22494467 3492
22496197 48392
19133841 48392
22496729 3492
22496933 48392
536210 48392
22501755 48392
22501883 3492
22504299 3492
2027350 48481
22228054 48392
22507840 48392
22508443 3492
22508975 48392
22496731 3492
22509697 48481
22509905 48392
695987 48481
22512471 3492
22514705 48481
22514753 48392
20716159 48392
22529685 48392
22530492 115827
22530801 3492
22531894 115827
10099295 3492
22533088 48392
22533190 48392
22533437 48392
8324555 48481
22533969 48481
497203 48392
22534538 3492
22535172 115827
22535675 3492
22535970 3492
22536109 3492
22537142 48481
15936725 3492
22538312 115827
22539137 48481
22544247 3492
22546115 3492
22547381 3492
22548736 48392
22550421 3492
22551039 3492
22551959 3492
22552682 48392
22558273 3492
22562741 3492
22565662 3492
22568738 48392
22571591 48392
22576596 115827
22582224 48392
20699164 3492
22582322 48392
22591784 3492
15945613 115827
22596046 48392
22597384 3492
22597451 48481
22598314 48392
22599139 48481
22601521 3492
17468077 3492
22602728 3492
22604063 115827
967647 48481
22605739 48392
22610162 115827
22610800 48481
22613374 3492
22613734 3492
22614154 48481
22617069 3492
22617370 3492
22619634 115827
7472534 3492
22621990 48392
22622313 115827
22625928 3492
22627121 3492
154248 3492
22628318 3492
22628513 48392
22630651 3492
22631022 3492
8530260 115827
22632569 48481
22632607 3492
22632908 48481
22633195 48481
22633256 3492
22633290 48392
22633301 48392
22634822 3492
464186 48481
22636298 48392
8832031 48392
22639977 48392
22640241 48481
22641806 115827
22643025 48481
22643684 3492
22643832 48392
22644032 3492
22644165 48392
22644789 48481
22645478 3492
22648291 48392
22650517 3492
22650907 48481
22651149 3492
22651841 3492
22652007 48392
22652438 48392
22652764 3492
2313679 3492
22652899 3492
22652955 48392
22653799 3492
22653952 3492
22655886 48481
22656703 3492
22657222 48481
22657420 48481
22657474 115827
22657506 3492
4178186 48392
22657818 48392
22658011 3492
22658099 3492
22658190 115827
22658249 48392
22658268 48392
22658699 48392
22659224 3492
22659653 3492
22659772 3492
579183 48392
581536 48392
22255109 48481
22669905 3492
22669933 48392
22670542 48392
22671418 48392
22674592 115827
22676717 48481
22677379 48392
22678935 3492
22679396 3492
22686491 3492
22688284 3492
22688557 3492
22689027 3492
22689107 3492
22689636 48392
22689651 115827
22689762 48392
22692591 48481
22695070 3492
22695730 48392
22695880 115827
22698343 48392
22704489 3492
22706019 48392
8368662 115827
22710090 3492
15577580 48481
22716081 48392
22723670 3492
22724433 48392
22725517 3492
22729873 115827
22732194 3492
22732961 3492
8807260 115827
22737775 48392
22737908 48392
22738064 3492
22739241 3492
22740194 48392
22741045 48481
22741590 48392
22741601 3492
22743901 115827
22750883 3492
22751315 3492
22751912 3492
22751975 48392
22754041 115827
22754557 3492
22756548 115827
22757162 3492
22758599 48392
22758716 3492
22758992 48392
22763374 48481
22764753 3492
22768685 115827
22768729 3492
22769466 48392
22772526 48392
22773111 48392
4465683 3492
22779459 48481
17620061 48481
22779898 48481
22780421 3492
22781117 3492
22781451 48392
22783465 3492
22783558 3492
22783599 48392
22784431 48392
22790667 48392
22791233 3492
22791307 48392
1009830 48392
22796353 48392
823524 48392
22808395 48392
22808671 3492
22810827 48392
22812956 3492
22813186 3492
22814902 48481
22815635 48392
22819159 3492
22819697 48392
22820534 3492
22821437 48392
22823495 48392
22825171 48481
1029883 3492
22842512 48392
22856154 48392
22857933 3492
22858659 115827
22858803 3492
16213004 3492
22860492 48392
882672 48392
8814737 48392
22860785 3492
22861008 48392
15275994 3492
22864778 3492
22865579 3492
22881739 3492
22885980 48481
22886711 3492
22888814 3492
9198245 3492
22894558 48392
22895045 48392
22904764 3492
22904791 3492
22909205 48392
22920066 48392
22920433 48392
8864184 3492
22925054 115827
22930254 48392
22937327 48392
22939501 48392
22941852 48392
22943076 48392
22945980 3492
22947397 48481
22948054 48392
22953129 48481
22961098 3492
22986641 48392
22996117 48392
22997281 3492
7499046 3492
23002290 3492
23004486 48392
23010111 3492
23011591 48481
23013723 3492
587319 48392
23018079 48392
23020310 3492
23025356 3492
23026412 48392
23026663 48392
23027359 3492
23029199 115827
23032792 48392
23043615 48392
23048423 48392
23049613 48392
23055953 3492
7498840 3492
23064853 48392
9332020 115827
23067873 48392
23069507 48392
23082100 3492
23083360 115827
23086148 115827
23089392 115827
23098514 48392
1749543 3492
23109282 3492
23111501 48392
23114534 48392
23116452 48392
23136905 115827
23151173 48392
23163948 3492
23181186 48392
23186205 48481
23189043 3492
23189296 48392
23190485 48392
23202909 48392
23205916 48392
23219492 48392
23239976 3492
23240334 115827
23240440 48392
23241233 115827
23241520 48392
23241625 3492
23242714 48392
23244681 48481
23247631 3492
23248267 3492
23259856 3492
23264503 3492
23269545 3492
23269795 115827
23271633 48392
23274422 115827
23281387 3492
23298665 48481
23308680 3492
23309012 48392
23309026 48392
2512817 48392
23310437 459857
23313442 48392
23321470 48392
23326203 48392
16614087 3492
23334719 115827
22594935 115827
7639630 3492
23366390 3492
8100729 3492
940527 3492
23375275 3492
23382233 48481
23382591 3492
23383588 3492
23391990 3492
23392194 115827
23410134 48392
7551379 3492
23416460 3492
23417836 48481
23419465 48481
23482303 115827
23488160 48392
23490602 48392
23499685 3492
23509872 3492
23517119 3492
23519737 48392
23522877 48392
23599853 48392
23604655 48392
2637593 3492
2572424 3492
23666823 48392
23677644 115827
23692766 48392
23704858 459857
23712837 48481
23735330 3492
23754840 48392
23771460 3492
23793251 48392
23830709 115827
23867854 115827
23882234 115827
23916079 115827
23944536 48392
23948534 3492
23973946 3492
23998919 48392
24035295 115827
24052183 115827
24053745 48392
24068544 48392
24084492 115827
22653128 3492
24087611 48481
24110441 115827
24122877 3492
4118989 48392
24191249 3492
24194035 48481
24203621 3492
24206985 115827
24239256 3492
24316203 48392
24323972 115827
24389278 3492
3188622 3492
24467175 48392
24480644 48392
24690019 3492
24700862 115827
24791531 115827
7554475 3492
25022722 115827
25022992 3492
25023206 3492
25275168 48392
25361272 48392
25424613 3492
25424667 48392
25570281 3492
25729100 115827
26174452 3492
28364848 115827
12163067 3492
28365664 48392
28371249 3492
28389065 48392
28389132 48481
28389158 3492
28390607 48392
22021453 48392
28396374 3492
28403263 3492
28403480 48392
28417940 3492
28420999 48392
28430879 48392
28431905 3492
28443946 3492
4595821 3492
1810714 48392
8359129 48392
12442996 3492
28464704 3492
159751 3492
28466815 48392
28469225 48392
28470447 3492
28474041 48392
28476452 3492
28478404 48392
28478866 3492
1111884 48481
8182301 3492
28485750 48392
15301067 3492
28498906 48392
28499693 48392
23952210 3492
28501276 48481
13111289 3492
28502297 48392
28504286 48392
28506078 48392
2427157 48392
2396994 3492
28510060 48392
28510225 48392
20361989 48392
28517069 3492
8819944 3492
28522863 3492
15438606 48392
28523666 3492
8307271 3492
28526296 3492
1371830 3492
350909 115827
28528179 3492
20253997 3492
15310248 3492
7938022 3492
11480450 48481
21109542 3492
22228052 48392
3142661 48392
28536446 115827
822099 115827
7626398 48481
28541341 3492
285904 115827
28550189 48481
28550541 3492
28550689 48392
28550926 3492
28551022 48392
28456157 3492
847866 48481
28561601 3492
28563204 48392
28563204 48392
28565299 3492
28566841 48392
28567019 48392
24166200 48392
28567682 48392
28568309 3492
28569326 48392
28569597 3492
28570393 3492
28574652 48481
28576203 48392
28576662 48392
28577439 3492
28578437 48392
28579690 48392
28583574 48392
16053164 3492
28588074 48392
28589003 48392
11740708 48392
9891465 3492
28592209 3492
28593371 48392
28593819 48392
28593901 3492
28599303 48392
28599389 3492
28602477 48481
28602673 3492
28604042 3492
28605003 3492
28606188 48392
28611178 48392
28612398 48392
28617788 48392
28618223 48392
459835 48481
28621422 48392
28624612 3492
28630589 3492
28630662 115827
28645499 48392
28645922 3492
10284953 3492
28651769 48392
28654066 48392
15581917 48392
5180053 115827
28656959 48392
28657484 48392
28662639 48392
28662954 3492
28673161 3492
1109793 48392
16168286 48392
28677918 3492
28689827 3492
28690844 3492
28693023 115827
28698696 3492
8960850 3492
28700138 48392
28700338 48392
28702487 48392
17580770 459857
28703230 48392
23284396 48392
589525 48392
28704725 48392
15640461 3492
28706236 3492
28706516 48481
28706578 48392
6409334 3492
28707281 48392
28708148 48392
28709401 48392
8494200 3492
28712804 48392
28713515 48392
8557344 48481
7952436 3492
9629881 3492
28718244 115827
28720381 3492
28721347 3492
28722041 3492
28722460 48481
28723428 48392
28724094 3492
28724225 3492
28728081 3492
11226425 48392
28733431 3492
16410257 48392
28737985 115827
24085806 3492
28745414 3492
28750046 3492
28752022 48392
28752444 3492
23748685 3492
28754435 115827
636686 3492
28766638 3492
28767581 3492
28767891 3492
28769045 3492
28769786 115827
28770823 3492
28772368 48392
28772481 3492
28772704 3492
28772919 48392
28773553 48392
28774351 3492
10120544 3492
28776184 48481
8747778 48392
28777989 3492
28778859 3492
2455735 3492
28783020 48392
28784567 48392
28785880 48392
28787377 48392
28787656 3492
28788320 48392
28788502 48392
2898768 48392
28789417 48392
28789560 48392
28790482 48392
28791279 115827
28792418 48392
28793316 3492
28794675 48392
28795081 3492
28795869 48392
822190 48481
28796106 48392
8734647 48481
28103700 48481
28800660 3492
28804148 3492
28806049 3492
28806856 3492
28807193 3492
28807308 48392
28808357 48481
28808542 3492
28810370 48392
9115503 115827
28814799 3492
869987 459857
28816504 3492
28816872 3492
28816872 3492
28821534 48392
7520987 3492
28825204 48392
28830159 3492
28830517 48392
28832432 3492
233616 48481
3022997 48392
28844076 115827
28846154 48481
28847532 48392
28848446 3492
28848446 3492
28849795 48392
28850051 48392
15776255 115827
28856345 48392
28856604 3492
28856729 48392
28857351 48392
4160756 48392
28857494 48392
12150624 48392
23802885 3492
28858409 48481
28858561 3492
28859815 48392
28859924 48392
28860383 3492
22397230 115827
28862077 48392
28862586 48392
28863655 48392
28864421 48392
28864537 48392
28864568 3492
28864867 48392
28865920 3492
12126414 48481
28866463 48481
28867453 3492
28867481 3492
28868033 48481
28868955 3492
28869813 115827
28870226 115827
28872326 3492
28873282 48392
15853974 48481
28876839 115827
23591466 48392
28883158 3492
28884542 48392
28885129 3492
28885610 3492
28885869 48392
22427983 48481
28886784 48392
28888605 3492
28889427 48392
28889450 3492
15744699 48392
28892130 48392
28892676 3492
28893328 3492
28778863 3492
28894700 115827
28894825 3492
22531826 48392
28896778 3492
28900242 48392
28900726 48392
28902143 3492
28902801 115827
28904227 48392
28907748 3492
28910235 3492
28910235 3492
28910939 3492
28912017 3492
28916707 3492
28918065 3492
28918177 3492
28918252 48392
5852976 3492
28921040 3492
28922256 3492
28922911 3492
28924747 48481
28925716 3492
28926085 48392
28929334 3492
28929538 48392
28930109 3492
2963560 48392
28931755 3492
28932262 3492
11563865 48392
28937311 48392
28937381 48392
28940077 48392
28941751 115827
28944074 48392
20279740 48392
28957200 48392
28958993 3492
12395416 3492
28966053 115827
28970674 48481
28973636 48481
14891528 3492
28975351 3492
28976732 48392
28976764 3492
28977998 3492
9704400 3492
1056039 48481
28981723 3492
28982415 3492
2292547 48392
22610806 48481
28991810 3492
1095114 3492
28993419 48392
28994224 48481
28995367 3492
28996471 48481
16043789 3492
28996881 3492
28996992 115827
28997011 48392
28997460 48392
28997691 115827
28999517 3492
29001254 115827
29001388 3492
29002193 3492
29002208 3492
29003046 3492
29003109 3492
29003326 48392
29004751 48481
29006386 48392
29007076 3492
29007793 48392
29007793 48392
29009560 3492
29009897 48481
29010282 3492
29013597 48392
29016345 3492
29016353 48392
29016424 3492
29017339 3492
29017446 3492
29017578 48392
29017935 48392
29018265 3492
29020639 3492
29020901 48392
29024167 3492
29024361 48392
29024393 48392
22108729 48392
29024694 48392
11647354 48392
29025031 3492
29025319 48392
29025764 48392
29026010 48392
29026472 3492
1900342 115827
29026540 3492
587312 48392
29028740 48392
29029007 48392
29029477 3492
29029728 3492
29029793 115827
29029831 3492
29029916 48392
29031421 3492
29034204 48392
29034898 3492
29036456 48481
29039312 48392
29041187 3492
29042940 115827
29044080 3492
29047462 48481
660290 3492
29050055 3492
29051755 48392
29052750 48392
29057768 3492
29059498 3492
228060 115827
29059963 3492
29061359 3492
29065819 48392
29066076 48392
29067621 48481
29072114 48392
29073625 3492
29075035 3492
29075578 3492
29079220 3492
29080396 3492
29082260 48392
29084734 115827
29085163 3492
29087951 48392
10460039 3492
29094828 3492
29097507 48481
29100729 48392
822189 48481
29103599 3492
29103902 48392
8737717 48392
29104679 48392
29104881 48392
29106759 48481
29106950 3492
29111978 48392
29114592 48481
29119388 48392
29120644 48481
1901378 48392
29122076 3492
15656804 115827
24035308 48481
29123857 3492
29123923 115827
29124616 3492
29125525 48392
29126810 48392
29138906 48481
29138997 48392
29139767 3492
29142165 3492
29142440 48392
29146114 48392
8184954 48392
29147749 3492
29148134 115827
29151674 3492
29155492 115827
29160923 48392
29161419 48392
14709316 3492
7553400 3492
29163333 48481
10359823 48392
29174313 3492
29176197 3492
29178430 3492
29178622 48392
29181625 48392
29181693 3492
29182457 48392
29187260 3492
29197374 48481
29217852 48392
567948 3492
29220215 3492
29221706 115827
29222012 48481
29222207 115827
29222464 48392
29222862 48392
29224021 48392
29226414 48392
29226414 48392
29227541 3492
29232066 3492
29232347 48392
29232441 48392
29232930 48481
29233606 48392
29238465 3492
29239320 48481
29245325 3492
2291806 48392
29246863 48392
29247299 48481
29247990 3492
29248481 48392
5762831 3492
29256517 3492
29258556 48392
29270720 48392
29271648 48392
29281242 3492
29282813 48392
29285452 115827
29285548 3492
29286422 115827
29288090 3492
29292736 3492
29296779 3492
29296807 48392
29304696 48481
1770021 48392
29315321 48481
1446530 3492
29331307 3492
29341110 48392
29343065 48392
29343724 3492
29351196 48481
29355955 48481
29356443 3492
29357577 3492
22224175 3492
29362487 48392
29363426 3492
7472443 3492
29365735 3492
29366669 48481
29370449 3492
29374263 48392
29376682 48392
29379386 48392
29388876 3492
29395718 48392
29400305 115827
29401490 48481
29402886 3492
29412173 48481
29412514 3492
29416161 48392
29419613 115827
29420256 48392
19945483 3492
29430927 48392
29434072 48392
29440678 48392
29441408 3492
29442754 3492
29450063 3492
29451510 48392
29459494 3492
29460187 48392
29466448 48392
29487146 3492
29519869 3492
29525686 48392
29536763 48392
29537238 3492
29545034 48392
29547751 48392
29558693 3492
10687030 3492
15986755 3492
29580559 48392
29588272 48392
29588377 115827
29590093 3492
29590781 3492
29592729 48481
29593372 48392
29593430 48392
29595700 3492
29606608 48392
29606654 115827
29607428 3492
29607542 3492
29609648 3492
29609823 48392
29614875 48392
29618455 48392
29623867 48392
29631062 115827
29633165 3492
21025402 3492
15860933 48481
29651475 3492
29655040 3492
29655414 3492
29655455 48392
29657794 3492
29659235 48392
29662562 3492
29663573 3492
29665390 115827
29669392 115827
21428204 48392
29671478 115827
29675042 3492
16614865 3492
29694246 115827
29694262 115827
29700241 3492
2419197 48481
2702440 48481
29710668 3492
29710697 3492
29710698 3492
29710757 48481
29710758 48481
29710759 48392
29710850 3492
2538751 3492
29710962 48481
22527531 3492
7554053 3492
7537006 3492
7645688 3492
29711123 3492
29726743 48392
29727090 3492
29727259 48481
27626941 115827
27626942 115827
29747824 48392
29751779 48392
7551452 3492
29758659 3492
29758669 3492
29758703 3492
29758915 48481
29762044 48392
29768703 48392
29792538 115827
29801215 3492
29823503 3492
29827543 48392
6623327 115827
29829285 48392
29832496 48392
9890560 48481
29843769 48392
29844860 3492
29876956 48392
29882627 115827
29890252 48392
29890255 48392
29899287 115827
29899500 3492
29900881 48392
29987750 115827
29992674 3492
29997210 48481
29997598 48392
30005303 3492
30005389 3492
9553588 48392
30050233 3492
30130632 48392
30163227 48392
30187283 3492
30194587 48392
30218226 3492
30226772 48392
30246358 115827
30246894 48392
30262652 3492
30267432 3492
30277495 48481
30319341 3492
30324670 115827
30326062 115827
30332175 48392
30336334 3492
30353496 48392
30356225 3492
30392809 3492
30394591 3492
585951 3492
30396971 3492
30397869 48481
30398597 3492
30399171 3492
30401041 3492
30404361 48392
30417531 3492
29225974 48481
30487305 48392
30575840 48392
30728261 3492
30729733 48481
30729883 48392
30729908 48392
30773469 3492
30779436 3492
30999751 48481
31001381 3492
31271672 3492
31276166 48392
31286756 3492
31292572 3492
14797315 3492
31423999 3492
31648738 3492
31785987 115827
31826628 48392
31847082 3492
31848647 115827
32427944 3492
32635842 3492
5042108 48392
33835707 3492
34290303 3492
34533988 48481
9331732 48392
34552070 3492
9516478 3492
34557938 3492
1371928 48392
8144550 3492
14771871 115827
34586663 48392
34586687 48481
34586771 3492
34586975 48392
8390939 3492
34601755 3492
8606892 48392
34617406 3492
34625568 3492
34625890 48481
16214790 3492
3822459 3492
1371924 48392
286263 48481
19940761 3492
2856964 48392
34642291 3492
34642773 48392
34643762 48392
34646058 3492
374834 3492
34660100 3492
34660325 3492
34660926 3492
16535967 48392
6001322 115827
34671071 48392
2964258 3492
34671763 3492
34673470 3492
34673645 3492
34674997 3492
34680913 3492
1657924 3492
34686995 48392
34688076 48392
34688238 48392
8307268 3492
34688961 48392
34689360 48392
34689678 48392
34690253 48392
2447736 48392
2744114 48392
6084531 3492
34690556 48392
8801685 115827
4875555 115827
6317938 115827
33454500 48392
15711063 3492
30003770 48392
21980468 115827
34697411 48392
4967501 48392
34703453 48481
1576346 48392
584465 115827
34706074 48392
8358204 48392
34709756 48392
34711565 48392
1488542 3492
34714671 48392
15898867 48481
34716333 3492
30377779 3492
23177848 48392
34723513 115827
27652229 48392
34728425 48392
7633788 48392
7633818 48392
34731564 48392
6301597 115827
15173562 48392
3090372 115827
34735732 48392
23111633 3492
34744676 3492
34746285 48392
9660026 48392
22148711 3492
34757096 3492
34757740 3492
2682792 48392
18756604 3492
34760452 3492
24123935 3492
813939 115827
34763725 48392
34766917 48392
34770839 48392
19194013 48392
34778839 48392
34780466 48392
34782213 3492
28778427 48392
34792743 115827
34793267 48481
10600068 3492
34796770 48481
34797829 48392
34801253 3492
4308385 115827
7735898 48392
34803468 3492
34803671 48392
28626619 48481
1872216 48392
34810233 3492
34814877 48392
2027349 48481
20224108 115827
34828192 48481
34829034 3492
34813811 3492
34813811 3492
34830872 48392
34832135 3492
34834935 115827
34834969 3492
2772039 115827
17679853 48392
822100 3492
34836706 48392
8705713 3492
6721674 3492
28966061 3492
34840829 115827
34841097 48392
34847865 48392
8908500 48392
34852238 48392
34853751 48392
34854719 48392
34854951 3492
34856915 3492
34860628 48392
8843295 3492
8843296 3492
4273628 48392
4077140 48392
34876929 48392
34877333 3492
34878920 48392
5592775 48392
34879809 3492
34879850 3492
34879922 3492
34880085 48481
34881263 48392
34882629 48392
34882897 3492
34883266 48392
34883462 48392
34884097 3492
34884235 3492
34885480 3492
34886792 3492
34887498 48392
34888154 48481
822096 115827
34891195 3492
6348972 115827
3086924 3492
34893889 48392
34894027 48392
8203073 48392
34895934 48481
34897561 48392
34897748 3492
34899126 3492
34899639 3492
34899871 48392
34902687 3492
34904341 3492
34906278 3492
34907494 48392
34911825 115827
28918217 3492
22519110 3492
34921526 48392
8539781 48392
34922624 3492
34923859 3492
34926397 3492
34927709 48392
34928952 48392
22367515 3492
34934858 48392
29969686 115827
34940858 48392
34941214 3492
34941398 48392
34942921 3492
34944449 459857
34945767 48392
34946426 48481
34947680 3492
34948391 48481
34953029 115827
34953453 3492
34953625 3492
8817754 115827
34956383 3492
34957011 115827
34957391 48481
34958224 3492
34958674 115827
34959780 3492
2748319 48392
34547659 48392
34966489 3492
34966611 48392
34968230 48392
34805580 48392
15822015 48392
34972555 3492
34973480 115827
34974272 3492
34974985 48392
34975383 3492
34977246 3492
34977344 3492
34978874 3492
7532313 3492
34980810 3492
34981488 115827
34983398 48392
34984930 48392
9782729 48481
34986129 115827
34987131 3492
14689343 3492
34991041 48392
34991435 3492
34993184 48392
34994240 115827
34994408 48392
34995475 48392
34995772 3492
4913443 48392
22108732 48392
34997586 48392
34999128 3492
34999417 48481
35002855 48392
35003754 3492
28714021 48481
35011115 48392
35012963 3492
35014874 48392
35015141 48392
35016688 48392
35018011 3492
35018876 48392
35019473 3492
35019881 3492
35022700 3492
35023203 48392
35025221 3492
35026617 48392
35027619 115827
35027794 115827
35029511 3492
13111517 115827
35030637 48481
35030984 3492
35031453 3492
35033584 3492
35036008 48481
35036251 48392
28497033 48392
35038250 48392
35039130 48392
35040898 48392
35040924 3492
35041678 3492
9847482 115827
35042050 48392
35042261 3492
34547655 48392
35045087 48392
35045490 3492
35045672 48392
35045929 48392
35045955 48392
35047232 115827
35050235 48481
223907 115827
35052246 115827
16353867 48392
588721 48481
35057553 3492
35057641 3492
35057859 3492
35058237 3492
8925736 3492
35058985 3492
22114196 48481
35059940 3492
35060558 3492
35062756 48392
35064939 48392
35065628 48481
35065709 3492
35066555 3492
35067678 48392
7621876 48392
8918028 48392
13400022 3492
7564429 115827
35070271 3492
35070764 48392
35071293 48481
12444539 48481
35076320 48392
620613 48392
35082210 48392
35084773 3492
22533942 48481
35085101 3492
863104 3492
1009261 48392
24086017 3492
35086547 48392
35087000 48481
2982839 3492
35090815 115827
35090824 48392
35092071 3492
15692515 48392
35094684 48481
35094819 48392
35095090 48392
35098806 3492
29845038 3492
35101633 3492
35102896 3492
35103503 3492
7114637 3492
35104896 48481
35106814 48392
35107319 48392
35107583 3492
35107818 3492
35108232 48392
35109089 3492
35109172 48392
35110784 48481
35111346 3492
35112721 48392
35114223 115827
35124933 115827
35129523 3492
35135518 48392
35137199 48481
755845 48481
35142638 115827
26409173 3492
35143885 48392
10295771 48392
35146921 115827
35150012 3492
35150178 48392
35151374 115827
19364141 48392
35152527 3492
35153806 48392
35154181 3492
35154703 48481
35155989 3492
35161895 3492
700300 48392
35165392 48392
35167580 3492
35168682 3492
35168819 115827
35169250 3492
35170665 48392
35171306 48392
29169854 48481
35172134 48392
35172269 48392
35172705 48392
35174822 3492
35175497 48392
35175955 3492
35176008 3492
35176375 48481
1162210 48481
35177187 48392
35177300 3492
35179081 3492
35183849 3492
35184026 3492
35184061 115827
35185409 48392
35185569 3492
35185797 48481
10076612 48481
35186125 3492
35187205 3492
35187518 48392
35187539 3492
35187727 3492
35189019 3492
35189955 48392
35191355 48392
23218758 48392
35036015 48392
13478775 3492
35193478 48392
35193974 48392
35194133 48392
35194222 115827
35194434 3492
35194701 48392
8936009 3492
35194984 48481
35198119 115827
35198183 48392
35198313 115827
1087288 3492
9619644 3492
35199087 3492
35199229 3492
35203109 3492
35203783 48392
35204613 48481
35206288 3492
35211000 115827
35211134 115827
35216879 48392
35221735 48392
35225375 3492
35228084 3492
35228486 3492
35228907 48392
23555474 48392
35229026 48392
35233275 48392
35233353 48392
35234857 3492
35235276 3492
35236278 3492
35238135 3492
35239539 3492
1004845 459857
34547652 3492
417717 3492
35243036 48392
32940265 48392
35250069 48392
35254205 48481
35263494 3492
35265060 3492
35268129 3492
35268291 48392
35268802 115827
35271447 48392
35273188 3492
35273338 3492
35274499 115827
35274681 48392
35276139 48392
35276882 115827
35278272 48392
35279655 48392
35283288 48392
855669 3492
8996419 48392
35291546 48481
35292295 3492
35292928 115827
35293257 3492
35300202 3492
35301565 48392
35305073 48481
35311659 3492
3107899 48481
35312189 48392
35312207 115827
35312309 48481
35312448 48392
9620169 48392
35315308 48392
35315936 3492
35322189 48392
35328196 48481
35329710 48392
1059056 3492
35336370 48392
35343093 48481
35343860 3492
35345100 48392
35348272 48392
35348987 115827
35350008 3492
35355059 48392
35356075 48392
35357397 3492
412015 3492
724218 3492
35358862 48392
35364303 48392
35372087 3492
35377309 115827
35378853 3492
22554483 3492
35386915 3492
2963478 48392
35388886 48481
35388956 48392
35389033 3492
35389153 3492
35389298 3492
9743595 48392
35390887 3492
35393663 48392
35395975 3492
35397211 48392
35398466 48392
35254206 48481
35398956 48392
1713687 48392
35405255 48392
35406486 3492
35406684 115827
35409797 48392
8904029 48392
35442386 115827
23704861 459857
35449258 115827
1652950 48392
35452323 115827
35453742 48481
35455325 115827
35461327 48481
35461351 3492
35464329 48392
35467844 48392
35468087 3492
35469024 3492
35471399 3492
35228475 115827
544989 48392
35488080 48392
35488753 48392
35491632 3492
35491975 48392
35492199 48392
24027485 48392
35501581 3492
35509068 48392
35512382 48392
35513280 3492
35516274 48481
35516857 48392
35519137 48392
35524974 3492
35525622 48392
35525622 3492
35528169 3492
35558611 3492
35561829 115827
35565823 48392
13261563 3492
9332021 115827
35582181 48392
35586083 48392
35586208 48481
35588282 48392
35589635 3492
35590281 48392
35591411 48392
35600247 48392
35600441 115827
35600574 48392
35602665 3492
35603064 3492
35604247 48392
35609920 115827
35614044 3492
35617650 48392
35618768 48392
1774576 3492
1478609 48392
35622533 3492
24443406 115827
35630324 115827
35634791 3492
35645732 3492
35646317 48392
35653087 3492
35665619 115827
23618054 48392
35680601 48392
35685675 48392
35700772 3492
35701487 3492
35708668 48392
35715786 48392
101028 48392
35720223 48392
35722181 3492
35730253 3492
35737267 48392
35744768 3492
16614864 3492
35746070 48392
35746803 3492
35749546 115827
35750456 3492
35751680 3492
35751808 115827
35752721 48392
35762551 48392
35762609 48392
35764862 48392
35744770 3492
22867868 3492
35780659 48481
35785096 48392
35790663 3492
35796407 3492
35802507 3492
35806968 3492
2478057 3492
35810261 48392
35810272 3492
2874577 3492
35813878 3492
35815441 3492
35818358 48392
35824514 3492
35827354 48392
35829510 3492
35844498 48481
4125677 3492
35854230 115827
35864323 48481
35864917 3492
35865015 48392
35865069 3492
2803099 115827
35865189 3492
35865235 3492
35865246 48481
35865269 48392
35865281 48392
35865282 48392
7554165 3492
2323557 3492
2788626 3492
35880039 3492
35886735 48392
35886871 48481
35896819 3492
31286000 48392
35918216 48392
35928884 48392
35941367 3492
35950612 48392
35953723 3492
35959385 48392
35975462 48392
35987168 48392
36020994 48392
36023050 115827
36023717 48392
36062274 48392
36091327 3492
36157114 48392
36165294 3492
7560739 48392
36176172 3492
36179115 3492
36179497 48392
36189570 48392
36194825 48392
36228797 48392
36229817 48481
36243258 3492
36251853 3492
36256213 48392
36290174 48392
36290817 115827
36317967 3492
36345382 48481
36371391 48392
36373356 3492
36373771 48392
36394123 3492
36410033 115827
36428071 48392
36457907 48392
36514094 48392
36523363 3492
36525301 3492
36527057 48392
36527853 48481
36529229 115827
36531370 48392
36533324 48392
36543448 115827
36579006 3492
36586439 48392
36737356 115827
36801441 3492
36805266 115827
36831473 48392
36907749 48392
4178328 3492
36936816 3492
37086532 115827
37104516 3492
37128744 48392
37342056 3492
37345807 3492
37406096 115827
6320363 115827
37464012 3492
37654287 115827
37737201 3492
37737267 3492
37852417 48392
37955134 3492
37974394 3492
38672819 3492
38965811 3492
39034084 48392
40280012 3492
40361647 3492
34547657 48392
8174134 3492
516889 115827
40536004 3492
36640862 3492
40536064 3492
40536422 3492
40536727 3492
10664824 48392
40543739 48392
40546075 48392
40550983 48392
80662 48392
6262134 115827
1393663 48392
40558451 3492
40561241 115827
40571394 48392
7618878 3492
40587544 3492
40589219 48392
40598128 3492
40599186 3492
30124567 3492
40602974 3492
40611861 48392
11997446 48392
20361990 48392
7789994 48392
21682033 48392
40644988 48392
40646937 3492
36464390 3492
40650725 48392
40658510 48392
40659849 48392
40659963 48392
2644862 48392
40661911 3492
40665366 3492
8358205 48392
456501 48392
30168003 48392
4701871 3492
40673507 3492
40673578 48481
23960 48392
35609397 3492
35609397 3492
40677030 3492
40677933 115827
40681116 48392
40684108 48392
40684817 3492
40686221 3492
40687388 48392
6124625 115827
938590 48392
40688115 3492
28356815 3492
23425952 3492
12953415 115827
15428593 115827
40691059 3492
40692146 3492
40693783 3492
5601229 3492
40697082 115827
40700266 3492
11532024 3492
40706227 48392
40706856 3492
40707411 3492
1496409 48392
7633797 48392
337235 115827
21580675 48392
22511730 48481
40716082 48392
474215 48481
40716738 3492
8298777 3492
40717630 48481
40717802 48392
40718043 48392
8661177 48392
10403487 3492
8375499 3492
22912522 3492
40720883 3492
40721013 48392
40721114 3492
40726959 48392
17045369 48392
8948580 48392
40728285 48392
10648166 48392
10918113 3492
40731411 3492
40732172 3492
40733031 48392
40734332 48481
3682443 3492
799361 48392
40737694 3492
40741096 48392
40741238 3492
34699852 3492
34547658 48392
40749010 48392
40752641 3492
40754539 48392
40761035 48481
24044390 3492
40762451 3492
40762451 3492
1340079 48392
40776938 3492
40780303 3492
40780726 48392
40781992 48392
40782265 48392
40784200 3492
479221 48481
40785010 48481
40790259 3492
40800189 48392
40806892 48392
1456014 48392
40815099 3492
40816046 48392
40816261 48392
16020235 48392
40817636 3492
31659977 48392
40818311 48392
16798804 3492
40819108 3492
35813894 48392
40833320 115827
40833450 48481
11251134 3492
40834693 48392
9497901 48392
15445721 3492
40853458 3492
40853504 115827
40855324 115827
40855344 48392
5011547 3492
4103600 48392
40858274 3492
22194034 48392
34896021 48392
40860233 48392
17108046 48392
40861747 115827
40861835 115827
40862210 3492
587896 3492
2984584 48392
40864701 48392
699008 48392
40865146 48392
40865279 48392
40866154 48392
40868017 3492
40871047 115827
822098 115827
40872314 48392
40872739 48392
40872788 48392
40874405 3492
40874553 48392
23531600 48392
40566773 3492
40877872 3492
40877883 48392
40877903 48392
24161175 3492
40878173 48392
15793445 3492
16290086 115827
9258749 48392
40890557 48392
40890942 3492
40891817 3492
40892282 48481
40893471 3492
35142472 48392
40899366 3492
23555479 3492
40903667 115827
2340315 3492
40904450 48392
40908357 115827
20833586 115827
40910258 48392
40913494 48392
40913792 48392
40917186 3492
8995220 48392
40919871 48392
40921999 48392
40923898 48481
40924898 48481
8545449 48392
15706406 115827
40927479 3492
40928640 3492
33462808 3492
8359132 3492
1368666 3492
40930067 3492
40930197 3492
40932494 48392
40933507 115827
40934567 3492
40935376 115827
40937097 3492
40939072 48392
40940169 3492
40940945 3492
40941391 48392
40941934 115827
40942218 48392
40942275 48481
40942401 3492
40944033 3492
40944802 48392
40945989 48392
34839381 115827
40946282 3492
40946865 3492
40948186 48392
40948390 3492
9397515 115827
40949788 48392
40951167 48481
40951430 48392
40951755 3492
22496483 48392
40954342 48392
40954928 48392
40956017 3492
584455 115827
40959018 3492
40961894 3492
40963398 3492
40963886 3492
40965241 48392
40965955 48392
40966206 48392
40966452 3492
40967042 48392
2498300 3492
3137854 3492
7553389 3492
40968743 48392
40969215 115827
40971022 3492
40971447 48392
40972884 48392
40973979 3492
40974171 48392
15776248 115827
40975123 48392
40978591 115827
40990908 115827
8453933 48481
40997832 3492
40998694 3492
40999687 48392
41001189 48392
41001847 3492
28770833 48392
41003606 3492
41003630 3492
41003787 48392
41005498 48392
41005773 48481
29059892 115827
41007623 48392
41007635 48392
41007993 48392
41008671 48392
41011076 48392
41012563 48481
41013253 3492
41015249 3492
41017040 3492
41017814 48392
41017984 48392
41018023 48392
41021778 48392
41021827 48392
41023059 115827
41023287 3492
41025107 48392
41025121 48481
41025868 48392
41026031 48392
12443098 48392
41026586 48392
41027855 3492
41028310 48481
41033314 48392
41033693 3492
41034457 3492
41034641 48481
41035551 48392
773897 48392
41036124 3492
41036236 48392
1004843 48481
41037507 48392
41038691 3492
41040771 48392
41041113 3492
8441404 3492
41044665 3492
41045377 48392
16039263 115827
41047268 48481
41051225 3492
22410569 48481
41053414 48392
41054414 48392
41054775 3492
41057825 48392
8203075 48392
31025018 48392
41061706 48392
706937 48392
41065313 3492
41066737 48481
41068468 48392
22739247 3492
41069692 3492
16692737 115827
41076299 3492
17064968 48481
41077484 115827
41081773 48392
2303861 3492
41082655 48392
41083176 3492
41083250 48392
41083451 3492
8530261 115827
41087818 3492
41087914 3492
41091892 48481
8724929 3492
34247762 3492
34556410 3492
41097669 3492
9106970 48392
41110114 48392
41110393 115827
41113328 3492
17674616 48392
41114806 3492
41115869 3492
20380944 115827
22175410 48481
41119177 48392
28051152 48392
41120400 48392
35517203 115827
41125873 48392
41127037 48392
8893537 48481
41131991 3492
41132312 3492
41132414 48392
41141131 3492
41143386 48392
41143593 48392
41143705 48392
41144629 48392
41144822 3492
41146687 48392
41147336 48392
41148014 48392
34800292 48392
41149273 3492
41150127 48392
25839960 48392
41154556 3492
22114197 48481
7471298 48392
41155773 115827
41157094 48392
41157135 48481
8413044 48392
956761 48392
35185858 48392
41158764 3492
41158833 115827
41159242 48392
2937578 3492
41161541 3492
41162106 48481
41162423 48392
41163167 48481
41165184 3492
41165264 115827
41165308 3492
41165470 3492
41166203 115827
41166464 3492
41166994 48392
41169870 3492
41169906 48392
41170118 115827
41170676 3492
41170709 115827
41171321 115827
28805381 3492
41172086 48392
41173893 48481
41174316 48392
41177062 3492
41179618 48481
10403447 3492
41183211 3492
41183393 3492
8456033 3492
41184639 48392
41184690 48392
41185269 115827
41190482 3492
41191319 3492
41196648 48392
41197788 3492
41199156 48392
41199914 3492
41201656 3492
41205309 48481
41206525 3492
41207828 48392
41211890 3492
41214072 48392
41219382 3492
41224246 3492
41225305 115827
41226248 3492
41227839 3492
41234964 48392
2412385 115827
41240579 3492
41242663 48392
41157190 48392
35243491 48392
41247459 3492
41247759 3492
41261280 115827
41262738 48392
41263362 48392
41263674 48392
41264948 115827
41265090 3492
41265719 3492
41268514 3492
41268610 3492
41270028 48481
41271280 3492
34547646 48392
41273320 48392
41274651 115827
41278428 3492
41282922 48392
29401942 48481
41283525 48392
41283647 48392
22659661 3492
41285660 3492
37423794 48392
41286505 3492
41293373 3492
41295994 48392
38980741 3492
16143930 48481
41304453 48481
41304595 48481
41307651 3492
32940269 3492
41311003 48392
41312528 3492
41313067 48481
41313728 48392
41314988 48392
26853635 48481
41321365 3492
41321417 48481
41322725 3492
41329810 3492
41335391 48392
41335391 48392
41341346 48392
41344706 48481
41353869 48392
41353944 48392
41357440 3492
41357781 48392
41357879 3492
41359918 48392
41360933 3492
41362181 48481
41362198 48481
41362321 3492
41365695 48392
41367371 3492
41370485 115827
41374482 48392
41381637 48392
41381928 48392
41382245 3492
41382296 48392
41383931 48392
41384444 48392
41400299 3492
41418039 48392
41421616 115827
41426717 3492
41427145 3492
41428590 48481
41428731 48392
41432752 48392
41434885 3492
41435781 48392
41445208 3492
8837638 115827
41450590 3492
41470227 48481
41478004 48392
41480215 3492
41482986 3492
41484325 3492
36568136 3492
7472482 3492
41490943 48481
41492999 115827
41492999 115827
1625000 48392
41501724 48481
41502198 3492
41502228 48481
41512858 3492
41513609 3492
7486501 48392
41524043 48392
41537867 48481
41539870 3492
41543816 115827
41545066 48392
41546688 48481
41554490 3492
41566110 48392
41566419 115827
41569802 48392
25031177 3492
41581286 48392
41581586 115827
41595351 48481
41601081 3492
29590784 3492
41623280 48481
41626135 3492
41629669 48481
41640374 3492
41640670 3492
10547401 48481
41647357 48392
4025394 48392
41663303 48392
41683485 3492
41685188 48481
41694193 115827
41700496 48392
41703489 3492
41704145 48392
35770366 3492
16657556 3492
41708981 48392
41709063 115827
41710195 3492
41710813 3492
41721360 3492
41721385 48392
41721614 3492
41738181 48392
16611286 3492
41759843 3492
41766913 3492
41767219 3492
41767219 3492
41767270 48392
41767984 115827
41772202 3492
41776614 115827
41784101 48392
41799032 48392
41816810 3492
2313773 48481
41819588 3492
41819732 3492
41819772 3492
41819773 3492
41819798 3492
41819799 48392
41819837 3492
41819838 48392
41819854 48392
7553979 3492
7645715 3492
5214944 3492
41823048 48392
41831802 3492
41834246 3492
41840013 48392
41840452 3492
41840605 48392
41840925 48392
41841797 48392
41848599 48392
41859857 48392
41861819 3492
3044812 3492
41864280 3492
41866460 3492
41867232 48481
37956715 48392
41875454 48392
41890804 3492
41891894 48392
41896336 3492
41896618 3492
41920175 3492
41930161 48481
41930938 3492
32488197 115827
41972493 48392
41974912 115827
41980181 3492
42005418 115827
42015061 48392
42023963 48392
42080124 48481
10227898 3492
2618610 3492
42109273 115827
42128437 48392
42175251 3492
42222308 3492
42229976 3492
42234986 48392
42240347 3492
42240347 48392
42274788 115827
42286294 3492
42287892 115827
42293446 48392
42309712 3492
42316743 3492
42322827 48392
42324531 3492
42354571 48392
42372201 48481
9488556 3492
42385894 48392
42417798 3492
42434216 48392
42438638 48392
932488 48392
42451674 3492
42461232 3492
42465273 48392
42466368 48392
42469877 48481
42472675 48392
42472879 115827
42474218 48481
42479758 3492
42490192 48392
42501497 48392
42521728 3492
42544073 3492
42558759 3492
42630330 3492
42717961 3492
42762501 48392
42831093 48392
7554572 3492
7554514 3492
43293786 115827
43304238 48481
43324509 3492
43462135 115827
35206985 115827
43776841 115827
43816997 115827
43836875 3492
43901329 3492
43907843 3492
45083226 3492
45240755 3492
46116143 3492
9165040 48392
8885182 48392
46360103 3492
1740934 48392
57783 3492
44855 48392
28556237 3492
234232 115827
46381233 48392
46382305 48392
5859249 3492
5859249 3492
5859249 3492
46391684 3492
46391988 48392
46392941 3492
1305199 3492
16761784 115827
46405457 3492
46406688 48392
6730765 48392
46415214 3492
46419814 48392
46420901 3492
46425705 3492
8225109 3492
46450129 48392
1146352 115827
46453922 3492
1371927 48392
46459627 3492
46461664 48392
46472018 3492
9629878 115827
388399 48392
388399 3492
2824026 115827
35808796 3492
46481883 3492
46492717 3492
6212172 48392
33121602 3492
17414724 48392
8675487 3492
46496753 3492
191002 3492
9684217 48392
46499048 115827
46500552 48392
2315649 48392
2449950 48392
46502576 48392
6036660 115827
15402876 3492
46505306 48481
46508701 48392
46510491 48392
46511117 48392
46514307 3492
21642783 3492
43369161 3492
15485097 48392
22335776 3492
22148116 48392
92131 3492
40697088 3492
15068726 3492
46530924 3492
46531469 48392
8390938 3492
8778820 48392
46536935 48392
38684602 115827
1143829 48392
46538819 115827
46538964 48392
30003771 48392
2708740 115827
29617727 48392
46540319 3492
46542404 48392
23368724 3492
46543779 3492
46544607 3492
10702335 48392
46555822 48481
46558128 115827
3116709 3492
46559503 3492
1069438 48481
46559665 3492
46561705 3492
34759536 3492
46565260 48481
46565373 3492
22195301 48481
46566301 3492
7685990 3492
46572010 48481
46573270 3492
46575342 48392
46578191 48481
15522462 48392
15902366 48481
46582116 48392
46582138 48392
490745 48481
2287437 48392
1371930 48392
46588566 3492
46590621 3492
46598323 3492
46599638 115827
18886009 3492
46601438 3492
46607836 3492
3183788 48392
15559384 3492
46613391 3492
46619362 48392
46625392 3492
46625993 3492
46626506 115827
46627881 3492
46628815 48392
46632902 48392
15301619 3492
46634319 48392
46637016 48392
8961228 3492
6308449 115827
46638845 3492
46639376 3492
46653857 3492
200088 48481
28777373 48392
46675015 3492
4072841 48392
46676540 3492
46676862 48392
46677003 48481
46677184 48392
46677366 3492
46677732 115827
46677924 48481
46678950 3492
46679729 115827
22005966 3492
46682063 48392
46682779 48392
46683143 3492
46684254 48392
46684399 48481
15970558 48392
46686591 3492
46687713 3492
46687756 3492
46688488 3492
46688704 48392
46690257 3492
46694342 3492
29238933 3492
46694567 3492
46694772 3492
24216965 3492
10390968 48392
46695762 3492
46696338 48392
46698715 48392
46700139 3492
46701015 48392
46703746 48481
46705432 115827
46705993 48392
35041709 115827
154247 3492
22472450 115827
46719704 48392
34959785 3492
46721204 3492
46721636 48392
46727583 3492
46729561 48392
46734778 3492
46735119 3492
46737988 48392
46738791 48481
46739892 48392
46739908 3492
921127 3492
2991317 3492
46743888 48392
46743969 48481
10812001 48392
46748444 48392
46752740 3492
46752998 48392
46754252 3492
10556550 48392
46757475 115827
250655 3492
36569215 115827
46761077 48481
34725965 115827
33006008 115827
46765791 48481
34547656 48392
46766825 48392
28691998 48392
28698799 3492
46769733 48481
46769988 3492
43290706 3492
46772023 48392
46772045 115827
46774393 3492
46776828 3492
46777748 48392
46779151 48481
8327511 115827
46780716 48392
22258966 48392
46781391 115827
46782199 48392
46782675 3492
34547653 48481
46783837 48392
46784792 3492
46785169 48392
46787761 3492
46788118 115827
46789242 48481
1679286 115827
46791044 3492
10567748 3492
46791630 3492
46793887 115827
46797495 48392
46797926 3492
15394255 3492
22108731 48481
8690859 115827
46801863 3492
6516672 3492
16542447 48392
46806022 3492
46808247 3492
46808899 48392
46812136 3492
46813124 48392
46813290 3492
46813530 48481
46814147 48392
46816752 3492
23901420 48392
461718 3492
40784205 3492
46816954 115827
46817026 3492
1219764 48481
46817697 3492
24086082 48392
652107 48392
46818952 48392
46819492 3492
46820662 3492
46820735 48392
46821799 48392
46823292 48481
46824036 48392
46826286 3492
46826477 48392
9267527 3492
46827876 3492
46827911 48392
6409991 3492
46827996 3492
46828281 115827
46828349 115827
46829438 48392
46831625 48392
46833731 48392
22114198 48481
46835543 3492
46838137 3492
46838325 48481
46839662 115827
46840145 48392
46840982 48392
46841608 48392
14299629 115827
46842106 3492
46842300 48392
7623465 3492
46842790 115827
35104199 3492
1662703 48481
46845593 48481
46845776 3492
36494872 3492
41459567 48392
46846819 48392
46846894 3492
46847518 115827
46847989 48392
46848101 48392
46848274 3492
26784414 3492
29009565 48392
46853569 48392
46854992 48392
46859971 115827
28626618 48481
46862115 115827
46863134 48481
46863720 3492
46865469 48392
46866203 3492
46868181 3492
20388733 48481
46869823 48392
46869852 3492
46871181 3492
46874946 3492
46875001 115827
46876109 48392
46876688 48392
46880009 48392
15976282 115827
29747409 3492
46885866 48481
46889749 48392
8874067 3492
46892603 48392
46892843 48392
46895782 3492
46897023 3492
46897644 48392
46899152 48392
46905004 3492
46906033 48392
15884096 48481
46913615 3492
46914589 48392
46914589 48392
995884 48481
6718985 3492
44653680 3492
46923907 3492
46924184 48392
46924616 48481
46925556 48392
37437624 115827
7532274 3492
22512518 115827
46939564 3492
46941343 3492
3070623 3492
46945029 48392
46946687 48392
46947752 48392
46947977 3492
46948519 3492
46948540 48392
46948800 48392
46949834 48392
46950410 115827
46950586 48392
40741245 3492
46952284 3492
46952284 3492
16403350 48392
20254014 48392
46953114 48392
46953815 48481
45016586 3492
34547645 48392
46956305 48392
46956992 48481
46957184 48392
46958671 3492
46958903 3492
7182786 48392
46962040 3492
46965894 48392
8715911 48392
46966949 3492
46968071 48392
9800416 3492
46969206 48392
17690675 3492
46969551 48392
46969589 115827
46969801 3492
46969813 48392
308070 48392
22766889 48392
46971961 3492
46972322 3492
46972971 115827
6516687 3492
46974177 3492
8658711 3492
46983538 3492
29104389 48392
8320303 48481
46990451 48481
8473999 48481
46999897 3492
47002055 3492
47004222 48481
47004222 48481
47004477 3492
15940806 48481
34953346 3492
47007007 48392
47008376 48481
47009538 3492
47010406 3492
47014542 48392
47016825 48392
47016939 48392
47017465 48392
47019003 48392
47021359 3492
47034021 48481
47045079 3492
47045719 48392
6405502 115827
9093814 3492
47048175 48392
47049032 3492
47049675 48392
40974322 3492
47056556 48481
47064758 115827
47064804 3492
47064832 3492
29124620 48392
47066149 48481
832628 115827
17663079 48392
47071562 3492
8739048 3492
47074900 48481
47075640 48481
47077102 48392
47078186 48392
47078413 48392
16084542 3492
47078885 3492
47078978 3492
47080347 48392
47080361 48392
47081091 3492
47082041 3492
47086277 3492
47087063 48392
47090033 3492
47093063 48481
47094252 3492
47105678 48481
47109046 3492
35135595 48481
47113934 3492
47116429 3492
42226592 48481
47119141 3492
47122534 48392
705427 3492
47129040 48392
47129627 3492
47131543 3492
47143785 3492
47152644 3492
47155107 48392
47157223 48392
47157964 3492
47161541 48392
47165306 115827
47165482 3492
47165612 48392
47169329 48481
47171772 48392
47172380 48392
47172550 115827
47172581 48392
28774357 3492
47180600 48392
47185263 3492
47186629 48392
47187251 3492
47188790 48392
47204812 48481
47205043 48392
47205970 115827
47206395 3492
47211179 3492
47211218 3492
16227050 48481
47212900 3492
22365410 115827
47217136 3492
8795856 48392
47223601 3492
47226098 48392
28477177 48392
47230353 48481
47232361 48392
47240639 3492
47252572 48392
47253193 48392
47263075 48392
47280479 3492
9000793 48392
47281861 3492
47283811 48392
47287861 3492
47288969 3492
47291417 3492
47292038 3492
47293692 3492
47303804 3492
46822612 115827
2717913 3492
154284 48392
47306689 48392
2456242 48481
47307081 48392
47307706 48392
47309186 48392
47316568 115827
47317018 48392
47320299 115827
47322942 48392
8283343 3492
47334135 48392
47338639 48392
22420648 3492
47356650 3492
47358400 3492
47365724 3492
47372371 48392
47374176 48392
47374489 48392
47374668 48392
1184963 115827
47404485 48392
47406573 115827
47419950 3492
47422870 115827
47433598 48392
7611401 3492
10099189 48481
47440350 48392
47458600 48392
47472185 3492
47472538 115827
47485839 48392
47490101 3492
35746805 3492
16702325 3492
47492514 3492
47492978 48392
47494023 48392
9599069 3492
47497102 48392
47497490 3492
47498006 48392
47498470 48392
47499120 115827
47505909 3492
47510227 3492
47510664 3492
9585064 3492
47542173 3492
47552339 48392
47553374 48392
47553552 3492
2979300 3492
47563188 3492
47564363 48392
47569719 3492
47570110 3492
47575075 3492
47576877 3492
47581511 115827
47590120 3492
47604486 3492
47604512 48392
3045190 48392
47604581 48392
47604582 48392
7645692 3492
47606503 48481
47607664 3492
47610550 3492
47624519 48392
47624845 3492
47625040 3492
47631302 3492
47648225 3492
47651113 115827
47652628 3492
47683438 48392
47691146 3492
47691837 115827
47693560 48392
47715537 48392
47716126 48392
47716137 115827
47723970 48392
47774168 3492
47783672 48392
47793242 115827
11288614 3492
47828977 48481
47843728 3492
47846082 48392
41157645 48392
47858826 48392
47863883 48392
47870383 3492
47889606 48392
47897903 3492
47907213 3492
47915904 3492
47915905 3492
48009057 3492
7835703 115827
48050426 3492
48076734 3492
48079918 3492
48133466 3492
48158806 115827
48196973 115827
48213988 3492
48231741 48392
48231936 115827
48232248 48392
48233204 48392
48236595 48392
48239283 48392
48239428 3492
48239680 3492
48241538 48392
48247133 3492
48273873 115827
48288431 3492
48384466 115827
48515362 3492
48517855 48392
48518123 48392
48533258 3492
48534845 3492
48538658 3492
48557635 3492
48580187 48392
48719258 48392
48760240 3492
48821190 115827
7554595 3492
49067856 115827
49108725 3492
49114440 3492
49114787 48392
49182581 48392
49202814 3492
49508518 3492
49537949 115827
49541928 48392
49611131 48481
49618866 3492
49729239 3492
50053154 115827
50061942 48392
50068825 48392
50243280 3492
50660073 48392
51751644 3492
