100480 100483
678722 678729
687019 687021
850120 850122
1171645 1171649
1187702 1187704
1468888 1468890
1537754 1537760
1570868 1570874
1673039 1673043
1681953 1681957
2139509 2139511
2139514 2139517
2139522 2139524
2139528 2139532
2139556 2139557
2139560 73930
2139564 2139566
2139587 2139589
2139593 563995
2139730 2139731
2139782 1214739
2139793 2139795
2139823 2139825
2139835 2139837
2139838 2139839
2139894 2139895
2139903 2139905
2139947 2139949
2139971 591138
2146421 2146425
2146844 2028594
2146936 2146938
2147900 2147902
2148192 2148193
2148257 1010283
2148742 2148744
2148878 2148880
2148891 2148893
2148977 2148979
2149131 2149133
2149320 2149324
2149701 237518
2150020 2150023
2150974 2150976
2151487 2151491
2151524 935352
2152284 2152285
2156306 2156308
2157138 2134242
2157552 2157554
2157740 267864
2158302 2158304
2158927 2158929
2164155 2164156
2164238 2164241
2164968 2164970
2166136 2166138
2166408 2166410
2166594 2166596
2167538 2167540
2168021 1978333
2169405 1778932
2169788 2169789
2170343 2170345
2172594 2172596
2173475 362582
2173486 2173489
2175451 2175453
2176303 2176305
2177110 2177112
2177255 2177257
2177397 1399412
2178009 2178014
2179343 1877689
2180945 2180946
2181440 2181441
2181831 2010338
2182404 2182406
2182967 2182969
2184462 2007616
2185506 2185508
2185544 2185550
2186572 2186575
2187287 2187289
2187779 2187780
2187782 1032725
2188315 2188316
2188355 2115299
2188500 2188502
2188844 2188846
2189386 2189388
2189919 2189925
2189941 2189946
2190072 2190074
2190188 2190190
2190250 2190252
2191444 2191446
2192140 309091
2192195 2192197
2192514 2192516
2192719 2106552
2194729 2194731
2194795 2194797
2194929 805259
2195614 2195616
2196026 2196030
2196530 2196532
2197004 1291476
2197121 2197123
2197214 2197216
2197425 1660230
2197439 2197441
2197590 2197592
2197665 2197667
2197879 2197881
2198286 2198288
2198336 2198337
2198570 2198572
2199153 2199155
2200158 2200160
2200704 2200708
2201393 1410689
2201981 416284
2202067 2202069
2203321 2203323
2203547 1788545
2204863 2204865
2205663 2205665
2206550 2206552
2208649 2208651
2208845 1575571
2208994 146615
2210077 2210079
2211247 1983399
2212632 2212634
2212765 1648971
2215192 2215194
2216594 2216596
2216892 2216893
2217184 2217187
2217385 2217387
2217920 2217924
2218998 1081696
2219162 2219166
2219301 2219302
2219489 2219490
2220288 2220289
2220454 2220456
2219000 240828
2220970 2220971
2220990 2220992
2222249 2222250
2222784 2222786
2223519 1435477
2223576 2223580
2223939 2223941
2227087 178004
2227611 2227613
2227614 2227615
2227942 2227945
2228543 2228548
2229280 2229282
2229601 2229602
2230246 2230248
2231075 2231077
2232264 2232266
2232313 1317984
2232874 1850550
2234993 2086958
2235987 613095
2236979 2236981
2237480 2237481
2239096 2239098
2239469 2239471
2239541 2239543
2241013 2241015
2241523 2241524
2242105 2242107
2243793 1114343
2244360 2244362
2247152 943864
2247322 2247324
2248008 2248009
2248636 2248638
2248708 289577
2249555 2249557
2250549 2250551
2250727 2250728
2251893 2251895
2251947 2251949
2252917 2252919
2253117 2253118
2253750 2253752
2254420 2254422
2254433 2254435
2257511 2257512
2257698 2257700
2258680 2258681
2259400 330753
2260326 2078920
2261437 1653015
2261454 2261456
2261457 2261459
2262668 2262670
2262877 1522738
2263245 877916
2263624 2263630
2263917 2263919
2266337 2042387
2361936 2361938
2476098 2476102
2717787 2717789
3267641 3267643
3286782 3286784
3287416 3287418
3287584 3220604
3378740 3378741
3438529 3438530
3438591 3024723
3438593 3438596
3438600 36445
3440208 3440210
3440211 1435353
3440451 1161988
3440466 3440468
3440576 3219330
3440665 3440667
3440848 3248786
3441042 3441043
3441139 3441143
3441380 1753968
3441431 3441433
3441538 3441542
3441565 3441568
3441572 3441573
3441864 20084
3442305 3442306
3442342 3442347
3442685 3228359
3442800 1479964
3442842 170826
3442883 2434628
3442955 3442956
3443010 3443014
3443012 2316860
3443034 3443035
3443037 3443039
3443098 3443099
3443131 1203346
3443382 3443385
3443465 3443467
3443534 3443538
3443572 3443575
3443585 3443589
3443668 3443671
3443830 3443831
3443843 3443844
3443904 973084
3443952 3443953
2185546 3444379
3444457 3444461
3444482 3444483
3444554 3444556
3444597 3444599
3446219 1800727
3446228 3321866
3446630 3109107
3446809 3446810
3446955 3446956
3447146 3207021
3447269 3447270
3447275 3447277
3447280 3447282
3447423 3447425
3447440 3447442
3447710 3447712
3447718 3447722
3441539 1291240
3447759 1283205
3447770 3447772
3447787 3447790
3447793 3447796
3447800 3447805
3441540 3448095
3448122 3448124
3448145 3448149
3448197 593743
3448204 1423912
3448404 3448406
3448416 3448420
3448452 3448456
3448553 3448555
3449085 3449089
3449158 1478863
3444458 1630345
3449386 3449388
3449460 3449462
3469846 3469848
3470537 3470540
3522543 3207767
3530122 3530123
3530125 3530126
3530128 329504
3530138 3398588
3530140 3530141
3530175 2298332
3538219 1121396
3560966 3446956
3576412 3576415
3757439 616627
3757441 1888052
3757537 3757539
3757546 914591
3757547 363198
3804204 3804205
3804308 2894495
2533906 4059759
4138319 4138321
4158780 4158782
4166749 2863747
4166842 157055
4167513 4167515
4168607 4168609
4171093 4171095
4171588 4171590
4171617 2451448
4171622 489487
4171630 4171633
4171634 4171635
4171889 4171891
4171956 326771
4172112 4172114
4172180 4172182
4172201 3434778
4172232 4172234
4172235 4172236
4172264 246255
4172295 4172296
4172300 4172304
4172308 4172310
4172357 2882149
4172397 4172398
4172688 1109558
4172721 4172724
4172748 4172750
4172767 4172769
4172813 2022063
4172846 4172847
4172866 2433285
4172875 2758713
4172885 4172888
4172939 4172944
4172949 4172952
4172959 4172960
4173026 4173028
4173048 1042250
4173082 650411
4173090 136850
4173124 4173128
4173224 4173226
4173232 4173234
4173263 4173264
4173293 4173294
4173348 4173349
4173351 4173353
4173368 4173369
4173412 4173413
4173473 1463567
4173474 1274668
4173544 688071
4173551 4173552
4173619 3012097
4173629 2614428
4173639 989997
4173641 4173643
4173788 4173789
4173874 4173875
4173901 4173903
4173918 4173921
4173922 722721
4173944 2843369
4173946 1383592
4174033 394131
4174126 4174127
4174185 4174187
4174193 3239723
4174220 4174221
4171623 4174260
4174281 1884426
4174303 4174306
4174378 4174380
4174410 3535312
4174420 4174423
4174434 4174435
4174452 4174455
4174516 4174518
4174539 2271902
4174555 2604622
4174561 4174565
4174572 4174574
4273722 4273724
4561982 4561984
4562017 4562018
4562795 4562798
4563408 4563410
4563517 347134
4564143 3526050
4565377 4565378
4600611 4600613
4723775 4723777
4735707 3043084
4736371 4736372
4757347 4757348
4761111 1295793
4761113 4761114
4761498 4761500
4761693 4761694
4762981 2212212
4763087 4763089
4790921 4790923
4791093 4791094
4791203 4791205
4791227 4791229
4791240 4791241
4791331 4791333
4791918 4791920
4791921 1096383
4791945 4791948
4793170 4793171
4793319 3244837
4793342 4793344
4793509 3552691
4977884 4977885
4977893 4977894
5060202 758759
5060241 3533056
5060386 3545877
5060401 5060402
5060583 723395
5060642 5060644
5060697 5060699
5060806 5060808
5060811 2808934
5060869 949249
5060958 937015
5060966 5060967
5060982 2845945
5061005 1445828
5061040 5061042
5061369 5061371
5062886 5062888
5064369 772048
5113726 5113727
5113728 5113729
5113730 5113731
5113733 5113734
5113735 5113736
5113737 5113738
5113739 5113740
5113741 4542898
5113743 2467064
5113744 5113745
5113747 5113748
5113749 3569852
5113750 4871969
5113751 2551823
5113752 5113754
5113784 5113785
5113787 5113789
5113792 1136343
5113795 5113797
5113798 108218
5113800 5113802
5113803 5113804
5113806 5113807
5113809 1280524
5113811 5113813
5113814 242015
5113816 202359
5113818 3758527
5113820 3788333
5113821 5113823
5113826 4178673
5113827 5113828
5114867 5114869
5594140 5594144
5823421 5823423
5823691 5823692
5844290 5844292
5844293 5844295
5844297 5844298
5844307 5844311
5844341 4100027
5844517 1503646
5844635 1715925
5846910 3831795
5846917 358381
5846937 2329980
5847102 5847103
5847104 3933355
5847146 1659823
5847168 5847169
5847178 5841731
5847192 5847193
5847194 5847195
5847197 4067603
5847212 5847213
5847272 4971266
5847426 5847427
5847512 5056030
5847698 5847699
5847702 5847703
5847720 2606933
5847726 5847727
5847746 1810222
5847766 5847767
5847772 5847774
5847777 5847778
5847782 3220251
5847784 4349096
5847786 5847787
5847791 5847792
5847796 5847798
5847799 655429
5847800 5847801
5847803 3290608
5847805 5847807
5847808 2521758
5847814 5847815
5847816 1513511
5847817 5847818
5847821 4300779
5847823 5847825
5847826 2360976
5847828 5847829
5847832 299921
5847840 5847841
5847842 5847843
6376820 786207
6401233 6401234
6404235 2851447
6404239 4298963
6404240 6404242
6404262 6404265
6404266 2718289
6404275 6404277
6404278 6404280
6404287 6404289
6404298 6404299
6404301 6404302
6404303 3535646
6404304 1771983
6404310 6404311
6404312 6404313
6404314 6404315
6404316 6404317
6404318 3298216
6404320 6404321
6813131 6813132
6813133 6813134
6813141 6813143
6813147 5382014
6816538 716391
6816856 6816857
6817000 1729372
6817049 4449467
6817057 6817058
6817059 2212793
6817060 6817061
6817082 1476347
6817087 6817088
6817090 6817091
6817093 249716
6817189 6817192
7077567 720071
4172887 1553317
7095845 7095848
7095849 2452377
7104083 2659164
7498621 3692694
7499763 7499764
7499767 1142105
7499786 5356347
7499788 3214372
7817546 3955237
7817548 4866900
8068818 8068819
1537755 8232949
8333789 8333792
9252701 1539497
1466971 339334
9390667 3987312
9398283 9398284
9463594 9463595
1570870 9504388
9591080 9591084
9791293 1894565
9812769 9812771
9812773 742679
9812783 9812785
9812794 9812796
9812801 9812802
9812815 9812816
9812817 9812819
9812828 7495045
9812835 8236992
9812925 9812927
9812940 9812942
9812962 3605074
9812964 2111911
9812975 8389301
9812986 75540
9812990 9357880
9812992 9812993
9813007 1306395
9813032 9813035
9813065 9813067
9813074 9813076
9817600 3513276
9817956 9817957
9818710 9818711
9818919 9818921
9820858 9820860
9821021 9821023
9821487 7153658
9822028 9822030
9822460 1390009
9822693 9822695
9822754 801916
9822842 5254388
9823107 430114
9823108 793512
9823411 9823416
9823603 6840235
2157743 832412
9825453 9825454
9826544 2873416
9826877 8945112
9827257 2001833
9828804 9828806
9830310 9830312
9830582 9830583
9830799 7377363
9833535 9833537
9833887 9833888
9834375 1803434
9835149 2293010
9836806 9836808
9839182 3288792
9841354 4087393
9841587 9841589
9841652 9841654
9842554 9842555
9842815 9649951
9842895 2598814
9843652 9843654
9844675 9844676
9844780 9844781
9845735 9845737
9847468 9847470
2203549 7949532
9847821 7175345
9848405 9848409
9848613 9848615
9849971 7403396
9849981 5008010
9850311 1281946
9850741 9850743
9851375 9851377
9851703 9851704
9852126 9852128
9852248 9852249
9852250 9852252
9852693 1895064
9853019 9853021
9853217 9853219
9853314 100614
9854172 4699109
9856076 9856077
9856601 3531419
9856833 9462440
9857709 9857710
9858116 3239766
9858213 9858214
9859030 9159762
9859218 87826
9860936 9860937
9861379 3532483
9862860 9862865
9863630 2373189
9863769 338785
9863878 801669
9864182 6556581
9864866 2996909
9866078 2406244
9866767 1891277
9868095 2469701
9830800 2179059
9869158 2621451
9870938 9870940
9872302 7376091
9872924 4057515
2151490 3965057
9874051 9874052
9874823 682476
9875490 9875492
9875498 3109349
9875708 9875710
9876500 1187693
9877187 9877188
9877633 543306
9877805 9877810
9878063 3604907
4172722 1140293
9878994 505537
9879391 618573
9879880 405458
9879942 8283302
9880614 9880616
9881300 9881302
9881427 7001911
9881639 2330918
9881812 9881814
9882173 9882174
9862861 9886003
9886050 178937
9886501 2776788
9887033 1554319
9887368 9887369
9887722 9887724
9887922 3073803
9888217 2976544
9888327 9888329
9888835 2229519
9888836 9888838
9889522 9889523
9890563 9890565
9891231 669260
9892880 564154
9892964 9892965
9893798 1327705
9893855 9893858
9894053 9894055
9894295 3215763
9894348 9894349
9894350 9894351
9894558 9894560
9895186 9895187
9895190 9895191
9896292 572105
9897997 2885085
9898622 9898624
9898768 9898770
9899586 9899588
9900168 1595515
9900413 7411856
9900639 6138160
9901425 422219
9901439 8689500
9902525 7023217
9902591 4130506
9903944 4721142
9904002 7290653
9904175 851004
9905648 3675854
9906479 9906481
9906589 9906591
9906880 5061608
9906957 5290274
9907171 148608
9907188 3202994
9907507 3553044
9907577 3466406
9908411 9908412
9908821 131992
9908997 429672
9909120 9909124
9909144 2204803
9909817 3245727
9909853 589657
9911488 799607
9913158 1955945
9913698 9913700
9914156 6097669
9914345 1897928
2196028 2689865
9915793 9915797
9916279 8264042
9918119 2495958
9918137 2259773
9919068 2654862
9920199 9920201
9920722 9103362
9920819 4722402
10077738 8496131
10083360 10083364
3447801 3422762
2186573 10263927
10309883 10309887
10323545 50233
10450673 888464
10453574 5000184
10514232 10514234
10587108 10587110
10688034 8746329
10805641 10805643
10807978 10807980
10884922 10884924
10943417 10660903
10943440 1362940
10943451 10943452
10943473 4480124
10945048 10945049
10945063 6900333
10945078 702396
10945550 4024948
10945580 5181198
10945711 3454084
10945745 10945746
10945838 3463906
10945895 2022883
10945904 10945906
10946104 10946108
10946207 968919
3446593 1118599
10946664 5975129
10946673 10215558
10946748 2023752
10946932 10750500
10947138 3463996
10947345 3607224
10947503 8791116
10947607 1513301
10947699 5326643
10947707 7170900
10947943 10947945
10947971 10947973
10948012 3978986
10948256 303438
10948352 6016942
10948622 1567661
10948773 3926547
10948835 10948836
10948862 2849196
3443132 3940139
10949062 1474008
4793341 10949849
3443573 10949918
10950154 863964
10950250 10950252
10950380 201540
10949063 10950383
10950492 710394
10950529 8961481
10950587 3232333
10450676 10950881
10951204 7709950
10951231 8874331
10951253 1751271
10951513 10951515
10951713 6726171
10951762 254433
10951868 1869019
10952072 10573609
10952213 2273927
10952262 3200363
7038557 835939
10952336 3276866
10952399 10952400
10952453 5244817
10952474 3204500
10952527 430533
10952598 4188971
10952656 4539774
10952796 9392772
10952969 10123796
10970424 10970426
10970453 10970455
11019030 11019032
11025233 10609386
11025236 1405238
11025243 11025244
11230243 11212510
11230247 8154629
11230249 404011
11271192 11271195
11271202 11271205
11271331 1687059
11271340 710011
2807313 1520917
11577277 11004571
11577292 11577293
11577295 8761871
11577297 5330634
11577298 11577300
11577452 11577454
11577560 6554856
11583429 11583431
11583870 11583872
11591723 572247
11596649 746065
11609969 11609970
11610049 11610050
11612174 11612176
11612259 2898314
11612533 2776619
11613703 1757128
11613875 9307866
11613884 11613886
11613890 11613891
11613898 5674386
11613904 11613905
11614090 11614092
11614096 10773698
11614237 1490378
11614311 9855611
11614317 10212013
11614355 1136077
11614394 4285571
11614398 11614401
11614427 7490561
11614439 5841655
11614450 636556
11614497 8240011
11614576 3242439
11614645 3459450
11614742 11614746
11614771 5842174
11614809 183441
11614848 6857267
11614905 4126814
11614924 11614925
11614934 2179810
11614938 1555329
11614947 940566
11615002 6842564
11615060 4078598
11615138 4811866
11615271 1892868
11615273 3953343
11615284 3189278
11615288 1651190
6817190 11615345
11615576 11615577
11615617 11615618
11615622 7432930
11615632 9381772
11615633 2055625
11615736 9442670
11615849 9166387
11615858 11615859
11615880 8566182
11615924 3438315
11615942 3530942
11615999 11616001
11616093 9222532
11616097 3671428
11616104 11616105
11616111 3942807
2228544 6012318
11616145 11616146
11616343 11616344
11616363 1764124
11616383 11616386
11616455 10803978
11616458 10337310
11690160 5980665
11740127 11740131
11969486 729921
11970202 11970203
12002968 12002969
12003552 12003553
12013841 9330840
12029208 12029211
12115681 12115682
12128556 5408599
12129937 5216382
12150225 5223664
12150415 2500821
12150501 12150503
12150518 12150519
12150524 12150525
12150597 2200668
12151858 12151860
12151864 12151865
12177241 12177242
12177403 1533118
12177439 4605239
12177492 12177495
12177628 8917175
12178110 3244996
12178164 1361195
12178176 4542888
12179662 12179663
12179665 3241504
12179696 9992930
12179741 12179742
12344716 12344717
12344728 12344729
12344730 12344731
12344732 12344733
12344734 11487158
12344748 12344749
12344750 12344751
12344755 4038090
12406711 5424201
12417520 12417521
12417862 12417863
12417975 755124
12417977 5332178
12418105 1980214
12418278 12418280
12418307 853529
12418314 2000140
12444812 12444814
12467442 12467443
12467444 11174841
12467445 12467446
12467447 3404603
12467448 4801085
12467457 12467458
12467459 9805058
12467462 1576761
12467463 1397159
12467467 10667455
12467468 9199821
12467469 12186403
12467471 3636874
12467472 3244116
12467473 10753421
12467487 7198993
12467489 12467490
12467492 2394658
12467494 12467495
12467497 827034
12467499 354563
12467500 12467502
12467503 11414551
12467505 600758
12467506 4651747
12468584 12468586
12468587 12468589
13113837 6897647
13133039 3933434
13133048 9446222
13133059 5130286
13133063 3224370
13133065 13133066
13133069 5146238
13133234 13133236
13133262 12003553
13133265 1648210
13133344 13133345
13135424 121057
13135437 13135438
13135559 13135560
13135613 1286163
13135631 13135632
13135649 5736445
13135654 1908619
13135657 10510667
13135660 13135661
13135664 190185
13135672 3280602
13135710 2491743
13136119 11001033
4174564 2608045
13136134 3736125
13136135 674466
13136139 883897
13136162 11490109
13136173 13136174
13136182 3084123
13136184 870668
13136186 13136187
13136191 3593957
13136194 13136195
13136197 2245729
13136208 2005388
13136209 1972254
13136217 1510075
13136219 3524240
13136221 3864386
13136226 13136227
13136228 1100162
13136230 11566565
13136231 11033537
13136232 155439
13136233 2079971
13136234 13136236
13136237 9864206
13136244 13136245
13136247 5591595
13136250 797869
13136261 1752907
13260703 3549598
13615873 4802413
13626425 13626426
13641496 13641497
13641504 13641505
13641506 11576288
13641523 136927
13644449 1443277
13644546 3200345
13644549 9783606
13644570 8880215
13644573 11091549
13644580 1799513
13644581 6908557
13644592 8836692
13644593 9535495
13644597 7043371
13644604 3253465
13644606 2822834
13644610 3704988
13644613 89468
13644614 4984668
13644615 1073763
13644616 13644617
14028320 14028322
14028357 3566713
14028372 10776195
14068197 199884
14214800 4092723
10952264 1222579
10945896 583221
14279457 9574073
3443011 4809876
11616385 6067984
14292441 9262691
14375060 8933389
14659092 2291891
14659093 12441189
14659099 10573585
14659105 14659106
14659115 12641673
14659116 9529123
14659118 4099967
14775725 9281336
14978807 5272800
15282307 2365459
15409278 15409281
15467963 15467964
8499092 15591656
1453539 770439
15703851 14578110
15827917 15827921
2164456 1460473
4769041 976316
16299378 3710538
16304353 2246687
16370072 16370073
16457274 2129583
2080644 16459321
1537756 16460158
1673041 16485568
16808172 16808174
16808175 16808177
16808178 16808179
16808199 16808201
16808206 11021641
16808208 3405637
16808229 1527955
16808246 2508720
16808294 16808295
16808296 16808297
16808299 6592894
16808305 16640213
16808311 16808313
16808319 10211091
16808324 16808326
16808377 190485
16808378 9195283
16808383 1986557
16808389 4768425
16808434 6378414
16808450 5335035
16813214 8936462
16813948 16813951
16815351 2453793
16815540 9318580
16815560 2733880
16815949 16815951
16816609 14564937
2201983 215206
16818122 574025
16818370 6268346
16818461 16818462
16818645 16818646
16818964 11424562
16819002 10180974
16819748 8251354
16819849 16819851
16820329 16820331
16820717 1669032
16821222 16821224
16821432 10763989
16821917 1138658
16823997 16823998
16824076 16824080
16824077 16824086
16824130 258688
16824150 7191898
16827767 2229282
16827948 418296
16828199 14168989
2189922 2584215
16831023 842504
16831217 3091554
16832669 10078619
16832829 9359844
16834423 16834424
16834904 2989238
16835797 3264241
16837323 4033237
16837714 3081482
16838267 16838270
16838491 1611054
16839982 16839983
16840252 6764784
16841108 16841109
16841509 16841511
16842449 16842451
2200706 893784
16843915 10321167
16844565 16844569
16845174 16845176
16845619 16845620
16846719 1633236
16847093 16847094
16847444 4741604
16848996 16848998
16849747 1130486
16849793 16849795
16851610 2593028
16851804 2087830
16852001 1838951
16852175 14358821
16852209 1945854
16853694 1887383
16853701 16853702
16853951 1210522
16854202 1626385
16854502 16854503
2139529 16855705
16857431 7334961
16858488 11129431
16859020 329153
16859420 16859424
16859486 479723
16860406 2625436
16863055 2603576
16863443 16863444
16863654 14537826
16863656 11218751
16865352 16865353
16865832 2140500
16865959 16865961
16866947 16866948
16866996 6855067
16867570 11877119
12460778 640771
16869425 16869427
16869579 16869580
16869861 3186527
16870269 9813067
16870859 104237
16871693 756902
16872170 1567985
16872265 16872267
16872366 15377980
16872631 4987072
16873630 12664523
16874841 16874842
12179697 1720245
16878282 7555178
16878702 1940414
16879462 850237
16879862 16879864
16880134 16880136
16880269 16880270
16881557 16881558
16881559 2396219
16881834 16370373
16882143 1552550
2170837 543854
16883194 4997953
16883262 89656
16883663 3212264
16883706 7360208
16883899 4643171
16884079 16884080
16884295 5323519
16885337 16885340
16885358 11350932
16885371 2443949
16885722 884402
9888218 3546660
16886352 5797404
16886418 1054090
2200705 16888214
16888774 9896587
16888811 7415034
9823415 16889904
16890291 16890293
16890330 1821902
16891922 11509345
16892065 16892067
16892172 16892173
16892404 16892406
16892768 6871121
16893111 16893114
16893174 13507502
16893240 2745171
16894767 265878
16895204 8188682
16895229 16895231
16895235 16895237
16895380 16895381
10952083 219302
16896691 16896695
16898352 10455004
16901165 16901166
16901418 11576951
16902249 15741852
16902384 2758320
16902403 1662068
16902416 1367868
16902996 9789845
16903104 15302032
16903312 11221214
16903817 1834044
16904178 16904180
16904368 3080074
16904493 10341378
16905056 11579635
16905705 1957061
16906466 9456498
16907331 3187608
2170421 16907628
16908611 1285818
16909334 7411588
16917333 16917335
16997751 16997754
2219163 17017406
17017404 17048061
10309884 15509650
17293210 17293212
17301606 17293212
10943474 1035351
17414385 2208318
10945581 4082138
17455038 10757742
17501665 5264446
17228182 8414677
17733140 17733142
17749219 3690991
17860792 4029882
17860804 6270336
17862403 16224915
3448148 1421843
10950531 9308684
17862735 11700954
17862775 17862777
17862790 12358660
17862851 2402488
17862922 12905430
3444459 17863042
17863045 1638059
17863272 9459542
17863343 4972904
17863377 10464358
17863393 9340464
17863652 9254953
17863701 10528849
17863867 11150140
17864019 1713519
17864169 2380077
17864171 17864172
10946105 3735177
17864413 237816
17864424 637186
17864570 3259683
17864628 17864630
17864691 8792216
17864785 9482022
17864946 8901528
17865011 2959403
17865100 13160634
17865167 9573707
17865543 2996649
17865566 9682255
3440849 2339168
17865621 17865622
10948014 13866255
17865735 13303116
17865766 17865769
17865802 3444556
17866521 10775363
17866616 11094244
17866790 2304431
17866839 4087776
3443587 10036933
3443535 17866906
3446305 8064476
3440850 17867321
3447329 3242135
17867615 4434337
17867676 11167193
4171624 8244950
17867907 1010734
17862924 3978880
17868005 3810995
17868067 5305023
17868123 17868125
17868456 8141195
17868459 2866892
17868481 3724915
17868487 15610325
17868520 10015631
17863041 17868585
17868610 9742555
3443919 10498057
17868770 4454277
17869065 566869
17869183 914115
17869357 2828437
17869517 14377698
3469540 17885772
17933124 17933125
17937276 2569615
17937278 17937281
17937282 17937283
17937285 1442676
17937322 13142657
17937330 8836762
17943148 6633264
17943150 648100
4059768 18082303
18090749 9328203
2247153 943574
18131785 18131787
18131793 2988260
18131794 18131795
18131805 14677357
18131806 1946032
10083361 18168541
18168638 18168640
5844310 18168660
18185420 1253407
4471389 18318639
9877634 1072733
18422926 15420437
18462803 3254777
18462815 1456784
18462933 14064800
18462955 18462957
18462955 16347591
18468230 1042207
18468290 3443224
18470624 4328138
18486506 12601806
18492206 10350882
18493944 18493945
18494691 5147043
18494720 17490702
18494855 8251849
18495014 3199946
18495486 7106007
18496428 1843647
18497028 18497029
18497063 7347261
18497064 18497065
18497070 940757
7088897 507552
18497481 11993875
13136120 18497504
14247151 2805266
18497562 2436898
18497585 14597316
18497622 8816872
18497715 16834281
18497753 4842919
18497770 3627199
18497782 4809455
18497811 18497812
18497829 10807933
18497873 9495211
18497980 3246145
18498015 5005678
18498070 4591697
18498141 18498142
18498231 2331714
18498233 3241377
18498237 18498239
18498329 9417913
18498389 17448257
18498446 18498448
18498451 3631359
18498572 18498573
7077569 1160805
18498674 12731986
18498698 18301184
18498705 15882293
18498715 2246830
18498735 2067106
18498779 18498780
18498833 15891529
18498919 10790081
18498965 11034735
18499008 1423540
18499027 9735266
18499089 3040644
18499102 3696895
18499180 5970553
18499237 18499238
18499246 3617420
18499260 4843211
18499352 1083532
18499355 792360
18499373 12352734
18499475 8619888
18499486 15995002
18499549 18499550
18499561 3572510
18499570 3701016
18499601 8787044
18536151 7428060
18585559 18585560
18829356 3070403
18834398 215920
18834821 9816397
18834866 18834867
18834878 18834879
18834899 572049
18836016 18119987
18836040 10914064
18867407 18867408
18883945 4858181
18973661 9874977
18974217 3449715
18997286 18997288
19004295 6545950
19004296 799295
19005987 987123
19005991 728347
19005992 19005993
19006015 19006016
19006380 19006381
19006418 7368232
19006422 19006423
19007436 1704518
19030448 5131099
19030547 2491133
19030552 13104836
19030573 19030575
19030674 19030675
19030700 4299989
19030932 3241544
19031216 4906815
19031252 3606831
19031280 10535012
19031304 19031307
19031327 17963054
19032458 14054710
19032582 17661987
19032613 6446800
19032675 19032676
19188157 19188158
19256536 1805760
19256588 19256590
19256696 448737
19256821 6357642
19256862 19256863
19257041 4170765
19257081 4252624
19257092 10821714
19257096 12662338
19257133 19257134
19257169 244876
19257182 9059724
19257183 5334587
19257184 2931147
19257195 1522527
19257199 19257201
19257218 16338956
19258716 19258718
19303648 3210862
19303649 19303650
19303651 13052254
19303655 6352738
19303658 11672728
19303659 19303661
19303662 3672626
19303663 6913381
19303665 9425056
19303666 19303667
19303668 17294800
19303669 15599030
19303684 1492065
19303688 708413
19303690 180851
19303692 7615472
19303693 11870548
19303694 13694121
19303696 9041238
19303698 16771382
19303699 3545439
19303701 741683
19303702 10317845
19303703 17682674
19303704 3273468
19303705 2079281
19303707 19303708
19303711 2800375
19303713 3534724
19304961 11234379
19910107 3256796
19927760 19927761
19927762 14603681
19927838 19927839
19930041 9680532
19930168 19930169
19930197 19930198
19930200 19930201
19930207 19428100
19930208 1746623
19930210 393534
19930211 742930
19930213 11280360
19930216 3118928
19930226 4561953
19930227 10950198
19930276 8669666
19930282 19930283
19930295 3675269
19930296 4300664
19930297 7534361
19930304 2424452
19930593 2487926
19930594 19930595
19930597 19930598
19930600 1531729
19930601 576999
19930606 19902874
19930610 11385665
19930613 19930617
19930622 7432108
19930623 3540424
19930624 18817247
19930628 7152218
19930644 7172181
19930647 19930648
19930651 7289730
19930652 2631355
19930665 8683269
19930667 12136268
19930669 12187149
19930673 5850606
19930677 10033964
19930679 19930680
19930693 4077179
19930694 5592312
19930695 19930696
19930703 16015909
19930705 14518832
19930709 19930710
19930711 146487
19930729 19930730
20286324 16372552
20375672 3644931
20406666 20406667
20406680 20406681
20409400 1468661
20409442 2086337
20409450 1176202
20409462 6137114
20409475 20409476
20409506 2380553
20409508 1984873
20409512 20409513
20409515 1418806
20409518 2322582
20409521 5684170
18498072 20409542
20409547 203190
20409555 8983683
20409559 17530657
20409561 421335
20409563 20409564
20409565 1773160
20409577 4590583
20409580 4228547
20409581 9239343
20409582 7472766
20409583 3639935
20409586 13850199
20409588 17678544
20409589 6368007
20409590 6896891
20409597 2317290
20774535 12740898
20774573 10326239
20774846 20774847
20778232 3231476
20778326 20778327
20778331 9530260
20778378 3779685
20778379 3028276
20778463 7432361
20916703 9650470
20949975 1970434
20967618 20967621
20969796 2209848
21003033 8365449
3443536 2496564
14279458 10210228
7095850 18872998
21026811 21027064
21034450 9274150
21200831 21200832
21205150 3221718
21383993 2408649
21383994 3230605
21384006 9251740
21384008 14353712
21625005 4781774
21687951 21687952
21687956 2476372
22156967 22156968
500144 18358150
3094740 22493754
22527841 1903507
11614526 400184
22554209 22554211
22651366 2652532
8878690 22070825
16835427 4332211
22875345 22875349
12920519 3135199
22970917 4016258
22988046 22988047
22493748 23000594
23021239 3042103
1570869 23157064
23366259 4216227
23368212 23368214
23426491 1926905
23426496 8155520
23426521 15485875
23426525 2485214
23426534 963408
23426550 23426551
23426617 23426619
23426667 4840308
23426674 23426675
23426699 9404526
23426701 23426702
23426704 11891763
23426708 23426709
9893857 23426723
23426729 23426730
23426735 23426736
23426743 1418661
23426748 18339233
23426757 1747194
23426761 10336937
23426764 1661200
23431071 6764598
23431722 8833393
23432179 23432180
23432810 23432812
23433633 2654969
23434295 5615779
23434305 23434306
23434351 23434352
23434743 8740392
23435041 12004924
23435602 23435604
23435681 23435682
5582799 502737
23436038 1703194
23436595 23436596
23437017 955490
2192141 565786
17868589 9193161
23439757 23439758
23440257 23440258
23440582 12921821
23441315 7996762
23441845 3973393
23442692 1473253
8932066 2816193
16844570 23442932
23445169 4909819
2189924 2557088
23446688 11010971
23447976 12609504
23449622 11759943
23450098 1801522
23450152 2001265
23451401 2294063
23452213 17052746
23452235 2046766
23452496 23452497
23452852 3465379
23452888 2461749
23453297 23453299
23454219 22569580
23454621 2892863
23456540 2068102
23457033 8512692
23457167 1925139
23458954 2499461
23459633 3125738
23460883 8526569
23461982 49785
23461986 16693366
23463082 5597583
23463782 3663333
23464417 23464418
23464716 8422761
23464721 23464723
16895541 14344318
23465114 2804482
23465559 6899821
23465845 23465848
23465974 415040
23466228 8613528
23467068 23467069
23467176 8687582
17937279 8986035
23467640 1506026
23468132 14585083
23468905 15395272
23468995 23468996
23469026 23469027
23469940 3896399
23470728 3716538
2227943 1776984
23471888 15779299
23472861 23472862
23446238 6409313
23473134 511922
23474844 1202796
23475956 3104378
23476431 1088148
23477093 5588272
23477574 23477575
23478133 3708270
23478605 23478606
23478959 2026700
23479878 8212040
23479893 23479894
16843564 2196791
23480051 9323795
23480658 7278480
23482217 2748944
23482592 3684404
23483157 10793757
23483674 23483675
23483698 23483700
23483834 11047202
23485846 23485847
23486797 23486800
23487028 23487029
23487366 1678638
23487627 1409515
23488393 2553076
23489332 1273891
23489932 453298
23489968 6589690
23490740 1762730
23491301 1184325
2181832 2746747
23493618 23493620
2220857 2746848
23494389 23494390
23494745 23494747
23494871 6781947
23495132 9160878
2196027 2550421
23497709 2239357
23497939 23497940
23499753 23499754
23500074 468899
23500863 10900237
23501166 23501167
23501197 23501199
23501701 16335903
23501913 1580627
23502365 6620813
23503832 23503833
23504728 4629323
23505053 2456577
23505062 370686
23505188 19215436
23505272 23505273
23505329 23505330
23505909 2229519
23506137 23506138
23506566 1713556
23507025 3576192
23508320 23508322
16884296 14648703
23508748 9000958
23509918 14649184
23510892 23510894
23513535 23513537
23513578 6899067
23513650 23513652
23513693 1301397
23514269 15303361
23514878 23514880
23515991 12554011
23516861 23516862
23517248 9534424
9886052 367753
23518844 16854503
23518916 13546268
23519579 2973400
23520272 3248527
23520456 168756
23520663 3264301
23521791 23521792
23521912 23521913
23522684 12732787
23523375 23523377
23523636 3202289
23523719 23523721
23692163 23692164
23811094 9767942
23827836 246193
23827905 23827907
17048059 23972318
24003680 24003682
24106280 24106284
24194054 4797400
24312740 17349364
24320549 24320551
24363903 4986604
24379740 1367493
24423164 8062168
3440779 322266
24423171 10521569
24423177 7204375
3448147 2711463
10946751 1307584
24424670 6646394
6404307 1979535
24424970 3238822
24425033 10546540
24425041 17953815
24425071 2413016
17868704 24425236
24425292 2086468
24425323 3528098
3444378 13848999
24425402 11061369
24425499 7423861
24425514 4998003
3442344 14116787
3448205 7684848
24426074 8809712
24426093 11065362
24426126 270995
24426158 9120802
24426277 3845677
24426420 7433635
12179698 3703992
24426515 1437367
24426567 16117564
24426715 3649606
24426890 2092295
22527843 16034539
10948864 24427078
24427120 802025
24427129 16699897
24427326 11672245
24427352 13656862
24427354 14953117
17868584 16928761
24427672 7510844
24427698 3236461
10943475 20930141
17864786 1109574
24427827 2628467
24427931 18745483
24427934 6868727
24427974 9620069
24428807 8815905
17864787 5049713
24428834 3246815
24428846 9447737
17868457 11020045
24428866 24428868
24428877 9880511
24428899 24428900
20409519 12754670
24429011 10945906
3442843 3267643
24429207 2639812
24429258 14078866
24429288 2045181
24429316 9611739
24429318 8739174
24429376 8954314
24429401 4639528
24429641 3083186
24429669 16330911
24429691 4522854
24429716 6038070
24429717 3529774
24429723 8574766
17865019 24429728
24429733 11738905
17867599 4036233
24429830 1171834
24430097 24430099
24430231 11434451
24430419 15935321
24430616 13012129
24430634 10731480
24430692 9833920
24430804 17538857
3446304 6512802
24430983 237969
24428855 3954608
17864360 19215321
24431362 9903470
24431450 70758
3754475 24447772
24448453 24448455
24448756 24448757
24449013 24449015
24449212 24449214
24479264 18133152
24498082 10092534
24498086 9616863
24498088 16651058
24503699 24503700
24503709 8898406
24503711 2630648
24686050 24686051
24686091 1958315
24719979 3679358
11271203 24720031
24720048 24720050
24720065 24720067
11511406 24720130
24838511 24838513
24968175 9483955
25005136 836706
25005145 1505241
25005427 25005429
25018831 11009942
25019032 10664358
25035343 25035345
25035850 1628138
25036440 16336868
25037526 3745959
25037553 1478369
25037624 1595125
25038998 10766563
25038999 3031966
4174259 9186590
24427936 13669558
25039006 3233173
25039015 2677161
25039231 8682731
25039360 3975027
25039402 14605864
25039406 10777540
25039424 16762469
25039432 2108538
25039447 3707609
25039453 23564573
25039477 10330298
25039500 21226659
25039505 7962665
25039662 9228583
25039706 17932965
13644587 25039750
25039761 2333994
25039763 21340501
25039764 23360291
25039773 3946350
25039785 10974384
25039849 3526246
25039855 23131163
25039863 2665776
25039900 19248272
25039933 17932439
25039949 472276
25039976 11061928
25040000 1391593
25040016 1679260
25040043 25040044
25040100 3953860
14246770 15382773
25040158 743095
25040170 4029237
25040219 9495239
25040246 2000948
25040263 9522671
25040275 9862123
25040292 4541973
15409280 11338576
19030450 5724709
25040367 1689032
25040385 1656940
25040388 4877103
25040486 8368009
25040514 9184724
25040515 2404931
19930612 6124823
25040529 19256955
25040560 6638942
25040568 10262909
25040570 4679155
7079020 4017997
17865662 14377172
25040667 14365866
25040727 10428540
25040743 3150920
25040744 17970910
7077568 518681
25040764 4043925
25040776 17534052
25040795 18374949
25040858 3203778
13644572 3680881
25040882 1089679
20409578 4588811
25041018 9083273
25041052 7162715
11614400 1500151
25041079 1223468
25041085 3244989
25041090 9263515
25041103 9535057
25041122 4245445
25041159 2509962
25041195 1371066
25041200 246154
25041215 762563
25041313 2901194
25041360 25041362
25041376 10411935
25041380 7527517
24431328 1164772
25046601 17305015
25167691 5729397
25362025 25362026
25362105 25362106
25362342 25362343
25362750 1641778
25363024 25363025
25363296 4170535
25363311 3248595
25388309 25388311
25399519 11199220
25524131 262475
25526035 25526036
25526062 1403403
25526092 25526093
25526094 16080757
25548143 1378052
25548199 11034051
25548342 2713245
25548368 25548369
25548375 3715135
25548432 12284017
25548441 7171285
25548758 10327029
25548891 23364153
25548921 15485387
25548926 12916350
25548949 9674323
25549954 6900566
25550043 8186083
25550050 17263586
25550206 14043673
25550233 8058848
10949011 3013091
25559986 25559987
25703386 6864140
25769494 25769495
25769571 19485683
25769669 1268320
25769838 3081106
25769924 1242266
25769967 25769968
25770105 561939
25770107 10522507
25770112 1082652
25770227 3614205
25770281 25770282
25770389 17287125
19930615 16275939
25814443 6320974
25814444 1466875
25814445 17415149
25814446 7226822
25814450 16609435
25814451 21325270
25814453 3568775
25814456 8393483
25814458 25814459
25814468 8871496
25814469 22027090
25814470 25814471
25814484 5048963
25814489 2009660
25814491 4987803
25814493 1966575
25814495 11730686
25814497 7458991
25814393 14597381
25814500 3758581
25814501 11471283
25814503 13624565
25814505 25593145
25815415 22026345
26395678 11011327
26396604 26396606
26396607 16369099
26396610 14614143
26396611 19341055
26396661 26396663
26396792 26396793
26396842 17747117
26396854 3679655
26398830 26398831
26398832 10010818
26398968 4589660
26398978 11706776
26398985 10748204
26398986 11390988
26398995 8586721
26398996 11412941
23515993 1303689
26399013 5847213
26399017 3016226
26399065 11611606
26399068 1079796
26399376 11034993
26399385 10782001
5847723 11080985
26399388 3921136
26399392 26399393
25040525 17437102
26399403 7442178
26399405 21434350
26399429 16675364
26399440 14187588
26399445 5404656
26399448 18626039
26399449 6546455
26399453 9615432
26399457 23972097
26399459 10547368
26399465 11080939
26399466 3445416
26399472 26399473
26399476 2745362
26399480 11038320
26399489 1443650
26399491 18254290
26399496 10112828
26399498 11026121
26399499 10555183
4791946 16411390
26399504 15495547
26399506 10764698
26399512 18203053
26399514 404411
26399520 2075377
5582797 797814
26770729 502377
26814244 3539284
25041216 3303765
26841642 11891293
26841727 4662449
26856104 2398134
26856162 9697101
26856175 2244017
26856182 26856183
26858885 2648991
26858918 3272232
26858919 21345821
26858963 6919467
26858968 4007981
26858982 2866757
26858983 2980120
26858984 8613389
26858985 11706273
26858986 19194465
26858988 4865407
20409520 1430754
10949010 2406227
26858995 19044810
26858996 26858998
26858999 2054617
26859005 98437
26859015 4013448
26859025 3635970
26859028 26859030
26859031 8174918
26859039 6420031
26859040 4800279
26859041 728549
26859042 10290010
26859043 10764824
26859044 3242431
26859046 17670503
26859047 970818
26859048 26859049
26859050 9773215
26859054 3227592
26859055 6834976
4172886 9748452
26871256 5287974
27212769 12730192
27216125 194106
27216266 20354588
27216271 1873914
27216285 1135446
27341277 3551517
27347455 10162513
20967620 20537252
27399328 1557948
24427935 6834638
4173126 15669134
4172301 16455922
18498921 23231808
27801990 5175660
27801991 3728152
27801993 3254265
28072056 10257971
5850822 7412305
28394161 187004
8878689 28485749
28539088 28539090
28549656 17700527
28797395 1513128
28857222 2761083
15402425 22597357
29227934 202086
2217922 3958053
1673040 28713055
18401237 563216
2060880 29347444
16824078 29505790
29512716 3954762
29615285 923088
29768492 1024778
29768501 4164190
29768512 2319293
29768514 9765220
29768519 3012695
29768523 24183167
29768592 1671728
29768608 18457456
29768617 4591211
29768665 29768666
29768669 1542717
29768689 795227
29768691 29768692
29768694 29768695
29768732 29768733
29768761 2566091
29768790 4982435
29772481 9841864
29772781 3542671
29774040 942918
6053124 780839
29775423 25931472
29775533 2323894
29775768 4271288
29776280 16531616
29776448 29776452
29776820 1149513
29777496 9116927
29777563 29777564
29777913 9599517
29778299 29778300
29778977 2543085
29779077 11164577
29779782 9394578
9902526 4304270
29780356 1547105
29780846 19486338
29781405 29781408
29781901 8943603
29781909 2841257
29782280 29782282
2139530 29782434
29782670 1094317
29784057 22998536
29786292 3828782
29786300 1036823
29786566 101949
29786858 2370758
29787695 29787696
29787781 627719
16855704 29787924
29789636 29789637
29790111 3559175
17860799 4143075
10947047 11631681
29792492 2547110
29792936 9500350
29793147 9209157
29794075 2818176
16885372 1912440
29794827 1277530
29795016 11407329
2190980 7298543
29796384 7641209
29797442 586609
29797868 2455200
29798635 3414834
29798715 3200922
29799412 7439012
29799430 1683651
29799511 13742137
29799780 22088942
29799894 29799895
29800044 5144571
29800794 29800795
29801078 435802
29801096 9211063
29801382 954864
29802604 3778957
29803084 29803085
29804015 23218450
29805190 3988309
29805564 2170010
29805785 17685252
29807716 1201770
29807895 373486
29808002 15676661
29808065 23387473
29808569 29808570
29808648 2303158
29808826 9452211
29810541 2466036
29811196 29811198
29813034 3638026
29813089 29813091
29813641 12177444
29814422 3041591
29814456 3535040
29814582 9692959
29815398 4127684
29815453 273205
29815504 2885384
29817150 1520933
29818919 29818920
29819175 3999058
29819423 6377135
29820065 3744705
29820603 12717108
29820823 2436965
29821297 1715168
29821298 1422661
29822026 29822027
29822209 16465984
29823975 2545013
29824256 908729
2217921 3675344
29824640 1442339
29825189 29825190
29826295 1664156
2263626 29826327
29826915 29826916
29827504 11061704
29827590 240828
29827613 2893975
29829436 4450178
29829551 29407114
29829579 29829580
29832279 29832281
29832608 18497029
29833053 4057885
29833510 29833511
29833639 29833640
29833943 1614130
29834416 9341666
29834686 29834687
29835376 15359025
29835433 29835434
29835702 3639735
29836196 29836197
29836198 15797603
16889903 29836967
29837086 139582
29837152 3836760
29837382 150891
29837743 1933748
23456282 1005164
29838583 9999362
29839099 29839100
29840324 5755012
29841084 1698454
29841512 4891215
16888213 29841770
29842032 16051389
29842620 29842622
29842623 18620013
29843156 2987664
29843231 7752020
29844485 29844486
29845236 29845239
29845391 462878
9886051 1268128
29845948 25761660
29845950 10524783
29845966 29845967
9906881 358771
29848126 307182
29848701 7291387
29848867 11466665
29849024 2884141
29849490 16451072
29850222 816833
29851186 8197988
29852818 29852819
29853796 2847889
29853848 29853849
29854111 7199509
29855239 10062297
29855362 29855363
29855477 21269864
29856572 29856573
29856883 1184942
29857075 1151426
29857099 13595078
29857254 29857256
29857363 1935056
29857653 359586
29857700 3336876
29858793 834550
29841768 29858905
29858906 2638100
29859515 19481757
29859564 4725860
29884350 29884352
29942975 11063024
10952082 2109610
18082302 30167283
10309885 30194200
30209124 30209127
24631095 15267779
30429244 30429246
30478540 24513408
30603609 30603610
30680686 30680688
30704355 1502722
30724879 12707897
30724891 1906919
30724918 8058826
30724919 6360832
30724921 16202474
30724922 6871201
30724936 3650153
30724938 7204219
30724979 28290461
30726361 593374
30726381 10137988
30726427 14597570
30726713 288035
17866520 2831221
30726810 3215978
30726954 6219771
2185547 8670044
30727166 9121331
30727229 25565856
30727260 486798
30727287 24274330
30727305 4560188
17864572 10333303
30727568 6853658
30727866 821961
30727980 3713160
24431244 7186249
30728041 7631080
30728094 8061458
30728117 7923589
30728229 11007872
3530177 808251
22527844 8922363
30728496 5302330
17867405 1798675
30728728 9291415
30728787 19279102
30728810 3231799
30728868 23738865
3448417 6648032
19930607 3430312
30729348 39128
30730062 18122044
30730081 7198876
30730169 10744659
30730193 3567001
3447723 3862944
30730324 16145155
30730424 16326961
30730562 11358512
30730639 5007270
30730644 1360298
30730647 820012
30730650 4714339
30730742 10742723
30730882 21089420
30730897 8062245
30730916 8901400
30730981 1899003
30731006 9047948
30731067 8060302
10948863 1421428
30731323 18136227
30731489 9546895
30731492 1987766
10947708 12050862
10129979 24280200
30732065 6834513
30732261 11079977
24429771 9106622
30732347 7423525
30732392 13540483
10951255 16448106
30732725 16368270
13609785 3692858
30748501 30748502
30748816 30748818
30749008 30749009
30749264 30749265
30796474 5740426
30796489 6292076
30796491 5332836
30796492 1234851
30796499 24650475
14292442 10294236
30796510 1716448
30799597 30799599
30981511 1629334
2139562 8146734
30981512 18875293
30981521 4999583
30981524 2761083
30981525 3686046
30985463 30985464
11511418 31012322
11511417 31012382
31012449 1154821
11271193 31012458
31025186 302624
31236816 31236818
31239276 16971257
31294921 31294922
31307928 31307929
16844571 2357102
31324553 7448323
9822755 710429
31325622 3268313
31326824 5333060
31327002 2130788
31327016 12205048
20974238 172128
31327032 3257179
31327155 9166875
31327173 672246
31327250 8848722
31327328 798512
31327330 1992517
31327357 1145024
31327366 9760104
31327444 3631511
31327451 3240757
31327463 8496497
31327542 4172769
26399390 24278805
31327676 8829449
31327711 23723585
31327729 3535322
31327747 3212355
26399396 4436908
31327804 4250734
11614429 9156304
31327831 1987384
31327929 3437061
31327934 14626497
31328051 5004199
31328090 11099179
19930602 27295954
31328346 1400175
31328369 11525690
31328375 4303716
31328379 6087851
31328392 3951776
31328419 31328420
31328459 3551161
31328657 1551145
31328662 11459231
31328732 2434550
31328743 1603846
31328756 18414864
31328762 5306798
31328768 2114389
31328830 1625403
31328876 6448643
31328947 4976077
31328979 14047321
31329062 17918264
25041382 3253551
2228545 4028158
31329137 4453843
31645815 31645816
31646033 4244513
31646152 31646153
31646155 1158457
31646769 31646770
31647203 10013899
31726487 31726488
31774607 18067414
31775030 407374
31785384 18001133
31786467 23124677
31804151 31804152
31805764 2894004
31805833 31805834
31805887 31805889
31805898 31805899
31806772 6253901
16875560 1621213
31826903 19770882
12177494 1668770
31827180 16249330
31827188 10046166
31827266 11375930
31827296 359920
31827383 3812548
31828721 14598192
26399502 10062109
31828974 15365191
31848080 7466328
31975938 31975939
32030512 5449214
32038240 32038241
32038446 8307257
32038494 9872848
32038523 4460135
32038532 1833556
32038541 32038542
32038558 32038559
32038836 22933262
32038944 32038945
32081738 14313875
32081739 672951
32081740 1006729
32081741 28419111
32081742 7906912
32081743 2495139
32081745 1510555
32081747 21125060
32081749 8277126
32081752 15508872
32081754 1635229
32081755 16384027
32081756 1603809
32081758 3679271
32081759 11231110
32081760 9022549
32081761 22493926
32081762 11062544
32081763 10553284
32081767 1846755
32081770 1089423
32081772 1552628
32081774 10235178
32081776 871307
32081778 972740
32081780 15254164
32081782 1599947
32081784 19440562
32081785 1784189
32081787 23193632
32081790 11013781
32081792 3227983
32081794 7110831
32082635 5068484
17868521 650338
32419158 712071
32616227 10864201
32632740 5147062
32632788 19202986
32632875 3257362
32632884 3244760
32632984 32632985
32634855 4313922
32634858 11173861
32634867 3546180
32634872 11589235
32634991 30615211
32635004 4764186
32635011 7163195
32635012 10460807
32635014 3044866
32635016 2168734
32635018 19250594
32635019 6915290
32635025 9484674
32635026 10055235
32635029 538607
32635033 5057184
32635087 9761971
32635414 20422817
18497503 8413503
32635428 3675017
32635429 9759353
7095846 4591342
32635458 9018835
32635459 16605766
32635461 17481003
32635473 2647513
32635474 3249781
32635475 765147
32635478 3259496
32635479 14623525
32635481 3213120
32635484 7360448
32635487 10427183
32635488 4542763
32635490 30828316
32635491 18057360
32635493 3488097
32635495 3563002
32635497 4008805
32635504 5181375
32635506 2534598
32635512 2251035
19031306 22892404
32635513 2317515
32635515 21091082
32635516 16311694
32635517 739351
32635519 1504467
32635521 23726040
32635524 17711427
32635525 8060783
32635526 25523501
32635528 505233
32635532 1100162
32635533 8942873
32635538 1135436
9904177 3210444
32635541 9951602
32635543 3044485
32635549 3210932
32635569 8723722
32656830 1528863
32990823 27752636
33076541 4707053
33079201 1139931
26858920 3617353
33079230 1666977
33079285 4272507
33079287 26065442
3449347 2105174
33079292 10391692
6404263 13163204
33079294 9203934
33079308 9377483
33079318 11431874
33079320 1959653
33079322 9696638
33079334 4800380
33079335 11114763
33079336 23203487
33079337 7873153
13644609 28788084
33079338 22781457
33079339 8061078
33079340 10282843
33079342 22052900
33079344 7496481
33424060 33424061
33424091 17287634
33427417 4802729
33427419 23475822
33427420 17676371
33427518 3606598
33427519 4117574
33427525 6895804
33427555 5014818
33427557 25709059
33427562 7631085
31327931 1420647
33483303 2398278
33485685 1236677
27397986 4016200
24428847 5841664
10948257 14035357
18497442 11048669
18499571 1258986
7088952 14378233
31327930 16367356
21034451 10014916
7104084 22997125
33832601 21887121
33881565 22596318
34000920 6224028
34000929 10094924
34254485 2731473
34261988 19503918
34285702 18374946
34285703 850055
34285705 2079281
34285706 3589986
34482842 922092
34755540 34755541
1266411 4035216
35045693 12600116
24429735 7422571
35079571 26002485
35137739 25930054
33028611 12363067
35394006 35394008
35468281 8470340
35541359 5153902
35594699 35594700
23157062 35664428
35881763 123688
35920558 1839094
35920562 35920563
35920568 35920569
2139561 1011885
35920573 15296259
35920585 9670627
35920598 10690236
35920600 17513002
35920601 906152
35920637 35920638
35920639 1885397
35920667 15570484
35920668 1528562
35920671 2066256
35920699 35920700
35920709 35920710
35920721 124580
35920724 35920725
35920735 20327237
35920758 1955705
35924888 6854595
35926048 16208528
35926333 35926335
35926872 22006233
35927455 7479977
35927691 35927692
35927882 12090325
35928009 2505384
2170419 5158536
10945582 2107057
35929282 3527452
35930467 18385432
35930859 8701527
35932372 15302217
35933859 9432115
35934073 1771013
35934615 5396464
35934744 22338586
35935298 678729
35935469 8253485
35935533 15479116
35937882 17906248
35938315 1919706
35938472 35938473
35938571 23239015
35938870 34568790
35939018 35939019
31324887 1471472
15703854 24738322
35939678 3248932
29776450 35939688
35940420 35940421
35941403 35941406
35941833 15402106
35942555 1696625
35942618 35942619
35942863 8201567
35943261 10026370
9823413 13605988
35945435 24935292
35946044 2236177
35946124 35946125
35946844 3577460
35946846 1311510
35947032 18041539
35947355 6345076
2181833 1775189
35948158 2600893
35948227 35948228
35948647 35948648
35948758 1222380
35949238 35949240
16824084 35950265
35950803 10542952
35950886 35950887
35951550 35951551
35952752 3916259
35952799 4128093
35953319 917268
35953449 1135380
35955237 35955238
35955542 35955543
35956366 35956367
35956391 2476876
35960734 24250621
35961376 1224442
35961508 35961509
35962192 35962193
35962315 35962316
35962653 440943
2248710 545677
35963404 29385156
35963656 35963657
35964865 4305233
35965171 2160163
35965820 35965821
35965957 35782988
35965960 10214550
35966669 7821250
35966670 35966671
35966695 3201362
35966752 196995
35966816 2333565
35966991 17263873
35967837 1942745
35970132 35970135
16040027 11936970
35970830 3241549
9875140 2789420
35972241 235912
35972689 35972691
35972767 3206354
35974062 7391152
35974070 29320813
35974217 35974218
35974263 35974264
35974620 21352168
35974945 3708762
35975119 3012944
35975121 1526100
35975217 16235627
35975887 35975888
23506602 35975993
35976426 965408
35977175 2971387
2263627 35977552
35977623 35977624
35978503 6350579
35978524 2383032
2223579 14102887
35980495 5987575
35980808 211030
35981116 21298640
35981348 3255310
35981529 12664064
35981834 35981835
35981996 3541298
35982413 35982414
35982488 11144775
35983028 7515284
35983151 3682495
35983152 18481939
35984043 9984216
35985022 2369827
35985249 3218246
35985390 3122654
35985493 35985494
35985638 35985639
35985909 35985910
35985920 1159183
35986136 9279408
35986659 34779564
35987553 28396697
35988167 6540986
35988213 2999423
35988231 2651449
35988369 35988370
18168481 4490351
35989065 3545696
35989070 3051229
35989105 1492610
35989282 27744982
35989989 1692780
35990528 6450980
35990844 24686620
35990893 35990895
35991085 35991086
35992586 2107762
35993203 10623419
35994396 3756092
35994487 16514241
35995122 2237163
35995725 35995726
35996260 35996261
35997111 462743
9876502 515559
35997612 499647
35997646 8747133
2192142 6590655
35998006 19426606
35999800 1166904
2266160 481
36001326 9028094
36001553 1618985
23688643 9060664
36002385 3589285
4292727 19070464
36003098 36003100
36003131 2659828
36003799 2748027
36005276 36005277
36005305 2573417
36005352 36005353
23489969 2446639
36006454 10762917
36006466 2036931
36006751 2404801
36007388 3867227
36007714 36007715
36008128 36008129
36008454 10003126
36008586 36008587
36008764 6334268
30209125 36031530
10952600 251595
36076603 36076604
20967619 703834
3447802 1375566
31236817 36499691
36551328 36551330
36554297 3221777
36627423 8447858
10077739 15263226
36702124 10398510
36834828 12357431
36834852 2521933
36834861 14034148
36834882 5082976
36834910 3219224
36836541 9535753
36836549 16521718
36836679 4590658
36836689 2200483
36836828 9226054
36836906 17962188
24430232 17360914
10949916 2330014
30728340 13853811
3442343 17403680
36837125 2952739
36837174 16553577
36837396 9262719
36837435 17712566
18498390 928584
3448454 17126739
36837641 3553398
36837676 11021479
36837679 3209260
36837870 6834558
36837872 8536149
3449086 6895086
36837946 1075647
24430233 3525185
36838087 781698
36838115 1476197
36838234 9894113
36838247 1941808
36838273 15440635
36838298 12747747
36838346 842936
36838365 4963577
3441566 2922224
36838437 3832945
10946106 2494989
36838447 2436361
30732062 1609232
36838494 3232308
36838651 1650238
36838878 8390858
36839137 16781595
33607897 9869678
36839154 17423063
17865603 2804665
36840073 11169843
36840183 1590097
14229403 3123061
36840284 345737
36840414 5224202
36837540 1271230
36840830 1403657
36840856 3384389
24425042 17686300
36840980 1960868
36841053 2631068
36841108 8709841
24427131 3790975
36841198 9118130
10950155 23812261
26859010 4990637
36841755 3937753
36841775 9232708
36841994 9502629
36842095 23898362
17865768 15395374
7093057 1045968
10950530 10709580
24427072 8734932
36900126 5356043
36904400 16264314
36904406 8889244
36904407 4130731
36904421 2728405
36904423 4264351
36904425 3013618
36904426 10336481
36904427 2229224
23467303 11182388
36904430 9428268
36904431 3455277
27216286 18079476
9876501 2730941
37085444 8264497
37085454 7183077
37085458 9449849
37085459 1674932
37085460 3568563
37085461 10783620
37113189 104355
37113220 10752923
37315680 3510897
2807312 267533
10492094 22270372
17563095 410833
11614744 12201504
37389691 17116579
37389692 11476176
37389694 3998436
37389698 163637
37389707 37389708
37418663 1971549
37419595 17835927
37420382 32115131
37420939 3684783
37420943 16427268
37420944 5737980
37420945 5743836
37420946 12370727
37420950 4850130
37420951 14133824
11616123 2532193
37421202 3691095
37421233 2252708
37421236 3918131
37421247 15957471
37421328 2845734
37421341 4449512
37421366 1023774
37421378 494774
37421381 3253357
37421408 3210899
37421421 22117602
37421429 5348110
37421452 1104284
37421569 931670
7081397 6417849
37421703 3236884
37421730 18212588
37421736 6433595
37421757 1932270
37421759 9917698
33604181 16434914
37421791 4254254
11616098 3707721
26399160 716860
37421841 14784575
37421845 29273190
37421849 27531186
37421864 338963
37421868 2816742
37421889 18305593
37421893 6377290
37421954 25717605
37421966 7101470
37421990 582534
37422134 3225749
37422191 10259727
37422296 37422297
37422316 2221433
37422330 30087980
37422332 8713307
37422377 5256106
20968758 485741
37422467 3253683
37422502 22195740
25548376 10934942
11614939 19011671
37422561 7183327
37422563 2699734
37422645 4910342
37422690 7430459
4174305 8999793
37422705 7198918
37422711 4025177
37422724 11851395
37422806 6774662
37422846 2256259
37422852 24650658
37422939 3623834
37422991 8201532
37423043 16834281
1861173 5441213
37423074 8585657
37528819 30547610
37728090 3530608
37730673 1984663
37730695 22410538
37731052 2234286
37731280 2176042
37731651 23831557
37759506 7094223
37759509 196386
37828342 25256489
37867504 37867505
37868075 22888991
31328878 9271311
37868093 22807885
37868449 3550572
37883801 37883802
37886957 10914388
37886972 22874558
37887007 16237627
37887015 37887016
37888069 11221444
37888091 5409613
37906677 12753428
37906738 3569283
37906790 9844009
37906808 5605999
37906890 2064474
37906904 37364027
37421248 4477248
37907010 20258935
37907092 24652332
37907284 34729394
25550342 5012455
37908391 3711752
37908443 11716942
37908554 3953941
37908641 1341884
7095847 10593967
37908659 3428046
37975100 17671336
38051677 14983208
38051743 38051744
38051747 38051748
38051751 38051752
38051753 16865287
38098047 1896765
38112048 19485616
38112106 1434099
38112247 700061
38112265 4526045
38112357 34154344
38112413 9928031
38112427 11567016
38112653 38112654
38112669 38112670
38112743 2982572
38112756 2163144
38112764 38112765
38112826 2881859
38112842 8550671
38114423 8441345
38130418 129544
38154302 224940
38154304 8820457
38154305 11194492
38154306 4801030
38154308 730319
38154309 8697479
38154311 14039028
38154312 6510423
38154313 22901586
38154314 38154316
38154319 1992986
38154321 8632036
38154322 12354668
38154329 2089887
38154330 17937910
38154332 1432895
38154334 2082394
38154336 24441798
38154338 24598615
38154339 13787410
38154340 8584557
38154343 5741187
38154345 770201
38154347 3548485
38154349 4588747
38154350 4801731
38154352 1895062
38154354 12356474
38154360 9736724
38154361 7451719
38672567 17707837
38672576 27695293
38672645 11547296
38674789 2479188
38674816 1579049
38674841 3255084
38674846 16518841
38674852 9689190
38674856 10471227
38674866 15250326
38674867 20863354
38674875 17657978
38674879 38674880
38674887 8554307
38674904 19574985
38675184 19397969
38675187 2114595
13136127 5749223
38675197 4207925
38675198 13302464
38675214 16345763
38675224 14624535
38675229 15821068
38675232 9977109
38675233 2897315
38675239 8474700
38675242 25383035
38675246 3223305
38675251 27294549
38675253 11114097
23509919 16934608
38675263 1041916
38675265 2517698
38675267 4568793
38675269 4871669
38675270 15731420
38675271 8552631
38675272 3083794
38675274 6261223
38675276 3532534
19930707 29978251
38675279 9312264
38675280 4800467
38675292 2924396
38675293 11472190
38675297 1911551
25039012 7417225
13609780 241073
13609633 1823263
39080966 11102955
39087994 13014356
39088007 2018192
39088015 814159
39101101 39101102
39101118 39101119
39103520 11378555
39103589 13850861
39103629 10265280
39103630 34984540
39103631 2728808
39103633 3683796
39103634 1788605
39103636 7170725
39103644 3127093
39103649 14344256
39103650 4800087
39103651 14382371
39103653 15781995
18498966 3952819
39103665 9985402
39103666 5833315
39103667 1673406
39103668 22379722
39103670 5320486
39103672 2876275
39103673 2818883
39103674 30564694
39439987 35454713
39440195 39440196
39443250 23741006
39443252 29797634
39443258 19040765
39443340 518039
39443341 10482882
39443363 24284939
30729321 8975885
4791911 12368183
4172950 3226723
4173125 4290272
21014470 11079902
39659037 7935807
14289639 19211335
7104085 17294190
21034452 1614355
39684512 694652
39999822 3255712
39999828 2050409
39999835 241954
39999837 14423848
40275979 12753805
40600137 1254889
40633469 29983420
28539089 40687885
8333790 40687886
40706664 36157864
24944864 599663
970489 10450692
41011597 29557386
41022405 8016226
41022406 145852
41040697 41040699
41414540 6308830
41416378 28577779
23486044 4453670
2189943 1237959
24428873 5081907
23000593 41449246
41494076 41494079
41554149 9843263
41695954 7412305
41873418 2334213
41873420 25708415
41873427 41873428
41873429 25706498
41873432 2228757
41873435 41873436
41873458 196683
41873464 6253368
41873466 41873468
41873500 715657
41873507 12042154
41873521 4770699
41873599 7393764
41873602 41873603
41873604 1914524
41873610 4727410
41873612 41873613
41873645 15600048
41873655 12352390
41873656 41873657
41873673 11380765
41873677 9236221
41873686 5287408
41873711 2087894
41873727 41873728
41877413 41877414
41877437 8497582
41878180 8062483
2266158 4032488
41879056 24600576
41879566 428011
41879628 3535468
9914157 1228249
41879670 15428518
41880510 22591357
41880827 6360511
41880835 4985325
2218999 8721990
23506603 18386937
3757443 8168969
41883495 41883496
41884707 1680390
41884974 6636190
41885458 41885459
9864183 2166632
41886729 4352013
41886949 9306025
41887076 19576801
41888034 15362376
41889979 4572355
41890084 41890086
41890231 28450656
41890579 1283495
41890724 1892444
41890795 41890796
41891296 5708040
41893295 41893296
41893758 15660651
41894118 2615930
41894739 41894740
41894876 41894877
41895919 5841957
41896196 2312104
41900473 16541556
41901331 6191930
2170420 17289010
9853317 41901836
41902427 2536085
41903968 2479875
41904512 1322777
41905045 1828222
41905463 41905464
41906984 38275480
41907432 41907433
41908446 1613251
41908809 6058125
41908885 949883
41909522 2522971
41909868 744543
41910500 7612349
41910629 41910630
41911105 41911106
9255027 1385774
41911289 2063532
41911486 7527585
41911772 41911773
41911796 41911797
9891232 337261
9823414 41912458
1681955 41913062
41913616 40563898
41914182 25010369
9909819 2897685
41914303 3204288
41915218 1881421
23456286 41915663
41915666 6125562
4174304 619638
41916585 2957152
41916868 41916869
41917965 41917966
16831218 10336213
35950263 41918193
41919032 41919033
41919172 17286970
41919285 3536044
20373999 41919500
41921046 4993182
41921176 9730316
26826391 3713912
41922171 41922172
41922235 1776098
41922238 1134989
41923098 3593268
41923119 18238899
41923781 4745972
41923835 376770
41923836 25771822
41924188 4055193
41924383 3250588
41925157 41925158
41925537 3675367
41925951 41925952
41926007 15103162
41926171 482443
41926351 27682037
41926736 41926737
41928044 6703877
41928169 41928170
41928210 7364478
41928836 28395056
41929388 17061458
41931924 900215
41932267 41932268
41932465 5356704
41932755 10559389
41932795 4590587
41933007 41933008
41934071 2622492
41934098 5807085
41934108 41934109
41934134 41934135
41934215 41934216
41934343 1487550
41934696 190375
2158542 15407581
41936677 41936678
41937330 842056
41937515 17949354
41937841 6310495
1171648 1659186
41939167 14587391
2217186 23231397
9902527 4524512
41940588 8350423
2227944 3972190
41941465 11033760
41941875 9814579
41941982 4186271
41942463 393862
41942464 40564921
41942597 16800934
41943225 17686017
41944862 41944863
41945520 2200729
41945610 41945611
41946178 3812465
41946671 41946672
41947180 3866534
41947314 1729234
41947490 41947491
41947690 7402917
41948207 3205043
41949879 6450479
41951321 4032609
41951504 1381741
41952440 3612213
41952769 18121849
41953024 24486194
41953457 8771836
41955567 38298788
41955676 23749466
9853316 41955791
41955802 5323720
41956003 1045
17868482 1300049
41956618 41956619
41956976 4845654
9916281 335160
41958370 41958371
41958449 2441734
2201982 2500745
41958527 1587841
41958585 8149527
42040534 42040536
42133158 34750249
34931283 42155695
41494077 42238027
23827839 1473573
30355745 34551052
42393324 16460987
29781407 42395287
42438236 42438238
42447169 86632
16459318 15519630
16459319 15586786
11740130 17944374
42642608 42642609
42645002 42645003
42645183 42645185
42757920 10317401
42759406 2588216
42759441 1843624
4171632 22896198
42759746 518790
42759869 2428965
42759875 3693941
42759947 10917884
36841995 9502308
16813949 3355811
42760424 11643457
42760455 3948364
10948993 1923991
42760656 1625288
42760966 2330766
42761046 148421
17862923 3320426
42761074 8058522
17867998 5597440
42761343 22055594
42761378 1565987
3443586 6654859
42761417 3615159
42761444 9116489
3438594 105431
42761466 1312781
10948992 14069841
3448093 1893247
42761640 17679271
42761663 1905746
42761764 24319360
7043139 322266
42761826 11054725
42762138 30146898
42762202 1695760
42762240 4233805
42762806 619039
42763098 1368311
42763098 10577520
26399503 3568295
42763163 3545371
42763208 1023145
42763231 3552160
42763233 11401913
24429104 3895610
10951254 11438979
10129978 4998438
42763630 2261536
36837014 1911739
42763660 11023414
3448418 1625864
42763703 3218813
24379741 3693775
20974237 10050832
42763773 15250045
25040728 28969501
42763979 1215185
42764026 11607168
42764066 3454197
25040658 2090218
42764076 2111849
5847722 10770784
42764330 985237
42764334 436871
42764387 1461633
42764397 3962104
42764421 25973222
17866840 8544770
7038558 454421
42764812 11039991
36904429 17491136
10450675 3199842
3447761 10426948
42765116 747097
42765148 21083499
42765160 2225065
19930706 5000944
42765287 20076551
24498089 2211875
36839229 26540673
42827153 3005907
42827154 17002621
42827156 9350614
42827158 6855286
42827162 149323
42832170 8563561
42832173 10776035
35046315 25891222
42373476 40535765
29787923 8702089
43007277 1940073
43007294 1718237
43007295 10748263
43007296 7282731
43007299 3201058
43007300 1642677
43007301 617258
43007302 10543772
43007303 4484600
43019123 4816043
23827837 3428658
43032197 227269
43032300 43032302
23827838 1466689
43042536 1884526
43228835 3946414
23292033 5146759
2248709 4998388
43308199 17647251
43308200 1436503
43308207 2165816
43308393 15391075
43308460 10740126
43337058 5311896
43337688 7174719
43338437 1214072
43338770 9620048
43338899 6154249
43339494 13482478
43339501 1939912
14246769 10961393
43339505 22204435
43339508 1100093
43339509 3226156
20778464 14292040
43339673 3532616
43339704 14379605
43339798 1421645
43339840 9968860
43339844 41950491
43339846 2599681
43339848 16551578
43339878 10611132
43339882 20868097
13136121 27744972
43339968 1796326
43339971 11186421
43339975 2416209
43339998 16538820
43340040 9182274
43340056 2883498
43340058 13746001
25040859 2758902
43340181 7102310
43340193 931989
43340327 11298366
43340329 1006298
43340332 3253997
43340336 89744
27402460 14384613
43340390 4017492
18498238 9115804
25040968 8310625
43340405 11044261
43340421 3531668
43340432 603767
43340508 33920815
43340531 16773482
39646073 3587995
43340583 22980846
43340603 1509918
43340698 318854
43340711 19493029
43340719 1926181
26858921 9700854
43340744 4259459
43340755 6383017
43340756 1209619
43340788 22433139
6817191 3525080
43340900 7453543
43340906 4575016
43340937 3233312
43340942 3014269
7079021 10315884
43340951 22157003
43340973 3227773
43341057 24266309
43341061 21327748
3447760 12352967
43341097 16320372
43341100 3438069
43341245 436752
43341264 7451331
43341301 37747860
43341315 1744281
4174454 2380727
12442245 2094516
26859056 28971689
13644548 7428055
43636639 1470314
43642801 46172
43643198 12239126
43643238 43643240
43643369 23101414
43643428 43643429
43643472 9436955
43643584 9279956
43643909 8695020
43644015 3024381
43644179 23114982
43644304 43644305
43766242 2351285
43777429 7407771
43794007 43794008
43795835 1830607
43795852 10005928
43795865 22121037
31805765 43796751
43815745 1434352
43815767 7849925
43815954 3243441
43815957 43815958
43816022 16244453
43816029 9575180
31827168 17511057
43816426 4326885
43817494 1409354
37906953 19699602
43817681 119360
43817684 5410660
43817697 2298221
43817763 3850775
43817764 30875500
43817768 362855
43905901 43905902
43958890 43958891
43958892 43958893
43958894 43958895
43958903 43958904
44016895 1566010
44016959 24239902
44017009 23093930
44017010 12502162
44017061 11992193
44017088 44017090
44017207 6020863
44017208 12660877
44017261 7374298
44017272 29813337
44017296 2000051
44017307 3453349
44033226 44033227
44058201 1349373
44058202 10754208
44058203 14196397
44058204 707058
44058205 2802831
44058206 11133076
44058209 1645822
44058210 21328268
44058211 19702132
44058212 43239911
44058213 10086988
44058214 530787
44058215 25556456
44058216 4888027
44058224 16971904
44058226 2794425
44058228 2913657
44058229 16368785
44058231 11672271
44058232 11035361
44058233 13022507
44058234 10738238
44058237 9316853
44058239 22261355
44058240 7558890
44058242 2965030
44058243 1363473
44058244 3661754
44058245 1369703
44058247 9532079
44058248 16030374
44058249 10707298
44059039 9000314
27442856 3711189
44546086 32105924
44546088 17707370
44546089 14614132
44546090 2413132
44546098 44546099
13609663 4123193
44546238 44546239
44548135 13254657
44548166 15807340
44548237 10311543
44548271 37257832
44548298 12152263
44548299 18212566
44548304 4265722
44548305 36912174
44548306 15464680
44548307 1384373
44548311 4986739
44548312 5128554
44548346 14080642
44548387 4005269
44548391 17914739
44548392 2147862
44548614 26796489
44548616 11693556
11740129 1254172
9878893 3604591
25039765 3028280
18497771 166257
44548623 442083
44548626 3027417
44548660 22714386
44548662 9078972
44548664 10897554
44548666 3745868
44548671 2011173
44548672 16022841
44548674 5842165
44548679 17833684
44548684 29223316
10453575 3839156
44548691 35182525
44548694 3710917
44548696 3695512
44548697 9907318
44548698 9488405
9904178 17861311
44548705 9401658
44548710 4177604
44548725 11036399
44548734 16795802
44557799 5271562
44881479 44881480
44920927 19573103
33047920 3665105
44962519 2150567
44962529 44962530
44962544 1628544
44962553 2995480
44965084 2749357
44965097 11188185
44965173 3007789
44965174 23644011
44965176 8353151
44965177 10797440
44965181 42029095
20409541 3604515
44965198 1698806
44965199 2760384
44965212 1663365
44965213 14527226
44965214 5337828
44965215 3751478
44965216 143071
13644608 3639333
6404306 30571481
44965221 34478549
44965222 3036539
44965223 34477374
44965224 1265624
44965225 1679660
44965226 3280112
44965227 6835335
44965229 17349545
44965232 9599204
44965233 21888743
45292119 43421680
45295220 3260557
45295384 2198462
45295455 1906760
45295467 11309042
45295468 965547
33605286 9164383
10952263 35394620
4172940 21831967
45505935 2053924
33661445 2556015
30796502 2779366
45678661 12331962
45840647 2862599
45841582 2320499
45841609 4228183
45859827 24402101
46111662 4740668
46111664 5845813
46111665 5842162
46371402 81352
46530185 46530186
46820700 9417630
25362388 4052469
1531632 16015433
22493749 47178431
1171646 1434438
47181119 22773374
47210631 47210632
47241398 3713638
3094741 10776984
30361261 30564730
16459320 47289109
42483597 47290321
47311319 9425769
2449174 56647
47409381 7168364
9504386 22428964
35079572 2822877
3441479 4174801
36856593 47605828
47648820 9370225
47656888 185611
47656896 1406200
47656901 47656902
47656903 5005814
47656904 30547787
47656909 479389
47656913 38258011
47656917 3543824
47656922 15323263
47656928 27760834
47656951 29534216
47656967 17460874
47656975 3971870
47656990 47656991
47657017 47657018
47657026 47541646
47657043 19524815
47657044 176462
47657062 14376714
47657069 11035616
47657077 10775758
47657078 40703541
47657079 47657080
47657086 12502163
47657107 3608426
47657116 41873728
47660298 34705811
47661154 840181
47663517 47663518
47663522 47663523
47663835 7176756
1171647 9899079
47664748 9127891
16815950 425185
47667069 27282114
47667133 47667134
16813950 3757737
47667814 1811248
47667815 839350
47667819 2928951
47668242 7421995
25038932 595131
16816810 82744
47671032 3504865
47673147 302556
24429317 7011580
23021241 11946879
47674358 2379043
47674877 47674878
47676366 3057201
23426722 47676780
47678188 47678189
47678372 166383
47679036 8637134
47680768 47680769
18401239 1908107
47682434 1245214
47682780 8334125
47683299 8547633
47684494 10031888
47684788 2418036
47685770 18378946
47686865 47686866
47686936 35466011
47687537 47687539
47687897 2411308
47688026 2774695
47688988 47688989
47689702 5600070
47689800 14100761
47689938 47689939
47689949 18124201
47690728 3254234
47690728 2197136
47690743 949836
47691075 1001301
9848407 47691220
47691906 47691907
47692024 584417
20409428 30810212
47692420 16243268
47692981 3228133
47693017 1100876
29781406 47693192
47693611 47693612
47693792 47693793
9812774 3883575
47694282 167379
47694411 46448768
47694412 8281861
2227088 47694891
15692098 47695597
47696342 2081620
47696371 47696372
47696949 47696950
47697200 2633944
47697926 3046009
47698190 47698191
47698872 10120891
47700090 2530534
47700477 12634357
47700506 10661215
47700673 41240592
47702341 9015375
9847189 47703239
9812775 5010498
47704156 5333773
47704301 9051053
47704903 14375778
47705078 4032910
47705288 14369022
47705385 28468100
47706196 3637304
47706551 10614222
47706714 47706715
47706716 30550008
47706765 8352644
47707547 2760223
47707846 2421415
47708194 19450698
47708664 3978530
47709047 6857037
47709152 47709153
47709468 8728028
47709511 47709514
47709569 47709570
47709699 16068843
47709747 47709748
47710063 4773276
31323589 28371447
47710418 7463372
47710585 571628
47711597 25980542
47714309 7191920
47714367 2760513
9825393 10454436
47714734 2508226
47715187 47715188
47715427 30391540
47715619 34626837
47715658 47715659
47715905 15372470
47716170 9103792
47716416 12621286
16828594 4348159
47717442 47717443
47717480 47717481
47717539 19489218
47717552 1334328
47717578 365735
47718844 694634
47719117 1955945
47719592 660390
47719629 2600723
47719873 5006118
26399018 14041459
47720239 24277192
47720529 2713818
47721788 9483742
47722006 369084
47722086 47722089
47723175 44253748
47723339 19426794
47723846 2212835
47723991 47723992
47724758 47724759
47724885 47724886
47725446 9751034
47725447 1739422
47725860 2006208
47725940 3978154
47726231 10737205
47726272 3215104
47726593 4266554
47726662 47726663
47726811 1776133
47727331 2485831
47727588 32239061
47727943 3453972
47728102 3206134
47729019 14549790
47729504 39131093
47729562 47204683
47729568 12664503
47730592 40684246
9848408 47730627
2266159 2374745
47733243 143815
47734106 885480
47735699 9451752
47735765 224635
47735973 27709680
47736723 11218988
47736782 2979976
47737035 8812014
47738025 938798
47738255 1744158
29776449 47738671
47738704 28587782
47738723 2632844
47739660 20148048
47739694 47739695
24106282 46612223
2219164 47852172
47871490 47871491
30167282 48011601
23972317 48022010
48070759 48070760
48159283 2972959
48211314 8173474
48260222 48260223
48288257 48288258
48326103 8738406
48513466 340144
3447803 7183087
48514843 4166479
48514845 6319879
39673032 9587724
48514993 9603473
20969797 8185544
48515148 11042421
24427779 26307392
7039124 19045722
48515401 3610693
10952599 13872190
48515588 9575998
36837023 1768702
19030449 4808016
48515644 943239
36367536 3522699
42759956 1308329
48515994 1695429
48516065 1258807
48516067 17941483
3449087 1872706
48516096 4035635
24429208 19709086
48516276 2631732
48516331 3876942
3448206 198366
3448453 2208454
4172723 3256963
48516711 11220302
48516725 3794032
48516747 8709245
30728016 2656392
24428848 682373
48517164 16378398
3447719 2487488
48517310 22644456
3447720 3914375
36840490 4028176
48517626 770930
30727867 646248
48517632 5033223
48518281 3120909
16902251 9875022
48518426 2727108
48518441 4433820
24426159 210666
3438595 14955624
48518758 17671674
48518794 13090195
4171631 9173177
48518845 3638744
48519015 29761633
48519017 38298597
48519068 3674423
48519079 22991967
48519100 1486066
48519157 854029
48519211 11257581
48519230 3679960
48519350 2517912
48519366 19193634
31328879 22432072
13644575 6164664
48519903 1171407
33607896 8681993
3449346 3872429
48520291 8514517
48520464 8832879
48520472 899049
48520529 18018964
48520709 5792569
26399511 9235639
48549962 5450011
48580315 3215924
48580316 1474276
20969063 5007604
45459781 3761574
48580355 770305
10945897 3510085
35928654 1451039
48585299 2108311
48756597 5085610
2266161 8438023
48756598 277998
48756613 26312928
48756614 8366086
48756615 2821825
48756616 10334320
48756622 5733405
48778733 46637894
30194199 48778756
43032310 3573229
48778784 674332
2476100 48778843
48981062 1813555
49052370 7628807
49052371 2153264
49052377 469954
49052384 8375612
49052520 9443248
49052555 431506
49052559 24942308
49068134 6121183
49077774 9228017
49079027 1607612
49081736 1842833
36842220 4590424
49081739 2928421
49081883 18088860
49081887 15562460
49081899 14594946
49081987 656337
49082089 30930564
49082100 371788
49082112 16390480
21002747 9905127
49082128 24633822
49082154 643692
49082187 1636548
49082229 18202525
26399467 9148040
49082403 5069811
49082405 20856039
49082478 9745664
49082541 49082542
49082572 22530612
49082593 6873974
49082599 2994392
49082602 4816058
49082608 31797531
49082633 10942585
49082638 1302703
43340392 11514164
49082691 14165444
49082695 29245909
49082699 1322441
49082755 8646609
49082765 25850362
49082783 23409138
49082816 4989934
4174563 25617353
49082873 17676662
49082914 11180450
49082923 1552293
49082952 11349488
25039001 5438042
49083137 1613427
14279459 12201757
49083210 10920527
49083289 5215289
49083335 11454967
49083397 1698317
4174194 3573474
41956037 11185305
25041019 1821054
49083492 2536024
26859011 6270962
49083521 1227070
49083524 2371822
49083574 18278755
49083596 19385528
49083602 30430453
49083630 38062857
49083672 9420914
27404522 326771
25548377 739079
49083786 601161
47692292 3014468
49083829 151501
49083857 3813790
4174421 5438042
49377681 49377682
49378350 9547300
49378455 10768285
49378621 1488209
49379256 31985243
49525632 19215403
49525646 8570173
49525680 49525681
41899828 9225328
49526675 3565750
49526781 8681870
49526786 247840
49544639 5435916
49544642 9186002
49544806 29910457
49544837 6906753
49545218 16283319
49545243 26502811
49546223 19879158
4174422 2883326
49546291 26658508
49546293 1882188
26399019 377048
49685132 11588367
49685134 49685135
49741931 18384532
49741993 1092297
49742000 12718471
49742163 1126989
49742231 8963733
49742233 13000915
49742240 1844056
49742245 9135891
49742295 49742297
49742452 2321519
49742455 19548154
49742460 22995002
49742526 1767774
49742607 38186362
49742671 12749997
49742671 12769208
49757530 1254700
49764556 12351060
49780834 5586576
49780835 11039285
49780836 9344336
49780837 10761909
49780838 10289183
49780840 3287136
49780842 7633162
49780845 21089369
49780847 12408372
49780852 3240916
49780853 1217550
49780854 19699786
49780856 8995002
49780858 599221
49780859 9392816
49780867 1667637
49780868 1805518
49780870 2053694
49780871 8555983
49780872 3838049
49780873 838063
49780875 2234628
49780877 1917891
49780879 9189839
49780880 3567466
49780881 10574165
32081789 2817757
49780884 3284755
19930616 5007792
49831110 11760268
49849117 6378913
50050376 22270811
50240299 8521083
50240319 40552025
50240328 2872776
50240334 25707380
50240359 2122697
50240372 9183210
50240391 2525959
50240416 11487270
50240442 5390147
50242377 4449807
50242385 4801873
30727982 2921548
50242523 11843204
50242525 2305392
50242526 30933194
50242546 13105452
50242584 5588224
50242586 200481
50242587 1970605
50242588 18996928
50242590 750694
50242656 402204
50242860 16312420
31329103 9146679
26399391 10954581
18497772 11088158
50242907 2366731
50242908 10553096
50242912 5356245
50242913 1916116
50242915 705374
50242919 11090565
50242924 7626415
50242925 2491942
50242927 6903685
50242928 6066384
50242929 13877975
50242937 17101575
50242939 11115423
50242940 2682103
50242943 4073707
50242944 7195754
42765270 10313523
50242948 10771126
50242951 2235129
50242955 3540068
50242958 2759571
50242959 11124204
50242970 40043523
50242971 17691044
50242973 2053436
50245421 1495809
50635789 7849669
50635853 34732
50635854 35908226
50648689 483381
24428966 9916250
50651161 5380813
50651207 3411480
50651221 11387119
50651260 193103
50651262 8701388
50651263 2583467
50651264 9431087
50651266 6296563
50651268 2469981
50651270 7501640
50651279 8061651
50651281 10004675
50651286 3619799
50651287 2492948
50651290 10197928
50651293 7447313
50651295 2143524
50651297 12723117
50651300 1706653
50651317 17372824
50651319 5337882
50651320 34851484
50651321 8926102
50651323 28884556
50651324 6257945
50651327 2391117
50972353 47510343
50972369 2213193
50975556 2219070
50975559 9557794
50975630 10252162
10951827 135460
50975674 1475772
50975679 4202269
50975689 10421188
50975690 1516419
24429734 9608780
11614906 3462766
11615343 15002572
51007173 1725666
48515015 10074921
4172951 1414453
4172302 9575530
25039864 1580399
11616384 925444
17937323 5854771
17937324 23927166
14292443 16598144
51238517 51238518
51350906 4337695
7490120 24264692
51510896 7170692
51510904 6455063
51750041 11429668
51774338 20964941
51774339 10552307
