1983 1987
15453 15459
53063 53069
61764 61767
80607 80609
89941 89943
90709 90723
92344 92345
100129 100134
128745 128749
135169 135172
190064 190067
193164 193165
202480 202485
203403 203404
224620 224621
229237 229238
231774 231782
239582 239584
164730 251052
251067 251070
258756 258757
277829 277830
278739 278740
287954 287955
289495 289499
291845 291846
292187 292188
294731 294732
294935 294936
295848 295855
298299 298302
298421 298422
301327 301330
302514 302515
304969 304970
306027 306029
306078 306079
306924 306928
307776 307777
308265 308266
308973 308974
309381 309383
176966 309489
309507 309511
311464 311468
312015 312022
312528 312529
313112 313115
314495 314496
314982 314983
315191 315192
315754 315755
319213 319215
320130 320134
321759 321767
324352 324353
324524 324526
326360 326362
326444 326445
328366 328369
329115 329116
335528 335530
337310 337311
339972 339977
340452 340453
353247 353249
357119 357121
360611 360625
369782 369783
371683 371685
373942 373943
382955 382956
403029 403032
412947 412949
413009 413010
413403 413404
419293 419296
461090 461091
476062 476063
504692 504693
505466 505467
514453 514454
517465 517466
543419 543420
555331 555339
575571 575574
586217 586220
615194 615195
621857 621859
622710 622712
622860 622861
624768 624770
625710 625712
628224 628225
641205 641206
651297 651298
661588 661590
685334 685335
689447 689448
699491 699495
699758 699759
709652 709653
714031 714032
718326 718327
720227 720233
740773 740774
756746 756779
771551 771552
773171 773176
775596 775600
797646 797647
798135 798136
798571 798572
800880 800881
803800 803801
806775 806776
811932 811933
814260 814261
815730 815731
820204 820205
820261 820266
824906 824909
825426 825427
831528 831529
841082 841083
841612 841613
851304 851305
855189 855190
855244 855245
867849 867850
869221 869222
869558 869559
871355 871358
872221 872224
872605 544494
873130 873131
873190 873192
874066 874067
876971 876974
878552 878554
883207 883208
884842 884843
885312 885313
886003 886004
886409 886411
888442 888443
888791 888792
904846 904848
907363 907364
917426 917427
923791 923792
931304 931306
933483 933484
957777 957779
963441 963442
969620 969621
981777 981779
988835 988836
993407 993410
994781 994782
1004192 1004193
1005573 1005575
1006564 1006565
1013722 1013723
1017225 1017232
1029809 1029810
1033309 1033310
1034974 1034984
1048942 1048943
1054659 1054660
1055720 1055721
1056357 1056358
1056742 1056743
1056742 1056744
1057594 1057597
1062953 1062954
1064005 1064006
1065040 1065041
1069941 1069944
1071217 1071220
1079845 1079847
1083630 1083632
1084701 1084702
1084827 1084828
1104448 1104449
1107099 1107100
1114559 1114560
1118966 1118967
1121192 1121194
1131874 1131875
1149425 1149426
1172169 1172170
1188416 1188418
709654 1196818
1198963 1198964
1203893 1203894
1210788 1210790
1220116 1220117
1231061 1231062
1232680 1232685
1232689 1232690
1245176 1245177
1249675 1249679
1256718 1256721
1266967 1266968
1268285 1268287
1275127 1275128
1277657 1277658
1278243 1278245
1308756 1308757
1312754 1312755
1315777 1315778
1362566 1362567
1364806 1364808
1371718 1371719
1373504 1373505
1375674 1375675
1382643 1382644
1390654 1390655
1393079 1393080
1393317 1393318
1408229 1408230
1410787 1410789
1412798 1412799
1426994 1426996
1429378 1429379
1442122 1442123
1457342 1457343
1457875 1457876
1460322 1460323
1464245 1464246
1471428 1471429
1510110 1510111
1524088 1524089
1546817 1546818
1547577 1547578
1555749 1555750
1558929 1558930
1559942 1559943
1571629 1571630
1574395 1574396
1577160 1577162
1577397 1577399
1589992 1589993
1592982 1592983
1593072 1593073
1594812 1594814
1597079 1597080
1619240 1619242
1621360 1621362
1629076 1629077
1638553 1638554
1641221 1641222
1642496 1642497
1651395 1651396
1658033 1658034
1662309 1662310
1677946 1677947
1678802 1678803
1682357 1682358
1683564 1683567
1709793 1709794
1709930 1709931
1710024 1710025
1713303 1033310
1720905 1720907
1728344 1728345
1621363 1734749
1734775 1734776
919642 1742886
1771972 1771973
1776846 1776848
1800811 1800812
1810274 1810276
1812291 1812292
1822629 1822630
1826002 1826003
1834366 1834368
1838795 1838796
1844961 1844962
1844964 1844965
1844966 1844968
1844969 1844970
1844971 1844972
1844973 1844974
1844981 1844982
1844986 1844987
1844988 1844989
1844992 1844993
1844995 1844996
1844998 1844999
1845001 1845002
1845004 1845005
1845013 1845014
1845549 1845552
1849784 1849785
1901405 1901407
1902932 1902936
1908972 1908973
1910939 1910940
1957072 1957073
1958075 1958076
1958193 1958194
1959955 1959957
1983426 1983427
1984393 1984394
1996880 1996882
1999638 1999639
2018275 2018277
2039693 2039694
2042312 2042313
2046377 2046378
2061690 2061691
2063117 2063120
2064559 2064561
2073305 2073306
2080139 2080140
2094947 2094948
2095327 2095328
2107230 2107231
2113027 2113028
2115165 2115166
2161649 2161650
2180008 2180009
2196010 2196011
2225893 2225895
419294 2229622
2230242 2230243
2240328 2240329
2248100 2248101
2255844 2255845
2256348 2256349
2256693 2256694
2268153 2268154
2295420 2295421
2297293 2297294
2316142 2316143
2333886 2333887
2346172 2346176
2361969 2361970
2363918 2363919
2365863 2365864
2415984 2415985
2429492 2429493
2430334 2430335
2432475 2432477
2435724 2435725
2463740 2463741
2514943 2514944
2520693 2520694
2531880 2531881
2553739 2553741
2558148 2558149
2558750 2558751
2558752 2558753
2558754 2558755
2558757 2558758
2594822 2594823
2598689 2598690
2602909 2602910
2617848 2617849
2619673 2619674
2651126 2651127
2716154 2716155
2724465 2724467
2726105 2726106
2731956 2731957
164729 2747308
2751322 2751324
2757807 2757808
2771025 2771026
2775784 2775785
2803521 2803522
2803526 2803527
2816940 2816941
2828874 2828881
2877159 2877160
2882648 2882649
2934036 2934037
2947506 2947507
2949791 2949792
2953861 2953862
2954618 2954619
2964249 2964250
2973447 2973448
2973450 2973451
3010977 3010978
3014954 3014955
3020669 3020670
3064506 3064507
3122966 3122967
3150803 3150804
3190516 3190517
3194225 3194226
3409810 3409811
3530438 3530439
3754398 3754399
3954743 3954744
4170840 4170842
4210585 4210586
4211381 4211382
4216314 4216315
4222355 4222356
4799948 4799949
4803071 4803073
4875287 4875288
5107727 5107728
5188516 5188517
5825418 5825419
5831393 5831394
5978865 5978866
5986902 5986903
6320149 6320150
6865305 6865307
7045901 7045904
7082474 7082475
7302293 7302297
7312353 7312354
7696271 7696272
7696456 7696457
8113430 8113445
5997469 8115395
8115398 8115399
202493 8116770
8122033 8122039
8125872 8125873
8136784 8136791
298304 8136994
3078614 8137083
5844138 7872
80612 8157633
8162972 8162973
8164388 8164390
8165636 8165640
8165801 8165802
8165826 11087
8166320 8166323
4560238 8166902
3415468 8170290
8170371 8170373
1720906 8177821
8179624 8179632
8179794 8179795
305922 8182858
8195939 8195956
8200028 8200033
2896271 8204148
1005945 8223702
8223703 8223706
8223729 8223730
8223762 8223763
8237976 8237983
1576432 8240513
8275899 8275900
8280908 8280909
1888129 8282205
3356422 8282409
183567 8282457
8284988 8284990
929333 8285531
8289605 8289606
298303 8290199
8291408 8291409
135170 8304057
8307866 8307875
864440 1113931
8310816 8310819
8318453 8318458
2854307 8322456
8324637 8324641
2178473 8324977
8325245 8325249
8326086 8326095
3177258 8328726
8310283 8329544
8332238 8332242
8324978 8333863
8336684 8336685
8337733 8337739
4610292 8338070
8339357 8339358
8339474 8339476
110934 8343542
8344748 8344749
8350151 8350157
8350221 8350225
8355666 8355667
7207319 8355853
8367877 8367882
8368890 8368891
8369228 8369232
8372556 8372557
1888131 8388472
8393931 8393932
8395534 8395535
8400218 8400219
8409543 8409544
8431274 8431275
8435109 8435110
2943943 8456415
8456957 8456958
8462019 8462020
8462630 8462631
8478721 8478722
8481388 8481390
8492440 8492441
8493578 8493579
8498118 8498119
8501563 8501565
8515734 8515735
8543159 8543161
8553640 8553641
8555365 8555366
8558758 8558759
8578272 8578277
8582979 8582981
8583676 8583677
8584009 8584010
8588023 8588024
8592112 8592115
8607956 8607958
8614798 8614799
8619552 8619553
8619658 8619659
8625272 8625274
8626621 8626622
8627879 8627880
8630418 8630419
8632309 8632310
8636089 8636090
3040570 8638775
8641466 8641468
8641903 8641905
8644302 8644303
8651147 8651148
8651454 8651456
8652629 8652630
8656296 8656297
8657433 8657434
8666320 8666321
8667073 8667074
8669928 8669930
4273383 8674154
8674334 8674335
8674721 8674722
8678139 8678140
8679981 8679982
8681276 8681277
8684523 8684525
8690972 8690975
8694804 8694805
8367135 8708293
8713535 8713536
8714254 8714255
8719468 8719469
8730783 8730784
8732209 8732211
8732308 8732310
8734072 8734074
8742837 8742838
8744111 8744112
8744517 8744518
8749607 8749608
8752425 8752426
8762122 8762123
8764133 8764134
8766027 8766028
8768755 8768756
1083023 8769096
8769959 8769962
8770822 8770824
884138 106644
8775090 8775091
8775124 8775125
8775175 8775176
8775188 8775190
8776189 8776190
8777356 8777360
8778460 8778465
8781949 8781950
8782198 8782199
7800171 8783030
8783558 8783559
8786270 8786271
8786870 8786872
8790677 8790679
8793972 8793973
8798162 8798163
1473365 8800027
8800498 8800499
8803094 8803096
8803845 8803846
8804574 8804575
8818518 8818519
8824964 8824965
8828333 8828335
8840044 8840045
8842119 8842120
8842742 8842744
8843805 8843806
8844220 8844222
2770211 8858900
8864339 8864340
8866612 8866614
8873549 8873550
8874399 8874400
8874541 8874542
8875923 8875924
8877081 8877083
8877106 8877110
8775127 8877593
8878198 8878199
8884683 8884684
8897440 8897443
8911431 8911432
8912210 8912212
8913661 8913662
8915201 8915202
8915523 8915524
8916344 8916345
8919349 8919350
8919542 8919544
8919590 8919591
8930469 8930470
8931197 8931198
8932260 8932261
8932493 8932494
8934906 8934908
8938448 8938450
8943045 8943046
8946431 8946440
8946681 8946682
8946686 8946687
8949373 8949374
8951155 8951157
8957276 8957278
8960833 8960835
8971286 8971287
8977392 8977393
8986902 8986903
8990797 4211382
8991351 8991352
8991673 8991674
8994690 8994691
8997461 8997462
8999092 8999093
8999371 8999372
368245 9004217
9013379 9013380
9024076 9024077
9028685 9028686
9028719 9028720
9030691 9030692
9031515 9031516
9031644 9031647
9033149 9033150
9033712 9033713
9044313 9044314
9047389 9047390
9048636 9048638
9050003 9050004
9068002 9068003
9076452 9076453
9078078 9078079
9079758 9079760
9082795 9082796
9105576 9105577
9106076 9106077
9106105 9106106
9122922 9122923
9123608 9123609
9126085 9126086
9126939 9126940
9137275 9137276
9144593 9144594
9161802 9161804
9162022 9162023
9162669 9162670
9162897 9162898
9164323 9164324
1064879 9167533
9176209 9176210
9188883 9188884
9206716 9206717
9208107 9208108
9208135 9208136
9212544 9212545
9215471 9215472
9223282 9223283
9225443 9225444
9232013 9232014
9234031 9234033
9234740 9234741
9236218 9236219
9242092 9242093
9243456 9243457
9248910 9248911
9249393 9249394
9249665 9249666
9256873 9256874
9258398 9258399
9258709 9258710
9264090 9264092
9265828 9265829
9268138 9268139
9274535 9274538
9282277 9282278
9311997 9311998
9313637 9313639
9319348 9319349
9320301 9320303
9329496 9329497
9329862 9329863
9338220 9338221
9341378 9341379
9342020 9342021
9347352 9347354
9361288 9361289
9376615 9376616
9382501 9382502
9396644 9396645
9416930 9416931
9427115 9427116
9442185 9442186
9451271 9451272
9457472 9457474
9461462 9461463
9467397 9467398
9473931 9473932
9474863 9474866
9481045 9481047
9489470 2140330
9513808 9513809
9523497 9523500
9526516 9526518
9527133 9527134
9527183 9527184
9530102 9530103
9538902 9538903
9540036 9540037
9540690 9540691
9547639 9547640
9556443 9556444
9559767 9559768
9560120 9560121
9565613 9565614
9565615 9565617
9565620 9565621
9565622 9565623
1275129 9565628
9565638 9565639
9565640 9565641
9578314 9578315
9613001 9613002
9640847 9640848
9659211 9659212
9678080 9678082
9680713 9680714
9685264 9685265
9688932 9688933
9693583 9693584
9694726 1957073
9698582 9698583
2229620 9730193
9747836 9747837
9754980 9754981
9773570 9773571
9774981 9774983
9775087 9775088
9784246 9784247
9784345 9784346
9784939 9784940
9784952 9784953
9812138 9812139
9846783 9846784
9851110 9851111
9876584 9876585
9882692 9882693
9892225 9892226
9939212 9939213
9989151 9989154
9998006 9998007
10008675 10008676
10013867 10013868
10029020 10029021
10042245 10042246
10047086 10047087
10054544 10054545
10056428 10056429
10061835 10061836
1844976 10116460
10125758 10125759
10139723 10139724
10153929 10153930
10154275 10154276
10172755 10172756
10172757 10172758
10253676 10253677
10331250 10331251
10338376 10338377
10382559 10382560
10396026 10396027
10428663 10428664
10428958 10428959
10450986 10450987
10453761 10453762
10456522 10456523
10456805 10456806
10457525 10457526
10461168 10461169
10483161 10483163
10485020 10485021
10500829 10500830
10514836 10514837
10515049 10515050
10520048 10520049
10524247 10524248
10525472 10525473
10536692 10536693
10560493 10560494
10576367 10576368
10584411 10584412
10595580 10595581
10601428 10601429
8265115 10639786
10645264 10645265
10732623 10732624
10765843 10765844
10861680 10861681
10897283 10897284
10939046 10939047
10999155 10999156
11031157 11031158
11046388 11046389
11064282 1121194
11077523 11077524
11283281 11283282
11348143 11348144
465996 11479682
11486283 11486284
11493632 11493633
11520001 11520002
11612160 11612161
11650161 11650162
11659667 11659668
11659683 11659684
11659780 11659781
11669530 625712
11792815 11792816
11868952 11868954
11968174 11968175
12113464 12113465
12154858 12154859
12262188 12262191
12267845 12267846
12531500 12531501
12922234 12922235
12963455 12963456
13128543 13128544
13611572 13611573
14342150 14342151
14828529 14828530
329526 10028
15260165 15260173
290887 15261742
189192 4601482
15273419 15273422
15278248 15278249
15278721 15278722
15281513 15281514
349672 15283749
15293890 15293891
402073 15293903
9157819 15294638
6352825 15294650
15310812 15310813
15323176 15323177
8223705 15336813
15353125 15353126
15378581 15378583
15392031 15392032
15402136 15402139
15404087 15404088
15406073 15406074
15409979 15409980
15425160 15425162
15427398 15427409
15432528 15432533
9016245 15436611
15437740 15437741
15439525 15439526
15441932 15441933
15442005 15442012
15442137 15442138
119018 15443148
15445572 15445574
15446036 15446042
15446487 15446488
15451924 15451927
15454857 15454858
15454860 15454864
15455599 15455602
15456659 15456660
15457065 15457067
2431137 15457114
15458214 15458215
15459468 15459469
15461801 15461802
374145 15463839
15463842 15463844
15464379 15464384
15464648 15464649
15467221 15467223
15469219 15469220
15471073 15471074
5580887 15472202
15472259 15472262
15472696 15472697
15485146 15485147
15489394 15489396
15497347 15497348
15504932 15504934
15509756 15509757
15511817 15511818
15514029 15514031
15514957 15514959
15517560 15517561
15539348 15539353
15557448 15557449
15565996 15565997
15567037 15567038
2178472 15574439
15580750 15580753
15581733 15581734
15586493 15586494
15589041 15589042
15609071 15609074
15610436 15610437
15644241 15644242
15644443 15644445
15645929 15645930
15658214 15658215
15663321 15663322
15667382 15667383
15670085 15670086
15671961 15671963
15674957 15674958
15677247 15677248
15684315 15684317
15688826 15688827
15710684 15710685
15721222 15721224
15721522 15721523
15726058 15726059
15731983 15731984
15732514 15732517
15735815 15735816
15736241 15736243
15749139 15749140
15751348 15751349
15751555 15751557
15753033 15753034
15754969 15754970
15762054 15762055
15763768 15763769
2766303 15792060
15792484 15792495
15793877 15793879
15796716 15796718
15798855 15798856
15800687 15800688
15804473 15804474
15805516 15805518
15809446 15809449
15811063 15811066
8122037 15813740
15819223 15819224
15820186 15820187
14168142 15827239
15828254 15828255
15831510 15831512
15832217 15832219
587787 15837389
15838226 15838227
15842190 15842192
15843513 15843514
15844378 15844379
15846486 15846488
15848024 15848032
1658487 15848942
15269507 15849756
4371973 15853681
342955 15858717
1844967 15859500
15867580 15867583
15867924 15867925
15868043 15868044
15868129 15868130
15868584 15868586
15868732 15868733
15871253 15871254
15871921 15871930
15872925 15872926
15875533 15875535
15879785 15879786
15886173 15886174
15886595 15886596
15886792 15886793
15889571 15889572
15895667 15895668
15901414 15901415
15902934 15902935
9430314 15903619
15916685 15916686
15930952 15930953
15936216 15936217
15936500 15936501
15937251 15937252
15937768 15937769
15939850 15939851
15941546 15941547
15942100 15942101
15943995 15943996
15945717 15945718
15946347 15946349
2925326 15950488
15953302 15953303
15957129 15957130
15968588 15968591
15970185 8240513
15974429 15974430
15975525 15975527
15976100 15976102
15976115 15976116
15976176 15976177
15977063 15977064
8574801 15977124
15978523 15978524
15979902 15979903
15981231 15981235
10236351 4363737
15981954 15981955
15983941 15983942
15985874 15985875
15989488 15989489
14902724 15991223
15991238 15991239
15991330 15991332
15992760 15992761
2430340 15993142
14776148 15993680
15997339 15997340
15997522 15997523
8800026 15998590
16007227 16007230
1364807 16009663
16027204 16027206
8290202 16031148
16035892 16035893
16037609 16037610
16038388 16038389
16047349 16047350
16050429 16050430
16059841 16059842
14928928 16060582
16064366 16064367
16064997 16064998
16068483 16068484
16073796 16073799
16074296 16074297
16084307 16084308
16089997 16089998
16091621 16091625
16100385 16100386
16103487 16103488
16103519 16103520
16104282 16104283
16106871 16106872
16108075 4575
16115023 16115024
16116506 16116507
16122814 16122815
16128962 16128963
16131671 16131672
16136586 16136587
1845003 16139530
16159942 16159943
15310546 16162863
16169254 16169255
16171516 16171517
16189601 16189602
16190888 16190889
16191932 16191933
16195195 16195196
16196591 16196592
16209922 16209923
16211649 16211650
16215621 16215624
993408 16217310
16220171 16220172
16226403 16226404
16227011 16227012
16239542 16239543
16245157 16245158
16250185 16250186
16250807 16250808
16256049 16256052
16280909 16280910
16281163 16281164
16288779 16288781
16289437 16289438
16289715 16289716
16302331 16302332
139700 16306611
16311779 16311780
16008515 16334010
16336148 16336149
16344854 16344855
16350362 16350364
16353287 16353288
16354198 16354199
16354499 16354500
16354582 16354583
16356557 16356558
16363161 16363162
16365307 16365308
16367686 16367687
8433939 16372465
16374943 16374944
16379529 16379530
16383249 16383250
16384649 16384654
16385130 16385132
16385512 16385513
16400884 16400885
16402467 16402468
16406997 16406998
10565050 16412065
16414529 16414531
16416098 16416099
16417718 16417719
16423283 16423284
16445771 16445772
16453091 16453092
16456825 16456826
16473752 16473753
16473838 16473839
16473840 16473841
16476226 16476227
16498540 16498541
16501214 16501215
16519660 16519661
16519711 16519712
16538692 16538693
16540093 16540097
16541492 16541493
16541708 16541709
16552865 16552866
16554590 16554591
16558526 16558527
16559497 16559498
16559499 16559500
16561082 16561083
16561357 16561358
16563949 16563950
16564562 16564563
10680795 16569011
16572833 16572834
16578149 16578151
16578402 16578403
16578404 16578405
16578406 16578407
16578415 16578416
16578427 16578428
16578429 16578430
16578436 16578437
16578439 16578440
16578441 16578442
4163926 16578443
16578444 16578445
8931199 16578446
16578447 16578448
16578451 16578452
16578453 16578455
16578465 16578466
16578468 16578469
16578470 16578471
16578926 16578928
16578929 16578931
16648618 16648619
16648624 16648625
16649930 16649931
16690463 16690464
15325142 16697739
16697750 16697751
16700368 16700369
16748761 16748762
16749398 16749400
16756246 16756248
4190733 16773206
16780562 16780563
16782565 16782566
16796759 16796760
16799153 16799154
16799709 16799710
16802568 16802569
16802570 16802571
12262190 16814321
16819006 16819007
16825621 16825622
16850058 16850059
16866441 16866442
16876746 16876747
16882830 16882831
16888651 16888652
16900370 16900371
16925434 16925435
16937334 16937335
16958534 16958535
16971908 16971909
16977657 16977658
16981002 16981003
16993016 16993017
17013624 17013625
17015408 17015409
17016432 17016433
17038266 17038267
17038305 17038306
17039884 17039885
17043075 17043076
17066415 17066416
17066495 17066498
17101985 17101988
17141062 17141063
17141065 17141066
17149712 17149713
17158444 17158445
17218877 17218878
17223350 17223351
17276679 17276680
17276702 17276703
17303573 17303574
17310036 17310037
17395775 17395776
17408640 17408642
17408678 17408679
17413047 17413048
17415150 17415151
17435873 17435874
17460250 17460251
17463089 17463090
17463093 17463094
17463096 17463097
17516747 17516748
17517590 17517591
17520467 17520468
17520765 17520766
17523858 17523859
17523928 17523929
17540862 17540863
17541035 17541036
17556058 17556059
17593071 17593072
17618565 17618566
17751236 17751239
17753816 17753817
17789940 17789942
17884777 17884778
17913683 17913684
17913906 17913907
17915338 17915339
17927084 17927085
17931940 17931941
17943949 17943950
17965483 17965484
18082210 18082211
18465682 18465683
18484155 18484156
18540203 1734749
18540515 18540516
19104437 19104438
19717326 19717327
19730483 19730484
19902335 19902336
19916073 19916074
19923430 19923431
19926611 19926612
20283760 20283761
20386703 20386704
20634587 20634589
20794273 20794275
1954421 20905829
20950710 20950711
21007246 20386704
21612237 21612238
21612245 21612246
21655783 21655786
21685664 21685665
791268 37501
340455 386448
21943973 21943975
9461184 3424470
427643 21957433
7297991 21958819
10154277 21958823
5823897 21964070
21965537 21965538
883209 21965690
21969791 21969792
135175 21972117
4722460 21981625
349015 11060
21985650 21985651
3301926 21987272
1314029 21993892
878628 21995074
21995912 21995913
4168862 21996524
22025251 22025252
9846776 22029303
22031759 22031760
22031981 85063
301328 22034188
8337741 22034478
22082924 22082926
22094025 22094026
22105564 22105565
729797 22105586
18754150 22113695
14902725 22115862
3077468 22116689
551454 22117469
22119634 22119636
22120860 22120861
22123477 22123489
22123861 22123862
320135 22127858
22128210 22128211
22130532 22130533
5581526 22130855
22131151 22131152
17350195 22131166
22133255 22133257
15254270 22133299
22133612 22133613
22133639 22133640
22134432 22134433
22135315 22135316
22135741 22135743
888240 22136479
22136651 22136652
22136704 22136707
22139527 22139530
22140156 22140159
22143834 22143837
22133504 22143972
22145103 22145106
22145315 22145317
22148160 22148162
339979 22149206
22149864 22149865
21643137 22150836
22119639 22153105
265471 22155024
22120927 22155492
8632562 22165316
22174916 22174917
22174918 22174919
22179270 22179271
22183215 22183216
22189551 22189552
15254271 22191958
22198478 22198479
22198849 22198850
22205485 22205488
22205707 22205708
22209740 22209741
22211665 22211666
8835549 22219897
22222867 22222868
22222895 22222896
22224137 22224138
22229420 22229427
22231368 22231369
22235791 22235792
22250094 22250096
22257598 22257599
22260487 22260488
22264562 22264564
22293931 22293932
22314849 22314850
22315351 22315352
22318950 22318951
22145057 22326947
22341825 22341826
22344444 22344445
22349535 22349536
22353780 22353781
22355769 22355770
22360484 22360485
8400222 22362691
22363884 22363885
22371995 22371996
22372683 22372684
3014195 22379205
22381910 22381911
22382628 22382629
22385965 22385966
1560583 22386855
22389394 22389395
22391265 22391267
578085 22392207
22392426 22392427
22394552 22394555
22403228 22403229
22404575 22404576
15254276 22405041
22407472 22407473
2903648 22416993
22420093 22420094
22421664 22421665
11973747 22423833
413012 22425898
22426758 22426759
22428425 22428428
3156485 22428963
22429563 22429565
22430205 22430212
22431648 22431649
22432007 22432008
22433586 22433588
22433647 22433648
22453145 45743
22456557 22456558
22461215 22461216
22462042 22462043
22462250 22462251
22466132 22466134
22468961 22468962
5594532 22468973
22471817 22471818
22473052 22473053
22485168 22485169
22486849 22486850
22488160 22488161
22488206 22488208
22494474 22494475
22498436 22498437
886412 22507882
22508106 22508107
22508369 22508370
22508742 22508743
22509068 22509069
22511024 22511025
22511039 22511041
22511932 22511933
22512119 22512120
22512751 22512752
22514744 22514745
22517668 22517669
22519096 22519097
22519206 22519207
22520945 22520947
22521300 22521301
22533644 22533645
22533957 22533958
22535141 22535143
22535890 22535891
22538130 22538131
9539694 22541448
22548346 22548347
22550069 22550070
22551427 22551428
22552718 22552719
22552912 22552914
22557491 22557492
22567094 22567095
22568173 22568174
22569169 22569170
22571607 22571610
22573997 22574002
22584427 22584428
22584693 22584695
22585769 22585770
22588866 22588868
22591657 22591659
22595462 22595463
22597509 22597510
22597516 22597517
22599114 22599115
15853682 22599666
22603398 22603400
22603973 22603975
10061834 22606365
22607635 22607636
8338073 22608188
22611263 22611264
22617179 22617180
22620085 22620086
22629033 22629034
22630274 22630276
22632946 22632948
22633213 22633214
16789094 22635330
22133507 22635635
10414288 22649891
22650052 22650054
22651436 22651437
22651530 22651532
22653297 22653298
22654462 22654463
22655398 22655399
22673254 22673255
8492892 22674974
22675811 22675812
22685536 22685538
17913908 22693419
22693702 22693703
22698432 22698434
22699176 22699178
22705454 22705455
22706983 22706984
22722570 22722571
22731683 22731684
17651223 22736772
22738289 22738290
22746043 22746044
22747229 22747230
22750463 22750464
22754700 22754701
22760014 22760015
22760766 22760767
168156 22764825
22765737 22765738
22770304 22770305
22784704 22784705
22792377 22792378
22793638 22793639
22807812 22807813
22813548 22813549
565291 22815366
22827079 22827081
22837800 22837801
22842850 22842851
22845791 22845792
22859438 22859439
22859466 22859467
22860959 22860960
22861756 22861758
22865447 22865448
16738180 22867885
22868999 22869000
2178099 22872260
22874852 22874853
22886140 22886141
22889949 22889950
14842950 22894072
22902023 22902024
22904800 22904801
20804568 22917166
22920424 22920425
22920573 22920574
22894077 22926437
22928939 22928940
22942359 22942360
22945038 22945039
22945875 22945876
22946796 22946797
22958517 22958518
22960148 22960149
22964377 22964378
22970924 22970925
22977733 22977734
22987983 22987984
22987987 22987988
22992496 22992499
22999017 22999018
22999399 22999400
23002480 23002482
23007541 23007542
23014524 23014525
23016533 23016534
23019237 23019238
23022886 23022887
23025991 23025992
23057373 23057374
23059127 23059128
23060422 23060423
23068628 23068629
23070572 23070573
23081488 23081489
23081798 23081799
23082114 23082115
23083953 23083954
2064560 23084031
23084555 23084556
23084769 23084770
23089013 23089014
23092340 23092341
23093561 23093562
23108967 23108968
17038309 23112156
2268378 744607
23114971 23114972
23123932 23123934
23127882 23127883
23128259 23128260
23129287 9473932
23129297 9473932
23129625 9473932
23135470 23135472
23149560 23149561
23158187 23158188
23159215 23159216
23175802 23175803
23176129 23176132
23186828 23186829
2000220 23187823
9016243 23189579
23191333 23191334
23192091 23192092
23192304 23192305
23194869 23194870
23194998 23194999
23197993 23197994
23206364 23206365
23211079 23211080
23211081 23211082
23211084 23211085
23211086 23211087
23211088 23211089
23211091 23211092
23211093 23211094
23211095 23211096
23211097 23211098
23211099 23211100
23211101 23211102
23211103 23211104
23214674 23214675
23217084 23217085
23232276 23232277
23237429 23237430
23258194 23258195
23263597 23263598
23278033 23278034
23280352 23280353
23292718 23292719
23292794 23292795
23295966 23295968
23310796 23310797
23314509 23314510
23314795 23314796
23317068 23317069
23323158 23323159
23326891 23326892
23328604 22133257
23379010 23379011
23381030 23381031
23389289 23389290
23401315 23401316
23409375 23409376
23452032 23452033
23476554 23476555
23482189 23482190
23488567 23488569
251688 23495979
23507255 23507256
23546066 23546067
23569971 23569972
23576977 23576978
23614496 23614497
23624775 8226249
23643522 23643523
23646091 23646092
23646096 23646097
23646816 23646817
23653658 23653659
23695305 23695306
23707328 23707329
23736710 23736711
23744516 23744517
23744518 23744519
23744527 23744528
23751645 23751647
23757783 23757784
23762157 23762158
23771392 23771393
23789606 23789607
23802639 23802640
23815971 23815972
23824484 23824485
23860539 23860540
23882266 23882267
23891126 23891127
23896734 23896735
23927137 23927138
23950044 23950045
23975132 23975133
23980605 23980606
23981804 23981805
23995905 23995906
23995930 23995931
23997309 23997310
24011200 1593073
24051807 24051808
24053644 24053645
24056295 24056296
24072226 24072227
10154278 24103573
24256214 24256215
24431580 24431581
24446286 24446287
24531128 24531129
24638059 24638060
24709605 24709608
24969948 24969949
135188 24989298
25055253 25055254
23192094 25057958
25070810 25070811
25358092 25358093
25363548 25363549
25578522 25578523
26371919 26371920
26392469 26392470
26395787 26395788
26401732 8769096
26789672 26789673
27506139 27506140
27508841 27508842
28024187 28024188
28273701 28273702
2115326 529
28057556 28339703
2835527 28353153
929332 28357258
23249978 28357452
129049 28358971
28364009 28364014
410816 24946
2076254 76200
888241 28372033
28373404 28373405
28373476 28373477
28373548 28373554
10224149 28379093
28379235 28379236
28384317 28384325
39955 28385859
18538634 28389183
10061827 28391267
16638892 28391906
28405383 28405384
28422317 28422318
150688 28423541
863749 28428887
28428905 28428906
28428907 28428909
15712340 28429281
28469373 28469374
340454 28483150
343932 28491384
15865772 28501388
28506052 28506055
28507498 28507503
320137 28508178
28510930 28510932
8318460 28513151
28513414 28513415
28513488 28513490
28515831 28515832
17587339 28516659
28518717 28518718
28519417 28519418
28523260 28523262
10718634 28523587
22392208 28524446
28525570 28525571
28527021 28527022
4592154 28529942
28531951 28531952
28535556 28535557
28535910 28535911
28535968 28535974
28535977 28535978
28536884 28536885
28537346 28537347
3177362 28538124
17181607 28543811
28544032 28544035
28545336 28545337
23962112 28546077
28554303 28554304
28558692 28558693
28562736 28562737
16306613 28566973
28573644 28573645
4594921 28575391
1005031 28579191
28584103 15827239
28584663 28584664
28587622 28587623
28590645 28590646
28591242 28591245
28593482 28593483
28600563 28600564
28601710 28601712
2233315 28610402
28615185 28615186
28615877 28615878
28643704 28643705
10833662 28646988
28655463 28655464
28659890 28659891
28704240 28704241
8170376 28714611
28716774 28716775
28723508 28723509
28727572 28727573
28731854 28731855
28732685 28732687
28737751 28737753
10556951 28740280
28740383 28740385
15259807 28744795
28770973 28770975
28774885 28774887
28776122 28776123
28780305 28780306
28780307 28780308
28787585 28787586
28789531 28789537
28790576 28790577
28792515 28792516
28794206 28794207
28796640 28796641
1490089 28796984
13575167 28797196
26392478 28798064
28799360 28799361
28801012 28801013
28802268 28802269
8530410 28802863
28803885 28803886
28809069 28809072
28811514 28811515
28812190 28812191
28819262 28819263
3493505 33286
28844574 28844575
28845451 28845452
28847616 28847617
3176509 28849160
28851682 28851683
28852050 28852051
28858622 28858624
8172224 28860304
28864992 28864993
28865729 28865730
28873238 28873239
28878007 28878008
28883235 28883239
28884592 28884593
28884964 28884965
28888854 28888855
28890423 28890424
28891441 28891442
28891629 28891630
8400221 28891714
28892242 28892246
28892357 28892358
28892804 28892808
2895534 28892942
28894155 28894156
28894618 28894619
28894732 28894733
28895622 28895623
28895796 28895797
28896661 28896662
28896665 28896666
22265166 28897078
2430333 28898705
16578454 28898852
28899902 28899903
68103 28902309
17409761 28903704
28909995 28909996
28911870 4493142
10704367 28915028
28918330 28918331
28923757 28923758
28924931 28924933
28924962 28924963
28933128 28933130
28933602 28933603
28934599 28934600
28934901 28934902
28935538 28935539
28939965 28939966
28941477 28941478
28943868 28943869
28947446 28947447
28953043 28953044
28956825 28956828
28965279 28965281
26521838 28973631
28974797 28974798
10651770 28975776
28975874 28975875
28984314 28984315
28992190 28992191
28995707 28995708
21210529 29002270
29005445 29005446
29002269 29006139
29007428 29007429
17574740 29007733
29013045 29013048
29017569 29017570
29018027 29018028
29025805 29025807
29028404 29028405
29028903 29028904
29033520 29033521
29042665 29042667
29043614 29043615
29062995 29062996
29064790 29064791
1529671 29065885
29066239 29066240
29066596 29066597
29067769 29067770
29068489 8877110
29085077 29085078
29085693 29085694
29087729 29087730
29090153 29090154
29090772 29090773
29092479 29092480
29096830 29096831
29105170 29105171
29105680 29105681
15254262 29107004
29107540 29107541
29109107 29109108
29110379 29110380
29110486 29110488
29110962 29110963
6413429 29114091
29117463 29117464
29125791 29125792
29127044 29127045
29139905 29139906
29142934 29142935
29143143 29143144
29144494 29144495
29148350 29148351
29155957 29155958
29172613 29172614
29176450 29176451
29178060 29178061
29178268 29178269
29179117 29179118
11657015 29179280
29208471 29208472
29220955 29220956
29221057 29221060
29222417 29222418
29226550 29226552
29231702 29231703
29231840 29231841
29232168 29232169
1034980 29247012
29250111 29250112
29250254 29250255
29255893 29255894
29269636 29269637
29270175 29270176
29275660 29275661
29278122 29278123
29281594 29281595
29293470 29293471
29308197 29308198
29319956 29319957
29323832 29323833
29328740 29328741
29346725 29346726
29351365 29351366
29352601 29352602
29354497 29354498
29355387 29355388
9050007 29358759
29360767 29360768
29364881 29364882
29371414 29371415
29379165 29379166
29383462 29383463
29398954 29398955
29406875 29406876
29408160 29408161
29417145 29417146
29421599 29421600
29433547 29433548
29452695 29452696
29463114 29463115
29463262 29463263
29463274 29463276
29467413 29467414
29479635 9473932
29479643 29479644
29479873 9473932
28364157 29500841
29506870 29506871
29523881 29523882
29524199 29524200
29524497 29524498
29525514 29525515
984636 29537714
29540046 29540047
29543254 29543255
29543796 29543797
29553676 29553677
29554004 29554005
29558291 29558292
29558293 29558294
29558295 29558296
29558297 29558298
29558300 29558301
29558303 29558304
29558305 29558306
29558307 29558308
29558309 29558310
29558311 29558312
29558320 29558321
15658218 15658215
15674959 29558322
29558323 29558324
29558325 29558326
29558327 29558328
8674723 29558329
29558713 29558714
29596038 29596039
29612137 29612138
29612456 29612457
29614907 29614908
15254272 29625135
29640338 29640339
23310798 23310797
29642104 29642105
29642106 29642107
29663613 29663614
29669125 29669126
29669144 29669145
29672948 29672949
29684477 29684478
29717262 29717263
29727463 29727464
29732347 29732348
7045903 29752166
29761173 29761174
29763584 29763585
29773516 29773517
29787896 29787897
29836763 29836764
29847127 29847128
29847681 8461842
29862663 29862664
29890109 29890110
20794274 29895821
29901735 29901736
16957353 29903121
29909349 29909350
29914550 29914552
29924781 29924782
29926008 29926009
29926030 29926031
29928036 29928037
29928297 29928298
29957912 29957913
29958803 29958804
29974839 29974840
29975446 29975447
29975831 29975832
30000581 30000582
30005108 30005109
30005784 30005785
30009375 30009376
30072336 30072337
22081677 30074566
30076002 30076003
30076004 30076005
30076007 30076008
30085951 30085952
30147061 30147062
30198492 30198493
30201491 30201492
30222680 30222681
30225309 30225310
30261208 30261209
30267467 30267468
30276597 30276598
30299491 30299492
30302036 30302037
30307215 30307216
30319173 30319174
30321973 30321974
30331780 30331781
30347405 30347406
30369953 30369954
30369956 30369957
30374140 30374141
30382218 30382219
10539061 30388311
10539060 30388316
30419835 30419836
30420325 30420326
30424912 30424913
30442313 30442314
30486159 30486160
10644384 30506938
30583136 30583137
30625054 30625055
30702548 30702549
11868955 30730524
16588967 23467807
30751070 30751071
30774865 30774866
30802177 30802178
30840091 30840092
30980212 30980213
31211182 31211184
31236463 31236464
31248645 31248646
31260403 9912018
31337276 31337277
31364085 31364086
31365209 31365210
31772908 31772909
31827245 31827246
31931315 31931316
31931459 18484156
32000642 32000644
32085085 32085086
32419381 32419382
32631554 32631555
353253 33659284
33710127 33710128
34215426 34215427
4081668 34524802
135187 30374919
78474 9855
884330 34525824
27287 34539453
10655251 34544653
119017 34545970
21929755 34549370
4610293 34550443
34558555 34558556
34562528 34562529
34569100 34569101
32775815 34569632
2878385 34571965
34575308 34575309
21993899 34577758
15939852 34577762
34581106 34581112
34586768 34586769
34612504 34612506
17884404 34614304
22105584 34638329
14829857 34644388
34654799 34654810
34656265 34656266
34670904 34670905
34675796 34675797
2430344 34680802
34685909 34685915
34686122 34686133
34686828 34686830
34688153 34688155
22088300 34694624
8292617 34695064
34696978 34696982
34699481 34699482
34702110 34702115
34702804 34702809
28931210 34704548
28647444 34705764
4465899 34706607
34707372 34707373
22076988 29271625
28423549 34714148
34714595 34714601
7611294 34716532
34716593 34718188
22081676 34719559
15254274 34724687
22258770 34724966
9909395 34728726
33736896 34729042
34729648 34729649
34736086 34736087
34744872 34744884
34746764 34746765
34755560 34755561
17293428 34756966
4595843 34762498
34770481 34770482
34771277 34771279
34796227 34796230
34809017 34809018
34809986 34809987
34816728 34816729
34823416 34823417
22883027 15751
7696273 34826358
34827968 34827970
34830550 34830551
15254275 34831149
34833501 34833502
34833545 34833546
34836919 34836920
34837291 34837293
34839768 34839769
34853045 34853046
34859040 34859041
34859055 34859056
34867714 34867715
34874974 34874976
2732095 34877951
34880364 34880365
34881404 34881406
34884879 34884880
34916144 34916145
34918322 34918323
34927851 34927852
34929152 34929153
34939560 34939561
34943653 34943654
34943772 34943773
34947279 34947280
34951440 34951441
11611599 34954849
34962671 34962672
10475106 34962683
34962708 34962711
34968762 34968763
28523265 34970164
34973227 34973228
34975503 34975504
34976423 34976424
34979316 34979317
34979369 34979370
34981576 34981578
34985874 34985875
34987186 34987187
1844994 1844993
34990305 34990306
34990713 34990714
17730666 35008199
35012037 35012039
35013328 35013329
35014867 35014868
35020509 35020510
35025260 35025261
35028530 35028531
35029377 35029378
35032448 35032449
35034548 35034549
35035991 35035992
35039356 35039357
30484950 35039691
35040387 35040388
35040811 35040812
23997285 35040920
9414279 35049886
35052957 35052958
17588459 35055469
35058750 35058751
35060790 35060791
35062459 35062460
35063402 35063403
35063513 35063514
520812 35063651
8858898 35064447
35068054 35068055
4347962 15726866
35069083 35069085
35073970 35073972
10054550 35081745
21647789 35082247
35085316 35085317
35085579 35085580
22725644 35086607
35086752 35086753
35087048 35087049
35087975 35087977
35099412 35099413
35108109 35108110
9048637 35109706
35113667 35113669
35115851 35115852
35118383 35118384
35127685 35127686
35128601 35128602
35139471 35139472
35144436 35144437
35145270 35145271
35145396 35145397
35145780 35145781
35101585 35146002
35147131 35147132
35149687 35149688
35150250 35150251
35152036 35152037
35152888 35152889
35153624 35153625
35159975 35159976
35166382 35166384
35171173 35171174
35172351 35172352
30474413 35172688
35176093 35176094
35176523 35176524
23211105 35177242
35177958 35177959
35179619 35179620
15254267 35179861
35182464 35182465
23381527 35185188
35188197 35188198
35190423 35190424
35191260 35191261
35192672 35192673
35195105 35195106
35196743 35196744
35198419 35198420
35201458 35201460
9050008 35212051
35212127 35212129
35216001 35216002
35221067 35221068
35223242 35223243
35228393 35228394
35228763 35228764
35236972 35236973
35242278 35242279
35251868 35251869
35253060 35253061
35255616 35255617
35256491 35256492
35271726 35271729
35275078 35275079
35275335 35275336
35275582 16799710
35276366 35276369
35282248 35282249
35287264 35287266
35287922 35287923
10643378 35293345
35294026 35294027
23176131 35294145
35295079 35295081
35301517 35301518
1845015 35305289
35312000 35312001
35314336 35314337
35315822 35315824
22453146 35315979
35316852 35316853
35316988 35316989
35320229 35320230
35320642 35320643
35322332 35322333
35338197 35338198
35354869 35354870
35355849 35355850
35371010 35371013
35374649 35374650
35390083 35390084
35390197 35390198
35390445 35390446
35391066 35391067
35399422 35399424
35399966 35399967
35400266 35400267
35405267 35405268
35406986 35406987
35419576 35419577
35421389 35421390
35433700 35433701
35436010 35436011
35445399 35445400
35445914 35445915
35451014 35451015
35451228 35451229
35453822 35453823
35459331 8810
35473099 35473100
35475822 35475823
35483556 35483557
35484864 35484865
35485049 35485050
35488459 35488460
15427411 35492067
35495420 35495421
35502168 35502169
23969975 35507097
35508308 35508309
35511060 35511061
15735820 35512128
35512836 35512837
35513860 35513861
35519099 35519100
35522316 35522317
35522683 35522684
35530375 35530376
35534143 35534145
35534484 35534485
35534873 35534874
35535673 35535674
35538262 35538263
35538801 35538802
35539349 35539350
22630277 35541516
35544855 35544856
35557504 22547910
35558654 35558655
35559467 8113445
23537957 35564096
35566594 35566595
35569438 35569439
35570679 35570680
35591904 35591905
25400493 35598640
35602363 35602364
35603084 35603085
3109212 35603357
35610967 22219897
35619266 35619267
35625828 35625829
35626331 35626332
35628316 35628317
35631003 35631004
9016244 35635613
35635717 35635718
35636617 9473932
35637624 1734776
35637625 29479644
35637635 9474866
35104806 35662120
35680552 35680553
35682352 35682353
35682676 35682677
35682733 35682734
2467180 35692740
2430329 35711934
35715933 35715934
35716534 35716535
35716537 35716538
35716540 35716541
35716542 35716543
35716544 35716545
35716546 35716547
35716548 35716549
35716550 35716551
35716552 35716553
28615187 28615186
35716554 35716555
886005 35716560
35716561 35716562
35716885 35716886
35716913 35716914
35737148 35737149
35767885 35767886
35787804 35787805
35788409 35788410
9678081 9678082
35818054 35818055
35823474 35823475
35823485 35823486
35866623 35866624
35871227 35871228
35876521 35876522
35880188 35880189
35881768 35881769
35898721 35898722
35900021 35900022
35900824 35900825
35926443 35926444
35948809 35948810
35957197 35957198
35975435 11679804
35982847 35982848
35991518 35991519
15318033 35995691
35995709 35995710
36001145 36001146
36035788 36035789
8329545 36035940
36045827 36045828
36059525 36059526
36096421 36096422
36112045 36112046
36116305 36116306
36118274 15444700
36127244 36127245
36127644 36127645
36129249 36129250
36180226 36180227
36181190 36181191
36181780 36181781
36198810 36198811
36198813 36198814
36211467 36211468
36215912 36215913
36215914 36215915
36215916 36215917
36218205 36218206
36267782 36267783
36271815 36271817
36285617 36285618
36295664 36295665
36360779 36360790
36360789 36360803
36380586 36380587
36393823 36393824
36393828 36393829
36425755 36425756
36449909 36449910
36451589 36451590
36452061 36452062
36452091 36452092
36455237 36455238
36485083 15753034
36490261 36490262
36494673 36494674
36500197 36500198
36500199 36500200
36504283 36504284
24495435 36510878
36546843 36546844
36550969 36550971
36559145 36559146
36568943 36568944
36587281 36587282
26202400 36629810
36685266 36685268
36687004 36687005
36706960 36706961
3530440 36708323
36765331 36765332
3108353 36781544
36904574 36904575
37180842 37180843
37348442 37348443
37439588 37439589
37457139 37457140
37460070 37460071
8337740 37576423
37661947 37661948
37728232 37728233
37846955 37846956
37871290 37871291
37935847 37935848
37935891 37935892
38009020 38009021
38471416 38471417
38671426 38671427
39436486 39436487
40160619 8179632
3714 40512026
40524944 40524945
2713401 40528850
14473827 2294652
14342152 40531126
40543325 40543326
40546334 40546335
32730334 40546526
886413 40546579
40547386 40547387
545071 12447
306925 23997280
40555893 40555899
13960017 40557795
40562539 40562541
30530810 40562557
40574900 40574901
21936713 40587701
40596905 40596907
40599201 40599202
22552916 39546
40632802 40632803
16588968 40634438
34544654 40639211
3074516 40644419
40645030 40645031
2229621 40645871
40648634 40648635
40332496 40649440
40649835 40649836
40654732 40654733
40655546 40655547
39462697 40657163
9850028 34539453
413011 9226940
40671095 40671096
6763934 40672506
257338 40673149
40676940 40676941
36603324 40677316
40678862 40678863
40681028 40681035
40681313 40681318
9277584 40681451
11524349 40681609
31348247 40682142
7793211 40683181
40684431 40684432
135171 40685728
15254268 40687601
40687845 40687846
34652805 40688188
8280011 40690506
17514736 40693216
40693351 40693352
9776091 40693742
17390001 40693807
32775812 40695397
40696158 40696159
40697384 40697385
8170377 40701172
40702252 40702254
40703523 40703524
10294876 40703939
40704641 40704643
40705729 40705730
40705909 40705910
40710471 40710472
40714202 40714203
40715489 40715491
40715690 40715693
28053698 40717078
40717371 15259798
40724845 22327732
9234032 40728429
40730197 40730198
40732214 40732215
40642427 40741443
40752820 40752821
40762716 27508842
40763557 40763560
40775511 40775512
40642429 40775575
23899354 40776145
40777362 40777363
40782345 40782346
11598922 40785601
40787451 40787452
40787451 30558845
28638701 40790835
40791079 40791080
40815713 40815714
40819544 40819545
40821452 9080246
39827519 40829505
8316241 40832441
34270234 40832814
40832998 40832999
40833600 40833601
40864285 40864286
40868615 40868616
22008730 40876077
40882247 40882248
40882363 40882364
40884496 40884497
40888240 40888242
15254264 40888781
40893618 40893619
40895468 40895469
40903468 40903469
17369099 40907161
40908783 40908784
40924039 40924040
40933442 40933443
16009658 40936566
36902589 40937032
40941069 40941070
22584694 22584695
15793878 40944766
40947783 40947784
16578467 16578466
40984837 40984838
40992870 40992875
40994171 40994172
40994720 40994721
21496368 40995548
40996881 40996882
40996899 40996901
11539678 40998547
40999014 24256215
11648064 40999666
41003224 41003225
41005938 41005939
17572457 41006044
41006708 41006709
41007153 41007154
41007341 41007342
8554133 41011557
41011818 133545
41015143 41015144
40237758 41018184
40153266 21192
41030235 290943
41033544 41033545
17061952 41034193
41034309 41034310
25387893 41034951
41035004 41035006
12473560 41035952
41037499 41037500
41038286 41038287
41039241 41039242
41039982 41039983
41040180 41040181
19558724 41040182
41041069 41041071
41041258 41041260
41043974 41043975
41044728 41044735
41048802 41048803
41051183 41051184
14936974 41055094
41055683 41055684
41056426 41056427
41056902 41056903
41057093 41057094
28913338 41058118
41058444 41058445
41058709 41058710
41058771 41058772
6804053 41059753
41065269 41065270
41066654 41066655
41072735 41072736
2223215 41076818
41076985 41076986
41077702 41077703
41093242 41093243
41100780 41100781
17581828 41102324
41107579 41107580
41113989 41113990
36597041 41115432
41115578 41115579
41115636 41115637
36417615 41115915
41116975 41116977
41117324 41117325
41121689 41121690
12908985 41123614
41126380 41126381
41128104 41128105
41128104 41128106
41131420 41131421
41132104 41132105
41136435 41136436
22200569 41143666
41147001 41147002
10414290 41147479
41149160 41149161
41151163 41151164
41151903 41151904
41151965 41151966
41152031 41152032
41152262 41152263
22392209 41153514
41156382 41156383
1053731 1795192
41164947 41164949
41166315 41166316
15463843 41167035
41176024 41176025
41181684 41181686
41181788 41181789
41187768 41187770
41196847 41196848
41199073 41199076
10641781 41200660
41200892 41200893
41212665 41212666
41224023 41224024
41224608 41224609
41225859 41225860
22552918 41228409
41236542 41236543
41239178 41239179
41243724 41243725
41244819 41244820
41250424 41250425
41251182 41251183
41252174 41252175
34620833 41259595
41260893 41260894
41263266 41263267
41263897 41263898
41265707 41265708
41274074 41274087
41275143 41275144
41275673 41275674
41279168 41279169
41280209 41280210
41286416 41286417
41288005 41288007
28404360 41294140
41294428 41294429
41315002 41315003
41331332 41331335
41357309 41357310
41370757 41370758
41371355 41371358
41374945 8136791
41380832 41380833
41389755 41389756
41393554 41393555
41398458 41398459
36492511 41407046
41415716 41415717
41419668 41419669
41422398 41422399
41430543 41430544
41432434 41432435
41436484 41436485
41441972 41441973
41443444 41443445
41445497 41445498
41450376 41450377
36608987 41455094
41456473 41456474
41460457 41460458
41460965 41460966
29978537 41472879
15970186 41478881
41478966 41478967
41486954 41486955
41488503 41488504
41488767 41488768
41489361 41489362
41493464 41493465
41497392 41497393
41502611 41502613
41505528 41505529
41508090 41508091
41508134 41508135
14160503 41508573
41516636 41516638
41521607 41521608
1619241 1619242
41541048 41541049
41541421 41541422
41558540 41558541
41559352 41559353
2845825 41562542
41564738 41564739
41564789 41564790
15406076 41564981
343934 41565303
41573873 41573874
30484590 41576841
41579218 41579219
9430315 41580511
41584284 41584285
41584614 41584615
41587848 41587849
41588019 41588020
41588750 41588751
41592774 41592775
41599348 41599349
41600110 9474866
41600137 1734776
25886642 41604448
41619321 41619322
41624467 41624468
26372938 41624576
41624685 41624686
41624705 41624706
41624949 41624950
41629877 41629878
16306612 41639494
41641813 41641814
41641997 41641998
41642919 41642920
41648444 41648445
41649402 41649403
41652489 41652490
41652696 41652697
41660109 41660110
41666055 41666056
36122504 41670159
41670264 41670265
41674606 41674607
41674609 41674610
41674611 41674612
41674614 41674615
41674616 41674617
41674618 41674620
41275675 41674621
34951442 41674622
41674623 41674624
41674625 41674626
9047391 41674629
41675214 41675215
41684812 41684813
16351786 41741532
41749818 41749819
9659213 9659212
41771660 41771661
41775070 41775071
41776478 41776479
41780155 41780156
16336150 41780161
41780167 41780168
41780173 41780174
41790766 41790767
790654 41825041
41825468 41825469
41825553 28892246
2229619 41835824
15977065 41845319
41858149 41858150
41858221 41858222
41888243 41888244
41934365 41934366
41944571 41944572
28444059 41956260
41973896 41973897
41973943 41973944
41986252 41986253
42016986 42016987
42017232 42017233
24018510 42033149
42048087 42048088
42052635 42052636
42064101 42064102
42074476 42074477
42092443 42092444
42100699 42100700
42111100 42111101
42119478 42119479
42122594 42122595
42126207 42126208
42128137 42128138
42140688 42140689
42160470 42160471
42160483 42160484
42175110 42175111
42196683 42196684
42219313 42219314
42229089 42229090
42284932 42284933
42287598 42287599
42293518 42293519
24150423 42300421
42300551 42300552
42318763 42318764
42336068 42336069
42376284 42376285
42381179 42381180
42389063 42389064
42401446 42401447
42404300 42404301
42415731 42415732
42425522 42425523
42438747 42438748
42438752 42438753
42442441 42442442
42442758 15405137
42449038 41419669
31253144 42460560
40634440 42490082
42515109 42515110
42515511 42515512
42517646 42517647
42519085 42519086
42524023 36587282
42551920 42551922
42659817 42659818
1901406 42769253
30796686 42827333
42831130 42831131
42848753 42848754
42985142 42985143
43260450 43260451
43261768 43261769
43366351 43366352
43368303 43368304
43377116 43377117
43378046 43378047
3091444 43490980
43639843 43639844
43641551 43641552
43671497 43671498
43823229 43823230
43823882 43823883
43883681 43883682
44033154 44033156
44033154 44033157
44033155 44033159
44033155 44033160
44061450 44061451
44531945 44531946
34521255 44542396
44544940 44544941
44901224 44901225
44923986 44923987
44942603 44942604
45079088 45079089
45079094 45079095
6934981 45336939
22256703 45462231
45586782 45586783
15424215 45692338
45873295 625712
45887675 45887678
45959297 45959298
46046476 35188198
78475 20103
427642 46354973
330701 46359211
1161032 22430801
358784 29904858
46360362 46360363
9414278 28932788
308975 15803514
46374732 46374734
22494477 46376729
46383994 46383999
46387041 46387042
46388277 46388278
46388668 46388677
9392450 46392530
46402174 46402175
46419133 46419134
46425253 46425254
8223701 46425258
16391043 46428774
80614 15300125
1079846 8173391
46464006 46464007
46466273 46466275
34569633 46469849
16578408 46471102
43044894 46471526
34721744 46475076
46478425 46478426
46480124 46480125
46490264 46490268
46501529 46501530
4771772 1817743
46505660 46505667
46506380 46506382
46509533 46509534
9993786 46510330
35616569 46514931
10116461 46515010
46516382 46516383
46516628 46516629
46516630 46516631
447658 46516943
46517397 46517398
8137000 46518020
46519691 46519693
46072737 46521606
46523541 46523545
46524927 46524928
41377921 46527498
46527542 46527544
46528173 46528175
46530648 46530650
46533310 46533312
30288219 46533344
12109521 46533812
46534113 46534114
46536400 46536403
46552328 46552329
46552426 46552427
13609096 46552431
46554594 46554595
46555860 46555861
42544249 46558472
46560745 46560746
46562217 46562219
342991 46566633
40702253 46566979
1975373 46568947
6976157 6925749
46570387 46570388
46571200 46571201
34653460 46571848
15325141 46572087
46573322 46573323
46574520 46574521
46577981 46577982
14030930 46597980
17388493 46598858
46598879 46598880
46598882 46598883
28055204 46606403
46606404 46606405
46609959 46609960
46610060 46610061
46612099 309201
46626482 46626483
46629102 46629103
46630287 46630288
46631245 46631246
10632470 46632298
43326794 46634088
46650713 46650714
3754401 46652589
46653665 46653666
46654778 46654779
46673128 46673129
24043397 46677968
46680382 46680384
35376840 46684422
6432401 46690014
46701009 46701010
46703088 46703089
32657312 46706316
36920104 28736501
24938697 46725466
24938697 46725467
46740279 25299151
46740726 46740727
46742174 46742175
46073962 46742610
40578463 46743334
8165827 46751199
46755944 46755945
34246657 46756635
46757485 46757488
46763783 46763784
292191 46764507
46766710 46766711
40595352 46767316
46767958 46767959
46769500 46769501
46771987 46771988
46772399 46772401
15406075 46779012
34569634 46779848
23985347 46780954
46783273 46783276
46783675 46783676
46797774 46797775
46806607 46806609
46807138 46807139
46807817 46807818
46808849 46808850
46809703 46809705
46810253 46810254
46813255 46813256
46813560 46813561
14235669 46813573
46815080 46815082
20047158 46815454
46817302 46817303
46818376 46818377
17038311 36181781
46829750 46829751
46830090 46830091
46831658 46831659
22133506 46840540
46848387 46848388
36603354 46849173
46849186 46849187
46850349 46850350
46850925 46850926
46851020 46851022
4200659 46851128
36610021 46853161
46815086 46853234
46853874 1849786
46854217 46854218
28410104 46854581
46855585 46855586
269187 46856998
46857406 46857407
46864556 46864557
46864761 46864762
24003585 46867286
46869347 46869348
46870002 46870004
42358602 46870247
46870674 46870675
17580483 46873770
45959299 46880210
46881695 46881696
46884126 46884127
46885647 46885648
46893146 46893147
46893971 46893972
46898016 46898017
46908493 46908494
46911251 46911252
46920530 46920531
10788559 46921626
46922276 46922277
46922450 46922451
15691238 46924382
46924582 46924583
10645498 46924649
46924813 46924815
46924956 46924957
46925053 46925055
46928809 46928810
15254263 46938846
46941868 46941869
46942159 46942160
46944080 46944082
46949303 46949304
15310548 46950940
46952342 1056904
46953266 46953267
46953367 46953368
46954779 46954780
46956206 46956208
46960121 46960122
15903620 46960813
46960814 46960815
41812479 46963845
18862205 46965641
46966471 46966472
46967521 46967522
46968026 46968027
31356568 46968177
15254265 46968899
46968914 46968915
24172678 46976114
46998649 46998650
47003015 47003016
47005271 47005272
47005284 47005285
47005760 47005761
47006250 812459
14474845 47006645
1963765 47011989
32157703 47014107
47014319 47014321
47018631 47018633
25653115 47022778
18931742 47025877
47031217 47031218
47036052 47036053
47042520 47042521
47042892 47042893
8198376 47049292
47050292 47050294
47065225 47065226
47065691 47065692
47065818 47065819
47066257 47066258
41223214 47070270
47070339 47070340
220912 47072013
41674619 47076700
47088991 47088996
47124004 47124005
17298286 47125862
47138653 47138654
47141722 47141724
47142624 47142625
47155264 47155265
47155917 47155918
47156774 47156775
47157886 47157887
47159431 47159432
26879346 47161436
47164334 47164335
47165029 47165030
47165109 47165110
47165571 47165573
47166675 47166676
47167006 47167007
4609829 47167809
47170532 47170533
25386492 47173455
36902177 47181269
47184368 47184369
47189525 47189526
27680401 47189997
9544942 47190079
47194825 47194826
47198791 47198792
47200347 47200348
47209336 47209337
47213630 47213631
42825117 47215962
10586709 47216949
47223037 47223038
47240185 47240186
47241429 47241430
47253985 47253986
47271907 47271908
47272189 47272190
47273363 47273364
12567856 47278282
47282783 47282784
7316530 47282880
47288752 47288753
47293683 47293684
47297262 47297263
10653832 47303836
8449026 47321284
47326992 47326993
47327167 47327168
47327246 47327247
47337070 47337071
47338526 47338527
47362483 47362484
47367419 47367420
47368693 47368694
47371317 47371318
47375244 47375245
7700083 47375630
47376685 47376686
47376873 47376874
47376878 47376879
47380162 47380163
47381235 47381236
47383476 47383477
47388843 47388844
14296602 47389317
47409001 47409002
40550142 47416044
47426065 47426066
47430839 47430840
47431266 47431267
47433051 47433052
47433291 47433293
47441270 47441271
47442849 47442850
47445601 47445602
47447588 47447589
47449152 47449153
135176 21025281
23646094 47460800
10061825 47461028
47465693 47465694
47465695 47465696
47465697 47465698
47465699 47465700
47465701 47465702
47465703 47465704
18669078 47465705
1079850 47465706
47465708 47465709
47465710 47465711
47465712 47465713
16116508 47465714
888444 47465715
47466071 47466072
16304114 47468787
47471150 47471151
47499547 47499548
8310284 47506703
47510515 47510516
47514628 47514630
47530178 47530179
47539162 47539163
47555496 1957073
47557515 47557516
42538253 8584010
47566060 47566061
47566073 47566074
47572740 47572741
22307422 47583537
41564982 47587332
22105587 47608576
47609970 47609971
47625273 47625274
47629505 47629506
47631501 47631502
47637355 47637356
47703459 47703460
47704775 47704776
47717924 47717925
47754868 47754869
47754979 47754980
47755528 47755529
47760943 47760944
47765842 47765843
47791174 47791175
9157010 47792158
47803592 47803593
47828195 47828196
47830612 1957073
47839822 47839823
47840896 47840897
47840942 47840943
47843129 47843130
47846623 15985850
47846870 47846871
47847141 47847142
47847498 47847499
47849709 47849710
47864033 47864034
47865806 47865807
47870763 47870764
47916697 47916698
47931446 47931447
47934268 47934269
47934865 47934866
47934868 47934869
47934871 47934872
47987925 47987926
48000418 48000419
48013935 48013936
48021533 22509069
48026325 48026326
48081223 48081224
48114079 48114080
48122846 48122847
48124102 48124103
48133023 48133024
48144592 48144593
48157799 48157800
48162465 48162466
48163369 48163370
48195143 48195144
48206367 48206368
48210646 48210647
48222202 48222203
48256430 48256431
33845220 48316949
33845220 48316950
48398945 48398946
48413904 3268483
48611684 48611685
2430336 48755899
48983053 48983054
3332116 49080032
49090179 49090180
49108393 49108394
8137003 49118447
49119511 49119512
49181862 15463844
49376359 49376360
49381255 49381256
10638627 49381744
49482845 49482846
6518264 49545816
49856548 49856549
50050065 50050066
21936725 50050716
50219589 50219590
50230267 50230268
50239368 50239369
50250366 50250367
20427083 50546425
50665948 50665949
51237042 51237043
51252487 51252488
26396549 51259805
51668277 51668278
51771999 51772000
