0 126
661 126
111 1291
698 1472
698 1291
6 126
706 126
1245 1291
1730 126
1165 1291
113 126
1208 126
1173 1291
1171 1291
1152 1291
1201 1291
701 1291
1182 126
1177 126
7742 7502
9820 1291
10245 1291
12127 1291
12147 1291
1394 1291
17792 1291
27444 1291
27777 1291
36816 1291
36855 1291
36888 1291
36899 1291
36926 1291
36929 1291
36960 1291
37033 1291
38110 126
12153 1291
59716 1472
59716 1291
64551 1291
67765 1291
68226 1291
75036 1291
75038 1291
75243 1291
75334 1291
79033 1291
79076 1291
80862 1291
81032 1291
81254 1291
81292 1291
84266 1291
84302 1291
84328 1291
84342 1291
84356 1291
101340 1291
101354 1291
104078 1291
106820 1291
106835 1291
106991 1291
9832 1291
107357 1291
108634 1291
108644 1291
110112 1291
110122 1291
110175 1291
110179 1291
110386 1291
115933 1291
115966 1291
116591 1291
116600 1291
116648 1291
145534 1291
145571 1291
145622 1291
160052 1291
191540 1291
191688 1291
191699 1291
191704 1291
191790 1291
191942 1291
191703 1291
192079 1291
192200 1291
198075 1291
198088 1291
198186 1291
204360 1291
204476 1291
204853 1291
217700 1291
230900 1291
230942 1291
231632 1291
231796 1291
231809 1291
231903 1291
238378 1291
259515 1291
259541 1291
259517 1291
259853 1291
260324 1291
260455 1291
260556 1291
260703 1291
287877 1291
287965 1291
288070 1291
288434 1291
288483 1291
288721 1291
289375 1291
289485 1291
289488 1291
289651 1291
310755 1291
310883 1291
310892 1291
312742 1291
316464 1291
316585 1291
316662 1291
316755 1291
316983 1291
12130 1291
335685 1291
335877 1291
335893 1291
335902 1291
336257 1291
336303 1291
238383 1291
336673 1291
336739 1291
336950 1291
336984 1291
337201 1291
337213 1291
337359 1291
337471 1291
404165 1291
404259 1291
404295 1291
404336 1291
404417 1291
404484 1291
404537 1291
404810 1291
405431 1291
405708 1291
406250 1291
406346 1291
444637 1291
445002 1291
445031 1291
445316 1291
445751 1291
446041 1291
335904 1291
446566 1291
447387 1291
488048 1291
488268 1291
488302 1291
523755 1291
523790 1291
523825 1291
523843 1291
523870 1291
523763 1291
524031 1291
523829 1291
524151 1291
546640 1291
607072 1291
686172 1291
722054 1291
722139 1291
722640 1291
852642 1291
858436 1291
858541 1291
893503 1291
976606 1291
231906 1291
993372 1291
1016749 1291
993373 1291
107 7502
91 126
100 126
1227 126
1725 126
1443 21740
1443 1291
1180 126
1234 126
1195 126
109 126
386386 1291
1739 7502
1223 7502
1210 24654
1164 7502
1237 1291
1167 126
1218 1291
1217 1291
1199 126
1166 24654
2927936 1291
8139952 1291
36890 1291
331837 1291
8141124 1291
8157249 1291
259543 1291
8158323 1291
8158961 1291
8159077 1291
6703628 1291
101357 1291
8167479 1291
8167588 1291
8167652 1291
37036 1291
8167887 1291
8168928 1291
81035 1291
8169101 1291
894858 1291
8171373 1291
8171503 1291
8171574 1291
8171375 1291
8171781 1291
84331 1291
8173672 1291
8181527 1291
104061 1291
106837 1291
106824 1291
8187758 1291
8187764 1291
9828 1291
8187770 1291
8189472 1291
110126 1291
17798 1291
110180 1291
8190682 1291
8190690 1291
8190701 1291
3122501 1291
115969 1291
8194416 1291
8194408 1291
8194418 1291
116650 1291
8216665 1291
123823 1291
8226890 1291
8252615 1291
8252634 1291
2471395 1291
8252710 1291
8252727 1291
8252787 1291
8257784 1291
8257793 1291
8257796 1291
8262468 1291
8262494 1291
8262529 1291
8262545 1291
230904 1291
8277245 1291
8283062 1291
8283410 1291
231636 1291
8283478 1291
8283702 1291
8283711 1291
8301289 1291
8301370 1291
8301541 1291
8301851 1291
259518 1291
8301853 1291
8302782 1291
8322250 1291
8322715 1291
8322757 1291
288725 1291
8323397 1291
8323506 1291
8324255 1291
8340711 1291
310885 1291
310757 1291
8344584 1291
8344666 1291
8344708 1291
976609 1291
8344826 1291
8344943 1291
8344963 1291
2917804 1291
488304 1291
8345148 1291
8345318 1291
8345332 1291
8345350 1291
8345353 1291
1016756 1291
8352664 1291
8356145 1291
8356182 1291
12129 1291
8356359 1291
238384 1291
8360735 1291
8360903 1291
337218 1291
8361014 1291
8361167 1291
336986 1291
8403868 1291
8410209 1291
8410434 1291
404487 1291
8410597 1291
8410923 1291
8411282 1291
160054 1291
8411407 1291
8411450 1291
8411637 1291
8411882 1291
406350 1291
8438802 1291
8438882 1291
8439031 1291
8352668 1291
8439064 1291
8439319 1291
8439411 1291
445033 1291
8439690 1291
8439685 1291
8439799 1291
8439834 1291
8440199 1291
8440360 1291
446045 1291
446569 1291
8439802 1291
8345127 1291
8472112 1291
8499437 1291
8499448 1291
8499442 1291
8499585 1291
524035 1291
8499860 1291
10247 1291
8564193 1291
8564213 1291
8564303 1291
8622324 1291
8622327 1291
8301543 1291
8653424 1291
8653464 1291
8753795 1291
8753826 1291
8754961 1291
8439322 1291
1214 126
1713 1291
96 126
1216 126
94 126
1735 126
1233 1291
1228 24654
704 1291
1190 24654
1737 24654
1151 24654
1395 24654
1225 7502
1397 14006
1242 53955
1242 126
1235 126
1439 14006
1142 126
103 126
1742 1291
1157 24654
1147 1291
1715 1291
1194 126
1186 126
700 1291
38808 1291
779404 1291
8141103 1291
8141139 1291
15245352 1291
107039 1291
8139954 1291
36928 1291
15262256 1291
36902 1291
585372 7502
244639 1291
238130 7502
8167772 1291
15278444 1291
15279280 1291
64556 1291
36963 1291
8141168 1291
15280061 1291
15280071 1291
15280307 1291
15284636 1291
15284639 1291
15287370 1291
8167774 1291
972186 1291
8167775 1291
79036 1291
15290311 1291
8171505 1291
217702 1291
217703 1291
15292544 1291
15292552 1291
15299444 1291
15299451 1291
15299458 1291
8159079 1291
8159106 1291
15303265 1291
39199 1291
106825 1291
191707 1291
15305089 1291
106995 1291
15306270 1291
15280309 1291
9440662 1291
15306295 1291
4142509 1291
15306311 1291
8189475 1291
15306331 1291
15306300 1291
15307197 1291
15307257 1291
116651 1291
15310943 1291
115971 1291
10304352 1291
15330829 1291
191965 1291
8171966 1291
15339300 1291
191945 1291
15363661 1291
15363754 1291
15368328 1291
8257795 1291
198189 1291
15368376 1291
8262470 1291
15372923 1291
204478 1291
15387009 1291
8276070 1291
15391880 1291
15391952 1291
15392039 1291
15391955 1291
15392261 1291
986784 1291
15392398 1291
231800 1291
8301293 1291
15408981 1291
7185838 1291
15409283 1291
15409322 1291
15409397 1291
8653388 1291
15409417 1291
8653387 1291
15409446 1291
8302030 1291
1767267 1291
260560 1291
15410257 1291
15427631 1291
287880 1291
287967 1291
15427800 1291
15427844 1291
15427846 1291
15427910 1291
15427993 1291
15428003 1291
15428302 1291
15428400 1291
15428905 1291
15428946 1291
8323400 1291
8323401 1291
15245287 1291
15430459 1291
15442597 1291
15442639 1291
15442599 1291
15442765 1291
15443312 1291
15443326 1291
312744 1291
14525657 1291
15446446 1291
15446534 1291
8344714 1291
15446680 1291
15446691 1291
992565 1291
8344993 1291
15446871 1291
15446917 1291
15446938 1291
8345321 1291
15447076 1291
15453468 1291
15457264 1291
15457267 1291
12164 1291
15457360 1291
15457441 1291
13506466 1291
335688 1291
336741 1291
15460163 1291
8360642 1291
15460501 1291
336260 1291
337216 1291
8360916 1291
15461224 1291
15461226 1291
337205 1291
36537 1291
15489256 1291
404298 1291
8277247 1291
15505905 1291
15506051 1291
15506218 1291
15506253 1291
15506311 1291
404339 1291
15506610 1291
8226915 1291
8411285 1291
405710 1291
336988 1291
15513853 1291
15524896 1291
15533045 1291
15533050 1291
15533171 1291
8439034 1291
15533618 1291
445005 1291
445755 1291
15534586 1291
446044 1291
9022899 1291
15535004 1291
15535393 1291
15535431 1291
15567599 1291
15567617 1291
488050 1291
15567754 1291
15534981 1291
15567756 1291
8499590 1291
15591901 1291
15591937 1291
523795 1291
524036 1291
15592093 1291
523848 1291
523761 1291
523765 1291
15591900 1291
15508647 1291
1307491 1291
607074 1291
10805031 1291
15734808 1291
722141 1291
15734837 1291
15735092 1291
15735137 1291
15245290 1291
15826791 1291
15826864 1291
15831616 1291
15443351 1291
1374988 1291
976608 1291
15446940 1291
1211 24654
108 1291
1734 126
1708 126
1230 126
1728 126
1229 14006
1712 1291
1143 126
92 126
93 126
28 126
1219 126
1718 7502
1720 14006
1215 126
1209 1291
1441 1291
1178 126
1163 1291
1246 24654
1170 1291
1162 126
1243 126
1716 126
699 1291
1184 126
38967 1291
38983 1291
488270 1291
16860 126
301836 24654
21959495 1291
21959513 1291
3535 1291
59733 1472
415376 1291
59734 7502
746659 24654
15279340 1291
21974723 1291
21974728 1291
15279342 1291
21974725 1291
21975443 1291
21975451 1291
21980410 1291
8141277 1291
75338 1291
17078871 1291
79080 1291
15287507 1291
15287551 1291
79081 1291
21983583 1291
37112 1291
15290367 1291
21985568 1291
21985677 1291
84344 1291
84304 1291
21987560 1291
21994336 1291
98206 1291
21994365 1291
21996687 1291
15299524 1291
21687126 1291
107038 1291
191702 1291
15306307 1291
15306334 1291
15306333 1291
22002580 1291
15307199 1291
22005872 1291
116604 1291
8194419 1291
115972 1291
22006191 1291
22018482 1291
8411452 1291
192082 1291
191692 1291
15363756 1291
198077 1291
15368332 1291
8141021 1291
204856 1291
230903 1291
8276071 1291
22084076 1291
15392208 1291
22084153 1291
15447065 1291
15392043 1291
15392264 1291
8283471 1291
15447066 1291
22084156 1291
231813 1291
22084447 1291
15392413 1291
22084507 1291
8283715 1291
15408985 1291
15408984 1291
22101175 1291
8653389 1291
15410216 1291
22102088 1291
2275649 126
22119018 1291
287881 1291
22119144 1291
22119152 1291
22119268 1291
15428006 1291
22119325 1291
288485 1291
8322718 1291
39051 1291
15387013 1291
15592097 1291
15387011 1291
22137458 1291
22137522 1291
22137657 1291
8344965 1291
15446806 1291
316589 1291
22137851 1291
8345151 1291
22137979 1291
15446873 1291
15447079 1291
22146456 1291
15457298 1291
336675 1291
15460551 1291
22149860 1291
22149909 1291
81302 1291
17021005 1291
22149976 1291
81304 1291
8361208 1291
22149992 1291
22150362 1291
523831 1291
22178013 1291
15245357 1291
15447061 1291
22192628 1291
22192818 1291
22192862 1291
22193066 1291
15430461 1291
15513859 1291
22192864 1291
404167 1291
22193544 1291
405434 1291
22194164 1291
8411884 1291
8226892 1291
22218386 1291
444639 1291
8439414 1291
15533173 1291
22218703 1291
15533620 1291
22218965 1291
8439803 1291
445319 1291
15534590 1291
404539 1291
15535395 1291
8922423 1291
12527599 1291
8324257 1291
22249302 1291
22249484 1291
21943990 1291
523764 1291
524037 1291
524402 1291
523830 1291
8499863 1291
8564161 1291
8564195 1291
686174 1291
8653392 1291
8439692 1291
8653393 1291
15535433 1291
722644 1291
84269 1291
21959497 1291
8344710 1291
337361 1291
22496960 1291
39325 1291
336952 1291
39110 1291
1222 126
9 126
1723 1291
1187 126
1721 1291
1241 53955
708 126
702 1291
1159 1291
1239 126
1185 126
1741 1291
797714 126
797712 126
1202 126
1232 126
1226 1291
1714 1291
1207 7502
1207 1291
1200 1291
707 1291
1181 1291
27785 1291
3008851 1291
39029 1291
5552 1291
15262288 1291
15262287 1291
28359688 1291
611240 126
308346 14006
8157252 1291
68228 1291
15279341 1291
28373448 1291
28373444 1291
64555 1291
21975446 1291
28359613 1291
15299523 1291
75245 1291
29839 1291
75040 1291
21982747 1291
8167592 1291
81036 1291
8169103 1291
80864 1291
8168930 1291
84358 1291
110115 1291
2758967 1291
84345 1291
84305 1291
21985443 1291
15292554 1291
15292546 1291
28393053 1291
8167483 1291
28393069 1291
28393075 1291
8414347 1291
15303267 1291
28396350 1291
8185740 1291
28397586 1291
8187769 1291
28398713 1291
15306274 1291
108636 1291
68229 1291
21987562 1291
110187 1291
8190684 1291
2783879 1291
116593 1291
15310946 1291
22018485 1291
606806 1291
406253 1291
2351767 1291
28422045 1291
15263502 1291
8216673 1291
28454703 1291
28454757 1291
991538 1291
191791 1291
198090 1291
8257787 1291
8257797 1291
8262547 1291
204363 1291
336261 1291
8154599 7502
8154599 1291
21960815 1291
230947 1291
28481318 1291
8283413 1291
22084221 1291
8283482 1291
8438806 1291
8345416 1291
259941 1291
8719134 1291
259942 1291
8301854 1291
28496431 1291
15410075 1291
260327 1291
22119280 1291
287882 1291
22119146 1291
288724 1291
28513315 1291
8322762 1291
8141395 1291
15427682 1291
28514013 1291
15428907 1291
8323509 1291
15831619 1291
8323508 1291
289654 1291
8440809 1291
15443350 1291
15443348 1291
8344586 1291
893510 1291
28531237 1291
15446874 1291
22137989 1291
22137846 1291
22137854 1291
28531500 1291
15446920 1291
15447062 1291
15447063 1291
28539877 1291
28539891 1291
23256702 1291
5851827 1291
8356147 1291
8356369 1291
28540111 1291
238382 1291
22149832 1291
28542958 1291
28543217 1291
336987 1291
22495825 1291
15427912 1291
81303 1291
404812 1291
8410211 1291
404419 1291
8277249 1291
404340 1291
28584024 1291
8410436 1291
7323329 1291
28584270 1291
28584630 1291
8411409 1291
28584722 1291
22023945 1291
8439321 1291
15533292 1291
8439033 1291
8352667 1291
15489259 1291
22218967 1291
8439837 1291
22587036 1291
28609597 1291
8440201 1291
28609470 1291
15535008 1291
22220092 1291
446568 1291
21943991 1291
523794 1291
523849 1291
3094892 1291
722643 1291
8302038 1291
15245288 1291
8758783 1291
858438 1291
28879599 1291
28879627 1291
28879662 1291
28879693 1291
2084621 1291
22137460 1291
28531239 1291
710 1781
710 1781
1193 126
1175 126
99 126
1205 1291
110 126
101 1291
1729 126
1709 126
1726 126
709 1291
1169 24654
1168 53955
797713 24654
1731 53955
1191 14006
1711 126
1719 7502
1733 24654
1198 126
1196 126
1738 24654
1144 1291
1144 126
711 1291
1172 126
1161 1291
1238 1291
1244 1291
1231 1291
106 1291
1154 1291
1221 1291
1213 126
1727 1291
1206 1472
1206 126
386723 24654
12154 1291
38957 1291
982003 1291
12149 1291
475141 24654
36858 1291
21959515 1291
36819 1291
28359641 1291
28382651 1291
27452 1291
8157208 1291
15278441 1291
8157209 1291
15262034 1291
8167773 1291
21974747 1291
15826793 1291
21975445 1291
21975453 1291
8159095 1291
75039 1291
28381802 1291
34567709 1291
8173658 1291
34567831 1291
84359 1291
28386139 1291
8173659 1291
28386140 1291
28393071 1291
8182553 1291
28393055 1291
28393077 1291
8185743 1291
9550244 1291
8185742 1291
8185741 1291
106823 1291
15306320 1291
14096256 1291
8190704 1291
110125 1291
110116 1291
115970 1291
15310937 1291
1408135 1291
1384300 1291
8216734 1291
22006132 1291
28402623 1291
15330958 1291
145625 1291
145536 1291
15323625 1291
15330831 1291
15330832 1291
28584700 1291
191944 1291
191691 1291
191545 1291
34636953 1291
8252636 1291
116603 1291
34641179 1291
34644941 1291
6458633 1291
15372925 1291
8262533 1291
230946 1291
15506220 1291
8283705 1291
34662398 1291
34662623 1291
15392402 1291
22084079 1291
8301292 1291
2084631 1291
15735159 1291
15409449 1291
16357709 1291
8302037 1291
8158112 1291
34677782 1291
28496433 1291
15410215 1291
34678201 1291
15427995 1291
238380 1291
34693200 1291
34693286 1291
15427996 1291
15687676 1291
288487 1291
8564216 1291
34693537 1291
34693551 1291
289628 1291
310896 1291
22137461 1291
22137524 1291
1374990 1291
22137940 1291
8345150 1291
316986 1291
28539899 1291
34719073 1291
34719121 1291
8356360 1291
8356361 1291
8277248 1291
4729175 1291
18902120 1291
446283 1291
336305 1291
81305 1291
15461227 1291
8361169 1291
22150404 1291
81306 1291
22178016 1291
8499452 1291
34762858 1291
404168 1291
34763084 1291
404813 1291
15506313 1291
22084294 1291
15506351 1291
406252 1291
8439070 1291
8439415 1291
28608943 1291
16547489 1291
8440202 1291
445754 1291
15244345 1291
28609599 1291
404540 1291
523762 1291
15591943 1291
523847 1291
22273388 1291
523874 1291
8499589 1291
15592005 1291
8499543 1291
34840709 1291
15508648 1291
34840744 1291
15245356 1291
8653295 1291
722056 1291
28791748 1291
8301855 1291
22406282 1291
15290389 1291
35114070 1291
8173674 1291
3096125 1291
97 7502
1710 126
667 126
1189 126
1174 126
105 1472
8 126
8 108988
1148 1291
86154 126
1724 126
1158 1291
1150 1291
1240 1291
1212 97165
1236 7502
1132151 126
1437 7502
1145 1291
104 14006
1203 126
1183 24654
9211 1291
1908276 1291
8653391 1291
115935 1291
84534 1291
15567781 1291
9833 1291
3109342 1291
27413 1291
34546591 1291
36962 1291
36936 1291
363653 14006
4243 1291
123822 1291
43551 126
326456 14006
15533621 1291
15284638 1291
40544678 1291
28359612 1291
8173660 1291
15280063 1291
34546592 1291
8173657 1291
67767 1291
17800 1291
75051 1291
34560313 1291
34564361 1291
21982746 1291
79037 1291
5203884 1291
8169420 1291
28384541 1291
84332 1291
40554304 1291
8171785 1291
8173675 1291
8181529 1291
15292555 1291
98205 1291
28392977 1291
15292547 1291
21988040 1291
28393098 1291
8181530 1291
101343 1291
28374209 1291
40563146 1291
67768 1291
21995574 1291
104081 1291
106839 1291
106838 1291
15305080 1291
8187771 1291
107040 1291
108646 1291
15306299 1291
2001729 1291
8190547 1291
34583383 1291
28399500 1291
8190693 1291
22002605 1291
34586878 1291
123093 1291
40576689 1291
28415117 1291
29919333 1291
34637125 1291
40623116 1291
40623213 1291
8252637 1291
191544 1291
198091 1291
28459331 1291
22061915 1291
204364 1291
34644943 1291
34645088 1291
204855 1291
15443349 1291
22084293 1291
8283065 1291
34662626 1291
231907 1291
231908 1291
22084449 1291
15392414 1291
8283704 1291
8344711 1291
8301374 1291
40662773 1291
15409644 1291
15409399 1291
8653390 1291
15409285 1291
40663238 1291
8158113 1291
238381 1291
337217 1291
15460815 1291
20792642 1291
40679219 1291
34693553 1291
15428406 1291
8322859 1291
310886 1291
8340713 1291
22134162 1291
34706315 1291
28528934 1291
9422230 1291
22137659 1291
8344713 1291
28531201 1291
2631405 1291
316664 1291
15447064 1291
15457444 1291
15457445 1291
15457266 1291
15457443 1291
36329913 1291
40707733 1291
15460017 1291
336306 1291
22149991 1291
8361016 1291
337204 1291
15461341 1291
22192630 1291
22193075 1291
15505907 1291
29868325 1291
404261 1291
26817667 1291
8410600 1291
22248698 1291
430123 1291
40770741 1291
8439836 1291
15534544 1291
15534591 1291
40772151 1291
446756 1291
446712 1291
40798711 1291
22249088 1291
15567814 1291
15567620 1291
6834295 1291
8564160 1291
34965435 1291
15735094 1291
3510852 1291
8141251 1291
41022880 1291
28879695 1291
28879544 1291
8352666 1291
28879543 1291
34953360 1291
15263603 1291
41106697 1291
39214 1291
316757 1291
8344828 1291
1160 1291
7 126
1153 126
1220 126
703 126
112 1291
1149 1291
1149 14006
1141 1291
1176 1472
1396 1291
1438 14006
1440 1291
102 24654
1732 24654
1146 1291
1717 1291
1188 126
1224 126
1204 1472
1204 1291
705 1472
705 1291
1197 1291
1740 126
2975155 1291
6737667 1291
326455 7502
886984 14006
8139955 1291
34546582 1291
15262033 1291
34559612 1291
46335 1291
72172 7502
17799 1291
8167482 1291
21980631 1291
15826794 1291
8159105 1291
21980412 1291
15280073 1291
40551657 1291
15287550 1291
34567765 1291
28382650 1291
8171506 1291
15290531 1291
15290313 1291
21985570 1291
110388 1291
28384540 1291
40555784 1291
40555785 1291
21985821 1291
40554306 1291
1569093 1291
40563148 1291
101358 1291
34582684 1291
21994380 1291
8187666 1291
8190844 1291
106996 1291
15305091 1291
107360 1291
15306314 1291
15306335 1291
8189476 1291
989584 1291
46397085 1291
110389 1291
8194420 1291
40576691 1291
4180918 1291
145573 1291
2518741 1291
40623118 1291
46450039 1291
198092 1291
15368331 1291
8257786 1291
198190 1291
15368330 1291
28459488 1291
22066261 1291
28463528 1291
15391848 1291
15391849 1291
28481264 1291
40649911 1291
22084220 1291
8283472 1291
231814 1291
22084500 1291
15735158 1291
15409440 1291
40543949 1291
260707 1291
26377681 1291
15427767 1291
22119147 1291
15427847 1291
22119154 1291
15687677 1291
288486 1291
8322717 1291
8322761 1291
12203321 1291
34693472 1291
996680 1291
8323399 1291
289377 1291
289487 1291
289655 1291
15442682 1291
8340817 1291
15442642 1291
310897 1291
15442641 1291
8344712 1291
22137525 1291
28531054 1291
1374989 1291
41108742 1291
15927917 1291
992975 1291
8345126 1291
28539893 1291
28539879 1291
34718889 1291
46528483 1291
8356184 1291
15457362 1291
15457283 1291
335687 1291
337362 1291
336953 1291
15461248 1291
22192820 1291
404486 1291
22193068 1291
404299 1291
8410599 1291
28584056 1291
40747495 1291
46569180 1291
34817379 1291
406349 1291
405433 1291
8411284 1291
46569182 1291
316466 1291
8439413 1291
22218786 1291
445004 1291
22249486 1291
28609403 1291
15535007 1291
28610266 1291
488051 1291
46592450 1291
8440766 1291
446817 1291
28611353 1291
447393 1291
22249087 1291
15535006 1291
15567601 1291
488305 1291
15591902 1291
523832 1291
524401 1291
8499453 1291
8499862 1291
28539894 1291
10246 1291
8653296 1291
22406294 1291
15735139 1291
15245272 1291
8344668 1291
46760190 1291
12151 1291
8753798 1291
15387012 1291
28879629 1291
8352669 1291
15831618 1291
28879664 1291
9352358 1291
9188750 1291
8344945 1291
22194191 1291
