85082 63324
241490 241494
250652 250653
329952 1027
329952 69961
459734 38280
459734 20394
504003 63324
512075 241494
768399 243237
768399 63324
870764 870765
871393 871394
872815 872816
872817 870765
872823 872816
872865 872866
872889 872816
872890 872891
872904 872866
872905 870765
872906 872816
872928 872866
872950 872891
872951 870765
872963 872891
872964 872816
872997 872866
873082 873083
873091 872866
873106 873083
873175 873083
873176 873083
873180 873083
873185 873186
873187 873186
873198 873199
873202 873186
873337 873199
873339 873186
873341 873186
873463 873464
873483 873464
873484 871394
873519 873464
873559 873560
873561 871394
873572 873464
873576 873560
873640 873560
873651 873560
873652 873560
873653 873560
873781 873782
873783 873782
873824 873782
874191 873782
874194 873782
911733 870765
1019112 1026
1109999 69961
574559 250653
1188452 20394
1393957 20394
1521821 59363
1546730 59363
1596492 20394
1646731 241494
1646900 38280
1768672 1768673
1768680 1768673
1768697 1768673
1769125 1769126
1769276 1769126
1769295 1769126
1769314 344451
1769317 1769126
1769323 1769126
1769338 344451
1769341 344451
1769428 1769126
1769127 1769126
1769588 1769589
1769601 1769589
1769662 1769589
1770255 1769589
1770466 1770467
1768699 1768673
1770593 1770594
1770600 1770594
1770608 1768673
1770256 1769589
1770595 1770594
1770681 1770682
1773467 1770594
1780629 1026
1789983 69961
1825528 241494
1825652 59363
1825664 38280
1825667 243237
1825667 69961
1825708 1026
1825708 1020
1825708 1027
1840089 1026
2019354 2019355
2019358 2019355
2019417 2019355
2019359 2019355
2032527 63324
2040343 59363
2040343 38280
2042893 38280
2042893 20394
2060705 1020
2060707 59363
2079735 1026
2080673 38280
2092042 38280
2116229 1026
2116535 1026
2143867 1027
2163641 404030
2163665 862528
2163674 302739
2163677 302740
2163680 2163681
2163684 302741
2163687 404031
2163710 302741
2163747 404030
2163750 2163751
2163772 302740
2163776 302739
2163784 302741
2163778 302739
2163805 2163806
2163809 2163810
2163813 302741
2163667 862528
2163787 302739
2163836 404031
2163685 302741
2163848 862529
2163752 2163751
2163858 862528
2163861 2163681
2163874 302740
2163876 2163681
2163842 302741
2163773 302740
2163910 302740
2163689 404031
2163920 302741
2163935 862529
2163938 302740
2163941 404030
2163943 862528
2163946 862528
2163949 302739
2163952 404029
2163966 404031
2163991 404031
2163994 404030
2163997 302739
2164010 2163806
2170447 2163751
2218965 59363
2324786 274789
2384902 243237
2384943 20394
2384943 1026
2396033 243237
2631710 250653
2641469 2163681
2733207 243237
2733207 63324
2750827 38280
2951159 69961
3012212 59363
3012212 38280
3015939 38280
3025153 1026
3130494 1027
3284061 3284062
3284368 2019355
3284443 3284444
3284690 3284691
3286831 3284062
3297843 3284062
3299589 3284444
3304180 3284691
3304437 3284691
3352644 1027
3158118 1027
3424887 59363
3472483 2019355
3472737 3284062
3473114 3284444
3473345 3284691
3473348 3284444
3473350 3473351
3473594 3473351
3473597 3473351
3566294 3284691
4097235 250653
4097237 241494
4097239 274789
4097241 274789
4097243 69961
4097245 69961
4097247 1026
4097249 1020
4097251 1027
4157503 20394
4163138 241494
4241926 38280
4338630 243237
4385189 1026
4614599 4614602
4722741 63324
4743835 4743838
4743840 4743843
4743844 4743847
4743848 4743851
4743852 4743851
4743855 4743858
4837578 243237
4876678 38280
4917466 1020
5013627 1020
5052930 4743838
5052933 4743838
5054686 5054689
5054696 5054689
5056143 5056146
5056150 5056146
5056151 5056146
5056162 5056146
5056163 5056146
5056177 5056146
5061892 5061895
5061924 5061895
5061927 5061895
5061943 5061895
5063386 5063389
5063390 5063389
5063396 5063389
5063399 5063389
5063428 5063389
5063429 5063389
5063432 5063389
5067987 1026
5067989 1026
5067991 241494
5067993 274789
5083156 4743843
5083157 4743843
5083160 4743843
4743842 4743843
5083175 4743843
5090807 4743847
5090810 4743847
5090886 4743847
5090962 4743847
5096218 4614602
5096374 4614602
4614600 4614602
5096761 4614602
5106649 5106652
5106656 5106652
5106659 5106652
5106662 5106652
5106663 5106652
5107085 4743851
5107088 4743851
5107091 4743851
5107092 4743851
5107094 4743851
5107095 4743851
5107097 4743858
5107100 4743858
5107103 5107106
5198278 1026
5218578 63324
5224709 59363
5823861 38280
5823861 20394
6308694 20394
6308709 63324
6334559 6334560
6334562 6334560
6334564 6334560
6348336 243237
6348338 1026
6348343 274789
6348345 1027
6348349 20394
6348351 1026
6348384 241494
6348386 59363
6348388 63324
6348389 63324
6348391 250653
6348392 69961
6348394 1026
6348396 1020
6348398 241494
6348399 1020
6348401 241494
6348403 250653
6348404 59363
6348409 59363
6348411 250653
6348413 59363
6348415 59363
6348417 20394
6348423 38280
6348425 1027
6348427 1027
6862913 1020
6889314 38280
6889315 1020
6931313 63324
6931315 69961
7097023 38280
7172874 69961
7181957 1027
7203928 69961
7281657 241494
7281663 241494
7281669 241494
7281673 241494
7281678 274789
7281681 274789
7281685 274789
7281695 243237
7281699 243237
7281703 243237
7281716 63324
7281729 69961
7281738 69961
7281741 59363
7281744 59363
7281752 59363
7281756 59363
7281761 59363
7281775 38280
7281778 38280
7281785 38280
7281795 20394
7281799 20394
7281812 20394
7281818 20394
7281821 1026
7281827 1026
7281832 1026
7281844 1020
7281862 1020
7281867 1020
7281872 1027
7281876 1027
7309366 241494
7553474 250653
7553475 241494
7553476 241494
7553477 241494
7553478 241494
7553479 274789
7553480 274789
7553481 274789
7553482 274789
7553483 243237
7553484 243237
7553485 243237
7553486 243237
7553487 243237
7553488 63324
7553489 63324
7553490 63324
7553491 63324
7553494 63324
7553495 69961
7553546 69961
7553589 69961
7553661 69961
7553662 69961
7553676 59363
7553677 59363
7553682 59363
7553683 59363
7553684 38280
7553685 38280
7553686 20394
7553687 20394
7553688 20394
7553689 1026
7553694 1026
7553696 1020
7553697 1020
7553698 1020
7553699 1020
7553700 1020
7553701 1020
7553702 1020
7553703 1027
7553704 1027
7553705 1027
7553706 1027
7553727 1027
7557056 274789
7557060 243237
7557061 69961
7557062 59363
7557063 59363
7557064 59363
7557065 59363
7557066 20394
7557067 20394
7557068 1026
7557069 1026
7557070 1020
7557101 274789
7557102 59363
7949633 1020
7956776 1020
614200 69961
614200 59363
614200 38280
614200 1027
614200 250653
614200 241494
379912 20394
379912 1026
379912 1020
379912 274789
379912 243237
379912 63324
838352 274789
838352 243237
838352 63324
838352 20394
838352 1026
838352 1020
8139244 250653
8231561 1020
3477013 1020
3477013 1027
8602442 69961
8710542 8710545
8770191 872891
8770214 872866
8770277 872891
8770289 872816
8770290 872891
8770299 872891
8770301 870765
8770362 872891
8770363 872816
8770370 872816
8770432 872866
8770433 872866
8770434 873083
8770435 873083
8770508 873186
8770515 873186
8770521 873199
8770522 873199
8770547 873199
8770607 873186
8770609 873186
8770645 873186
8770708 873464
8770731 873464
8770767 871394
8770768 873464
8770769 871394
8770771 871394
8770777 873464
8770778 873464
8770779 873560
8770780 873464
8770809 873560
8770810 8770811
8770875 873464
8770878 871394
8770880 873560
8770920 873560
8770930 873560
8770999 873782
8771022 873782
8771177 873782
8771277 8770811
310998 1020
8878410 243237
8878410 63324
4099541 274789
4337561 20394
8316914 69961
2178016 59363
9059648 59363
9059648 38280
9068025 20394
9089798 1026
9126098 243237
9126098 274789
9301156 243237
9395985 63324
9402207 1026
9402270 20394
9402302 241494
9402362 241494
9402752 274789
9410287 63324
9455222 1026
9502571 3473351
1768674 1768673
1769296 1768673
1770469 1770467
1769429 1769126
1769128 1769126
9503188 344451
9503192 344451
9503189 344451
9503447 1769589
9503706 1769589
1768675 1768673
9504134 1770467
9504143 1770467
1769318 1769126
9504215 1768673
9504223 1768673
1770257 1769589
9504241 1770594
9504244 1770594
9504262 1770682
1770683 1770682
9542091 1020
9542091 1027
9549592 241494
9549592 274789
9549681 274789
812029 20394
812029 1026
9549699 274789
9549759 274789
9549759 243237
9557505 274789
9571590 20394
9571590 1026
2276797 1027
2276797 250653
3284370 2019355
9710655 2019355
9710697 2019355
9725676 274789
9745052 20394
9745056 1026
9745073 1020
9745558 274789
9750072 59363
9760401 241494
9796077 59363
9816350 1027
9833068 2163681
9833071 2163681
9833074 404031
9833081 404029
9833086 404030
9833120 862529
9833123 2163751
2163849 862529
9833127 302740
9833129 862528
9833136 2163806
9833139 302740
9833142 2163751
9833145 302741
9833147 404030
9833150 302741
9833152 2163810
9833157 862529
9833160 302739
9833163 2163806
2163679 302740
2163863 2163681
9833180 302739
9833183 2163806
2163992 404031
9833232 2163810
438194 2163810
2163814 302741
2512314 862529
9833244 2163806
2163712 302741
9833260 2163751
9833131 862528
9833174 2163681
9833266 404030
9833268 862528
9833143 2163751
9833087 404030
2163838 404031
9833164 2163806
9833299 404031
9833301 404029
2163908 302741
9922927 38280
9941694 20394
9996258 2163681
10004916 243237
10122906 1020
10204336 1026
10252053 20394
10261269 243237
10297182 3284691
10339314 1020
10371412 59363
10401443 69961
10440501 1026
10495064 1026
10666923 1026
10666923 241494
10780024 20394
3473595 3473351
2019418 2019355
8281838 3284691
10805330 3284444
10815331 3284691
10816962 3284444
3299590 3284444
8281840 3284691
10822402 3284691
10827481 38280
10914914 38280
10973016 3284691
3472739 3284062
3473116 3284444
10973684 3284062
10973773 3473351
10973686 3284062
11211047 63324
10973774 3473351
11227493 3284444
11537510 69961
11537517 69961
11545463 250653
11545465 250653
11545467 274789
11545469 274789
11545471 243237
11545472 69961
11545474 38280
11545476 1020
11764618 38280
11764618 20394
11967378 250653
11975373 250653
11992825 5054689
12116075 63324
12134865 5107106
12134868 5107106
12135416 243237
12156752 1026
12285296 5056146
12410620 4743838
12410623 4743838
12410666 4743838
12412438 5054689
12412439 5054689
12412456 5054689
12412484 5054689
12413671 5056146
12413679 5056146
12418813 5061895
12418814 5061895
12418865 5061895
12418866 5063389
12420229 5063389
12424095 1027
12424097 1027
12437926 4743843
12437929 4743843
12437931 4743843
12445273 4743847
12445294 4743847
5090964 4743847
5096453 4614602
12451081 4614602
12451102 4614602
5096762 4614602
12460935 5106652
5107090 4743851
12461277 4743851
12461278 4743851
12461294 4743858
12461297 4743858
12461300 5107106
12461301 5107106
12461304 5107106
12461305 5107106
12461308 5107106
12532312 20394
12532422 250653
12532448 1027
12546314 63324
12546315 1027
12546318 274789
12553319 1020
12890897 1026
12971945 20394
13111540 1026
13113446 250653
13132161 38280
13132240 1020
13132244 241494
13579191 241494
13579191 274789
13580479 6334560
13580482 6334560
13580485 6334560
13580488 6334560
13580491 6334560
13593658 38280
13593660 20394
13593662 59363
13593663 69961
13593665 20394
13593670 243237
13593672 241494
13593674 69961
13593676 63324
13593677 250653
13593679 69961
13593681 250653
13593683 250653
13593685 1020
13593687 1020
13593689 241494
13593690 59363
13593692 1027
13593693 250653
13593695 1020
13593697 241494
13593699 59363
13593700 38280
13593702 63324
13775215 63324
13777107 69961
13944069 63324
14069579 20394
14069724 274789
14460289 241494
14460292 241494
14460299 274789
14460302 274789
14460305 274789
14460310 274789
7289915 243237
14460318 243237
14460321 243237
14460325 243237
7289922 243237
14460331 63324
14460335 63324
14460339 63324
14460342 63324
14460345 63324
14460351 69961
14460355 69961
14460362 69961
14460368 69961
14460371 59363
14460381 59363
14460384 38280
14460387 38280
14460391 38280
14460395 38280
14460399 38280
14460407 20394
14460416 1026
7289955 1026
14460421 1026
14460424 1026
7289961 1026
14460430 1026
14460439 1020
14460442 1020
14460446 1020
14460450 1020
14460461 1027
14460465 1027
14460469 1027
7289981 1027
7289983 1027
14709362 250653
14709363 250653
14709364 250653
14709365 250653
14709366 241494
14709367 241494
14709368 241494
14709369 274789
14709370 274789
14709371 274789
14709372 274789
14709373 274789
14709374 274789
14709375 243237
14709376 243237
14709377 243237
14709378 243237
4156408 63324
14709379 63324
14709382 63324
14709383 63324
14709458 69961
14709558 69961
14709559 59363
14709560 59363
14709561 59363
14709562 59363
14709563 59363
14709568 38280
14709569 38280
14709570 38280
14709571 20394
14709572 20394
14709573 20394
14709574 20394
14709575 1026
14709576 1026
14709580 1026
14709581 1026
14709582 1026
14709583 1026
14709584 1026
14709585 1026
14709586 1026
14709587 1026
14709592 1020
14709599 1020
14709601 1027
14709602 1027
14709603 1027
14709604 1027
14709630 1027
14712577 241494
14712580 274789
14712581 63324
14712582 69961
14712583 69961
14712587 38280
14712592 20394
14712596 1027
15078050 38280
812100 20394
15318339 302741
15542447 1020
15745996 38280
15840810 870765
15842157 63324
15842400 872891
15842401 872891
15842402 872891
15842403 872866
15842408 872816
15842415 872891
15842445 872866
15842469 870765
15842498 870765
15842527 870765
15842532 872891
15842533 872866
15842534 872816
15842561 872816
15842564 870765
15842582 872816
15842603 872816
15842630 872816
15842648 872866
15842672 872866
15842711 872866
15842764 873083
15842769 873083
15842787 873186
15842800 873199
15842804 873186
15842809 873186
15842944 871394
15842945 8770811
15842972 871394
15843000 871394
15843056 8770811
15843069 8770811
15843092 8770811
15843104 871394
15843136 873782
15843181 8770811
15843532 8770811
15843561 873782
15843573 873782
15843585 873782
15870523 870765
5111963 38280
5111963 59363
15942304 1026
15947301 69961
15969311 250653
8238961 59363
3106277 59363
3106277 38280
1245807 38280
1245807 20394
7631203 274789
16096444 63324
16108886 1020
1825650 1020
16172408 1020
16172523 274789
4188999 20394
4188999 1026
16426527 1026
16426756 69961
16487211 1026
16518169 344451
16518178 344451
16518258 1768673
16518268 1768673
1768698 1768673
1770610 1768673
16518331 344451
1769319 1769126
16518180 344451
9503206 344451
1769664 1769589
16519419 1769589
16519495 1769589
16519600 1770467
16518270 1768673
16519622 1770467
1770602 1770594
16519602 1768673
435870 1768673
1770656 1770594
16519733 1770594
9504263 1770682
16519751 1770682
16519757 1770682
16519772 344451
16541690 1020
16562874 274789
16562874 243237
16562880 59363
16562889 243237
16562892 1020
16562895 274789
16562918 1026
4092767 250653
11971692 1026
16562949 274789
16570439 38280
7038448 1020
7038448 1027
3284369 2019355
10803957 2019355
2019419 2019355
16740235 69961
16740235 59363
16771952 274789
16782642 1026
16794464 243237
16794464 63324
16805459 1026
16827102 302740
16827105 862528
16827107 862529
16827114 2163810
2163816 302739
9833273 2163751
16827118 302739
2163967 404031
2163683 2163681
9833162 302739
9833181 302739
2163911 302740
16827161 302739
9833261 2163751
2163777 302739
9833146 302741
9833233 2163810
2163812 2163810
16827171 2163806
2163676 302739
16827199 302740
16827227 404031
2163878 2163681
9833130 862528
16827229 404030
16827240 2163751
2163808 2163806
2163996 404030
16827250 2163751
16827251 302740
16827253 404029
9833144 2163751
16827256 404031
16827258 2163806
16827129 404031
2163688 404031
16827260 2163806
2163944 862528
16827269 404029
16827271 2163806
9833148 404030
16827134 302739
16827288 862529
16827296 302741
9833070 2163681
16827302 2163751
9833126 862529
16827305 404031
16827307 2163681
16827257 404031
16827310 862528
16827312 2163681
2163682 2163681
9833121 862529
16827316 404029
16827311 862528
9833149 404030
9833075 404031
16862852 69961
16862852 59363
16947709 1020
16969512 274789
17005323 1026
17039617 20394
17138607 20394
17150054 1020
17184372 1020
17184372 1027
2649982 69961
17223443 274789
17260560 3284444
17316897 63324
17336460 20394
17349428 63324
17385600 241494
17420201 63324
17493631 20394
17729733 3473351
17729875 3473351
11227494 3284444
3284446 3284444
11227495 3284444
3284693 3284691
10805332 3284444
10973775 3473351
10816963 3284444
8281839 3284691
17746645 3284062
17888448 3284691
10973270 3284062
17888497 3473351
10973685 3284062
3284063 3284062
17888904 1770682
17888907 3473351
17730928 3284444
3473598 3473351
17729734 3473351
17889084 3284691
3473115 3284444
16054237 59363
18426038 69961
18433846 250653
18433848 250653
18433850 241494
18433852 38280
18433854 20394
18433856 20394
18433858 1026
18433860 1020
18433861 1020
18481123 1027
18483997 20394
18485269 20394
18491433 243237
18523642 1026
18538082 38280
18638804 1026
18638804 1020
16518634 344451
18800478 63324
18832776 59363
11992826 5054689
18973898 69961
18991784 5056146
18991786 5063389
18991789 16163297
6912504 241494
12410622 4743838
19250276 4743838
19250278 4743838
5052934 4743838
19250279 4743838
19251978 5054689
19253160 5056146
12413680 5061895
19257775 5061895
5063398 5063389
12420230 5063389
19259076 5063389
19259089 5063389
19262954 69961
19262955 63324
19262957 243237
19262959 274789
19262961 1027
19262962 1027
19262963 69961
19262964 1026
4743845 4743847
19282791 4743847
5090887 4743847
19288594 4614602
12460936 5106652
4743850 4743851
5107096 4743851
19297940 4743851
4743854 4743851
4743856 4743858
19297945 4743858
19297946 4743858
19297949 4743858
5107099 4743858
5107098 4743858
19297952 5107106
19297958 5107106
12461307 5107106
19365059 38280
19378089 1027
19378091 20394
19378093 69961
19378096 69961
19378099 20394
19397162 1027
19400851 38280
19470473 274789
19773210 1026
20325230 38280
6334565 6334560
20348238 6334560
20348240 6334560
20360752 20394
20360753 20394
20360754 63324
20360756 63324
20360773 69961
20360777 241494
20360779 274789
20360780 38280
20360781 250653
20360783 63324
20360784 38280
20360786 63324
20360788 243237
20360789 274789
20360791 250653
20360793 274789
20434215 241494
20535152 63324
20551369 63324
10410057 63324
20712460 69961
20817122 63324
20817374 1026
20840624 250653
20840625 1026
21192626 241494
14467853 274789
21192635 274789
21192641 243237
21192645 243237
21192651 243237
21192659 243237
21192665 63324
21192668 63324
21192671 63324
14467867 63324
21192678 63324
21192682 69961
21192685 69961
7289936 69961
21192690 59363
21192693 59363
14467873 59363
7289943 59363
14467877 38280
21192706 38280
21192710 38280
21192713 20394
21192718 20394
21192722 20394
21192734 1026
21192737 1026
21192741 1026
7289965 1026
21192746 1026
21192755 1020
14467891 1020
21192762 1027
21192765 1027
21192771 1027
21192775 1027
21433386 250653
21433387 250653
21433388 250653
21433389 250653
21433394 250653
21433400 241494
21433401 241494
21433402 241494
21433403 241494
21433404 274789
21433405 274789
21433406 274789
21433407 274789
21433408 274789
21433410 243237
21433411 243237
21433412 243237
21433413 63324
21433416 63324
21433417 63324
21433418 63324
21433433 69961
21433434 69961
21433528 69961
21433529 69961
21433530 59363
21433531 59363
21433532 59363
21433533 59363
21433534 38280
21433535 38280
21433536 38280
15990496 20394
21433537 20394
21433538 20394
21433539 20394
21433540 20394
21433541 1026
21433542 1026
21433543 1026
21433544 1020
21433545 1020
21433546 1020
21433547 1020
21433548 1020
21433549 1027
21433550 1027
21433565 1027
21433572 1027
21433573 1027
21433574 1027
21436497 250653
21436498 241494
21436499 241494
7941201 243237
21436502 63324
21436509 69961
21436512 1026
21436513 1020
21436514 1020
21436515 1027
21436516 1027
21436542 38280
21436543 1020
21783994 20394
21783994 38280
21784001 20394
13115451 20394
13115451 1026
21996550 69961
10671283 1768673
1370717 250653
22222928 243237
22226028 63324
22226028 69961
8415161 20394
8415161 1026
22308455 20394
4468312 1026
3183572 59363
22398757 1026
22418103 243237
22507225 872891
22507311 872891
22507341 870765
22507342 872891
22507343 870765
22507344 872816
22507346 872866
22507411 872866
22507432 872866
22507446 872866
22507490 873083
22507500 873083
22507518 873083
22507519 873083
22507538 873083
22507541 873083
22507549 872866
22507556 873199
22507557 873186
22507558 873199
22507560 873186
22507582 873186
22507583 873199
22507584 873186
22507630 873199
22507669 8770811
22507670 873464
22507695 873464
22507696 873560
22507699 871394
22507731 873560
22507750 873464
22507759 873560
22507760 871394
22507809 873782
22507926 873782
22507938 873782
22508015 873782
22508023 8770811
22508027 873782
6689763 243237
17577923 274789
22633576 1020
22650388 243237
22875027 63324
23065864 1020
23066102 1027
23066327 38280
23129562 274789
23155366 1770467
23155662 1769126
1769278 1769126
1769324 1769126
9502969 1769126
18758845 344451
16519773 344451
1769340 344451
1769339 344451
1769316 344451
23156174 1769589
9503448 1769589
1769603 1769589
23156733 1770467
23156832 1770467
23156884 1769126
23156887 1770594
9504216 1768673
1769663 1769589
16519709 1770594
1773469 1770594
23156901 1770594
16519752 1770682
16518170 1770682
17888905 1770682
23156934 1770682
9504321 1770682
23156968 1770682
1770601 1770594
23170852 1026
23170852 1020
23170965 1020
9933610 250653
9933610 241494
23195630 59363
23195630 38280
1825659 20394
6376981 1026
23298555 1020
294683 2019355
23349541 69961
23367495 20394
23369458 63324
23369458 69961
23369486 69961
23369930 59363
23369930 38280
23384820 59363
23385513 38280
23397602 1026
23402023 1020
8856000 69961
8856000 59363
23409761 1020
23409761 1027
23444737 302740
23444740 2163806
23444752 404029
2163995 404030
23444754 862528
16827163 2163751
23444807 404031
23444815 404031
2163862 2163681
23444822 404029
23444820 2163681
23444827 2163810
9833124 2163751
23444837 302739
9833158 862529
9833269 862528
23444839 404029
16827289 862529
23444864 2163806
2163749 404029
23444865 862528
2163666 862528
23444838 862528
16827287 302739
16827270 404029
17558551 2163681
23444753 404029
23444840 404029
23444874 2163806
9833137 2163806
9833270 862528
2163877 2163681
16827317 404029
23444885 302741
23444886 404030
23444893 2163810
23444896 302739
2164012 2163806
23444939 404030
16827313 2163681
9833267 404030
23462234 20394
23462234 1026
2163811 2163810
23639300 1020
23693715 20394
23708781 1026
23725350 63324
23763974 20394
921202 241494
23785183 250653
16827231 404030
23815241 241494
23817532 63324
23820363 274789
3473347 3284691
11551972 1027
23958536 274789
329955 69961
329955 1027
24116098 1026
24116098 1020
24138637 63324
24297024 3284691
3284445 3284444
3304182 3284691
17731290 3284444
3284064 3284062
3304438 3284691
16519735 3473351
24450761 3284444
24450760 3473351
24450763 3284444
3473353 3473351
3473349 3284444
294684 2019355
9502572 3473351
3473599 3473351
3299591 3284444
24483785 1027
24483961 63324
24641048 63324
24667082 63324
24684280 63324
24710299 20394
24710414 250653
24961715 20394
24969258 69961
24976874 250653
24976875 250653
24976877 241494
24976878 63324
24976880 69961
24976881 69961
24976883 69961
24976884 59363
24976886 38280
24976888 20394
24976890 20394
24976891 1027
24976893 1027
24976894 1020
25382246 5054689
25394022 69961
25400571 1020
25494187 20394
5063400 5063389
5107087 5106652
4743862 16163297
25716181 1020
25730636 1020
5052931 4743838
19250280 5054689
25765272 5054689
25765279 5054689
12412458 5054689
5054697 5054689
19253161 5056146
5056168 5056146
5056179 5056146
5061894 5061895
5061893 5061895
5061925 5061895
5063387 5063389
18991787 5063389
25772094 5063389
19259090 5063389
25775748 1027
25775750 1026
25775752 1020
25775754 250653
25775756 241494
25775757 69961
25775758 1027
25787596 4743843
12437928 4743843
25787597 4743843
12445274 4743847
25794279 4743847
25794282 4743847
12445295 4743847
5106651 4614602
5106650 5106652
25808620 5106652
25808621 5106652
25808623 5106652
5106657 5106652
25808625 5106652
25511698 5106652
25808909 4743851
12461279 4743851
19297941 4743851
25808911 4743858
5107102 4743858
19297953 5107106
12461302 5107106
25808916 5107106
12461306 5107106
25884295 69961
25884296 1026
25884298 38280
25884300 250653
25902734 250653
17014948 274789
25902735 243237
25903554 20394
25906075 250653
25906077 274789
25906079 1027
25906081 59363
25906083 1026
26370974 59363
26396027 1026
26396028 250653
26799918 6334560
6334561 6334560
13580487 6334560
26812156 38280
26812157 1027
26812158 243237
26812159 250653
26812161 274789
26812171 69961
26812172 1020
26812173 38280
26812174 243237
26812175 1027
26812176 250653
26812178 1027
26812180 1027
26812182 38280
26812183 250653
26812187 241494
26812188 38280
26812190 20394
26812191 38280
26812251 63324
26812465 1020
26812619 1026
26869626 243237
26903803 63324
26980206 63324
27152663 1020
27153509 69961
27221717 59363
27253721 38280
27253832 1026
27253832 1020
27275929 1027
4080592 1020
14467845 241494
21199628 241494
14467849 241494
27618021 274789
27618024 274789
27618028 274789
27618039 243237
7289919 243237
21199640 243237
14467863 63324
27618048 63324
27618051 63324
27618054 63324
27618058 63324
27618068 69961
27618072 69961
27618080 59363
14467871 59363
27618084 59363
27618087 59363
27618095 59363
27618098 38280
27618101 38280
27618104 38280
21199658 20394
27618115 20394
27618119 20394
27618122 1026
27618125 1026
27618128 1026
27618132 1026
7289969 1020
27618143 1020
14467889 1020
27618148 1020
27618154 1027
21199667 1027
27618162 1027
27618165 1027
27849644 250653
27849645 250653
27849646 250653
27849647 250653
27849648 241494
27849651 274789
27849652 274789
27849653 274789
27849654 274789
13108482 274789
27849656 274789
27849657 243237
27849658 243237
27849659 243237
27849660 63324
27849666 69961
27849709 69961
27849785 59363
27849786 59363
27849787 59363
27849791 59363
27849792 59363
27849793 59363
27849794 38280
27849795 38280
27849796 38280
27849797 20394
27849798 20394
27849799 20394
27849802 20394
27849803 1026
27849804 1026
27849805 1026
27849806 1026
27849807 1026
27849808 1026
27849809 1026
27849810 1020
27849811 1020
27849823 1020
27849824 1020
27849825 1020
27849826 1027
27849827 1027
27849834 1027
27852498 250653
27852499 241494
27852500 241494
27852501 274789
27852502 274789
27852503 59363
27852506 59363
27852507 20394
27852508 1026
27852509 1020
27911033 250653
27911033 241494
27911033 274789
27911033 243237
27911033 63324
27911033 69961
27911033 59363
27911033 38280
27911033 20394
27911033 1026
27911033 1020
27911033 1027
28154596 63324
1033261 63324
28430958 38280
14227816 20394
14227816 1026
12055936 1020
12055936 1027
28736737 243237
698014 20394
28815729 243237
24496762 1026
28839148 870765
28889311 872891
28889346 872866
28889350 872891
28889372 872816
28889373 872891
28889374 872816
28889392 872866
28889424 872816
28889438 872866
28889441 870765
28889442 872816
28889449 872891
28889480 872891
28889482 870765
28889504 873083
28889512 873083
28889532 873083
28889537 872866
28889548 873083
28889566 873186
28889570 873186
28889587 873199
28889596 873186
28889620 873199
28889636 873199
28889681 873464
28889690 873199
28889698 871394
28889704 873464
28889708 871394
28889710 873464
28889737 873560
28889750 873464
28889766 871394
28889767 871394
28889768 8770811
28889769 873464
28889780 873560
28889788 873464
28889789 871394
28889790 873464
28889791 871394
28889827 873782
28889828 873782
28889951 8770811
28889955 873782
28890013 8770811
9710698 2019355
28918223 59363
28935824 1027
3537644 274789
28944902 1020
28956811 250653
10634590 1020
28977942 1027
26390978 59363
26390978 38280
11547790 1026
16617177 241494
16617177 274789
10713186 38280
29173427 38280
29189497 1020
29189497 1027
2659263 243237
29277740 1020
1768681 1768673
12031362 59363
29372244 243237
29420255 1026
29420611 38280
29420707 274789
16518179 344451
9504135 1770467
16519774 344451
9502585 1768673
23155368 1770467
23156833 1770467
16518332 344451
1769315 344451
29504901 1769126
23155367 1770467
29504501 1770467
16519601 1770467
29505592 1770467
1770468 1770467
29505560 1770467
23155771 1769126
9504245 1770594
23155824 1769126
16518269 1768673
29505642 1769589
16519759 1770682
29505682 1770682
16519753 1770682
17888906 1770682
9504264 1770682
29505734 1770682
29505737 1770682
29544952 20394
29544987 243237
29544987 63324
9571592 1026
9710656 2019355
29686063 243237
29687029 243237
29691943 69961
29694650 1020
29694650 1027
29696680 274789
29696680 243237
29714447 1020
29727211 38280
29752753 1026
29752753 1020
29754824 243237
29754824 1026
29757667 38280
29757667 20394
29758466 63324
29758466 69961
29763683 250653
29764984 1026
29764984 1020
29767898 69961
29767898 59363
29771491 1027
16827261 2163806
29786022 862529
16827228 2163681
2163919 404031
2163748 404030
16827230 404030
2163942 404030
2163786 302741
2163785 302741
16827259 2163806
23444823 404029
16827115 2163810
2163642 404030
23444808 404031
9833209 404031
16827150 302740
2163686 302741
2163711 302741
2170448 2163751
23444824 404029
29786085 404029
2163807 2163806
9833185 2163806
2163837 404029
9833182 302739
29786083 862529
29786091 302739
16827308 2163681
16827173 2163806
2163815 862528
23444887 404030
2163950 302739
9833154 2163810
2163940 302740
2163953 404029
29786159 862529
29829248 59363
29931068 38280
9779794 69961
30115275 20394
30172076 63324
17746646 3284062
30313380 243237
30332549 20394
30332549 1026
30357922 59363
30357922 38280
30357922 69961
30363387 69961
30369377 243237
30414825 59363
30527436 1020
30527436 1026
17888908 3473351
17729876 3473351
24309813 3284062
3297844 3284062
17260562 3284444
3472484 2019355
3297845 3284062
3304181 3284691
10822404 3284691
3472738 3284062
30750709 1768673
10973019 3284691
17888498 3473351
3473352 3473351
10822403 3284691
30821668 3284062
10973017 3473351
31003179 1020
31003181 63324
31003242 20394
31259406 69961
31259412 69961
31263374 274789
31267101 250653
31267102 250653
31267104 274789
31267105 274789
31267107 69961
31267108 59363
31267110 59363
31267111 20394
31267112 1026
31267113 1020
11755745 1020
31435499 59363
31446361 63324
31459266 59363
31483732 59363
23156949 1770682
31642348 38280
31642348 20394
31642995 59363
31677086 243237
31677086 1026
31681493 250653
31684520 274789
31788041 63324
31788041 69961
31683240 69961
12285297 5056146
25511700 16163297
31803507 241494
31803507 1027
5054698 5054689
4953840 274789
32032583 4743838
12410625 4743838
5052935 4743838
5054688 5054689
32034302 5054689
18991785 5056146
5056152 5056146
5056159 5056146
12413672 5056146
25770790 5061895
5061945 5061895
32039502 5061895
12420217 5063389
5063392 5063389
5063430 5063389
25772097 5063389
5063434 5063389
32044400 20394
32044402 241494
32044403 1027
32044404 59363
32044406 63324
32044407 63324
5063433 4743843
12437927 4743843
32056035 4743843
5083162 4743843
12437932 4743843
5083176 4743843
5090809 4743847
5090808 4743847
32067851 4614602
12451168 4614602
19288596 4614602
19288595 4614602
32075994 5106652
12461259 4743851
4743849 4743851
19297943 4743851
32076326 4743858
12461295 4743858
32076328 4743858
12461298 4743858
5107105 5107106
5107104 5107106
12134867 5107106
12134869 5107106
25808918 5107106
32083404 20394
12015308 38280
32147864 1026
32147868 69961
32147869 59363
28876908 1026
32225145 274789
32417222 243237
32417227 69961
32739865 20394
13580483 6334560
20348239 6334560
33033720 274789
33033722 63324
33033723 1020
33033724 1026
33033726 250653
33033728 1020
33033737 38280
33033738 1027
33033740 59363
33033742 38280
33033743 1020
33033745 38280
33033746 1027
33033747 20394
33033749 241494
33033751 69961
33033752 1027
33033753 250653
33033754 250653
33033756 1026
33033758 1026
33033760 20394
33034032 1020
33052431 241494
33076290 1020
33122307 1027
33150093 243237
33399671 59363
33444020 38280
29603141 1020
6931331 59363
33542974 63324
33565499 20394
33573398 69961
793261 1020
14467847 241494
27624442 241494
33820919 241494
33820923 241494
33820926 241494
7289905 241494
33820934 241494
33820938 241494
33820941 274789
14467859 274789
27624452 243237
14467861 243237
33820961 63324
7289924 63324
27624456 63324
33820967 63324
33820973 69961
27624464 69961
7289934 69961
33820983 69961
14467869 69961
33820992 69961
33820996 59363
33821000 59363
33821005 59363
33821014 59363
27624475 38280
21199654 38280
33821027 20394
33821031 20394
7289951 1026
14467883 1026
7289959 1026
7289963 1026
27624485 1026
7289967 1020
27624489 1020
33821053 1020
33821056 1020
33821063 1027
34048804 250653
34048805 250653
34048806 250653
34048807 250653
34048808 250653
34048810 241494
34048811 241494
34048812 241494
34048813 274789
34048814 274789
34048815 274789
34048816 274789
34048817 274789
34048818 243237
34048819 243237
34048820 243237
34048821 243237
34048828 243237
34048834 243237
34048835 63324
34048836 63324
34048837 63324
34048838 63324
34048839 63324
34048968 69961
34048969 69961
34048970 59363
34048971 59363
34048972 59363
34048980 59363
34048981 59363
34048982 59363
34048983 38280
34048984 38280
34048985 38280
34048986 38280
34048987 38280
34048988 38280
34048989 38280
34048990 20394
34048991 20394
34048992 20394
34048993 20394
34048994 1026
34048995 1026
34048996 1026
34048997 1026
34048998 1020
34049004 1020
34049005 1020
34049006 1020
34049007 1027
34049008 1027
34049009 1027
34049010 1027
34051530 274789
34051531 274789
34051532 243237
34051533 63324
34051534 69961
34051535 38280
34051536 38280
34051537 38280
34051538 38280
34051539 20394
34051540 1026
34051544 1027
32751656 20394
22090646 302741
9833237 302741
13148025 1026
34753419 59363
31269142 69961
34782442 59363
2121496 20394
28155018 241494
28155018 1026
34878660 241494
34945431 243237
34945431 63324
34946201 20394
19705501 59363
6377669 59363
6690078 63324
6690078 69961
8561183 241494
35060367 872891
35060377 870765
35060383 872866
35060384 870765
35060385 872891
35060391 872816
35060420 872866
35060427 872816
35060438 872816
35060455 872816
35060501 873083
35060531 873083
35060576 873083
35060577 873083
35060587 873083
35060588 873083
35060594 873199
35060607 873199
35060617 873199
35060620 873186
35060685 873199
35060690 873199
35060708 8770811
35060726 873560
35060727 873560
35060733 873464
35060734 873560
35060743 873464
35060758 873560
35060792 873560
35060806 8770811
35060807 873464
35060831 8770811
35060833 873199
1490357 873782
35060867 8770811
35060873 873782
35061131 8770811
35061133 873782
35061150 873782
35061152 8770811
35064985 69961
35073568 274789
3369489 1026
35168697 872816
4563018 69961
35279391 69961
18846653 1020
18846653 1027
3497810 63324
3497810 69961
35356435 1020
35389941 274789
2208934 69961
6876601 38280
11545298 63324
11545298 69961
35560700 250653
35580938 1026
35581236 241494
35581412 274789
35635825 1026
5106665 5106652
23156734 1770467
29505623 1769126
1769430 1769126
1769443 1769126
16518772 344451
35663421 1770594
1769591 1769589
9503707 1769589
1769602 1769589
23156885 1769126
16519730 1770594
9504226 1769589
35664298 1770594
34699257 1770594
23156888 1770594
1773468 1770594
34699258 1770594
35664068 1769589
29505643 1769589
29505738 1770682
9745055 274789
35702671 20394
35702671 1026
35702673 1026
35759288 69961
28894236 2019355
9710654 2019355
23339291 2019355
35866083 59363
35886936 1027
35894806 69961
35894806 59363
35895658 20394
35895658 1026
35905647 1020
35906855 1027
35915832 20394
35923426 1027
35925105 243237
10449265 1026
16827103 302740
16827309 2163681
23444841 404029
9833082 404029
23444853 862529
23444873 404029
2163678 302740
9833262 862528
9833153 2163810
2163951 302739
35937324 404029
29786093 862528
23444828 2163810
2163993 404031
35937337 2163810
23444755 862528
29786084 404029
23444741 2163806
35937343 404030
9833161 302739
35937348 862529
16827162 302739
9833069 2163681
23444829 2163751
16827249 404030
16827165 2163810
9833128 302740
16827133 302741
16827241 2163751
2163945 862528
2163857 2163751
16827252 302740
16827306 404031
35937354 2163810
2163947 862528
9833072 2163681
2163859 404031
16827314 2163681
2163643 404030
2163850 862529
35937326 2163810
23444884 404029
2163948 862528
35937396 2163751
9833138 302740
35937411 2163751
2163937 862529
29786141 2163810
2164011 2163806
35943989 20394
36038890 20394
36044636 1026
36117771 1027
3173203 20394
15622166 1027
13961222 1027
13961222 36273257
4148870 1026
4148870 1020
36339845 1026
36384173 1020
36486076 1027
36490672 20394
36490672 1026
36548001 241494
36548001 274789
36578382 59363
36621904 59363
36653015 63324
30600128 3284062
17729904 3284444
3286832 3284062
30821669 3284062
30186130 3284062
36814512 1020
17964748 3284444
3566295 3284691
23339292 6334560
30600917 3284062
1770609 1768673
23705652 241494
16349140 243237
37084042 241494
15732086 1026
37097822 250653
37104437 20394
37354691 274789
37354691 243237
37355834 69961
37363360 250653
37363362 274789
37363363 274789
37363365 243237
37363366 243237
37363367 1020
941603 241494
37406320 1020
29694651 1020
37409002 20394
37409002 1026
37410155 1020
37445621 243237
37546755 38280
37572372 1026
37866128 243237
37908918 241494
13909700 274789
37955795 1026
37955795 1020
37955795 274789
38105328 4743838
19250252 4743838
38108598 5054689
5054687 5054689
12412457 5054689
12285298 5056146
5056178 5056146
5061926 5061895
38113294 5061895
19257777 5061895
38113312 5061895
32039501 5061895
38113323 5061895
38113324 5061895
5063431 5063389
38118207 1027
38118209 1027
38118210 241494
38118211 243237
38118212 38280
5083158 4743843
5083159 4743843
5083161 4743843
32056037 4743843
5083177 4743843
5090811 4743847
25794280 4743847
19282798 4743847
38135647 4743847
38135648 4743847
5096219 4614602
5096376 4614602
4614601 4614602
12451103 4614602
32067852 4614602
5096763 4614602
5107086 4743851
12461280 4743851
4743857 4743858
19297944 4743858
12461296 4743858
19297950 4743858
19297951 4743858
5107101 5107106
38149080 5107106
12461303 5107106
33055892 1020
12016040 274789
38206285 243237
38237613 250653
38463738 243237
38671899 1027
24451489 6334560
26799919 6334560
13580484 6334560
39059888 243237
39059889 63324
39059890 1026
39059892 63324
39059893 59363
39059907 63324
39059908 20394
39059910 1027
39059912 250653
39059916 38280
39059917 59363
39059918 243237
39059919 241494
39059921 63324
39059922 1027
39059923 1020
39059924 274789
39104640 63324
39108229 1020
39228222 20394
28562746 38280
39477596 63324
39481123 59363
39499249 20394
39522033 69961
6931314 243237
39709616 243237
8285561 69961
39823542 241494
39823552 274789
39823555 274789
7289911 274789
21199634 274789
21199638 243237
33827231 243237
39823573 63324
39823577 63324
27624458 63324
39823584 69961
39823588 69961
39823595 69961
14467875 59363
33827237 38280
39823613 38280
39823616 38280
33827239 38280
14467879 38280
33827243 38280
27624479 38280
39823625 20394
7289945 20394
39823629 20394
39823632 20394
39823635 20394
7289971 1020
7289973 1020
7289975 1020
39823653 1020
39823658 1020
39823661 1027
27624493 1027
27624495 1027
39823679 1027
7289985 1027
39823685 1027
39856033 243237
28930483 241494
40009924 243237
40046328 250653
40046332 250653
40046333 250653
40046338 250653
40046339 241494
40046340 241494
40046345 274789
40046346 274789
40046347 274789
40046348 243237
40046349 63324
40046350 63324
40046363 69961
40046439 69961
40046440 59363
40046441 38280
40046442 38280
40046443 38280
40046444 38280
40046445 38280
40046446 38280
40046448 38280
40046449 20394
40046450 20394
40046451 20394
40046452 20394
40046453 20394
40046454 20394
40046455 20394
40046456 20394
40046457 1026
40046462 1026
40046466 1020
40046469 1027
40046470 1027
40046471 1027
40048910 250653
40048911 274789
40048912 243237
40048913 69961
40048916 38280
40048917 20394
40048918 1020
40048919 1020
40048920 1027
40048934 69961
40282368 241494
460853 1027
460853 250653
460853 241494
460853 69961
460853 59363
460853 38280
299803 302741
40809573 63324
2262009 69961
1824006 250653
40975236 59363
1066563 59363
41034528 63324
41034528 69961
41035491 872866
41035496 870765
41035497 870765
41035498 872866
41035501 872891
41035523 872816
41035525 872816
41035535 870765
41035543 870765
41035586 872816
41035595 872816
41035614 870765
41035615 872866
41035617 870765
41035618 872866
41035623 870765
41035624 872866
41035625 870765
41035644 873083
41035674 873083
41035689 873083
41035709 870765
41035710 873186
41035716 873199
41035727 873199
41035783 873186
41035811 873186
41035812 873199
41035858 871394
41035861 873560
41035871 8770811
41035879 873560
41035899 873560
41035902 873464
41035903 873560
41035907 871394
41035914 8770811
41035916 873560
41035917 871394
41035921 8770811
41035922 873464
41035941 871394
41035950 871394
41035953 873464
41035978 871394
41035986 8770811
41035988 873782
41036008 873782
13694737 241494
41089477 274789
10310985 1026
4099545 241494
1202981 63324
1202981 69961
41184333 1020
4566570 1026
3129173 20394
41316359 1020
9935197 1026
761093 243237
41460870 274789
2666296 1026
41510683 20394
1825743 250653
41544110 1027
41544291 241494
41544434 274789
41544457 274789
9504224 1768673
9502634 1770467
9503190 344451
41623299 1769126
1769325 1769126
1769297 1769126
35663256 1769126
1769277 1769126
9502968 1769126
1769342 344451
2914740 1769589
16519420 1769589
41623014 1770467
29505579 1770467
16519624 1770467
9504144 1770467
9504136 1770467
9504217 1768673
16519710 1768673
16518259 1768673
9504127 1768673
16519734 1770594
9504243 1770594
23156948 1770682
1770684 1770682
29505701 1770682
23156970 1770682
9503449 1770594
1825601 20394
41661710 1026
41661720 250653
41661720 241494
41661727 274789
41661727 243237
22060686 241494
22060686 274789
41661767 243237
41675422 59363
29685439 2019355
9710699 2019355
41804115 274789
41810899 59363
41810899 38280
41810899 20394
41813193 63324
41822699 38280
41822705 250653
41823267 59363
41841244 59363
41852378 1020
41858984 63324
41865652 1020
41868901 243237
41868901 63324
41878056 243237
9833073 2163681
16827200 302740
9833083 404029
16827272 2163806
9833125 2163751
2163909 302740
2163860 862528
9833151 302741
16827164 302741
9833159 862529
35937374 2163681
16827168 2163810
16827116 302739
35937325 862529
16827297 302741
2163875 302740
16827172 2163806
9833235 2163810
9833265 2163681
16827315 862529
41889632 302740
16827106 862528
9833122 862529
2163675 302739
9833246 302741
29786053 404030
35937359 2163810
16827108 862529
9833300 404031
16827255 2163751
16827349 862528
2163999 302739
23444895 404030
2163936 862529
2163954 404029
23444940 404030
35937397 2163751
4678814 1026
41979073 1026
41980897 1026
39461308 38280
42102336 243237
42186583 1020
9833274 404030
35019062 63324
42355092 1020
42355274 1026
42393624 69961
42508045 1026
8281836 3284691
35839781 2019355
9502573 3473351
42658170 20394
42728638 38280
3473346 3284691
29505634 1768673
24451292 3473351
10815332 3284691
3473596 3473351
17888909 3284444
2019360 6334560
8281841 3284691
42804908 20394
42811002 69961
42813786 25066793
42827044 63324
42834730 20394
17888499 3473351
1771106 1020
4876679 38280
11227996 274789
23071177 69961
23071176 69961
43023606 1026
43274814 69961
43282290 250653
43282292 250653
43282294 250653
43282296 250653
43282298 241494
37540836 241494
43282299 274789
43282301 1026
43282303 1026
43282304 1026
43282305 1020
43311106 1026
43317064 59363
43361838 1020
13962141 1026
43374195 20394
43466282 38280
4324124 241494
43488920 38280
43642343 1026
12012684 250653
43719087 63324
4324505 20394
7692937 20394
32039503 5061895
18991790 16163297
43813908 69961
25400424 20394
43982477 20394
38105329 4743838
44011731 4743838
19250277 4743838
25765283 5054689
12412444 5054689
19251979 5054689
12412486 5054689
5056145 5056146
5056144 5056146
31792283 5056146
32035506 5056146
5056164 5056146
44014450 5056146
38113300 5061895
5061944 5061895
38113325 5061895
12418867 5061895
5063397 5063389
19259078 5063389
19259077 5063389
44022837 243237
44022839 250653
44022840 20394
44022841 63324
32056036 4743843
12437930 4743843
5083174 4743843
4743841 4743843
25787598 4743843
12445275 4743847
25794283 4743847
5090963 4743847
44043921 4614602
38140062 4614602
12450959 4614602
12451082 4614602
25808622 5106652
5106658 5106652
32075995 5106652
44052604 5106652
5106661 5106652
5106660 5106652
5106664 5106652
25808910 4743851
5107093 4743851
44052889 4743851
4743853 4743858
25808912 4743858
44052891 4743858
19297947 4743858
19297948 4743858
38149079 5107106
19297954 5107106
12134866 5107106
25808917 5107106
31685620 1026
44118575 20394
44137028 243237
44147672 20394
44182643 243237
44508840 59363
44545428 241494
44550004 1770682
44551453 8748398
26605182 20394
6334563 6334560
13580492 6334560
44922044 1027
44922045 59363
44922046 250653
44922047 59363
44922049 20394
44922053 63324
44922054 241494
44922055 274789
44922057 38280
44922059 59363
44922060 241494
44922061 1026
44922062 250653
44922064 63324
44922065 274789
44922067 1026
44922069 63324
44922071 241494
45047586 243237
45328152 1020
45328452 1020
45349528 243237
45349529 63324
45434760 1020
45581697 1027
27624444 241494
33827227 241494
14467851 241494
27624446 241494
7289907 274789
27624448 274789
14467855 274789
14467857 274789
7289913 274789
33827229 274789
45668731 274789
45668734 274789
45668737 274789
7289917 243237
45668742 243237
39829675 243237
45668746 243237
39829681 63324
7289926 63324
7289928 63324
27624460 63324
45668763 63324
39829683 69961
21199642 69961
27624462 69961
45668769 69961
27624468 69961
21199646 69961
39829687 59363
45668776 59363
33827235 59363
39829689 59363
7289939 59363
27624470 59363
27624473 38280
21199650 38280
33827241 38280
21199656 20394
7289949 20394
21199660 20394
27624481 20394
7289953 1026
33827261 1026
21199662 1026
14467887 1020
45668813 1020
33827263 1020
45668824 1027
33827267 1027
45668834 1027
15804753 1027
15804753 250653
24035204 20394
45887238 250653
45887239 250653
45887240 250653
45887241 241494
45887242 241494
45887243 241494
45887244 241494
45887245 241494
45887246 241494
45887247 241494
45887248 241494
45887249 241494
45887250 274789
45887251 243237
45887252 243237
45887253 243237
45887254 243237
5608183 243237
45887255 243237
45887256 63324
45887257 63324
45887258 63324
45887259 69961
45887260 69961
45887274 69961
45887292 69961
45887358 69961
16035211 59363
45887370 59363
45887371 59363
45887372 38280
45887373 38280
45887374 38280
45887375 38280
34886392 20394
45887381 1020
45887382 1020
45887383 1020
28899244 1020
45887384 1020
45887385 1027
45887386 1027
45887387 1027
45887388 1027
45887400 1027
45889947 250653
45889948 250653
45889949 250653
45889954 243237
45889955 243237
45889956 69961
45889959 38280
45889960 1026
45889961 1026
45889962 1027
45889965 1027
45889995 250653
45889996 243237
46197042 20394
46200024 20394
46205660 1020
46236552 20394
46284813 250653
1045841 1026
29786056 302741
46474146 274789
69778 241494
13909673 1020
46532989 1020
46532989 1027
46532989 250653
46532989 241494
46532989 274789
2719600 59363
4219327 1020
6371379 38280
40649992 59363
46762067 250653
543397 1020
543397 1027
507720 873464
46844751 872891
46844771 872891
46844827 872891
46844837 872816
46844838 872891
46844845 870765
46844885 872891
46844903 872816
46844914 872891
46844932 870765
46845008 873083
46845026 873083
46845027 873186
46845031 873186
46845053 873186
46845056 873199
46845057 873199
46845059 873199
46845060 873186
24503637 873199
24789149 873199
46845065 873199
46845066 873199
46845135 873186
46845137 873186
46845157 8770811
46845158 871394
46845165 871394
46845166 873464
46845177 873560
46845180 873560
46845184 873560
46845200 873560
46845202 871394
46845211 8770811
46845214 8770811
46845229 873464
46845240 8770811
46845241 871394
46845253 871394
46845281 873782
46845282 873782
46845283 873782
46845284 8770811
46845286 8770811
46845291 8770811
46845435 873782
46856747 1026
46899833 1020
4266464 241494
6689855 243237
46995914 59363
43674780 1020
13785218 250653
13785218 241494
6555401 250653
47180856 59363
13137849 1020
47294573 274789
47295127 20394
47295127 69961
47295127 63324
47338104 63324
3103189 1020
3103189 1027
3103189 243237
3103189 63324
3103189 274789
3103189 250653
3103189 241494
3103189 20394
31792284 4743838
16518171 344451
35663300 344451
1769343 344451
29504445 344451
9503708 1769589
1770612 1769589
16518951 1769589
29505593 1770467
16519623 1770467
9503193 1770467
23156893 1768673
41624250 1770594
9504242 1770594
9504246 1770594
1770596 1770594
23156911 1770594
34699259 1770594
16519421 1769589
1769590 1769589
16519758 1770682
29505735 1770682
23156969 1770682
16519747 1770682
47444718 1026
47452464 274789
26402476 1027
47452481 1020
47452489 1027
47496645 1026
47500189 241494
13785214 241494
47516962 1020
47543054 250653
47562876 241494
17731489 3284444
2019357 2019355
42643434 2019355
30601680 2019355
47583500 69961
47589703 63324
47589703 69961
47598279 20394
47606328 1026
47607551 241494
47607551 274789
47607555 1020
47607555 1027
47616291 59363
47616291 38280
47616291 20394
47629420 59363
47629485 20394
47631990 20394
47632750 59363
47645409 20394
16827248 2163806
2163753 2163751
9833234 2163810
9833088 404030
47672724 2163810
23444816 404031
16827117 2163751
16827254 404029
41889649 2163810
16827304 2163751
35937339 2163810
16827197 302739
23444875 2163806
2163912 302740
35937349 862529
9833076 404031
2163921 302741
9833236 2163810
35937350 862529
9833141 302740
16827298 2163681
9833245 2163806
16827290 862529
16827303 2163751
9833238 862529
2170449 2163751
9833184 2163806
35937338 2163810
16827104 302740
29786092 2163681
47672768 862529
29786070 2163810
35937327 404029
35937336 862528
35937376 404029
9833140 302740
9833275 404031
9996259 2163751
2163939 302740
2163968 404031
2163998 302739
23444894 2163810
47769706 241494
24702810 243237
47843633 1026
47869512 1026
6291464 1020
47896553 1026
47903527 1026
47903527 243237
47972402 20394
47972405 59363
3449717 274789
3449717 243237
47997648 2163681
2019420 2019355
10803400 3473351
40768509 63324
48125846 250653
48143836 69961
48171175 1020
48173101 38280
25520020 59363
48282393 38280
48282393 59363
2019356 2019355
10805331 3284444
10973018 3473351
8281837 3284691
24450762 3284062
17888897 3284062
36730683 3284062
3286833 3284062
48484031 59363
17888496 3284062
13580486 6334560
17260561 3284444
11055636 3284062
3284692 3284691
48553962 38280
48567341 63324
48580213 63324
41005661 250653
9003044 1026
36707963 20394
17419585 1020
48770504 38280
48793169 59363
48844395 20394
48844395 1026
48844395 1020
49018776 69961
49026067 250653
49026069 241494
49026070 274789
49026072 20394
49026074 20394
49026076 20394
49026078 1020
49026079 1020
49026081 1027
49034115 38280
49113619 63324
49117350 241494
49117665 1026
25161985 1027
49376366 1026
25382247 5054689
11992827 5054689
49301766 241494
44052890 4743851
4743861 5107106
49530820 1027
49537743 20394
32032584 4743838
12410621 4743838
12410624 4743838
4743837 4743838
4743836 4743838
44011750 4743838
5052932 4743838
12410668 4743838
12410667 4743838
12412440 5054689
25765323 5054689
12412485 5054689
19253162 5056146
38109667 5056146
12413681 5056146
5061928 5061895
38113295 5061895
19257776 5061895
5063388 5063389
5063391 5063389
49747685 63324
49747687 59363
49747688 274789
38129342 4743843
32056038 4743843
4743846 4743847
5090888 4743847
38135634 4743847
38135649 4743847
12445442 4743847
38140023 4614602
5096375 4614602
44044038 4614602
49768000 4614602
12451083 4614602
25808619 5106652
25808624 5106652
32075996 5106652
19297670 5106652
25808627 5106652
25808626 5106652
5107089 4743851
38149077 4743851
19297942 4743851
32076327 4743858
38149078 4743858
12461299 4743858
38149081 5107106
19297959 5107106
25402427 20394
31562049 59363
49838205 63324
49853434 241494
50042748 63324
50042749 59363
50042750 69961
50223481 69961
50223481 59363
50237602 243237
50239767 1026
50239771 63324
50245250 25066793
11646789 243237
36058508 241494
13580480 6334560
13580481 6334560
6334566 6334560
13580489 6334560
13580490 6334560
33021819 6334560
50609012 241494
50609013 63324
50609022 59363
50609023 274789
50609026 63324
50609028 1027
50609030 59363
50609031 274789
50609032 1026
50609034 59363
50688288 241494
30270373 250653
50716189 243237
50762952 63324
51007462 20394
51007729 1020
51028456 241494
51028457 59363
51028458 274789
30351046 69961
9571591 20394
33515231 1027
49117351 250653
39527753 274789
33515261 38280
14467843 241494
7289903 241494
51339880 241494
39829666 241494
21199632 241494
51339888 274789
7289909 274789
27624450 274789
21199636 274789
39829673 243237
45674639 243237
51339907 243237
27624454 243237
39829677 243237
33827233 243237
39829679 243237
14467865 63324
7289930 63324
45674641 63324
7289932 69961
21199644 69961
27624466 69961
39829685 69961
45674643 59363
7289941 59363
51339953 59363
21199648 59363
51339964 38280
45674645 38280
21199652 38280
39829695 38280
27624477 38280
14467881 20394
7289947 20394
45674647 20394
33827245 20394
27624483 20394
39829697 20394
39829699 20394
51339984 20394
51339987 1026
7289957 1026
14467885 1026
39829706 1026
27624487 1026
45674649 1020
27624491 1020
39829708 1020
14467898 1020
39829710 1020
7289977 1027
7289979 1027
51340013 1027
33827265 1027
27624501 1027
45674657 1027
51556457 250653
51556458 250653
51556459 250653
51556460 250653
51556461 250653
51556466 250653
51556467 241494
51556468 241494
51556469 241494
51556470 241494
51556471 274789
51556472 274789
51556473 243237
51556474 243237
51556475 243237
51556476 243237
51556477 243237
51556478 63324
51556479 63324
51556480 63324
51556481 63324
51556482 63324
51556483 63324
51556484 69961
51556497 69961
51556515 69961
51556550 69961
51556571 69961
51556577 69961
51556602 69961
51556603 69961
51556604 59363
51556605 59363
51556606 59363
51556610 59363
51556615 38280
51556616 38280
51556617 20394
51556618 20394
51556619 20394
51556620 20394
51556621 1026
4156409 1026
51556622 1026
51556623 1026
51556632 1020
51556633 1020
51556634 1027
51556638 1027
51558921 250653
51558924 241494
51558925 63324
51558926 63324
51558927 63324
51558934 59363
51558939 20394
51558974 241494
51558975 63324
51558976 20394
51558977 1026
51558980 1027
51860737 243237
