294612 294650
308715 308797
308715 308798
308715 308799
308715 308800
308715 308801
308715 308802
308715 308803
308715 308804
308715 308805
308715 308806
308715 308807
308715 308808
308715 308809
308715 308810
308715 308811
308715 308812
308715 308813
308715 308814
308715 308815
308715 308816
308715 308817
308715 308818
308715 308819
308715 308820
308715 308821
308715 308822
308715 308823
308715 308824
308715 308825
308715 308826
308715 308827
308715 308828
308715 308829
308715 308830
308715 308831
308715 308832
308715 308833
308715 308834
308715 308835
308715 308836
308715 308837
308715 308838
308715 308839
308715 308840
308715 308841
308715 308842
308715 308843
308715 294650
308715 308844
308715 308845
308715 308846
308715 308847
308715 308848
308715 308827
308715 308849
308715 308850
308715 308851
308715 308852
311807 311845
325670 308799
325670 308797
325670 308802
325670 308801
325670 308807
325670 308800
325670 308814
325670 308809
325670 325709
325670 308722
325670 325710
325670 325711
325670 325712
325670 325713
325670 308838
325670 325714
325670 308832
325670 325715
325670 325716
325670 325717
325670 325718
325670 325719
325670 308821
325670 325720
325670 325721
325670 308845
325670 325722
325670 325723
325670 325724
325670 308797
325670 325725
325670 325726
325670 325727
331672 331707
331672 331715
331672 331716
331672 331717
331672 331718
331672 308845
331672 331719
331672 325722
331672 308774
331672 308719
331672 308810
331672 331720
331672 308797
331672 308802
331672 308801
331672 308809
331672 308799
331672 308798
331672 308800
331672 308814
331672 325720
331672 325712
331672 308832
331672 308839
331672 325711
331672 331721
331672 331722
331672 331723
331672 331687
350105 308829
350105 325720
350105 350125
350105 331721
350105 331722
350105 331723
350105 331717
350105 331718
350105 308845
350105 350126
350105 325722
399184 399260
399184 399261
399184 399262
399184 399263
399184 399264
399184 399265
399184 399266
399184 399267
399184 399268
399184 399269
399184 399270
399184 399271
399184 399272
399184 399273
399184 399274
399184 399275
399184 399276
399184 399277
399184 399278
399184 399279
399184 399280
399184 399281
399184 399282
399184 399283
399184 399284
399184 399285
399184 399286
399184 399287
399184 399288
399184 399289
399184 399290
399184 399291
399184 399292
399184 399293
399184 399294
399184 399295
399184 399296
399184 399297
399184 399298
399184 67145
399184 399299
399184 399300
399184 399301
399184 399302
399184 399303
399184 399304
399184 399305
399184 399306
399184 399307
399184 399308
399184 399309
399184 399310
399184 399311
399184 399312
399184 399313
399184 399314
399184 399315
399184 399316
399184 399317
399184 399318
399184 399319
399184 399320
399184 399321
399184 399322
399184 399323
399184 399324
399184 399325
399184 399326
399184 399327
399184 399328
399184 399329
399184 399330
399184 399331
399184 399332
399184 399333
399184 399334
399184 399335
399184 399336
399184 399337
399184 399338
399184 399339
399184 399340
399184 399341
399184 399342
399184 399343
399184 399344
399184 399345
399184 399346
399184 399347
399184 399348
399184 399349
399184 399350
399184 399351
399184 399352
399184 399353
399184 399354
399184 399355
399184 399356
399184 399357
399184 399358
399184 399359
399184 399360
399184 399361
399184 399362
399184 399363
399184 399364
399184 399365
399184 399366
399184 399367
399184 399368
399184 399369
399184 399370
399184 399371
399184 399372
399184 399373
399184 399374
399184 399375
399184 399376
399184 399377
399184 399378
399184 308725
399184 399379
399184 399380
399184 399381
399184 399382
399184 399383
399184 399384
399184 399385
399184 399386
399184 399387
399184 399388
399184 399389
399184 399390
399184 399391
399184 399392
399184 399393
399184 399394
399184 399395
399184 399396
399184 399397
399184 399398
399184 399399
399184 399400
399184 399401
399184 399402
399184 399403
399184 399404
399184 399405
399184 399406
399184 399407
399184 399408
399184 399409
399184 399410
399184 399411
399184 399412
399184 399413
399184 399414
399184 399415
399184 399416
399184 399417
399184 399418
399184 399419
399184 399420
399184 399421
399184 399422
399184 399423
399184 399424
399184 399425
399184 399426
399184 399427
399184 399428
399184 399429
399184 399430
399184 399431
399184 399432
399184 399433
399184 399434
399184 399435
399184 399436
399184 399437
399184 399438
399184 399439
399184 399440
399184 399441
399184 399442
399184 399443
399184 399444
399184 399445
399184 399446
399184 399447
399184 399448
399184 399449
399184 399450
399184 399451
399184 399452
399184 399453
399184 399454
399184 399455
399184 399456
399184 399457
399184 399458
399184 399459
399184 399460
399184 399461
399184 399462
399184 399463
399184 399464
399184 399465
399184 399466
399184 399467
451142 399426
451142 451189
451142 399356
451142 399422
451142 399445
451142 451190
451142 399388
451142 399433
451142 399376
451142 399270
451142 399375
451142 451191
451142 399356
451142 451192
451142 451193
451142 451194
451142 451195
451142 451196
451142 451197
451142 451198
451142 451199
451142 451200
451142 451201
451142 399363
451142 451202
451142 451203
451142 451204
451142 399283
451142 451205
451142 399327
451142 399314
451142 451206
451142 451207
451142 399279
451142 399280
451142 451208
451142 451209
451142 451210
451142 399272
451142 451211
451142 451212
451142 399268
451142 399289
451142 451213
451142 399333
451142 451214
451142 451215
451142 451216
451142 399335
451142 399311
451142 451217
451142 67145
451142 451218
451142 451219
451142 399320
451142 451193
451142 451220
451142 399270
451142 399344
451142 451221
451142 451222
451142 399269
451142 451223
451142 399309
451142 399381
451142 451224
451142 451225
451142 451226
451142 399389
451142 399384
451142 451227
451142 399400
451142 399398
451142 399409
451142 451228
451142 451229
451142 399453
451142 399396
451142 451230
451142 451231
451142 399395
451142 399454
451142 399386
451142 399387
451142 399399
451142 451232
451142 399391
451142 399456
451142 399423
451142 451233
451142 399416
451142 451234
451142 399411
451142 451235
451142 451236
451142 399418
451142 451237
451142 399265
451142 451238
451142 399422
451142 399437
451142 399425
451142 451239
451142 451240
451142 451241
451142 399424
451142 399427
451142 399464
451142 399460
451142 451242
451142 399465
451142 451243
451142 451244
451142 399429
451142 399435
451142 451245
451142 451194
451142 451246
451142 399450
451142 399371
451142 451247
451142 451248
451142 451249
451142 451250
451142 451251
451142 451252
451142 451253
451142 451254
451142 451255
451142 451256
451142 451257
451142 451258
451142 399219
451142 451259
451142 399339
451142 451260
451142 399372
451142 451261
451142 451262
451142 399271
451142 399332
451142 451263
451142 451264
451142 399452
451142 399405
451142 399394
451142 399403
451142 451265
451142 451266
451142 451267
451142 451268
451142 399446
451142 451269
451142 451270
451142 399263
451142 399432
451142 399434
451142 451271
451142 451272
451142 451273
451142 451274
451142 451275
451142 451276
451142 451277
451142 451278
451142 451279
451142 451280
451142 451281
451142 451282
451142 451283
651055 451247
651055 651124
651055 651125
651055 451236
651055 651126
651055 651127
651055 651128
651055 651129
651055 451230
651055 451192
651055 651130
651055 451259
651055 451191
651055 651131
651055 651132
651055 399376
651055 651133
651055 399219
651055 651134
651055 451195
651055 451198
651055 399385
651055 651135
651055 399432
651055 651136
651055 651137
651055 651138
651055 651139
651055 651140
651055 651141
651055 451189
651055 651142
651055 399358
651055 651143
651055 451197
651055 451200
651055 651144
651055 651145
651055 651146
651055 651147
651055 651148
651055 651149
651055 399321
651055 399275
651055 399308
651055 651150
651055 451203
651055 651151
651055 651152
651055 651153
651055 651154
651055 399283
651055 451262
651055 651155
651055 651156
651055 651157
651055 399295
651055 399300
651055 651158
651055 651159
651055 306209
651055 651160
651055 651161
651055 651162
651055 651163
651055 399290
651055 651164
651055 399350
651055 651165
651055 651166
651055 651167
651055 651168
651055 399278
651055 651169
651055 651170
651055 651171
651055 651172
651055 651173
651055 651174
651055 651175
651055 451263
651055 399326
651055 399330
651055 451219
651055 651176
651055 651177
651055 651178
651055 651179
651055 651180
651055 651181
651055 651182
651055 651183
651055 651184
651055 399391
651055 651185
651055 651186
651055 651187
651055 651188
651055 651189
651055 399396
651055 651190
651055 399398
651055 399405
651055 651191
651055 651192
651055 651193
651055 651194
651055 651195
651055 651196
651055 651197
651055 651198
651055 651199
651055 651200
651055 651201
651055 651202
651055 651203
651055 399420
651055 451236
651055 651204
651055 651205
651055 651206
651055 651207
651055 399462
651055 651208
651055 651209
651055 651210
651055 399429
651055 399436
651055 399446
651055 399424
651055 399427
651055 399425
651055 399439
651055 399286
651055 651211
651055 399309
651055 399323
651055 651212
651055 651213
651055 651214
651055 399393
651055 399456
651055 399453
651055 651215
651055 651216
651055 651217
651055 399263
651055 399434
651055 399445
651055 651218
651055 651219
694410 308845
694410 694425
845273 845278
874971 308820
874971 308816
874971 308798
874971 308797
874971 874993
874971 308803
874971 308805
874971 308810
874971 557459
874971 325724
874971 308818
874971 874994
874971 874995
874971 874996
874971 308821
874971 308830
874971 325712
874971 308826
874971 308827
874971 874997
874971 874998
874971 308829
874971 308839
874971 308841
874971 874999
874971 874983
874971 308815
921992 399261
921992 399385
921992 651135
921992 399445
921992 651144
921992 399268
921992 922036
921992 399267
921992 399285
921992 922037
921992 922038
921992 651129
921992 922039
921992 922040
921992 922041
921992 922042
921992 922043
921992 922044
921992 399358
921992 399267
921992 399352
921992 922045
921992 922046
921992 922047
921992 922048
921992 922049
921992 922050
921992 399357
921992 922051
921992 399352
921992 922052
921992 399363
921992 922053
921992 922054
921992 922055
921992 399356
921992 922056
921992 399455
921992 399394
921992 922057
921992 651150
921992 399320
921992 451216
921992 399330
921992 399290
921992 922058
921992 399329
921992 922059
921992 651169
921992 399294
921992 451210
921992 399420
921992 922060
921992 451234
921992 451233
921992 922061
921992 399353
921992 399410
921992 651206
921992 399429
921992 399427
921992 399425
921992 399432
921992 922062
921992 922063
921992 922064
921992 922065
921992 922066
921992 922067
1064526 1064540
1064526 1064541
1064526 1064532
1064526 1064542
1064526 1064543
1064526 1064544
1064526 1064545
1064526 1064546
1064526 1064547
1064526 1064548
1064526 1064549
1064526 1064550
1064526 1064551
1064526 1064552
1064526 1064553
1064526 1064554
1064526 1064555
1064526 1064556
1064526 1064557
1064526 1064558
1064526 1064559
1064526 1064560
1064526 1064561
1064526 1064562
1094726 308826
1094726 308843
1094726 1094734
1094892 845278
1094892 1094900
1506201 308802
1665013 308820
1665013 308839
1665013 308848
1665013 308844
1665013 308846
1665013 308847
1665013 874981
1665013 308852
1773889 1773898
1773889 1773899
1774840 1774842
1777214 350125
1777214 1777225
1777214 331722
1777214 331717
1777214 331718
1777214 308845
1777214 331719
1777214 325722
1777214 1777226
1879502 1879505
1879502 308848
1879502 1105141
1879502 855247
1893446 331721
1893446 1893459
1990583 308800
1990583 1990588
1990583 1842269
1990583 1990589
1990583 1990590
1990583 1990591
1990583 1990592
1990583 308816
1990583 308798
1990583 1603765
1990583 308802
1990583 1990593
1990583 1368668
1990583 1990594
1990583 1990595
1990583 1990596
1990583 874993
1990583 308810
1990583 1990597
1990583 931218
1990583 308813
1990583 1906326
1990583 1990598
1990583 1990599
1990583 1990600
1990583 308826
1990583 308837
1990583 308841
1990583 308839
1990583 1990601
1990583 1990602
1990583 1990603
1990583 308822
1990583 1990604
1990583 308820
1990583 1990605
1990583 308821
1990583 1990606
1990583 1990607
1990583 1754593
1990583 1990608
1990583 1990609
1990583 1990610
1990583 1874646
1990583 1990611
1990583 1990612
1990583 1990613
1990583 1990614
1990583 1990615
1990583 1990616
1990583 1990617
1990583 1990618
1990583 1990619
1990583 1990620
1990583 1990621
1994349 845278
1996458 845278
1464403 4563934
1464403 1985241
1464403 4563935
1464403 4563936
1464403 4563937
1464403 4563938
1464403 1458066
1464403 4563939
1464403 4563940
1464403 4563941
1464403 4563928
1464403 4563942
1464403 4563943
1464403 4563944
1464403 4563945
1464403 4563946
1464403 4563947
1464403 4563948
1464403 4563949
1464403 4563950
1464403 4563951
1464403 4563952
1464403 4563953
1464403 4563954
1464403 4563955
4890008 4890027
5186878 5186898
5186878 4563937
5186878 4563938
5186878 5186887
5186878 5186899
5186878 5186900
5186878 5186901
5186878 5186902
5186878 5186903
5186878 4563950
5186878 4563951
5186878 5186904
5186878 4563953
5186878 4563954
5186878 2504823
5186878 5186905
5186878 4563955
5186878 858574
5186878 5186906
5186878 5186907
5694709 5694715
6349856 6349862
6349856 6349872
6384849 6349872
6462332 1773899
6185379 308827
6185379 308838
6185379 308802
6185379 308799
6185379 308797
6185379 1016154
6185379 451202
6185379 308814
6185379 8168004
6185379 349628
6185379 8167964
6185379 922036
6185379 8168005
6185379 399212
6185379 8168006
6185379 8168007
6185379 306214
6185379 325721
6185379 451240
6185379 399424
6185379 8168008
6185379 325709
6185379 8168009
6185379 8168010
6185379 6415577
6185379 325717
6185379 325712
6185379 8168011
6185379 8168012
6185379 8168013
6185379 8168014
6185379 308800
6185379 922032
6185379 8168015
6185379 325722
6185379 325726
6185379 325725
6185379 6415548
6185379 8168016
6185379 8168017
6185379 8168018
6185379 8168019
6185589 8168014
6185589 8168011
6185589 308832
6185589 6185586
6185589 308814
6185589 308799
6185589 306214
6185589 399212
6185589 308802
6185589 451252
6185589 399213
6185589 325725
6185589 8168976
6185589 399335
6185589 325709
6185589 399313
6185589 651172
6185589 375188
6185589 8168005
6185589 8168977
6185589 1952962
6185589 8168978
6185589 399270
6185589 651211
6185589 451240
6185589 325720
6185589 8168979
6185589 399266
6185589 8168980
6185589 325717
6185589 8168981
6185589 8168982
6185589 8168009
6185589 8168013
6185589 8168983
6185589 6415604
6185589 8168015
6185589 325722
6185589 8168984
6185589 8168985
6185589 8168986
6185589 8168017
6185589 8168019
6185589 8168018
6185589 6415548
6185589 694425
8280199 8280205
516888 308797
516888 308804
516888 308802
516888 308799
516888 308801
516888 308800
516888 325712
516888 308838
516888 325713
516888 325711
516888 325715
516888 308829
516888 325716
516888 8168009
516888 325718
516888 1961393
516888 8315393
516888 325719
516888 874998
516888 8315394
516888 8315395
516888 308832
516888 8315396
516888 8315397
516888 325710
516888 308722
516888 308732
516888 308807
516888 308814
516888 325723
516888 8167964
516888 308809
516888 8315398
516888 325709
516888 308805
516888 308823
516888 325724
516888 8315399
516888 1069534
516888 308813
516888 1990608
516888 325720
516888 8315400
516888 308821
516888 325721
516888 308845
516888 325722
516888 308848
516888 331722
516888 516890
516888 8315401
516888 325725
516888 325726
516888 325727
6430175 845278
6430175 8323916
6430175 308848
6430175 308820
6430175 308798
6430175 308816
6430175 874993
6430175 308803
6430175 8323917
6430175 931218
6430175 1990594
6430175 6262131
6430175 308815
6430175 1990621
6430175 8323918
1550673 451189
1550673 399356
1550673 651135
1550673 8327536
1550673 8327537
1550673 1651165
1550673 651144
1550673 399270
1550673 6185586
1550673 8327538
1550673 399303
1550673 399279
1550673 8327539
1550673 306214
1550673 399320
1550673 651159
1550673 1651163
1550673 651162
1550673 1651162
1550673 1651164
1550673 399267
1550673 451203
1550673 399335
1550673 451209
1550673 651169
1550673 1550670
1550673 399294
1550673 6417422
1550673 8327540
1550673 451263
1550673 1998237
1550673 399324
1550673 651115
1550673 451218
1550673 651211
1550673 8327541
1550673 651150
1550673 1941295
1550673 399312
1550673 8327542
1550673 451212
1550673 8327543
1550673 8327544
1550673 451216
1550673 451208
1550673 797032
1550673 6440591
1550673 399413
1550673 451238
1550673 8327545
1550673 399265
1550673 399418
1550673 399289
1550673 8327546
1550673 399423
1550673 651135
1550673 8168018
1550673 399459
1550673 451240
1550673 399424
1550673 399460
1550673 399428
1550673 8327547
1550673 399426
1550673 8327548
1550673 451261
1550673 8327549
1550673 8327550
1550673 451199
1550673 8327551
1550673 451195
1550673 8327552
1550673 8327553
1550673 399261
1550673 922043
1550673 922055
1550673 8168011
1550673 8327554
1550673 8327555
1550673 399399
1550673 8327556
1550673 651125
1550673 399403
1550673 8327557
1550673 8327558
1550673 451250
1550673 399384
1550673 396680
1550673 308725
1550673 399376
1550673 1573332
1550673 8327559
1550673 399219
1550673 336579
1550673 8327560
1550673 651124
1550673 8327561
1550673 451236
1550673 651116
1550673 399270
1550673 451236
1550673 6426300
1550673 8327562
1550673 399449
1550673 451262
1550673 8327563
1550673 399305
1550673 399330
1550673 8327564
1550673 8327565
1550673 451210
1550673 8327566
1550673 8327567
1550673 6458396
1550673 8327568
1550673 399467
1550673 306222
1550673 8327569
6121340 308797
6121340 308799
6121340 308802
6121340 308801
6121340 308807
6121340 308800
6121340 8168017
6121340 325723
6121340 8347456
6121340 8347457
6121340 325709
6121340 325712
6121340 325711
6121340 308839
6121340 308838
6121340 308842
6121340 8347458
6121340 308832
6121340 325715
6121340 325718
6121340 308831
6121340 325717
6121340 308821
6121340 308845
6121340 325722
6121340 325725
6121340 694425
6230155 306214
6230155 651144
6230155 451216
6230155 6230153
6230155 651150
6230155 399294
6230155 451252
6230155 399320
6230155 6194289
6230155 8349715
6230155 1651165
6230155 399335
6230155 1998237
6230155 451209
6230155 651169
6230155 399348
6230155 399270
6230155 8327543
6230155 8349716
6230155 451218
6230155 8327540
6230155 399297
6230155 399303
6230155 451203
6230155 399312
6230155 8349717
6230155 1651163
6230155 451263
6230155 6417422
6230155 451212
6230155 451208
6230155 8349718
6230155 399279
6230155 651211
6230155 399292
6230155 8349719
6230155 399266
6230155 399261
6230155 922043
6230155 399359
6230155 651124
6230155 399356
6230155 8168011
6230155 8327554
6230155 922055
6230155 399399
6230155 8327555
6230155 651125
6230155 399403
6230155 8327558
6230155 451254
6230155 8327557
6230155 8327556
6230155 8327536
6230155 451240
6230155 399459
6230155 451261
6230155 399460
6230155 8327548
6230155 8327547
6230155 651116
6230155 2089439
6230155 1260357
6230155 399289
6230155 399413
6230155 8327566
6230155 6440591
6230155 8327546
6230155 451238
6230155 651135
6230155 8327545
6230155 8349720
6230155 451237
6230155 399265
6230155 399421
6230155 399410
6230155 399418
6230155 336579
6230155 1573332
6230155 399370
6230155 396680
6230155 375188
6230155 8349721
6230155 399379
6230155 399380
6230155 6423330
6230155 306214
6230155 8349715
6230155 451236
6230155 399449
6230155 8349722
6230155 8349723
6230155 399423
6230155 399377
6230155 6458375
6230155 651159
6230155 399305
6230155 399324
6230155 8327539
6230155 1651164
6230155 651162
6230155 651115
6230155 8327542
6230155 8327541
6230155 1074949
6230155 8349724
6272845 8327536
6272845 451189
6272845 399356
6272845 651135
6272845 399426
6272845 451190
6272845 8327549
6272845 922055
6272845 399353
6272845 8362110
6272845 651129
6272845 1651165
6272845 8362111
6272845 451193
6272845 1651163
6272845 399374
6272845 8327553
6272845 651134
6272845 325716
6272845 399376
6272845 308725
6272845 8362112
6272845 451219
6272845 399375
6272845 8362113
6272845 399219
6272845 399372
6272845 451189
6272845 399356
6272845 451199
6272845 451195
6272845 451198
6272845 8327551
6272845 8362114
6272845 399352
6272845 8327552
6272845 451197
6272845 399362
6272845 67145
6272845 399367
6272845 922054
6272845 451200
6272845 8362115
6272845 922048
6272845 651140
6272845 6430518
6272845 651143
6272845 922045
6272845 8327562
6272845 399369
6272845 651160
6272845 651167
6272845 8362116
6272845 399275
6272845 451205
6272845 8362117
6272845 399310
6272845 451223
6272845 399311
6272845 399276
6272845 399278
6272845 651211
6272845 1651165
6272845 451219
6272845 399304
6272845 399296
6272845 8362118
6272845 399321
6272845 451211
6272845 399277
6272845 399279
6272845 399350
6272845 399308
6272845 399283
6272845 8362111
6272845 451193
6272845 6194289
6272845 651166
6272845 399297
6272845 399271
6272845 399314
6272845 399332
6272845 399301
6272845 399309
6272845 451212
6272845 451216
6272845 399305
6272845 399270
6272845 399331
6272845 1651164
6272845 399351
6272845 451210
6272845 399272
6272845 451218
6272845 1998237
6272845 8327540
6272845 399316
6272845 399326
6272845 399300
6272845 451208
6272845 399335
6272845 399315
6272845 451209
6272845 8362119
6272845 651170
6272845 399287
6272845 399291
6272845 399281
6272845 399328
6272845 399307
6272845 399384
6272845 399386
6272845 399383
6272845 399392
6272845 451254
6272845 399387
6272845 399388
6272845 8362120
6272845 8362121
6272845 399457
6272845 399389
6272845 399397
6272845 399456
6272845 451231
6272845 451227
6272845 399451
6272845 399402
6272845 399406
6272845 399391
6272845 399454
6272845 399400
6272845 399403
6272845 399398
6272845 399407
6272845 451225
6272845 399422
6272845 922061
6272845 451234
6272845 8327566
6272845 8327545
6272845 651200
6272845 451237
6272845 8362122
6272845 451233
6272845 797032
6272845 6432124
6272845 451236
6272845 399423
6272845 399431
6272845 399424
6272845 399463
6272845 399429
6272845 399428
6272845 399433
6272845 399442
6272845 399355
6272845 399462
6272845 651205
6272845 399427
6272845 399432
6272845 8362123
6272845 399445
6272845 399381
6272845 399449
6272845 6458396
6272845 399344
6272845 651150
6272845 399269
6272845 651115
6272845 651155
6272845 8362124
6272845 8362125
6272845 6426477
6272845 651146
6272845 8349715
6272845 8362126
6272845 8362127
6272845 651149
6272845 651165
6272845 399312
6272845 399452
6272845 399453
6272845 8327557
6272845 8362128
6272845 399455
6272845 8362129
6272845 8362130
6272845 451250
6272845 8362131
6272845 399390
6272845 451242
6272845 6458587
6272845 451277
6272845 399459
6272845 399263
6272845 651126
6272845 399435
6272845 399436
6272845 651207
6272845 451245
6272845 8362132
6272845 451240
6272845 8362133
6272845 8362134
6272845 399425
6272845 399464
6272845 399439
6272845 399430
6272845 8362135
6272845 399434
6272845 651204
6272845 399450
6211427 922041
6211427 8168977
6211427 306214
6211427 651144
6211427 651150
6211427 399279
6211427 651211
6211427 451219
6211427 8349719
6211427 8362111
6211427 451216
6211427 399320
6211427 1998237
6211427 399327
6211427 451263
6211427 6194289
6211427 399335
6211427 8367181
6211427 8327543
6211427 8349717
6211427 451218
6211427 6417422
6211427 399348
6211427 8367182
6211427 8367183
6211427 6230153
6211427 1573332
6211427 1659730
6211427 399267
6211427 399261
6211427 922043
6211427 8367184
6211427 8367185
6211427 8367186
6211427 8367187
6211427 399399
6211427 8367188
6211427 451199
6211427 399359
6211427 8367189
6211427 8168011
6211427 399356
6211427 8168983
6211427 8367190
6211427 451250
6211427 8327557
6211427 8362129
6211427 651125
6211427 1763729
6211427 8168985
6211427 451234
6211427 451238
6211427 8168018
6211427 6415548
6211427 8367191
6211427 8327566
6211427 399419
6211427 399289
6211427 8367192
6211427 8367193
6211427 651116
6211427 451240
6211427 8362132
6211427 451261
6211427 2089439
6211427 8327536
6211427 399460
6211427 399459
6211427 1260357
6211427 399424
6211427 8327548
6211427 797032
6211427 8367194
6211427 651162
6211427 8367195
6211427 451173
6211427 399312
6211427 922041
6211427 306214
6211427 399449
6211427 399399
6211427 399377
6211427 399270
6211427 1606318
6260919 399261
6260919 8327555
6260919 6440591
6260919 399265
6260919 8168979
6260919 8368664
6260919 399266
6260919 306214
6260919 651144
6260919 651165
6260919 399268
6260919 399324
6260919 451262
6260919 399305
6260919 651167
6260919 651159
6260919 399279
6260919 6426477
6260919 1651164
6260919 399275
6260919 399277
6260919 8362117
6260919 451205
6260919 399276
6260919 451202
6260919 451203
6260919 399336
6260919 399335
6260919 399350
6260919 399351
6260919 399281
6260919 8362127
6260919 399347
6260919 399309
6260919 399283
6260919 651151
6260919 8349715
6260919 8362116
6260919 399291
6260919 451211
6260919 451223
6260919 8368665
6260919 399294
6260919 399330
6260919 399287
6260919 399299
6260919 399314
6260919 651150
6260919 651146
6260919 8368666
6260919 651145
6260919 651154
6260919 399303
6260919 451212
6260919 375188
6260919 651162
6260919 451208
6260919 451209
6260919 399329
6260919 8327540
6260919 399326
6260919 451263
6260919 399315
6260919 451218
6260919 399320
6260919 1550670
6260919 399270
6260919 1651163
6260919 651164
6260919 651170
6260919 651171
6260919 651166
6260919 399312
6260919 651137
6260919 651125
6260919 451236
6260919 651128
6260919 651126
6260919 399357
6260919 399359
6260919 399363
6260919 399368
6260919 399358
6260919 651140
6260919 8327562
6260919 451197
6260919 8362120
6260919 399406
6260919 399262
6260919 399385
6260919 451226
6260919 399451
6260919 8362121
6260919 451227
6260919 399382
6260919 399392
6260919 651177
6260919 451231
6260919 399407
6260919 399386
6260919 399402
6260919 399399
6260919 651180
6260919 399456
6260919 8368667
6260919 651176
6260919 399403
6260919 651178
6260919 651216
6260919 8368668
6260919 399424
6260919 451240
6260919 399428
6260919 399431
6260919 651204
6260919 399464
6260919 399430
6260919 399445
6260919 399429
6260919 399425
6260919 651205
6260919 651207
6260919 6440591
6260919 399413
6260919 399421
6260919 399289
6260919 651194
6260919 451233
6260919 399416
6260919 8368669
6260919 399419
6260919 399418
6260919 399412
6260919 6420338
6260919 399411
6260919 399417
6260919 8168018
6260919 399420
6260919 399265
6260919 325716
6260919 308725
6260919 922041
6260919 8368670
6260919 399370
6260919 8168010
6260919 8362112
6260919 399393
6260919 399376
6260919 1998237
6260919 6194289
6260919 306214
6260919 8349715
6260919 375188
6260919 399381
6260919 399449
6260919 399316
6260919 399321
6260919 8368671
6260919 399427
6260919 399435
6260919 399436
6260919 651212
6260919 651213
6260919 6458585
6260919 399263
6260919 399463
6260919 8362132
6260919 399432
6260919 399355
6260919 399462
6260919 2962278
6260919 399467
8467051 331721
8467051 8467061
8467051 1889678
8674079 308848
8674079 1777225
8674079 8674090
8674079 8674091
8674079 8674092
8674079 325722
8674079 694425
484463 294650
6181023 308843
6475123 1064540
6475123 1064541
6475123 8910402
6475123 6516207
6475123 8910406
6475123 6529324
6475123 1064550
6475123 8910407
6475123 8910408
6475123 8910409
6475123 8910410
6475123 6529335
6475123 8910411
6475123 8910412
6475123 8910413
6475123 8910414
6475123 8910415
6475123 8910416
6475123 8910417
6475123 8910418
6475123 1064545
6475123 8910419
6475123 8367174
6475123 8910420
6475123 8910421
6475123 1064560
6475123 8910422
6475123 1064561
8935869 308719
8935869 308805
8942047 1094900
6406387 8976052
6406387 8976053
6406387 8976054
6418423 9024229
6418423 308848
6418423 331717
6418423 308845
6418423 6397010
6418423 308852
6418333 331721
6418333 331722
6418333 331717
6418333 308845
6418333 331719
6418333 325722
6418333 694425
6418333 9306582
9449548 308843
9449548 1094734
9512292 1603765
9512292 308805
9512292 9512294
9512292 9512295
9512292 9512296
9512292 9512297
9512292 9512298
9512292 2051518
9512292 1990589
9512292 308733
9512292 9512299
9512292 308813
9512292 9458836
9512292 308824
9512292 9512300
9512292 9512296
9512292 308822
9512292 1874646
9512292 1990607
9512292 1990594
9512292 1990605
9512292 1990612
9512292 1990604
9512292 2319961
9512292 308820
9512292 9512301
9512292 1990615
9512292 1990616
9512292 9512302
9512292 1990618
9512292 9512303
6406457 331733
6406457 331717
6406457 308845
6406457 331719
6406457 325722
6406457 694425
6419801 331717
6419801 308845
6419801 325722
6419801 694425
9601666 308871
6419655 331721
6419655 9606035
6419655 9606036
6419655 8674092
6419655 694425
9607512 308848
9607512 331721
9607512 308820
9607512 308845
9607512 325722
9607512 2933952
9607512 325727
9608994 308848
9608994 308820
9608994 308839
9608994 308845
9608994 325722
9608994 874981
9608994 325727
9622085 3442808
9635777 308843
9635777 1094734
6462035 308814
6462035 308802
6462035 308830
6462035 6376118
6462035 2887813
6462035 308822
6462035 6462036
6462035 308821
6462035 1990604
6462035 6462037
6462035 308800
6462035 308813
9689426 845278
12462291 12462319
12462291 12462320
12560457 12560471
13590013 13590014
13590013 1842269
13590013 13590015
13590013 308834
13590013 874995
13596258 9345190
13596258 399261
13596258 399382
13596258 399266
13596258 399263
13596258 8327546
13596258 651135
13596258 1550670
13596258 399295
13596258 399304
13596258 399338
13596258 651175
13596258 399267
13596258 399321
13596258 399330
13596258 8362116
13596258 399275
13596258 399316
13596258 399337
13596258 399290
13596258 399306
13596258 399300
13596258 399308
13596258 399324
13596258 399282
13596258 13596263
13596258 399274
13596258 399284
13596258 399293
13596258 399278
13596258 399312
13596258 651211
13596258 399358
13596258 399361
13596258 651142
13596258 6434960
13596258 399403
13596258 399445
13596258 399436
13596258 399446
13596258 399424
13596258 399427
13596258 399432
1769496 651128
1769496 651136
1769496 651125
1769496 651196
1769496 651198
1769496 399462
1769496 651127
1769496 336579
1769496 306209
1769496 451288
1769496 451191
1769496 399219
1769496 651124
1769496 15284836
1769496 651137
1769496 651138
1769496 15284837
1769496 651139
1769496 651140
1769496 651141
1769496 399369
1769496 15284838
1769496 651169
1769496 15284839
1769496 651163
1769496 651166
1769496 651156
1769496 651170
1769496 651161
1769496 399267
1769496 13674582
1769496 651173
1769496 651167
1769496 651171
1769496 651151
1769496 651149
1769496 651158
1769496 399310
1769496 6437394
1769496 399305
1769496 15284840
1769496 651145
1769496 451264
1769496 651157
1769496 399296
1769496 399333
1769496 651155
1769496 15284841
1769496 651168
1769496 651150
1769496 651147
1769496 451263
1769496 651164
1769496 6305958
1769496 651146
1769496 651153
1769496 651144
1769496 451224
1769496 651186
1769496 651183
1769496 651189
1769496 651181
1769496 651177
1769496 651190
1769496 651184
1769496 651179
1769496 651187
1769496 651182
1769496 651180
1769496 651176
1769496 651178
1769496 651191
1769496 651199
1769496 651192
1769496 651197
1769496 651194
1769496 651195
1769496 651193
1769496 922060
1769496 651201
1769496 651196
1769496 651198
1769496 651206
1769496 651207
1769496 651205
1769496 651208
1769496 651209
1769496 651210
1769496 651204
1769496 651212
1769496 651213
1769496 651219
1769496 15284842
1769496 15284843
15433375 308799
6406327 331722
6406327 331721
6406327 1681290
6406327 308845
6406327 331719
6406327 325722
6406327 1400485
711165 308797
711165 308799
711165 308803
711165 308798
711165 308800
711165 308802
711165 308804
711165 308801
711165 308805
711165 308806
711165 308825
711165 308826
711165 308824
711165 308828
711165 308837
711165 308839
711165 325712
711165 15501883
711165 308838
711165 308842
711165 308841
711165 308840
711165 308829
711165 308831
711165 308835
711165 308833
711165 308830
711165 308827
711165 874998
711165 308836
711165 308834
711165 308832
711165 308807
711165 308814
711165 308809
711165 308813
711165 308849
711165 308817
711165 8167964
711165 325723
711165 308816
711165 308812
711165 308815
711165 308808
711165 308810
711165 308818
711165 9692184
711165 15501884
711165 308822
711165 308823
711165 308820
711165 308821
711165 845278
711165 294650
711165 308844
711165 308846
711165 308845
711165 308847
711165 15501885
711165 15501886
711165 8168017
711165 1990594
711165 13511097
711165 6887251
711165 308850
711165 8315399
711165 308819
711165 1094008
711165 874981
711165 308851
1941293 2943618
15589159 8280205
15805809 308820
15805809 308824
15805809 308839
15805809 308848
15805809 308844
15805809 308846
15805809 874981
13590506 308799
13590506 308802
13590506 308803
13590506 308797
13590506 308801
13590506 308798
13590506 308816
13590506 325724
13590506 308804
13590506 308809
13590506 308815
13590506 308807
13590506 308818
13590506 308813
13590506 308837
13590506 874999
13590506 308839
13590506 308840
13590506 308822
13590506 325720
13590506 308848
13590506 308833
13590506 308831
13590506 308834
13590506 874998
13590506 308830
13590506 308836
13590506 308826
13590506 308825
13590506 308828
13590506 308824
13590506 308844
13590506 308845
13590506 308847
13590506 308841
13590506 8168017
13590506 15691451
13590506 308852
6419691 331721
6419691 9024229
6419691 308848
6419691 308845
6419691 325727
6409155 1652307
6409155 1777225
6409155 331722
6409155 331717
6409155 331718
6409155 308845
6409155 13644030
6409155 325722
6409155 694425
16356207 308806
16390559 350125
16390559 331722
16390559 331717
16390559 331718
16390559 308845
16390559 325722
16390559 325727
16468585 308843
16524368 308801
16524368 308807
16524368 308830
16524368 16524371
16524368 308805
16524368 308815
16524368 308798
16524368 308820
16607655 845278
16608852 845278
16608852 308843
16610320 845278
16610320 308731
16610320 1841631
6425945 16611731
16615476 308803
16615476 1990610
16615476 688590
16615476 1990603
16615476 325720
16615476 1842269
16615476 308820
16615476 308811
16615476 874995
16615476 1944402
16615476 1754593
16615476 1990606
16615476 9542222
16615476 308840
16615476 16615480
16615476 16615481
16615476 6373481
16615476 308821
16615476 1990603
16615476 6407028
16615476 2986433
16615476 1990604
16615476 10294010
16615476 325724
16615476 1990605
16615476 1316603
16615476 1990618
16615476 1990620
16615476 1990616
16615476 1990619
16615476 1990617
16615476 13746709
16615476 6436976
16615476 9512303
16615476 1990614
16615476 1990612
16615476 1874646
16640396 1094900
16640396 308805
16648594 308845
16648594 325722
16648594 6396959
16657279 308814
16657279 308849
16657279 325724
16657279 308797
16657279 308798
16657279 308801
16657279 308836
16657279 308824
16657279 308817
16657279 308820
16657279 1990603
16657279 308822
16657279 308805
16657291 308798
16657291 1990621
6416141 350125
6416141 331721
6416141 1777225
6416141 331717
6416141 331718
6416141 308845
6416141 13644030
6416141 325722
16695312 845278
9080586 17865922
5653493 13054531
5653493 18181343
5653493 13569525
5653493 12983047
5653493 10384174
5653493 8368668
5653493 13569540
5653493 11014452
5653493 849744
5653493 18181344
5653493 13569545
5653493 18181345
5653493 18181346
5653493 18181347
5653493 18181348
5653493 18181349
5653493 18181350
5653493 18181351
5653493 18181352
5653493 18181353
5653493 18181354
5653493 6322794
5653493 18181355
5653493 18181356
5653493 6322799
5653493 18181357
5653493 18181358
5653493 18181359
5653493 18181360
5653493 18181361
5653493 12955965
5653493 13569597
5653493 13569600
5653493 18181362
5653493 6322813
5653493 6322828
5653493 18181363
5653493 6322832
5653493 18181364
5653493 18181365
5653493 6322834
5653493 18181366
5653493 651129
5653493 922039
5653493 18181367
5653493 6322841
5653493 18181368
5653493 15279205
5799803 8748505
5799803 18510733
5799803 18510734
5799803 8748532
5799803 4563938
5799803 18510735
5799803 18510736
5799803 18510737
5799803 18510738
5799803 3544219
5799803 18510739
5799803 18510740
5799803 18510741
5799803 18510742
5799803 18510743
5799803 8748523
5799803 18510744
5799803 18510745
5799803 18510746
5799803 5186904
5799803 4563955
5799803 18510747
5799803 6329512
5854621 8131748
5854621 18611580
5854621 18611581
5854621 12462319
5854621 16827047
5854621 18611582
5854621 18611583
5854621 13575769
5854621 13575777
5854621 8938286
5854621 18611584
13608854 6349872
13608854 7064978
13608854 13969594
13608854 13608855
13509807 20388726
13509807 20388727
13509807 6349872
13509807 6349863
13509807 20388728
20431033 10958136
6522688 3166627
20814294 20391920
2601273 21969740
13596260 399459
13596260 15284836
13596260 8327556
13596260 399423
13596260 8368664
13596260 6436674
13596260 21975746
13596260 6436676
13596260 9978985
13596260 21975747
13596260 399267
13596260 8327562
13596260 21975748
13596260 451196
13596260 8367185
13596260 399363
13596260 399364
13596260 399365
13596260 451198
13596260 399359
13596260 399357
13596260 451226
13596260 8362120
13596260 8362128
13596260 21975749
13596260 399452
13596260 399453
13596260 399455
13596260 399456
13596260 399457
13596260 8368668
13596260 451261
13596260 399464
13596260 451240
13596260 399437
13596260 451245
13596260 8362132
13596260 399431
13596260 12543989
13596260 21975750
13596260 21975751
13596260 399458
13596260 21975752
13596260 399463
13596260 21975753
13596260 21975754
13596260 451246
13596260 21975755
13596260 451244
13596260 13674185
13596260 451250
13596260 399414
13596260 21975756
13596260 451220
13596260 651214
13596260 399345
13596260 5762214
13596260 21975757
13596260 13673329
13596260 451204
13596260 13694042
13596260 797032
13596260 651150
13596260 8362124
13596260 8362125
13596260 399350
13596260 21975758
13596260 399374
13596260 13694375
13596260 399376
13596260 20456357
13596260 21975759
13596260 8327552
13596260 399370
13596260 399385
13596260 451260
101700 616901
8914413 308798
8914413 308800
8914413 308816
8914413 308801
8914413 308805
8914413 308797
8914413 308807
8914413 308799
8914413 308815
8914413 308812
8914413 325724
8914413 308810
8914413 308802
8914413 874993
8914413 308817
8914413 2986433
8914413 308820
8914413 308822
8914413 1990603
8914413 874995
8914413 325712
8914413 308839
8914413 308837
8914413 22466657
8914413 308826
8914413 8323916
8914413 308848
8914413 308844
8914413 308828
8914413 308830
8914413 308829
8914413 874997
8914413 1852537
8914413 308824
8914413 308833
8914413 9651392
8914413 308717
8914413 22466658
8914413 22466659
8914413 16615481
8914413 1874646
8914413 308827
8914413 16524371
22477793 294650
8864561 308798
8864561 308805
8864561 308801
8864561 308816
8864561 308803
8864561 308818
8864561 308811
8864561 308808
8864561 1603765
8864561 325724
8864561 308804
8864561 308815
8864561 308807
8864561 308849
8864561 1990594
8864561 9542222
8864561 308826
8864561 308839
8864561 308840
8864561 308837
8864561 308838
8864561 308822
8864561 325720
8864561 308848
8864561 308844
8864561 308846
8864561 308845
8864561 8323916
8864561 308828
8864561 874998
8864561 308835
8864561 308830
8864561 308824
8864561 22513026
8864561 22466658
22633256 1773899
2447477 331721
2447477 331722
2447477 308820
2447477 2078868
2447477 331717
2447477 331719
2447477 308845
2447477 6396959
22658681 308719
5986407 308848
5986407 308828
5986407 308845
5986407 331719
5986407 325722
5986407 325727
4560478 2789055
4560478 331721
4560478 308845
4560478 6395519
4560478 325722
4560478 331717
4560478 6396959
6409947 331721
6409947 20403198
6409947 6397171
6409947 22948468
6416159 331721
6416159 308848
6416159 308828
6416159 331717
6416159 308845
6416159 331719
6416159 325722
6416159 325727
23151013 331733
23151013 331721
23151013 308848
23151013 331717
23151013 308845
23151013 331719
23151013 325722
23151013 694425
23163206 308814
23163206 308818
23163206 325724
23168500 308843
7351923 308719
7351923 308843
23202805 308806
6419614 308798
6419614 331721
6419614 331722
6419614 331717
6419614 331718
6419614 308845
6419614 331719
6419614 325722
6419614 694425
23241133 308843
23246666 308843
23248331 308803
13662717 331721
13662717 16767268
13662717 308845
13662717 331719
13662717 331717
13662717 325727
23274566 845278
23300782 845278
23321734 845278
5689010 5186886
5689010 13568829
5689010 4563937
5689010 4563938
5689010 6327688
5689010 13574099
5689010 4563942
5689010 23791072
5689010 4563943
5689010 23791073
5689010 4563936
5689010 4563950
5689010 4563951
5689010 4563952
5689010 4563953
5689010 4563955
5689010 6327695
5689010 23791074
23925910 308835
5790207 25211264
5790207 8864501
5790207 5186900
5790207 13575735
5790207 19925178
5790207 25211265
5790207 25211266
5790207 13575737
5790207 13575742
5619076 18902791
5619076 25362953
5619076 13568829
5619076 4563937
5619076 4563938
5619076 25362954
5619076 25362955
5619076 843872
5619076 13568842
5619076 25362956
5619076 4563936
5619076 4563950
5619076 4563951
5619076 4563952
5619076 4563953
5619076 4563954
5619076 4563955
5619076 6322030
5619076 25362957
5998955 25393057
5998955 922038
5998955 13555207
5998955 451213
5998955 8362117
5998955 18460018
5998955 25393058
5998955 25393059
5998955 13555329
5998955 25393060
5998955 25393061
5998955 399445
5998955 25393062
5998955 20344990
5998955 25393063
5998955 20344993
5998955 25393064
5998955 25393065
5998955 6330808
5998955 6330810
5998955 25393066
5998955 11255002
5998955 13569597
5998955 25393067
5998955 6330813
5998955 25393068
5998955 399285
5998955 25393069
5998955 20344995
5998955 20344997
5998955 18181361
5998955 25393070
5998955 25393071
5998955 20345037
5998955 25393072
5998955 20345039
5998955 25393073
5998955 18181367
5998955 922039
5998955 651129
5998955 25393074
5998955 25393075
5998955 15279205
26833035 1990589
26849553 18156507
26885627 1550670
26885627 13544040
26885627 13672361
26885627 1941295
26885627 399337
26885627 8362126
26885627 26885629
26885627 399368
26885627 8362112
26885627 399378
26885627 451248
26900210 399219
26900210 922040
26900210 399358
26900210 6301598
26900210 399290
26900210 922058
26900210 922059
26900210 399283
26900210 451224
12221725 331721
12221725 308848
12221725 308824
12221725 308820
12221725 8587613
12221725 9508162
12221725 308844
12221725 308845
12221725 308852
285904 308797
285904 308799
285904 308804
285904 308802
285904 308801
285904 8347458
285904 308842
285904 325712
285904 325710
285904 325711
285904 308838
285904 308841
285904 325714
285904 28546626
285904 325713
285904 308829
285904 308831
285904 308832
285904 8315396
285904 325715
285904 8315395
285904 8168009
285904 325719
285904 28546627
285904 1961393
285904 15501883
285904 308732
285904 308807
285904 308809
285904 308813
285904 308823
285904 325724
285904 308812
285904 23238261
285904 308815
285904 23214103
285904 13307388
285904 1990599
285904 325723
285904 13590507
285904 28546628
285904 308849
285904 308821
285904 308820
285904 325720
285904 325721
285904 308845
285904 325722
285904 308848
285904 331722
285904 1842269
285904 8168017
285904 325725
285904 325726
285904 26838208
285904 1990608
285904 325709
285904 1094008
285904 308805
285904 21102867
285904 308800
285904 308814
285904 9692184
285904 8315398
285904 325718
285904 7186289
285904 1069534
6209280 8168014
6209280 399267
6209280 1952962
6209280 8168977
6209280 1679276
6209280 922036
6209280 399279
6209280 399335
6209280 451219
6209280 399327
6209280 922041
6209280 451263
6209280 651211
6209280 8168985
6209280 28622675
6209280 651150
6209280 451236
6209280 8367193
6209280 8367183
6209280 8367151
6209280 399313
6209280 651144
6209280 26868870
6209280 26868872
6209280 28622676
6209280 28622677
6209280 8168979
6209280 651116
6209280 1260357
6209280 451240
6209280 8362132
6209280 451261
6209280 28622678
6209280 28622679
6209280 28622680
6209280 28622681
6209280 2089439
6209280 28622682
6209280 6416738
6209280 308832
6209280 8168981
6209280 399266
6209280 8168980
6209280 399368
6209280 8168011
6209280 8327554
6209280 8168983
6209280 8327557
6209280 451250
6209280 399356
6209280 8362129
6209280 399267
6209280 15841387
6209280 1952962
6209280 28622659
6209280 13644754
6209280 26869002
6209280 8168984
6209280 2382465
6209280 8168985
6209280 8168018
6209280 6415548
6209280 28622683
6209280 26869339
6209280 23928624
6209280 8367192
6209280 451238
6209280 8367191
6209280 6194289
6209280 28622684
6209280 13656105
6209280 399289
6209280 8367181
6209280 28622685
6209280 8168986
6209280 21975745
6209280 308800
6209280 8168017
6209280 13644754
6209280 814236
9619634 13627363
9619634 331721
9619634 623738
9619634 1889678
9619634 8467061
28780572 308843
13649289 9024229
28821299 13697394
28821299 1773899
16692738 308805
16692738 308798
16692738 308797
16692738 325724
16692738 308807
16692738 308800
16692738 308801
16692738 308802
16692738 308816
16692738 308818
16692738 308808
16692738 308815
16692738 23323973
16692738 308811
16692738 308809
16692738 1990594
16692738 308814
16692738 308810
16692738 1897038
16692738 874995
16692738 308849
16692738 308826
16692738 308839
16692738 308838
16692738 874999
16692738 308837
16692738 325712
16692738 308842
16692738 1873192
16692738 308822
16692738 325720
16692738 874996
16692738 1990604
16692738 2986433
16692738 308848
16692738 16641471
16692738 308844
16692738 308845
16692738 308835
16692738 308830
16692738 874998
16692738 8848835
16692738 308833
16692738 308828
16692738 308836
16692738 28858517
16692738 28858518
16692738 9692184
5852976 28920680
5852976 26764761
5852976 20310038
5852976 28920681
5852976 28920682
5852976 28920683
5852976 20310043
5852976 6288137
5852976 24075243
5852976 28920684
28940603 6385996
28940603 331721
28940603 8467061
28940603 1889678
28940603 1893458
28940603 8674091
28940603 20393009
6407055 331715
6407055 331722
6407055 308810
6407055 331720
6407055 331717
6407055 308845
6407055 331719
6407055 325722
749939 331715
749939 1777225
749939 331722
749939 331717
749939 331718
749939 308845
749939 331719
749939 325722
749939 325727
29000015 308848
29000015 308820
29000015 308839
29000015 308845
29000015 325722
29000015 6396959
29006092 845278
29007011 1990590
29014335 308843
29018560 308843
29018560 9512295
6418299 331722
6418299 331723
6418299 325720
6418299 1777225
6418299 331717
6418299 308845
6418299 331719
6418299 325722
6418299 694425
9287024 6385996
9287024 331721
9287024 8467061
29305169 1774842
29305169 845278
29305169 308843
6416197 308847
6416197 308848
6416197 308844
6416197 26860282
6416197 308845
6416197 1382147
6416197 8323916
6416197 308824
6416197 308825
6416197 308730
6416197 308835
6416197 308830
6416197 308832
6416197 308834
6416197 308839
6416197 308838
6416197 1873192
6416197 308841
6416197 308840
6416197 308837
6416197 308800
6416197 308801
6416197 308807
6416197 308797
6416197 308805
6416197 308813
6416197 308817
6416197 308822
6416197 308820
6416197 308821
6416197 874981
29402516 557459
29402516 308798
29402516 8323916
29402516 1067996
29402516 308801
29402516 308818
29402516 308822
29402516 325724
29402516 1935670
29402516 308820
29402516 325720
29402516 308810
29402516 1990603
29402516 874995
29402516 308802
29402516 308817
29402516 308815
29402516 325712
29402516 308841
29402516 308826
29402516 308837
29402516 29402521
29402516 6373607
29402516 9512300
29402516 308844
6406422 331723
6406422 331722
6406422 308820
6406422 308810
6406422 331720
6406422 331717
6406422 308845
6406422 331719
6406422 325722
6406422 308851
6406422 325727
16523817 845278
29509046 308817
29509046 308805
29509046 874998
29509046 308815
29509046 325720
20414187 331721
20414187 29562017
20414187 29562018
20414187 6398929
20414187 8674092
29568255 308816
9704161 1990607
9704161 1094734
9704161 308816
9704161 557459
9704161 308805
9704161 1986272
9704161 308817
9704161 6407027
9704161 29538366
9704161 308822
9704161 1990605
9704161 308826
9704161 29587785
9704161 325712
9704161 29587786
9704161 1754593
9704161 308821
9704161 308820
9704161 9512294
9704161 29587787
9704161 1990621
6716715 308807
6716715 308798
6409676 308816
6409676 308807
6409676 308815
6409676 325724
6409676 308799
6409676 308803
6409676 308801
6409676 308802
6409676 308798
6409676 308797
6409676 29589915
6409676 308833
6409676 308834
6409676 874998
6409676 308800
6409676 308818
6409676 325720
6409676 308836
6409676 1990603
6409676 308805
6409676 308817
6409676 308809
6409676 308831
6409676 308832
6409676 308849
6409676 308822
6409676 331722
29593474 308843
29593742 308843
29594794 840511
29594794 308843
6400173 331715
6400173 308810
6400173 331720
6400173 331717
6400173 331718
6400173 308845
6400173 325722
6400173 350124
29597635 308848
29597635 308820
29597635 308839
29597635 308845
29597635 325722
29597635 308852
29667716 845278
29673748 557459
29673748 874995
29673748 13275952
29673748 308812
29673748 9458837
29673748 2986433
29673748 874999
29673748 23297425
29673748 6373479
29673748 308841
29673748 308820
29673748 1990609
29673748 1874646
29673748 6373481
29673748 308821
29673748 16615481
29673748 874981
6623327 308826
6623327 1094734
6623327 308822
6623327 845278
6623327 9512297
6623327 308816
6623327 308799
6623327 308797
6623327 557459
6623327 308798
6623327 1603765
6623327 308800
6623327 308803
6623327 308725
6623327 1990591
6623327 9510605
6623327 1990621
6623327 308733
6623327 1990594
6623327 1368668
6623327 1990593
6623327 308802
6623327 308813
6623327 308801
6623327 1935670
6623327 1990595
6623327 1906326
6623327 308819
6623327 1754593
6623327 308820
6623327 1990606
6623327 1990611
6623327 874995
6623327 2986433
6623327 6407027
6623327 308805
6623327 308817
6623327 308818
6623327 1990597
6623327 874999
6623327 9542222
6623327 308837
6623327 308849
6623327 308815
6623327 1990605
6623327 1990612
6623327 1990603
6623327 1990607
6623327 6407028
6623327 13275952
6623327 308839
6623327 308841
6623327 29587786
6623327 16641471
6623327 1944402
6623327 308811
6623327 29827861
6623327 10294010
6623327 874996
6623327 1990614
6623327 29827862
6623327 1990610
6623327 1990616
6623327 1990600
6623327 308821
6623327 1990618
6623327 20504208
6623327 1990617
6623327 1874646
6623327 8168006
6623327 16698594
6623327 13742763
6623327 8323918
30249635 9272067
30249635 8315399
30249635 308835
30249635 308835
30412030 8280205
32725991 6471272
32725991 32725998
13509809 6349863
13509809 6349872
33053407 308825
33053407 308805
33053407 308816
33053407 308801
33053407 308817
33053407 308820
33053407 874995
33053407 308822
33053407 308798
33053407 308800
33053407 308802
33053407 325724
33053407 1990603
6147182 308827
6147182 308797
6147182 308799
6147182 308802
6147182 308801
6147182 308832
6147182 308807
6147182 308800
6147182 8167964
6147182 1016154
6147182 308814
6147182 922036
6147182 922032
6147182 8347456
6147182 308821
6147182 325721
6147182 325715
6147182 8168009
6147182 325717
6147182 26863843
6147182 325712
6147182 325711
6147182 308838
6147182 8168012
6147182 8168015
6147182 325722
6147182 325725
6147182 6415548
6147182 8168006
6147182 325726
6147182 694425
6001322 845278
6001322 308843
6001322 308719
6001322 557459
6001322 308816
6001322 308806
6001322 308725
6001322 308799
6001322 1094900
6001322 1603765
6001322 308800
6001322 308797
6001322 9458836
6001322 23722586
6001322 9512294
6001322 308820
6001322 1990607
6001322 308822
6001322 308805
6001322 21949925
6001322 840511
6001322 29501821
6001322 1774842
6001322 1990594
6001322 308817
6001322 10555103
6001322 34664056
6001322 308798
6001322 308803
6001322 1990611
6001322 16641471
6001322 874999
6001322 308826
6001322 9651392
6001322 23297425
6001322 2910264
6001322 9512293
6001322 694412
6001322 1944402
6001322 9458838
6001322 34664057
6001322 1990605
6001322 874996
6001322 9510605
6001322 1986272
6001322 1990608
6001322 308731
6001322 6211648
6001322 29587787
6001322 205594
6001322 874982
6001322 1094898
8801685 311845
6317938 922038
6317938 399261
6317938 399385
6317938 651135
6317938 399445
6317938 651129
6317938 922039
6317938 33108949
6317938 33108951
6317938 922040
6317938 10066638
6317938 13678552
6317938 399356
6317938 20441992
6317938 451230
6317938 451288
6317938 399405
6317938 399219
6317938 34691902
6317938 399358
6317938 2962278
6317938 18460019
6317938 22706948
6317938 399285
6317938 33108896
6317938 399375
6317938 399352
6317938 922048
6317938 922045
6317938 922047
6317938 922049
6317938 922050
6317938 399357
6317938 922051
6317938 6455671
6317938 26900183
6317938 922052
6317938 399363
6317938 26900185
6317938 922054
6317938 34691903
6317938 18181351
6317938 651144
6317938 399311
6317938 399276
6317938 399306
6317938 1550670
6317938 399268
6317938 451216
6317938 6301598
6317938 13677694
6317938 6185586
6317938 8362124
6317938 399289
6317938 33016925
6317938 651165
6317938 922037
6317938 399329
6317938 922059
6317938 13564146
6317938 399285
6317938 399290
6317938 922058
6317938 399294
6317938 399272
6317938 399337
6317938 399304
6317938 451210
6317938 922036
6317938 399330
6317938 399324
6317938 399320
6317938 399283
6317938 6317940
6317938 399267
6317938 399284
6317938 651150
6317938 8349715
6317938 651169
6317938 399326
6317938 399325
6317938 922060
6317938 399416
6317938 399410
6317938 451233
6317938 451234
6317938 451237
6317938 922061
6317938 399353
6317938 399420
6317938 399411
6317938 651206
6317938 399429
6317938 451240
6317938 399427
6317938 399425
6317938 399263
6317938 399460
6317938 399465
6317938 399434
6317938 399432
6317938 922055
6317938 13691406
6317938 451254
6317938 13691408
6317938 399401
6317938 6434960
6317938 34691904
6317938 399455
6317938 399394
6317938 26900220
6317938 399356
6317938 451230
6317938 399405
6317938 651178
6317938 651187
6317938 651210
6317938 6455751
6317938 6455748
6317938 651204
6317938 26900329
6317938 20453857
6317938 651176
6317938 651177
6317938 651125
584465 1842269
584465 651144
584465 306214
584465 8349715
584465 651150
584465 399267
584465 1859771
584465 1260357
584465 399270
584465 399327
584465 1998237
584465 8327543
584465 451263
584465 399279
584465 451219
584465 1651165
584465 8349719
584465 451218
584465 6194289
584465 451216
584465 8367182
584465 8349717
584465 6417422
584465 651211
584465 399348
584465 399312
584465 399320
584465 8362111
584465 399335
584465 6230153
584465 28622677
584465 399294
584465 8168005
584465 797032
584465 33091343
584465 1651162
584465 1941294
584465 26869386
584465 399261
584465 8327549
584465 8367184
584465 922043
584465 8327551
584465 8367185
584465 8327554
584465 8168011
584465 399356
584465 8168983
584465 399399
584465 8362129
584465 8327555
584465 8327556
584465 922055
584465 13658582
584465 399384
584465 8362130
584465 8327557
584465 6420066
584465 399424
584465 451240
584465 8327536
584465 8168979
584465 399460
584465 451261
584465 399459
584465 2089439
584465 8362132
584465 651116
584465 8327547
584465 399426
584465 8327548
584465 451238
584465 1763729
584465 651135
584465 399289
584465 8327566
584465 451234
584465 8168018
584465 6415548
584465 8367192
584465 6440591
584465 8327546
584465 34705454
584465 8168985
584465 9340480
584465 8349720
584465 399418
584465 399277
584465 399419
584465 8367191
584465 6420338
584465 6420341
584465 26869339
584465 34705455
584465 8367193
584465 23928624
584465 13481780
584465 375188
584465 1573332
584465 451252
584465 306214
584465 399267
584465 34705454
584465 451236
584465 34705456
584465 396680
584465 8168004
584465 399372
584465 992493
584465 308835
584465 13659013
584465 1360404
584465 399449
584465 13659069
584465 34705457
584465 8349722
584465 451212
584465 651125
584465 8793921
584465 20456091
584465 1651163
584465 8367194
584465 8327563
584465 399377
584465 6458375
584465 306222
584465 1606318
6309307 651181
6309307 651137
6309307 651177
6309307 651196
6309307 651198
6309307 651204
6309307 399371
6309307 651131
6309307 651130
6309307 10096845
6309307 451230
6309307 922043
6309307 6440464
6309307 18756605
6309307 451191
6309307 34725977
6309307 651147
6309307 26884242
6309307 399365
6309307 651138
6309307 15284837
6309307 651139
6309307 651140
6309307 651141
6309307 15284838
6309307 306209
6309307 15284839
6309307 13674582
6309307 399305
6309307 6440496
6309307 15284841
6309307 651171
6309307 451264
6309307 651158
6309307 651161
6309307 651169
6309307 651159
6309307 6437394
6309307 651173
6309307 651156
6309307 651170
6309307 651167
6309307 20325620
6309307 651150
6309307 651157
6309307 651153
6309307 651146
6309307 651163
6309307 15284840
6309307 651168
6309307 6305958
6309307 651162
6309307 451262
6309307 651145
6309307 399275
6309307 651147
6309307 651186
6309307 651189
6309307 651190
6309307 651183
6309307 651187
6309307 651182
6309307 651125
6309307 651180
6309307 651178
6309307 651191
6309307 922060
6309307 651199
6309307 651192
6309307 651193
6309307 651195
6309307 6310433
6309307 651197
6309307 651194
6309307 651201
6309307 399462
6309307 651206
6309307 651207
6309307 651205
6309307 399427
6309307 34725978
6309307 651209
6309307 651210
6309307 651219
6309307 15284842
6309307 13569525
6309307 15284843
6309307 651213
6309307 651127
6309307 399385
6309307 34725979
6309307 8168010
6309307 399375
6309307 399395
6309307 33122146
6309307 651176
6309307 15284839
6309307 8367191
6309307 8362116
6309307 34725980
6309307 34725981
6309307 451211
6309307 13695064
6309307 34725982
6309307 33122159
6309307 451223
6309307 33122161
6309307 399422
6309307 399283
6309307 399269
6309307 451217
6309307 67145
6309307 20436117
6309307 399307
6309307 922055
6309307 399452
6309307 399395
6309307 399403
6309307 399433
6309307 34725983
6309307 20457171
6309307 6459793
6309307 29032064
6309307 451243
6309307 26903646
6309307 6459795
6309307 6458740
6301597 399352
6301597 399382
6301597 651135
6301597 399263
6301597 651129
6301597 8362113
6301597 21975748
6301597 451192
6301597 399266
6301597 399261
6301597 399364
6301597 20437076
6301597 451199
6301597 399365
6301597 399361
6301597 651142
6301597 399358
6301597 399362
6301597 33104551
6301597 399369
6301597 34732499
6301597 399294
6301597 1550670
6301597 399295
6301597 16158470
6301597 651175
6301597 399337
6301597 13673329
6301597 399306
6301597 399300
6301597 399308
6301597 399282
6301597 399284
6301597 651211
6301597 922037
6301597 399304
6301597 399275
6301597 399316
6301597 5762214
6301597 399290
6301597 399293
6301597 399278
6301597 922036
6301597 399321
6301597 13596263
6301597 6294024
6301597 651115
6301597 399313
6301597 13677694
6301597 399274
6301597 8362116
6301597 399330
6301597 6301598
6301597 399332
6301597 13543995
6301597 399271
6301597 399298
6301597 399331
6301597 399334
6301597 399322
6301597 399307
6301597 451264
6301597 451224
6301597 399410
6301597 399412
6301597 399413
6301597 399420
6301597 8327545
6301597 6440591
6301597 6308855
6301597 399353
6301597 399415
6301597 399354
6301597 651196
6301597 399424
6301597 399432
6301597 20437325
6301597 12543989
6301597 13673578
6301597 399436
6301597 399446
6301597 399427
6301597 399434
6301597 651207
6301597 651208
6301597 651210
6301597 399385
6301597 399406
6301597 21975749
6301597 399398
6301597 399452
6301597 399397
6301597 399401
6301597 399405
6301597 6434960
6301597 399455
6301597 399394
6301597 399391
6301597 399403
6301597 399421
6301597 651193
6301597 451230
6301597 399267
6301597 451198
6301597 651134
6301597 451258
6301597 651147
6301597 399374
6301597 8168004
6301597 4683721
6301597 4683723
6301597 451287
6301597 20440470
6301597 451191
6301597 451259
6301597 21975745
6301597 5602086
6301597 26884002
6301597 399379
6301597 399380
6301597 451260
6301597 399395
6301597 8168010
6301597 399376
6301597 399219
6301597 18756605
6301597 451255
6301597 399373
6301597 13694351
6301597 13694440
6301597 10066638
6301597 399357
6301597 399359
6301597 399360
6301597 451200
6301597 651132
6301597 8168977
6301597 651144
6301597 399445
4875531 651144
4875531 306214
4875531 1941294
4875531 8168977
4875531 308800
4875531 1859771
4875531 922041
4875531 651150
4875531 399327
4875531 6194289
4875531 399279
4875531 1952962
4875531 399267
4875531 651211
4875531 451219
4875531 399335
4875531 33089254
4875531 8327543
4875531 451218
4875531 28622676
4875531 8367193
4875531 451263
4875531 399313
4875531 451252
4875531 1679276
4875531 399266
4875531 26869386
4875531 399359
4875531 33089271
4875531 8168982
4875531 451189
4875531 8168011
4875531 8327554
4875531 399356
4875531 451250
4875531 8168983
4875531 451254
4875531 8327557
4875531 8362129
4875531 399399
4875531 451240
4875531 451261
4875531 399459
4875531 28622678
4875531 1260357
4875531 8168985
4875531 8168018
4875531 6415548
4875531 8168017
4875531 1763729
4875531 8168984
4875531 797032
4875531 26869441
4875531 8367191
4875531 2382465
4875531 399320
4875531 13656213
4875531 15486032
4875531 399289
4875531 1659730
4875531 399377
4875531 451236
4875531 399417
4875531 6417422
4875531 34805434
4875531 8367192
4875531 399418
4875531 8327566
4875531 8349720
4875531 451238
4875531 20420725
4875531 28622677
35045382 308843
35045382 1603765
6181050 331733
6181050 331721
6181050 331722
6181050 331723
6181050 308820
6181050 308828
6181050 331717
6181050 308845
6181050 331719
6181050 325722
6181050 325727
34128532 1990621
6418375 331721
6418375 8922287
6418375 35254155
35287784 308805
35439883 308843
13654837 331715
13654837 331722
13654837 331717
13654837 308845
13654837 6397010
13654837 325722
35653748 308731
35653748 308843
3464104 308805
3464104 1603765
3464104 308798
3464104 1990621
35667996 308807
35667996 308815
35667996 308800
35667996 308801
35667996 308825
35667996 874998
35667996 308832
35667996 308835
35667996 2887813
35667996 308808
35667996 308813
35667996 308822
35668219 308843
35744975 308800
35744975 308799
35744975 308802
35744975 325724
35744975 308807
35744975 1852537
35744975 308829
35744975 308827
13590505 308802
13590505 308818
13590505 845278
13590505 1094734
13590505 1990590
13590505 308813
13590505 308804
13590505 308800
13590505 308797
13590505 308799
13590505 308798
13590505 308824
13590505 874998
13590505 15501884
13590505 13590507
13590505 325724
13590505 308833
13590505 308815
13590505 1990598
13590505 308808
13590505 1990599
13590505 308810
13590505 1897038
13590505 308807
13590505 13590508
13590505 20380801
13590505 2887813
13590505 308809
13590505 308803
13590505 325720
13590505 308836
13590505 1990603
13590505 308822
35747412 845278
35749429 308843
35749883 308848
35749883 308820
35749883 308839
35749883 308845
35749883 6396959
35749890 308843
35751937 845278
6461670 308798
6461670 308800
6461670 1990621
6461670 308801
6461670 308802
35824061 35824062
35824061 9512297
35824061 9512294
35824061 1754593
35824061 308821
35824061 308822
35824061 1990603
35824061 308820
35824061 1990605
35824061 35824063
35824061 308824
35824061 9512300
35824061 1990612
35824061 29589915
35824061 33169956
35824407 331721
35824407 308845
35824407 6397010
35824407 331717
35824407 6396959
35834958 308835
35834958 308813
35834958 308805
35834958 308820
35834958 1990603
35834958 308822
2187836 35916057
2187836 35916058
2187836 23445821
2187836 35916059
2187836 35916060
2187836 35916061
2187836 11255481
2187836 35916062
2187836 35916063
2187836 35916064
2187836 35916065
2187836 35916066
36491564 6823037
13616422 308815
13616422 308830
13616422 308797
13616422 308810
13616422 308820
13616422 1990603
36838379 8280205
36908961 8748535
6299061 3544219
6299061 1181203
6299061 1181203
6299061 12462319
6299061 37096705
6299061 26795707
6299061 6329461
6299061 6329465
6299061 10527119
6299061 20343702
37849183 1550670
37849183 13544040
37849183 6436794
37849183 26885744
37849183 6301598
37849183 399343
37849183 399335
37849183 1941295
37849183 399337
37849183 399299
37849183 8362126
37849183 26885629
37849183 37849184
37849183 33105256
37849183 37849185
37849183 399371
37849183 8168010
37849183 651133
37849183 17862854
37849183 8362127
37849183 399294
5791751 8748523
5791751 36901970
5791751 20343767
5791751 12462312
5791751 20034359
5791751 55403
5791751 37866515
5791751 13575794
5791751 6329545
5791751 2984607
1550674 33097834
1550674 399466
1550674 37891483
1550674 12462319
1550674 37891484
1550674 33097839
1550674 37891485
1550674 13665660
1550674 18611582
1550674 37891486
1550674 37891487
1550674 15656808
1550674 26878061
1550674 18409565
1550674 37891488
1550674 33097841
7724253 4563938
7724253 4563937
7724253 4563936
7724253 13568829
7724253 722928
7724253 117354
7724253 4563927
7724253 4563929
7724253 326317
20502154 557459
20502154 1842269
20502154 9512297
20502154 13590015
20502154 308834
20502154 13275952
20502154 308812
20502154 9458837
20502154 2986433
20502154 1990605
20502154 1990616
20502154 1874646
20502154 874995
20502154 1990612
20502154 1990603
20502154 1990606
20502154 308820
20502154 9543236
20502154 1990609
20502154 6436976
20502154 1990619
39128860 399285
39128860 308725
26885728 399320
26885728 399335
26885728 451202
26885728 1550670
26885728 6301598
26885728 399316
26885728 399337
26885728 26885629
26885728 399306
26885728 399351
26885728 451261
39143987 308835
39143987 6407026
39143987 6506863
39143987 308801
39143987 308806
6262134 6506863
6262134 557459
6262134 308816
6262134 308798
6262134 308801
6262134 1603765
6262134 308803
6262134 1990591
6262134 1990621
6262134 308733
6262134 1990588
6262134 2910264
6262134 9512299
6262134 308818
6262134 308815
6262134 1990593
6262134 874993
6262134 308805
6262134 6407026
6262134 6262131
6262134 1368668
6262134 512290
6262134 1990594
6262134 6506864
6262134 931218
6262134 308820
6262134 2986433
6262134 13275952
6262134 9512294
6262134 1754593
6262134 308826
6262134 325712
6262134 308824
6262134 1990601
6262134 23297425
6262134 6373607
6262134 1990590
6262134 845278
6262134 1990603
6262134 1990609
6262134 1990614
6262134 33208632
6262134 308822
6262134 308821
6262134 874995
6262134 6407028
6262134 1990606
6262134 1990605
6262134 1874646
6262134 1990610
6262134 29827862
6262134 13746709
6262134 9512303
6262134 26990709
6262134 9692184
6262134 1316603
6262134 1990620
6262134 33169956
6262134 1990615
6262134 1990612
6262134 33166229
6262134 1990599
6262134 29088440
6262134 40553228
6262134 874996
6262134 8315400
6262134 1110519
6262134 20670774
6262134 874981
6262134 8323918
311809 311845
6124625 308797
6124625 308799
6124625 308802
6124625 308801
6124625 308807
6124625 308800
6124625 325723
6124625 8315399
6124625 8347456
6124625 8168017
6124625 8167965
6124625 308821
6124625 325709
6124625 308845
6124625 325722
6124625 308832
6124625 325715
6124625 325717
6124625 325712
6124625 325711
6124625 308838
6124625 694425
6462039 308800
6462039 308798
6462039 308806
6462039 308804
6462039 308801
6462039 308797
6462039 308803
6462039 308805
6462039 308802
6462039 308799
6462039 308817
6462039 308809
6462039 13307388
6462039 308807
6462039 308808
6462039 308816
6462039 308818
6462039 308811
6462039 308814
6462039 308849
6462039 308815
6462039 308813
6462039 308841
6462039 874999
6462039 308838
6462039 308840
6462039 308837
6462039 308839
6462039 308842
6462039 308822
6462039 308820
6462039 325720
6462039 308848
6462039 308844
6462039 308835
6462039 308834
6462039 308833
6462039 308831
6462039 308832
6462039 308829
6462039 308836
6462039 308830
6462039 308826
6462039 308825
6462039 308828
6462039 308824
6462039 308846
6462039 308845
6462039 308847
6462039 845278
6462039 9512295
6462039 8315401
6462039 8168017
6462039 9692184
6462039 308821
6462039 1990603
6462039 308823
6462039 308819
6462039 308828
6462039 308852
6294026 399352
6294026 922055
6294026 399422
6294026 399355
6294026 922067
6294026 651129
6294026 399362
6294026 399388
6294026 399354
6294026 399429
6294026 451247
6294026 8168010
6294026 651134
6294026 325716
6294026 399376
6294026 308725
6294026 399393
6294026 20435893
6294026 26884002
6294026 399375
6294026 451257
6294026 399301
6294026 399377
6294026 399378
6294026 18756605
6294026 451260
6294026 399372
6294026 651130
6294026 34732499
6294026 26869386
6294026 922045
6294026 8367185
6294026 20435918
6294026 451199
6294026 399369
6294026 20435931
6294026 651141
6294026 399361
6294026 399366
6294026 651132
6294026 451195
6294026 399363
6294026 651143
6294026 8327552
6294026 306214
6294026 399269
6294026 13543995
6294026 451217
6294026 399333
6294026 399296
6294026 399271
6294026 399298
6294026 399334
6294026 399322
6294026 399319
6294026 399310
6294026 451264
6294026 451214
6294026 399303
6294026 399304
6294026 399305
6294026 399286
6294026 451211
6294026 399279
6294026 13544040
6294026 8362117
6294026 399314
6294026 399317
6294026 399311
6294026 451216
6294026 451206
6294026 451207
6294026 399284
6294026 451210
6294026 399325
6294026 399272
6294026 451213
6294026 13596263
6294026 399268
6294026 13672361
6294026 399289
6294026 399274
6294026 399313
6294026 399293
6294026 451209
6294026 922037
6294026 399280
6294026 399282
6294026 6294023
6294026 399318
6294026 399281
6294026 6294024
6294026 399301
6294026 399332
6294026 399331
6294026 67145
6294026 399367
6294026 399327
6294026 399307
6294026 399326
6294026 451212
6294026 451231
6294026 451225
6294026 8362121
6294026 451227
6294026 399389
6294026 399406
6294026 399408
6294026 399400
6294026 399390
6294026 399404
6294026 399409
6294026 651215
6294026 399392
6294026 399397
6294026 399401
6294026 399407
6294026 6434960
6294026 399454
6294026 399386
6294026 399402
6294026 399387
6294026 399399
6294026 651182
6294026 399457
6294026 399403
6294026 651191
6294026 33103700
6294026 13543996
6294026 399416
6294026 451234
6294026 451237
6294026 8327545
6294026 26884195
6294026 8362122
6294026 399410
6294026 797032
6294026 451233
6294026 6294025
6294026 20436117
6294026 13548229
6294026 922061
6294026 399353
6294026 399419
6294026 651135
6294026 399435
6294026 399460
6294026 451239
6294026 399433
6294026 399461
6294026 651128
6294026 399436
6294026 399458
6294026 6435010
6294026 399431
6294026 399446
6294026 399424
6294026 399427
6294026 399463
6294026 399432
6294026 451242
6294026 399465
6294026 451243
6294026 399430
6294026 399441
6294026 651126
6294026 399434
6294026 399445
6294026 651196
6294026 399462
6294026 651204
6294026 651180
6294026 399381
6294026 399354
6294026 26884242
6294026 451198
6294026 651136
6294026 13694351
6294026 20437076
6294026 40705069
6294026 8327562
6294026 39143948
6294026 451200
6294026 6440464
6294026 6430518
6294026 39143950
6294026 34691903
6294026 651150
6294026 399349
6294026 922036
6294026 399295
6294026 651166
6294026 451262
6294026 399336
6294026 399297
6294026 20437819
6294026 399270
6294026 399321
6294026 651175
6294026 6301598
6294026 399275
6294026 399330
6294026 399287
6294026 399316
6294026 20441071
6294026 399290
6294026 651146
6294026 399337
6294026 6440577
6294026 13673329
6294026 399306
6294026 399300
6294026 451205
6294026 399308
6294026 399309
6294026 399324
6294026 399283
6294026 399278
6294026 399312
6294026 651211
6294026 399385
6294026 651186
6294026 651183
6294026 651189
6294026 21975749
6294026 399398
6294026 651181
6294026 651190
6294026 399453
6294026 399395
6294026 651184
6294026 399405
6294026 651185
6294026 651179
6294026 651187
6294026 40705070
6294026 399394
6294026 451192
6294026 399391
6294026 651178
6294026 12543989
6294026 651206
6294026 651218
6294026 26903500
6294026 375210
6294026 26903503
6294026 13673578
6294026 651217
6294026 651207
6294026 13694984
6294026 651219
6294026 451246
6294026 26902753
6294026 651208
6294026 13694986
6294026 40705071
6294026 26903505
6294026 26903507
6294026 6459686
6294026 34725978
6294026 13694988
6294026 13694991
6294026 651209
6294026 651210
859076 399261
859076 8362130
859076 651135
859076 8168979
859076 8368664
859076 399266
859076 306214
859076 651169
859076 6417422
859076 8362111
859076 399270
859076 451210
859076 6426477
859076 399320
859076 1651164
859076 399347
859076 451216
859076 399285
859076 1651162
859076 8327540
859076 399287
859076 451203
859076 399277
859076 651162
859076 451209
859076 651144
859076 651159
859076 399279
859076 399267
859076 399335
859076 399303
859076 399294
859076 9340480
859076 8349715
859076 1550670
859076 399312
859076 399291
859076 399324
859076 8327543
859076 651164
859076 6185586
859076 399377
859076 399309
859076 1998237
859076 399330
859076 651115
859076 451262
859076 451218
859076 451263
859076 399305
859076 451208
859076 8327542
859076 6194289
859076 399326
859076 651211
859076 451212
859076 399359
859076 651137
859076 451199
859076 451195
859076 15284836
859076 399363
859076 399357
859076 8327549
859076 8362120
859076 451250
859076 399407
859076 399406
859076 399393
859076 399399
859076 399262
859076 8327556
859076 8327554
859076 8368668
859076 8327557
859076 8368667
859076 451227
859076 8327555
859076 399403
859076 399384
859076 399382
859076 399424
859076 399459
859076 451240
859076 28622680
859076 399460
859076 399426
859076 399428
859076 1260357
859076 8327547
859076 8327548
859076 399429
859076 451261
859076 399413
859076 8327566
859076 6440591
859076 451238
859076 8327545
859076 399265
859076 399289
859076 399423
859076 651135
859076 651124
859076 8327561
859076 651125
859076 451236
859076 651116
859076 651128
859076 399371
859076 2522724
859076 20429068
859076 399376
859076 11634751
859076 399285
859076 399381
859076 399449
859076 25042637
859076 40711634
859076 399268
859076 8327565
859076 8327568
859076 26902523
859076 8327567
859076 651212
859076 6458396
859076 306222
859076 830383
859076 399467
6410480 8976053
6410480 308845
6410480 325722
6410480 325727
41045852 308825
41045852 308800
41045852 308798
41045852 308797
41045852 308802
41045852 308801
41045852 308805
41045852 308815
41045852 1990603
41045852 308814
41045852 325724
41045852 308849
41045852 308808
41045852 308817
41045852 308807
41045852 308813
41045852 2887813
41045852 6376118
41045852 308809
41045852 308839
41045852 308840
41045852 308838
41045852 308837
41045852 874999
41045852 308841
41045852 308822
41045852 325720
41045852 308820
41045852 308821
41045852 308848
41045852 308844
41045852 29954293
41045852 308830
41045852 308835
41045852 874998
41045852 308832
41045852 308829
41045852 308836
41045852 16524371
41045852 308834
41045852 308828
41045852 308826
41045852 308730
41045852 8323916
41045852 308845
41045852 308846
41045852 22466658
41045852 33086286
41045852 36557167
41045852 41045856
16692737 845278
16692737 1990589
16692737 1824004
16692737 308844
16692737 38135108
16692737 874981
41159082 308843
21949927 845278
6432480 331733
6432480 23598918
6432480 308810
6432480 331720
6432480 308845
6432480 6397010
6432480 325722
6432480 9593545
41543042 542050
41543042 41543046
41543042 331721
41543042 331717
41543042 308845
41546910 308719
41546910 845278
1879503 308848
1879503 1879505
1879503 8520514
1879503 8520514
6407025 9510605
6407025 845278
6407025 9692184
6407025 13307388
6407025 1990605
6407025 1990604
6407025 1990614
6407025 1990617
6407025 1990618
6407025 1990603
6407025 33166229
6407025 1874646
6407025 1990620
6407025 1990615
6407025 308820
6407025 308822
6407025 1990621
6407025 1990588
6407025 41647444
6407025 9608840
6407025 308806
6407025 308801
6407025 6506863
6407025 6407027
6407025 308818
6407025 308815
6407025 1935670
6407025 6407026
6407025 33166399
6407025 6506864
6407025 512290
6407025 6407028
6407025 325712
6407025 10043094
6407246 331721
6407246 308848
6407246 308845
6407246 874981
6409682 1993963
6409682 308848
6409682 308845
6409682 6395519
6409682 874981
6409682 325727
41735901 294650
41774995 2789055
41774995 1993963
41774995 331721
41774995 9024229
41774995 308848
41774995 308845
41774995 331719
41774995 874981
6400174 331715
6400174 331723
6400174 331722
6400174 331717
6400174 331718
6400174 308845
6400174 325722
6400174 694425
42036131 308843
6717151 308813
6717151 308815
6717151 308797
6717151 308829
6717151 308802
6717151 308809
6717151 308805
6717151 308800
6717151 6407026
6717151 308798
6717151 308817
6717151 308820
6717151 1990603
6717151 308822
5760496 39045300
5760496 33018917
5760496 26796929
5760496 6330943
5760496 33018937
5760496 399274
5760496 13577237
5760496 20345110
5760496 13577239
5760496 6330952
5760496 33018943
5760496 13577241
5760496 42562211
5760496 42562212
5760496 39045322
5760496 6330961
5760496 25393073
5760496 22154271
5760496 13577252
5760496 42562213
5760496 26796954
5760496 38594777
43321616 308816
43321616 308820
9703179 308807
9703179 308801
9703179 308805
9703179 308803
9703179 308816
13509808 6349872
13509808 6349863
13509808 7064978
234232 8327536
234232 8327549
234232 922055
234232 651135
234232 28622680
234232 46379882
234232 651144
234232 651150
234232 451262
234232 651162
234232 399326
234232 651164
234232 399268
234232 20429244
234232 399270
234232 922036
234232 8327538
234232 8362111
234232 651211
234232 451212
234232 1651164
234232 399267
234232 8362116
234232 399281
234232 451211
234232 9957953
234232 399320
234232 651159
234232 399305
234232 399277
234232 651115
234232 399335
234232 1550670
234232 451218
234232 451210
234232 399330
234232 399329
234232 399324
234232 1651165
234232 399312
234232 6185586
234232 451263
234232 399347
234232 451216
234232 451209
234232 651169
234232 8327540
234232 8368666
234232 8368665
234232 9340480
234232 451208
234232 15284836
234232 922054
234232 451199
234232 8168010
234232 651137
234232 451189
234232 651140
234232 8327551
234232 451195
234232 399363
234232 8327552
234232 399384
234232 399386
234232 8362130
234232 399407
234232 451227
234232 399385
234232 451254
234232 399382
234232 399399
234232 451226
234232 8368668
234232 8368667
234232 399403
234232 451231
234232 8362121
234232 651176
234232 651177
234232 399402
234232 399451
234232 8327561
234232 399424
234232 451240
234232 399428
234232 8327547
234232 399263
234232 399431
234232 399429
234232 399432
234232 8327548
234232 399464
234232 399445
234232 651204
234232 399426
234232 399459
234232 651192
234232 399413
234232 8327566
234232 399265
234232 399420
234232 399411
234232 651200
234232 451233
234232 8327545
234232 399422
234232 399410
234232 399423
234232 651135
234232 651124
234232 651125
234232 451236
234232 651128
234232 399371
234232 399376
234232 308725
234232 6416738
234232 399356
234232 399219
234232 399370
234232 8168014
234232 8367189
234232 399381
234232 44982755
234232 6458396
234232 8327567
234232 399348
234232 399303
234232 399287
234232 6417422
234232 651167
234232 651205
234232 651146
234232 8362117
234232 399276
234232 8368664
234232 651212
234232 651213
234232 8327568
234232 236242
9696377 9696369
9696377 2910264
9696377 308839
9696377 308841
9696377 308821
9696377 1094734
9696377 1990589
9696377 294650
9696377 308799
9696377 308797
9696377 308800
9696377 308802
9696377 308804
9696377 308810
9696377 29501821
9696377 308813
9696377 1990590
9696377 308849
9696377 34664057
9696377 1990595
9696377 308820
9696377 308811
9696377 308822
9696377 1754593
9696377 33166399
9696377 874999
9696377 16518568
9696377 39078310
9696377 29587785
9696377 308837
9696377 16615480
9696377 6373607
9696377 1990609
9696377 9696369
9696377 308839
9696377 6407027
9696377 23238261
9696377 308815
9696377 46385352
9696377 874983
9696377 874982
9696377 1990621
1146352 311845
6036660 308797
6036660 308799
6036660 308802
6036660 308801
6036660 308803
6036660 308800
6036660 308807
6036660 308805
6036660 13307388
6036660 308809
6036660 308849
6036660 9692184
6036660 325723
6036660 308817
6036660 1990603
6036660 325724
6036660 308815
6036660 308814
6036660 308813
6036660 308850
6036660 308818
6036660 6887251
6036660 1990594
6036660 308812
6036660 308826
6036660 308841
6036660 308838
6036660 325712
6036660 308842
6036660 15501883
6036660 1873192
6036660 308837
6036660 308840
6036660 308827
6036660 308831
6036660 874998
6036660 308835
6036660 308830
6036660 308836
6036660 26838179
6036660 308829
6036660 308832
6036660 308834
6036660 8315397
6036660 8315395
6036660 9702498
6036660 308822
6036660 308821
6036660 308844
6036660 308846
6036660 308845
6036660 325722
6036660 308848
6036660 1990590
6036660 8168017
6036660 325725
6036660 308820
6036660 15501884
6036660 13590507
6036660 23132412
6036660 308810
6036660 13658881
6036660 8168006
6036660 23214103
6036660 26838208
6036660 44946050
6036660 874981
6308449 399261
6308449 8368668
6308449 651135
6308449 651126
6308449 922038
6308449 451248
6308449 651134
6308449 10066638
6308449 399390
6308449 26884002
6308449 399375
6308449 451259
6308449 23696216
6308449 20440470
6308449 399372
6308449 399357
6308449 451196
6308449 46638282
6308449 13677346
6308449 399360
6308449 21975748
6308449 399358
6308449 8362117
6308449 399295
6308449 399270
6308449 651175
6308449 399272
6308449 399268
6308449 451219
6308449 399337
6308449 399279
6308449 451206
6308449 44890886
6308449 399274
6308449 451204
6308449 399283
6308449 13564146
6308449 451207
6308449 399278
6308449 306214
6308449 399320
6308449 399275
6308449 399289
6308449 20441071
6308449 399335
6308449 399290
6308449 399282
6308449 922067
6308449 13573325
6308449 399303
6308449 13673329
6308449 399306
6308449 399301
6308449 922036
6308449 399313
6308449 399321
6308449 451213
6308449 399294
6308449 451215
6308449 399339
6308449 44991876
6308449 13544040
6308449 399324
6308449 399327
6308449 5762214
6308449 399304
6308449 399326
6308449 399338
6308449 399325
6308449 399312
6308449 451220
6308449 451208
6308449 399330
6308449 399282
6308449 451202
6308449 451225
6308449 922055
6308449 33103700
6308449 399408
6308449 399400
6308449 451228
6308449 399452
6308449 399356
6308449 399396
6308449 399401
6308449 399395
6308449 399405
6308449 6434960
6308449 399455
6308449 399394
6308449 399457
6308449 399410
6308449 451237
6308449 399413
6308449 399421
6308449 399416
6308449 451233
6308449 399420
6308449 399353
6308449 6308855
6308449 651135
6308449 8327545
6308449 399415
6308449 399423
6308449 20437325
6308449 399435
6308449 13664827
6308449 399355
6308449 399436
6308449 399458
6308449 451245
6308449 6435010
6308449 399446
6308449 6440299
6308449 451269
6308449 451270
6308449 399425
6308449 399460
6308449 399465
6308449 13677444
6308449 399434
6308449 399381
6308449 399390
6308449 6824231
6308449 399373
6308449 399374
6308449 451286
6308449 8168010
6308449 451287
6308449 451249
6308449 399376
6308449 308725
6308449 451253
6308449 451192
6308449 18756605
6308449 399398
6308449 399386
6308449 399338
6308449 39125321
6308449 451260
6308449 2269591
6308449 6459727
6308449 6459734
6308449 13678552
6308449 45003629
6308449 26903568
6308449 399365
6308449 20457142
6308449 651132
6308449 451271
6308449 45003633
6308449 399432
6308449 33122126
6308449 13674197
6308449 451244
6308449 33122128
6308449 451280
6308449 451283
1707703 308807
1707703 308801
1707703 308797
1707703 308799
1707703 308802
1707703 325723
1707703 8167964
1707703 325724
1707703 308814
1707703 1016154
1707703 308800
1707703 8168017
1707703 349628
1707703 308809
1707703 922032
1707703 922036
1707703 451202
1707703 8347456
1707703 6415548
1707703 8315398
1707703 1093368
1707703 8168004
1707703 308832
1707703 325715
1707703 325718
1707703 8168009
1707703 325717
1707703 325712
1707703 308839
1707703 325711
1707703 8168012
1707703 308845
1707703 8168015
1707703 325722
46719550 308843
46847807 845278
6440570 399352
6440570 8327555
6440570 399422
6440570 399445
6440570 375188
6440570 1550670
6440570 399304
6440570 651175
6440570 399320
6440570 399272
6440570 6440578
6440570 399282
6440570 399274
6440570 451207
6440570 6440566
6440570 8349715
6440570 399280
6440570 399324
6440570 451263
6440570 399283
6440570 651144
6440570 399325
6440570 399308
6440570 451210
6440570 399314
6440570 399337
6440570 451211
6440570 13673329
6440570 922036
6440570 399267
6440570 451220
6440570 399321
6440570 8362116
6440570 451223
6440570 451216
6440570 399295
6440570 399330
6440570 451203
6440570 6301598
6440570 399289
6440570 922037
6440570 399329
6440570 20441071
6440570 5762214
6440570 451219
6440570 13677694
6440570 8362113
6440570 451224
6440570 922041
6440570 8368670
6440570 451254
6440570 399359
6440570 44992665
6440570 46880076
6440570 44992668
6440570 46880077
6440570 6441149
6440570 399364
6440570 451196
6440570 20437076
6440570 399266
6440570 13677346
6440570 399360
6440570 451200
6440570 21975748
6440570 651142
6440570 451195
6440570 399363
6440570 451225
6440570 399385
6440570 922055
6440570 451227
6440570 21975749
6440570 8327556
6440570 399452
6440570 399453
6440570 399396
6440570 399397
6440570 399401
6440570 399395
6440570 399405
6440570 6434960
6440570 399386
6440570 399399
6440570 399455
6440570 399394
6440570 399391
6440570 399456
6440570 399403
6440570 399411
6440570 399265
6440570 451234
6440570 922061
6440570 451236
6440570 399413
6440570 8327546
6440570 6440591
6440570 399412
6440570 451238
6440570 20437325
6440570 399437
6440570 12543989
6440570 399429
6440570 399435
6440570 399355
6440570 399446
6440570 451240
6440570 451242
6440570 399424
6440570 399427
6440570 399425
6440570 399263
6440570 399432
6440570 399464
6440570 399460
6440570 399465
6440570 451244
6440570 399434
6440570 451246
6440570 399421
6440570 325716
6440570 18470039
6440570 308725
6440570 451253
6440570 8367194
6440570 13695086
6440570 451191
6440570 15284836
6440570 6459841
6440570 451199
6440570 33122180
6440570 33122182
6440570 399357
6440570 45003696
6440570 46880078
6440570 39144534
6440570 45003698
6440570 399358
6440570 694272
6440570 16158470
6440570 399326
6440570 399327
6440570 451213
6440570 399284
6440570 399293
6440570 399278
6440570 651211
6407257 331721
6407257 308820
6407257 308839
6407257 308827
6407257 308848
6407257 308844
6407257 308845
6407257 874981
46953988 1094900
46953988 845278
6406354 331717
6406354 331718
6406354 308845
6406354 325722
6406354 350124
6426899 37858776
6426899 8674090
6426899 6398929
6426899 8674092
10455716 125058
13648944 47012808
13648944 25906038
13649399 308800
13649399 308802
13649399 308797
13649399 308827
13649399 308718
13649399 308848
13649399 308844
13649399 1832791
13649399 308846
13649399 9512299
13649399 8323916
13649399 308805
13649399 308804
13649399 308801
13649399 308813
13649399 23323973
13649399 1990598
13649399 1990594
13649399 308807
13649399 308815
13649399 308849
13649399 23132412
13649399 308809
13649399 308814
13649399 2887813
13649399 308826
13649399 308825
13649399 308838
13649399 308840
13649399 308837
13649399 9542222
13649399 325712
13649399 308820
13649399 308822
13649399 308823
13649399 1990604
13649399 874981
6473789 45016554
6473789 33135077
6473789 1064540
6473789 8910402
6473789 6516207
6473789 13749103
6473789 47107730
6473789 13749114
6473789 1064546
6473789 33174644
6473789 6516250
6473789 26956402
6473789 6516281
6473789 8910415
6473789 33174672
6473789 1064552
6473789 20510566
6473789 8910407
6473789 33174686
6473789 47107731
6473789 26956469
6473789 1064559
6473789 1064560
6419673 331721
6419673 331722
6419673 331723
6419673 35810655
6419673 13644754
6419673 331717
6419673 331718
6419673 308845
6419673 331719
6419673 325722
13654858 331715
13654858 331722
13654858 1777225
13654858 331717
13654858 308845
13654858 325722
13654858 694425
29667718 752583
46360151 557459
46360151 308843
33576318 308816
33576318 325724
33576318 308814
47497418 308810
40628714 308719
47498142 308806
47499816 308843
47322366 308816
47562051 308843
47564148 845278
47564272 845278
47564643 325724
47564643 308797
47564727 845278
47567939 308843
47639189 308719
47639189 845278
5694883 39044446
5694883 13576293
5694883 13576295
5694883 6330051
5694883 33018122
5694883 16815300
5694883 39044454
5694883 39044456
2712367 20343633
2712367 39043990
2712367 20343635
2712367 6330969
2712367 44906627
2712367 18512999
2712367 13575632
2712367 44906637
2712367 44906639
2712367 44653118
2712367 20345181
2712367 44906646
2712367 39044005
2712367 26795651
2712367 47508595
2712367 6327688
2712367 8748514
2712367 6329405
2712367 13575658
2712367 1021315
2712367 8748526
2712367 6329415
2712367 13575663
2712367 101826
2712367 43352299
2712367 38155502
2712367 26795665
50610263 6349866
50610263 6349862
50610263 6349872
50610263 6888247
50610263 6349857
50674911 20437819
50674911 399287
50674914 8327567
50674914 26885744
50674914 651173
50674914 651170
50674914 17862854
50674914 13674069
50674914 399291
50674914 651171
50674914 399309
50674914 44989484
50674914 2522724
50674914 451261
50674914 399377
50674914 399375
8775169 51016854
51378391 3803816
