5645 5732
44828 59427
59533 59578
65857 65889
66404 66442
72742 80513
86988 87030
69803 88724
92198 92212
108112 108136
117981 118014
119288 119310
121172 121200
121172 121201
127225 127250
130136 130164
131339 131360
145816 145832
149030 149044
153172 153195
154137 154160
166373 166392
168923 168940
171273 171288
172074 172095
175980 176004
179563 179583
179806 179825
182406 182419
186949 186967
194517 194533
195179 195219
197122 197138
205769 205787
184768 207613
208344 208360
208743 208759
212237 212260
212237 212261
222773 222790
228247 228271
232737 232772
252568 252598
252568 252599
254556 254577
278882 278896
283953 283991
285630 285661
286217 286249
293955 293982
298518 298552
300971 301011
307857 307887
310983 311011
318809 318827
321677 321699
325263 325288
334263 334278
338179 338206
354188 354217
354611 354634
355181 355211
355229 355248
238346 356723
357275 357308
358391 358415
359018 359053
360499 360519
361705 361732
361745 361767
362513 362530
142812 362731
363953 363969
366378 366404
366607 366631
367788 367809
367788 367810
378990 379016
383649 383671
384445 384468
395751 395776
396916 396933
299092 397484
403999 404016
406004 406015
419068 419083
421073 421094
422427 422449
422680 422701
425289 425310
405819 425427
434736 434755
437856 437874
442342 442366
445372 445387
446211 446240
447758 447780
450874 450898
451364 451392
316721 462861
476649 476668
336192 481069
489942 489956
492081 492117
497498 497508
500935 500954
501441 501457
504788 504802
505077 505089
510937 510949
516957 516983
545221 545236
546635 546637
547146 547158
548093 548110
548093 548111
550620 550634
552013 552023
553389 553406
553804 553829
555345 555364
563284 563303
570843 570857
571708 571725
266690 575023
266690 575024
575299 575313
575923 575932
579588 579608
580498 580522
582553 582572
582700 582718
599056 599080
599056 599081
600634 600653
16731 617264
627009 627015
635547 635565
639739 639755
656847 656865
656847 656866
657163 657182
663432 663463
664062 176739
664757 664776
591511 664927
667779 667793
675872 675884
316613 686788
710113 710127
718297 718308
780725 54128
792565 792580
805972 805984
808621 808634
813701 813732
733493 815502
833987 834004
842094 842108
857109 857118
862990 863003
895897 895913
926691 926711
932792 708538
940972 940978
943524 943536
327290 944894
945354 945370
965017 965041
362140 965994
970039 970060
994337 994341
1052394 1052406
1056132 1056144
1056470 1056479
1063098 1063117
1104275 1104283
1116470 1116479
1119859 1119868
1136236 1136253
1136236 1136254
1142058 1142066
1151861 1151879
1154018 1154030
1154906 1154927
228277 1160667
156333 1166809
1169808 1169823
1181870 1181885
1185335 1185358
1111642 1189900
1260535 1260546
1309393 1309415
224212 1325925
604787 1333442
1353913 1353931
782418 1354062
1365021 1365034
625469 1401991
1419858 1419870
1426810 1426818
1440982 1440990
1249407 1229224
1447218 1447227
1459271 1459279
1490720 1490733
1539167 1539174
1548401 1548413
1057041 1446819
1725398 1725405
1727926 1727934
614527 1737890
1743078 1743088
617746 1746157
1749878 1749885
1763526 1763540
1773410 1773415
1773553 1773554
1774691 1774698
1775186 1775193
1782015 1782020
1787613 1787630
1768920 1788510
1808042 1808059
1810409 1810420
1819380 1819386
67074 1841734
1845724 1845736
1860481 1860484
1860530 1860535
1468034 1867472
1875038 1875044
1876037 1876039
481170 1889979
1909701 1909715
1922880 1922891
1927168 1927175
1932225 1932230
253786 1942934
1943376 1943382
1948621 1948627
1953361 1953370
1966318 812981
1978337 1978339
1978567 1978568
1983224 1983233
1984086 1984091
1999483 1999486
2002306 2002307
2006162 2006170
2008075 2008086
2013135 2013138
268194 2065123
2067228 2067235
2069045 2069052
2071101 2071113
2096728 2096739
783197 2118215
2031128 2126886
2161123 2161124
2161526 2161528
2161531 2161533
2162944 2162945
2162988 2162989
2163040 2163044
2163436 2163437
2174722 2174724
2174849 2174852
2174861 2174867
2175139 2175143
2298983 2298996
2311089 2311095
2380973 2380983
2382551 2382559
2423208 2423216
2435726 2435740
2443909 2443916
2464716 2464717
2474978 2474979
2492050 2492055
2505961 2505969
546639 2570430
1222886 2634905
2651923 2651932
2652889 2652896
2654391 2654396
2655569 1176335
2652946 2656695
2658023 2658028
2666390 2666404
2677782 2677787
1792449 2692388
2714862 2350525
2719044 342596
2725849 2725850
2753446 2753449
2754761 2754762
2757391 2757392
2786186 2786187
2788125 2788126
2802474 2802475
2802485 2802488
2806257 2806263
2817556 2817560
2828394 2828397
2832144 2832145
2848531 2848540
2921142 2921145
2939003 2939008
450887 2941006
2968978 2968984
3028519 3028524
3061331 3061339
3064463 2545319
3091061 3091069
3130249 3130257
3170925 3170931
3191905 3191915
3284211 3284212
3284215 3284216
3284259 1414409
3284351 3284353
3284407 3284408
3284412 3284413
3284744 1954652
3284771 3284772
3285294 584721
3285398 3285405
3285931 3285932
3286891 3286892
3299433 3299434
3396016 1230196
3424022 3424038
3424052 3424057
3449826 3449827
3449896 3449897
3449905 3449906
3449912 3449913
3449918 3449919
3449921 3449922
3449930 3449931
3449933 3449934
3449936 3449937
3449940 3449941
3449942 3449943
3449944 3449945
3449986 3449987
3449997 3449998
3450067 3216963
3450069 3450070
3450074 3450075
3450144 3450145
3450168 3450169
3450180 1944343
3450191 3450192
3450271 3450272
3450275 3450276
3450277 1128784
3450279 3450280
3450363 3450364
3450731 3450732
3450733 3450734
3450740 3450741
3451020 3451021
3451041 3451042
3451094 3451095
3451110 3451111
3451235 3451236
3451238 3451239
3451318 3232162
3451327 3451328
3451357 3451358
3451364 3451365
3451439 3451440
3451463 3451464
3451467 3451468
3451516 3451517
3451518 3451519
3451520 3451521
3451633 3451634
3451636 3451637
3451803 1123255
3451855 1495944
3451921 3451922
3451937 3451939
3451947 3451948
3451955 3451956
3451965 1856429
3451966 3451967
3451968 3451969
3451988 3451989
3452015 3452016
3452017 3452018
3452051 3452052
3452079 3452080
3452106 3452107
3452152 3452153
3452157 3452158
3452159 3452160
3452174 649606
3452205 3452206
3452219 3452220
3452221 3452222
3452226 3452227
3452228 3452229
3452234 3452235
3452237 3452240
3452241 3452242
3452248 3452249
3452334 3452335
3452423 3452424
3452425 3452426
3452450 3452451
3452452 3452453
3452454 3452455
3452458 3452459
3452468 3452469
3452478 3452479
3452491 3452492
3452493 3452494
3452495 3246062
3452504 3452505
3452506 3452507
3452516 3452517
3452526 3452527
3452549 3452550
3452555 393395
3452605 3452606
3452607 3452608
3452609 3452610
3452648 3452649
3452654 3452655
3452693 3452694
3452744 3452745
3452747 792496
3452748 3452749
3452753 3452754
3452759 3452760
3452784 3452785
3452792 3452793
3452799 3452800
3452829 3452830
3452831 3452832
3452892 3452893
3453338 3453339
3453384 3453385
3453390 3453391
3453392 3453393
3453399 3453400
3453440 3453441
3453452 3453453
3453456 3453457
3453470 3453471
3453504 3453505
3453573 3453574
3453575 3453576
3453579 3214816
3453627 3453628
3453631 603536
3453727 3453728
3453739 3453740
3453743 3453744
3452338 3453752
3453812 3453813
3453913 3453914
3454002 3454003
3454081 3454083
3454154 3454155
3454202 3454203
3454205 3454206
3454225 3454226
3454233 3454234
3454253 3454254
3454264 3454265
3454270 3454271
3454295 3454296
3454300 3454301
3454302 3454303
3454336 3454337
3454344 3209672
3454361 3454364
3454388 3454389
3454503 3454504
3454506 3454507
3454508 3454509
3454562 3454563
3454567 3454571
3454588 3454589
3454590 1638607
3454605 3454606
3454619 3454620
3454673 3454674
3454675 3454676
3454682 3454683
3454711 3454712
3454732 3454733
3454849 3454851
3454861 2774052
3454874 3454875
3454876 3454877
3454899 3454900
3454918 3454919
3454923 3454924
3454925 3454926
3455005 3455006
3455012 3455013
3455014 3455015
3455023 3455024
3455025 3455026
3455031 3455032
3455033 3455034
3455040 3455041
3455042 3455043
3455044 3455045
3455048 3455049
3455052 3455053
3455055 1893859
3455064 3455065
3455066 3455067
3455086 3455087
3455088 3455089
3455109 3455110
3455111 3455112
3455149 3455151
3455156 3455157
1298544 3456315
1037945 3460755
3465924 3465934
3520385 3520386
3540960 3540967
3669120 3669121
3671794 3671807
3784379 3784385
1743284 3810805
942879 3822756
3896146 3896159
3896146 3896160
4025074 4025082
4070368 4070376
4108233 4108234
4108249 2068177
4108354 4108355
4108375 4108376
4108395 4108396
4108401 4108402
4108440 3605391
4108468 4108469
4108475 4108476
4108535 4108536
4108601 4108602
4108648 3870022
4108702 4108703
4108704 4108705
4108767 4108768
4115544 4115555
4117731 1024149
4132637 4132638
4157443 4157451
4175605 4175606
582271 4231312
4274307 2764173
4282867 3796882
4319806 814753
4606865 4606882
4696999 4697007
4729957 3799671
4745547 4745548
4810950 4810951
4810968 4810969
4811208 4811209
4811580 2989058
4811649 4811650
4812017 4812018
4812913 4812914
4812949 4812950
4813715 256383
4814580 4814581
4815009 4815010
4815033 4815034
4848001 4848015
4870684 3802890
5077799 5077800
5122722 5122723
5122727 5122728
5191139 5191140
5191156 1143913
5191157 5191158
5191179 5191180
5191185 704227
5191193 5191194
5191195 5191196
5191197 2267286
5191198 5191199
5191209 5191210
5191278 5191279
5191280 5191281
5191291 5191292
5191295 5191296
5191313 5191314
5191315 5191316
5191317 5191318
5191320 5191321
5191334 5191336
5191351 5191352
5191357 5191358
5191367 5191368
5191381 5191382
5191400 752011
5191408 5191409
5191421 5191422
5191432 5191433
5191443 5191444
5191445 4342838
5192698 5192702
5202117 5202118
5202120 5202121
5202235 5202236
5202239 5202240
5202340 5202341
5202376 5202377
5202382 5202383
5202464 5202465
5206727 5206729
5602898 3661654
5848019 5848020
5971144 5971146
6364676 1186463
6364889 5760830
6404794 6404795
6404807 6404808
6404827 6404828
6433601 2438759
6433611 6433612
6780406 6780415
6917176 6917177
6928170 6928171
7009407 7009408
7023958 7023959
7106965 3291325
7106975 7106976
7293011 7293013
7324932 7324933
7472926 7472928
7617795 7617796
7644459 7644462
7723795 5143542
7778653 7778655
7794567 7794568
7954387 7954388
7955137 7955138
1920977 7967961
7974657 7974658
438289 8114911
2484924 8162632
252362 5265005
2058858 8188757
683784 8189032
751834 8189282
751834 8189283
8197657 8197684
1117551 8200572
8202686 2764829
766623 8202770
8206466 8206478
8206747 8206758
151579 8207305
369320 8228615
7025654 8244955
8248536 8248553
1006172 8249465
1989117 8252851
1974743 8256052
7646036 8256260
7646036 8256261
6336396 3210764
8265354 8265370
8266901 8266915
8268062 8268079
8272605 8272614
8274563 8274577
1089313 8277809
1089313 65149
8286532 3800893
1779639 8292461
874440 8312511
315009 8323851
650987 8328499
8177468 2020953
497483 8333005
7793393 8337576
312181 8340986
2462898 8358956
1462769 6397592
8375138 8375161
8252241 8375640
1764145 8376112
8376288 8376298
614523 8378626
8158753 8379795
8380339 8380349
8381315 8381331
8381917 5417160
8383704 5743444
8385212 622010
270023 8386481
8386916 8386928
8386916 8386929
484375 2738691
2572456 8399224
2792090 8399823
652233 8399841
918993 7570156
200087 8401243
8402760 5375856
8403090 6446975
306143 5324115
8405210 8405225
8405456 8405469
8407943 8407955
8408788 8408799
8410048 3844420
928684 4724652
928684 8410742
8412393 3797522
2109687 8418870
8423306 2434876
1467249 8425511
1021579 8429413
1093952 8432180
481045 8435337
8436341 8436358
1065060 8436473
1060315 8436785
911304 8438045
1692546 8438338
4268894 8440252
4268894 8440253
8445830 8445843
8450679 919002
8464963 8464973
8466368 8466380
8468963 8468974
2886656 8473452
8474049 8474062
8477635 8477640
584473 8479796
8483452 405018
548486 8490777
8493185 5411186
4321492 8496599
1726642 8515016
8518518 8518537
8519132 8519139
8228544 8519722
8520608 8354102
8522191 8522203
8522273 8522284
7686984 8523268
8524468 8524482
8524890 8524909
8114872 8531611
8532825 8532836
8534450 8534464
8537216 5300229
8537318 8537326
8538089 8538098
254358 8538372
2438217 8540406
8226529 8544842
1764948 8547855
1764948 8547856
8551402 2775713
8558781 8558808
813629 8573274
586601 8579533
252378 8580308
8589085 8589098
8591938 8591944
4797723 8592388
8593150 8593155
8597952 8597965
50394 8607615
8612079 8612086
8613068 369656
1494946 789309
8635498 8635506
8638224 8638236
1919430 8643867
6336395 8650512
8698125 8698138
8698680 8698702
8701252 8701266
786935 8704863
8705863 8705876
8714203 8714220
8689779 8716162
1814909 8717267
92145 8719674
8726400 1851199
1228865 8726965
8745366 8745380
8779084 8779090
8781064 1078471
222348 8807562
2410623 3466624
988594 8816879
8824825 8824833
7814032 8825685
8837280 8837288
289566 8840734
8856315 8856323
8860492 8860500
8863967 8863979
1668131 8879594
266691 8886981
66447 8905625
8913795 8913801
8921033 8921034
8921709 8921720
1119861 8958608
1119861 8958609
8961919 8961920
8961931 5883092
8964145 8964151
8995130 8995141
8995130 8995142
9024298 9024308
1177567 9041892
326819 9071012
9079053 1808105
9081014 9081024
8397061 5904466
897977 9090337
9118948 2150025
3445683 9122802
9139186 9139193
1273719 9149192
757229 5429145
9182450 9055535
9205396 1073337
9160401 833643
9206556 9206566
1057278 3825869
247768 9227045
2635064 9233611
9311563 3796953
377527 9320779
3205713 9355289
9366529 9366533
8058599 9370669
9395921 9395930
1533883 9432751
472436 3263862
9460447 9460451
9475568 2603381
9476798 9476803
9478004 9478010
9496790 5903464
9505333 5373182
9508072 9508079
9517486 9517498
2337552 9526688
9542943 9542952
302103 7408604
9569008 9569010
9584181 3800417
1886792 9584574
9591059 9591066
1464534 9596316
9604134 9604138
8430351 9639006
2744737 5401637
9640156 9640164
9644720 9644725
9645781 5895555
9680217 9680226
9681757 9681761
9683277 9683282
9698180 3799922
9700275 9700287
9718744 9718748
9723989 9723997
9743455 9743462
2928590 4342710
2102968 3226173
9749057 9749061
9778924 9778933
9785150 9785167
9790509 5296162
9796982 9796986
9832182 7437153
9832196 47337
9832325 2223122
9832766 9832767
9833077 9833078
9842591 9842594
9854110 9854114
9944746 9944747
9951778 9951780
9962751 9962754
10018411 10018415
1008807 7585682
10055409 10055416
10085353 10085358
10085929 10085938
10093837 5304093
10093964 10093971
10094062 10094066
10109344 7770540
10114342 10114344
10114358 5371188
10157934 6394703
10164003 10164006
10165085 9184695
10186646 10186653
10187971 10187975
10202324 10202329
10232232 76550
1807861 10234614
10241523 10241524
10243656 6834878
10243656 10243663
10244145 1621644
10248415 10248419
10255960 10255965
10257505 6461967
10267445 10267448
10279131 10279136
10280101 10280110
10300020 2788359
10312565 9286707
10317466 3925862
10318693 6330505
10321290 10321294
10327631 10327633
10331856 5891400
10342446 6375925
10353501 10353508
10366522 10284632
10369625 10369630
10384286 10384287
10386235 5329408
3450588 10388919
2537260 3718900
10399350 10399351
10400195 10400196
10407686 10407688
10425206 10425207
5987895 10457044
6848687 2893586
10499372 10499377
2305190 10066389
10526979 10526985
10542727 10542731
10588838 10588843
10615352 2730921
10618850 9276283
10661886 10661887
10670440 10670445
10100861 10685897
9854848 10695990
10803325 5901908
10804896 5879157
10805198 10740548
10805248 10211740
10805343 10805344
10805466 10805467
10805475 10805476
10805600 10805601
7090112 10027219
10806144 10806145
10806566 10806567
10807884 10807885
10808595 10808596
1057742 10922808
10953296 1472111
10953297 10953298
10953306 10953307
10953325 10953326
10953339 3539427
10953340 10953341
10953346 10953347
10953363 10953364
10953368 5378114
10953383 10953384
3451992 10953385
10953407 10953408
10953409 10953410
10953420 5667254
2744036 10953426
10953463 10953464
10953516 10767626
10953539 10953540
10953554 10953558
10953586 10953587
10953590 10953591
10953592 10953593
10953594 10953595
10953596 3232736
10953598 10953599
10953600 10953601
10954055 10954056
10954097 10954098
10954168 7770800
10954198 10954199
10954219 10954224
10954231 10954232
10954317 4313552
10954419 5896763
10954420 3238113
10954426 5260543
10954464 5877803
10954466 10954467
10954523 10954524
10954552 10954553
10954559 10954560
4812841 10954564
3452838 10954566
10954567 10954568
10954591 4990563
10954596 2545781
10954633 10954635
10954681 10954682
10954702 10954703
10954708 877190
10954899 1196889
10954940 5886671
10954949 10954950
10954951 10741610
10954952 10954953
10954962 3202062
10955003 10955004
10955008 10955009
10955011 10955012
10955059 10955060
10955079 2262943
10955136 1458085
10955149 10955150
10955155 10955157
10955178 10778226
10955191 10955192
10955204 10955205
10955215 5897542
10955216 1633727
10955225 10955226
10955231 10955232
10955237 5378691
10955238 10955239
10955251 10955252
10955253 10955254
10955257 10955258
10955268 2338589
10955269 5274893
10955279 10747000
10955290 10955291
10955450 10955451
10955454 10955455
10955468 10738725
10955515 5892739
10955550 10955551
10955571 10955572
10955574 10955575
10955608 10955609
10955613 10244374
10955615 10955616
10955625 198745
10955629 349608
10955652 10955653
10955655 5895102
10955657 10955658
10955712 10736258
10955734 10955735
10955737 10955738
10955760 10955761
10955766 10955767
10955804 6361018
10956208 3405447
10956210 3208510
10956214 5880086
10956239 10743785
10956250 10956254
10956258 3249021
10956259 10956261
10956262 10956263
3451483 10956264
10956312 10956313
10956314 5888721
10956339 10956340
10956351 10956352
10956380 5050311
10956381 10956382
10956393 5889323
10956449 5146009
10956468 10956469
10956544 10956545
10956632 10086594
7090087 5885580
10956805 10956806
10956827 10956828
10956878 2474687
10956899 10956900
10956901 10956902
10956903 10956904
10956905 10956906
10956907 10956911
10956918 10956919
10956968 10956969
10956970 5303325
10955082 10956977
10956978 10956979
10956992 10956994
10957026 10957027
10957029 5394246
10957044 10957045
10957056 10913813
10957115 10957116
10957132 4759742
2929050 3221680
10957154 10957155
10957162 10957163
10957188 10957189
10957190 10957191
10957216 10957217
10957218 10957219
10957221 10957222
10957223 10957224
10957242 3252334
10957311 10957312
10957316 3710591
10957322 9425204
10957359 10957360
10957361 10957362
10957374 5377608
10957377 2369097
10957434 10957435
10957443 10957444
10957520 10957521
10957529 5884220
10957533 10957534
10957535 6088893
10957538 10957543
10957549 10957550
10957563 6381875
10957597 3613210
10957626 10957627
10957628 10957629
10957630 10957631
10957634 10957635
10957714 5891203
10957718 10957719
10957723 10957724
10957745 5377293
10957746 10957747
10957748 10957749
10957751 10957752
10957757 10957758
10957773 10957776
10957795 4117573
10957797 10957798
10957831 10766404
10957832 3567355
10957834 5399048
10957854 5057323
10957859 5903888
10957862 10957863
10957865 4919244
10957866 10957867
10957868 10957869
2753442 10957883
10957917 10957918
10957937 10957938
10957939 5165871
10959057 10959063
10986652 10986660
10995636 10995640
11005499 11005506
7090106 10101547
11033520 11033523
228308 11057687
228307 11057721
838268 11164427
11254985 11254989
11255004 11255014
11260815 6358394
8347718 11261287
11265638 11265643
11265638 11265644
821399 11366432
11484274 11484283
4737506 3798733
11527356 1082087
11536854 11536863
11550583 11550594
11555924 11555925
11555950 11555951
11555964 11555965
11556056 11556057
11556113 11556114
11556119 11556120
11556124 11556125
11556181 226182
11556234 11556235
11556237 11556238
11556286 11556287
11556373 11556374
11556384 11556385
3450352 2393073
11571745 1675176
11578357 11578358
1050092 11587849
501914 11600815
11610670 10330569
11612875 11612878
11627774 3800765
11666923 11666930
11671904 11671909
11966570 11966574
12109439 10757056
12114866 3796840
6404905 1472902
12179235 3215368
12196041 5900237
12196044 12196045
12196198 4342956
12196504 896178
12196986 12196987
12197057 8436651
12197376 10179173
12197724 11266933
12197922 12197923
12197957 4340367
12198216 5905002
12198298 12198299
12198363 945953
12198399 12198400
12199758 12199759
12200013 756547
12200033 12200034
12200058 771311
12200148 12200149
12200235 5444203
12200293 12200294
12200296 12200297
12216687 12216688
12216719 12216720
4466729 12220486
12233705 12233708
12432765 3238482
12460748 10403228
12475300 12475301
12536448 12536449
12536465 12536466
12536502 12536503
12536510 12536511
12536512 12536513
12536514 5136459
12536515 2486058
12536519 12536520
12536521 12536522
12536526 11744879
12536527 11264365
12536528 12536529
12536530 12536531
12536532 5906322
12536533 12536534
12536537 255943
12536557 12536558
12536560 12408279
12536561 39267
12536585 12349255
12536590 12536591
12536623 2896925
12536628 12536629
12536630 12536631
12536632 12536633
12536637 12536638
3453630 5331550
12536640 12536641
12536645 2425187
12536646 12536647
12536648 12536649
12536650 12536651
12536664 12536665
12536672 12536673
12546225 12546226
12546227 5415139
12546234 12546235
12546243 6750626
12546294 9984027
12546330 12546331
12552922 12552927
12897225 12897230
13136345 12680095
13161805 13161809
13542686 1500324
13607572 300258
13607574 13607575
13645076 13645077
13645164 8159908
13645166 13187570
13671099 13187777
13671102 13671103
13762045 6198839
13762051 13762052
13762057 9247062
13951588 13951589
13951774 5400764
13995131 13995132
14029580 11268272
14121068 3567877
14292302 14292303
14292305 8627482
14292306 11266347
14292323 5897167
14352811 1266054
825012 14498300
15077374 1924034
15101989 15101990
15103550 2871107
15179314 15179316
876228 15257353
645020 338138
417405 13966527
8228559 12992267
1580551 15280698
8965773 15280878
568356 15283183
254035 4151697
911301 10736112
922106 15286391
1752853 15286577
158205 15301290
417435 12665583
1060319 15305766
15306158 15306188
15306158 6751267
15312138 15312157
223178 15314916
359060 3799453
359060 8733283
2946379 15316249
15317535 13780837
955211 1464886
15323927 11469257
15326037 5847164
15327304 15327316
15331197 9668235
277149 15332826
416810 844466
15341395 15341407
469245 15344615
15355921 15355931
426201 15363821
8384092 15366699
8384092 15366700
117992 15375333
9545881 2020773
9545881 15376631
336608 2222785
336608 12355308
15381386 15381398
277151 8843258
731650 15393735
8323530 15394759
963910 15406949
1048434 15422644
15424735 15424740
80569 15427131
1692547 15427493
1856685 15431163
92147 15435654
15439603 15439619
614525 15440778
711362 15443489
15447621 3797848
507172 15449057
15450175 15450187
2995577 15453320
15454252 3082035
15455233 15455245
2747161 2259666
1228878 15459538
10054396 15462843
2046775 14580714
7196230 15472932
584144 9111239
8908231 8296407
8770860 10760568
8770860 15474530
5040279 746542
15476228 15476238
195197 5440724
2496044 10322896
336220 15477489
9012615 5669649
2101502 15478334
15478368 2267815
4128084 812997
15480951 9055580
190980 7427462
15490178 717624
378563 9226405
15497118 15497130
1803866 15497799
8770871 15504609
8770871 15504610
15517430 8947170
15517785 2622165
15517877 15517890
7012052 775350
8631001 2461628
8631001 15519585
15470905 6838652
1078232 15521492
15521768 15521799
911548 14043985
934247 15529967
698282 15530333
2597400 8287496
266681 2196531
8635163 15533392
13141034 15533570
600369 15535462
2140283 15535780
13111516 1095107
617983 2765126
10949313 9983280
10719410 261302
7106553 15551092
8734246 15556616
15561180 15561200
200624 704068
8216343 1505327
765532 15572680
1237858 11019098
5620061 9054853
1248178 15578631
570368 1667380
2190109 15585198
312183 15585642
1896360 1230193
15591261 5375605
1160691 10352074
233320 15613324
15616315 15616326
15616373 15616386
15620411 3796116
8158747 11266013
15622248 8648530
15624755 5376598
15627969 15627981
1081985 15629329
15629726 15629737
15629726 15629738
1060321 15630198
488629 6751232
15632938 5171292
2463550 9675710
15635425 7423304
5839234 3747416
1107852 15638368
2305128 15645836
15650941 3801546
15303928 15664637
15665845 559873
15668492 10137739
775308 15669251
256042 9054136
15672192 15672215
1372607 15678970
1642287 15680208
1154226 15681694
9735093 15689241
664547 1383827
15697716 15697729
15698540 15698554
821179 15702177
15730269 1727580
9940869 15731789
388772 15741352
15772555 3800940
15775991 15775997
15777999 15778006
15778817 15778824
15624590 613074
1817794 3907644
4144829 4212710
4144829 8352678
15798931 15798940
83181 15802938
15816967 15816975
8935952 15832071
15848194 15848204
15857375 15857385
2330473 15869112
15454545 11265126
15891572 15891582
4785320 15899529
513347 11046300
4189534 11389719
1228880 15939623
15546367 15945008
15951406 15951421
266679 15958448
1770137 15963932
15979832 15979838
957347 15980945
306147 15985666
10345636 15989174
15990852 8926913
15757510 15990929
1177572 16004857
16005197 16005206
16013447 16013454
16019878 16019882
1192931 2731213
16045453 16045464
253940 16046662
775301 11266982
775301 16053160
15883169 16056616
177512 16060445
16061061 4433850
16063158 16063164
335313 16070401
5585447 16077828
16085356 16085364
16086464 5301256
16090557 16090562
747945 16120423
78589 16134913
16150767 3795626
1135431 3449690
16164645 4343525
16176259 16176270
340412 10640207
9127063 16222858
690199 16237493
16248095 16248104
16255689 16255694
2101568 7500322
11881504 16344017
3445367 16346047
16355262 8581141
4094085 16390016
16391289 16391292
16435339 16435344
1672913 16442413
1333903 8589119
9163165 16482305
16494540 15693633
16497282 16497289
16501022 16501033
8413047 16507937
16513998 12133697
16519540 16519546
16521140 1350663
16521668 16521672
16525291 16525296
16535472 16535478
16544923 16544926
593318 16545318
16547967 3797360
16553578 816404
16554459 5895321
16569357 7427563
1016433 16601538
6459293 1025004
16606741 5263261
10953829 769169
16612921 10329237
16613039 3797402
16619175 16619180
16622059 6438185
16624299 16624302
1800421 16624340
16627916 2063637
16627921 16627928
16632844 16632850
8936570 16636053
16636153 16636156
16642741 16642742
1293445 16645956
16646933 2000477
9318579 5793913
355515 237865
16692186 3799656
16701902 16701903
16703408 16703411
16727091 16727096
16423523 8823843
16752379 8966308
16754633 16754640
16785424 16785428
16789156 16789161
16798855 16798860
16825446 16825448
10954589 16825475
16825566 16825569
16826088 16826092
16826277 16826278
16826573 16826576
2744739 16836290
16836433 16234327
16836442 8190842
16836497 16289810
4218495 16859701
16929932 10766507
16943328 11043280
16948537 16948541
5986993 16951275
6010399 16952308
16967036 16967042
8160933 16973295
4813585 16977593
16998303 11266516
2649769 17005770
2416556 5352936
17048185 2546836
2373647 17048472
17054462 17054469
16222861 17059645
17061763 17061767
17067575 17067579
17077432 10173016
17101842 17101844
17131844 17131845
17150406 5878276
1373280 17162622
17166676 17166679
17175970 17175974
17183118 17183121
17200928 3796248
8965770 3799268
16749973 17206541
17222363 3688152
17224259 17224264
17224453 3796714
813631 17230341
17280717 9528655
17303283 5881789
4877395 15912107
10602296 17333129
17350348 2343607
17354934 2338578
2914976 12654117
17373863 17373870
9425907 17394160
17398348 17398357
17415980 193673
17416770 17416773
17417912 5905695
16209030 8705213
17104505 3796237
17472086 11267365
17492091 17492097
3454922 5325075
17562168 17562176
17563002 17563004
17607500 17607505
17620963 17620965
14293072 17730832
17730976 5882556
17731032 17731033
17731171 787690
17731239 17731240
17731398 17731399
17731434 17731435
17731726 9312132
17733383 17733384
17733391 17733392
17736210 17736214
17742236 8929058
17742387 6921072
17825606 17825611
17862536 17862541
17869739 14039873
17869789 5378501
17490495 6219613
17869799 17869800
17869802 12735844
17869811 17869812
17869816 12637398
17869825 17869840
3451951 17869847
17869862 17869863
17869898 5903628
17869920 5298174
17869922 10568518
17869934 14528575
17869945 17869946
17869951 17869952
17870013 17870014
17870027 12005361
17870050 805764
17870052 11978914
17870055 12648279
17870056 16140717
3454856 17870425
17870428 5885792
17870430 2794828
17870449 9388877
17870484 17870485
17870747 9713494
17870763 14117083
17870884 4776406
17870953 2561788
17871035 17706058
17871038 17871039
17871094 17871095
17871104 8464640
17871143 17871145
17871156 4343485
17871337 6916369
17871338 16134683
17871341 17871342
17871345 5247408
17871354 5325754
17871372 13187389
17871385 11025614
17871405 10777790
17871415 5371867
17871418 17871419
17871446 12678866
17871453 13171298
17871457 5906010
17871459 17871460
17871469 5344388
17871473 12963804
17871477 12354368
17871481 6396950
17871501 5328870
17871511 12730962
17871544 5050444
17871549 14115282
17871558 4467889
17871615 10300974
17871626 9079849
17871672 7772311
17871687 17871688
17871754 6299350
17871756 11272170
17871776 13186469
17871782 9055188
17871810 2946369
17871818 10752456
17871843 17871844
10957755 13186943
17871872 17871873
17871931 17871932
14121063 17871976
17871995 17871996
17872001 17696029
17872008 13186517
17872045 17872046
17872055 17872056
17872106 17872107
17872108 17872109
17872136 7822226
17872169 1782358
17872170 1814031
17872566 17872567
3450285 5373737
17872699 17872700
17872717 17872718
17872721 3236313
17872774 17872775
17872780 17872781
17872782 12332390
17872788 17872789
17872790 13187031
17872792 1447788
17872818 8365173
16606544 17872852
17872909 12760610
17872921 17872922
17873117 5903776
17873191 17873192
17873233 12927789
17873239 13188160
17873245 17873246
17873270 5905241
17873272 5253869
17873273 3201936
17873274 1140719
17873279 7770915
17873286 17873287
17873329 4653303
17873333 3206007
17873335 12703502
17873336 9879742
17873384 13187374
17873386 11155373
17873394 8241018
17873398 3678475
17873400 10764853
17873437 17873438
17870131 17873456
17873459 10746998
17873461 17873462
17873480 17873481
17873482 5393648
17873484 5377487
17873534 13186910
17873535 5376826
17873617 2592779
17873687 17873688
17873692 9634005
17873702 17873703
17873704 17873705
17873706 4316194
17873709 12659454
17873713 10321688
17873716 6899286
17873739 13188753
17873747 17873748
17873765 677288
17873769 15942455
17873773 13187660
17873841 17873842
17873843 5905043
17873869 13170999
17873895 1783213
17873900 3453907
17873907 13173653
17873910 17873912
17873915 17873916
17873917 11438312
17873931 5442302
17873933 17873934
17873981 17873983
17873985 6553733
17873987 5413139
17873989 17873990
17873992 12697518
17873993 17873994
17873995 17873996
17874021 5783024
17874023 17706891
17874029 17874030
17874031 6914656
3284327 5302124
17874065 13187489
17874088 10736432
17874099 3241872
17874109 17874110
17874158 5363558
17882512 17882516
17910526 17910531
2652948 5351961
17917005 17917009
17926222 17926228
11556117 9271674
18126472 18126482
18157205 11264641
18183342 10748937
18244803 18244815
18283333 18283336
316853 16910287
18384738 18384745
18385520 18385523
18411176 2765108
1496238 9300706
1890822 18434917
18440471 11268385
18443345 18443346
18443352 2452970
18443364 18443365
18443419 10779173
18443544 18443545
18443697 18443698
18443730 17691217
18443742 18443743
18443787 18443791
18443842 1570182
18451415 3797535
18494744 18494748
10888849 18496144
18512919 18512920
15654730 2727424
18669275 11469418
820661 18763404
18859452 12408297
11484618 18901618
18902757 18902762
19013637 19013645
1927578 3800767
19047827 10091268
19048065 5378779
19048257 19048258
19048302 19048303
19048535 19048536
19048554 12418491
19048597 8289996
19048816 13168998
19048817 19048818
19048896 19048897
3450396 19048913
19048939 3237556
3452225 2823009
19050728 19050729
19050891 5886941
19051170 19051171
19051455 19051460
19052097 19052098
19052153 19052154
19052180 5881239
19052248 2316473
19052294 19052295
19052361 19052362
19052393 19052394
19052396 5319836
19074759 2976003
19081210 10777797
19082321 5174979
19111677 19111689
19114500 1748891
3816213 19275250
19312897 7425514
19335222 3800419
19368368 10754125
19368370 9627870
19368374 19368375
19368376 19368377
19368407 19368408
19368409 19368410
19368471 19368472
19368473 19368474
19368478 19368480
19368483 16945949
19368484 19368485
19368487 11029584
19368490 19368491
19368492 19368494
19368495 19368496
19368502 2999735
19368504 5904597
19368505 19368507
19368511 19368512
19368537 39990
19368556 19368557
19368587 19368588
19368591 19368592
19368598 19368599
19368604 19368605
19368618 5372935
19368619 19368620
19368629 16282323
19368634 19368635
19368647 18621932
19376203 19376212
19377999 19378000
19378027 19378028
19378042 5882096
19378045 12723524
19378072 3249248
19378083 19378084
19378085 19378086
19378104 3683896
19378118 19378119
19378130 3982844
19378241 5904226
19386413 19386416
18639091 19594218
472452 3798757
4745370 11265169
19849960 19849965
4437007 19909406
1894383 3798526
19930841 5898253
19930864 18077899
19930960 19930961
19931020 10314074
19931251 19931252
19944531 795790
19955605 16909562
20410050 20410051
20410052 5761058
20410085 20410086
20410087 20410088
20410089 19979056
20410139 20348445
20523029 12408492
20523168 18233531
20727934 20727935
20745579 11268827
20746122 1079797
20779495 12698563
20779499 20779500
20799059 5904573
20955265 6076063
4108756 9531378
4815067 12735481
21029702 13967126
21029703 21029704
21029705 21029706
11556320 12655805
21230652 12701079
21464100 10779315
8061659 21513578
21623483 2121345
21734670 3795928
63241 21939303
224494 21941014
2877513 5164167
1232129 12427934
72756 21979850
421039 16535219
2190107 5905188
3684628 21985215
9676803 21988151
1267796 21988748
8120052 21988882
9637480 705744
1120448 10275140
1120448 15336461
827517 2479780
2000481 1010339
464651 13966790
399558 8805075
652831 22001530
8571576 22003062
194442 8483461
194442 22005352
18648564 22011325
18648564 22011326
22014658 3799870
22016315 1551069
22025359 9915488
5188614 13189293
11287929 22038231
22043257 22043266
16154627 22049538
4571868 19385279
4571868 22053221
8252649 9426338
8252649 22055734
1041844 22055964
648806 22057515
1749731 11268463
178349 2740264
1464502 22061001
4469711 22066648
897934 3801068
627478 18164794
1891741 3088717
22078513 14580184
349621 22081588
7006909 22095783
22100876 2578005
627929 22108710
4909751 22128329
16005209 1209924
5619078 15487035
1559658 22141717
9012617 22141862
1951257 10212377
15883166 1808977
10286071 22142731
627476 6587549
1981471 22146351
1981471 22146352
2232138 22148564
1021565 22149302
873680 22160803
2680859 8575397
15866103 9055212
12279805 22164946
2747158 232484
8786798 3796451
17787709 13271052
656578 9308273
1752360 238214
22168156 22168168
4036414 22168198
15686427 10432933
209712 3796381
22173250 9334884
22173250 22173260
22179347 3107122
843800 22179710
22182457 16008752
972738 9054403
22188703 15403923
16449280 22189684
22190523 3799696
11401008 2751299
476600 22194623
765534 22202098
3308819 16500462
8158752 15872538
22208287 2303077
9980752 22209894
22211796 22211804
2029936 3799448
711883 22212669
8669521 2344273
16279585 22098727
375215 7411730
375215 5175514
1051202 22219408
20167562 22220155
22227438 22227453
10579633 22231914
16556470 22238354
5107948 20405450
5107948 6754442
6237189 19849245
519326 588202
519326 22242107
2329178 2139728
4906219 22243358
10092279 438840
12558539 22248343
8405564 22248653
15301312 22249672
15301312 22249673
18470218 8297404
22257585 12727285
392535 22258100
10532791 9054835
16449099 10352118
16449099 2764652
10957375 13168196
2897637 22269362
22270232 2266987
320610 1229908
1826069 11995814
22291617 243105
16601876 11266246
22293964 22293976
11671685 3406587
14791683 265116
22298376 668470
22298376 22298384
9231170 11265436
3144602 22300417
1812749 5269320
22305163 3800319
1766203 2416811
12003300 22306062
432739 7425480
8228555 2267740
22309469 19563545
7691323 22310155
22311313 4724701
22312050 22312057
22312050 11403366
22312311 22312317
10938212 22312454
1054283 22313010
9432808 22320005
1197242 6352522
606441 22330407
606441 22330408
908173 1229027
22341715 281063
22341715 22341725
22342819 22342824
15733033 22344542
10465757 19435790
2101567 9413014
1362300 11268409
2132856 22367252
1107849 18975093
22386260 9054720
22386454 17108690
4036413 3262539
2108985 22395802
8519238 9327824
844361 838807
12107811 8933721
22410244 21433601
714783 2764858
22442643 22442647
8874900 22446583
22446910 22446921
3146996 11264535
9067876 5301186
22455628 8153200
2981157 22461060
22465283 22465287
22468597 22468604
353612 2266809
1177569 22479649
17866382 315038
15745662 8933184
9604779 22543793
22348721 22546292
22550786 8829626
22556167 8838016
623730 1297411
4564975 22559288
16614067 15486642
22562470 5338563
22564184 22564192
9165285 22567733
22570998 5903991
730165 18164681
17590612 22601044
22603938 12133339
22637504 22637510
861898 22642515
22661346 22661358
10949639 7161075
22652811 22664752
22675225 2438767
22472687 11268665
19080363 22702052
22719992 22720004
22720115 22720125
928687 6371666
8152121 22725796
5855267 22727027
1592516 18975028
22731375 22731382
22744967 4344003
1092669 22770245
22778213 16949335
22804645 22804651
13658190 22808600
22810309 3706767
22816195 18162611
22836171 19362788
16387748 6751588
8586533 8449685
320902 22945205
22946361 22946368
23020124 23020131
23021436 23021441
23034473 3799749
23049277 7419510
16996816 23052762
23103043 10352469
23114654 10056411
23114665 19964870
23122958 23122964
23123291 3796604
23125318 3800637
8936569 23134786
23145721 23145725
1752938 23189752
10956993 4312855
5799221 17695773
23213843 19551501
23214430 5891155
22481226 23218846
1757665 23224099
1757684 23235841
1500892 23236700
23236776 23236780
253821 9426649
13676835 23243947
23258713 13187469
23262830 3799001
22732981 11044015
23269490 23269494
23272911 8851
23275064 5888960
23277609 23277611
23292457 23292459
7977270 23304037
23312183 23312185
507173 17284663
5691 23312796
23314044 761074
23314044 23314058
23320203 5202088
23326770 9414922
475596 3797190
23333843 1958493
9455155 23334347
9455155 16850534
23338093 23338099
23350614 23350618
1101459 19732072
23435189 23435194
23443036 6840110
23443515 3796071
23444003 12734990
23444265 22441976
8316249 19551369
23444399 12702690
23444431 6825041
23444443 1821163
23453258 23453261
23453282 23453289
23453350 23453352
23453400 23453403
23453495 5890964
23453285 23453504
23453646 14117962
23453648 18101367
627482 5152732
23476524 62418
23492053 23492056
23505935 23505940
23542461 23542465
3307959 8714818
9047424 11265277
23615004 5344518
23635400 12579575
23664953 15864194
591288 23681176
23705069 19978441
23728039 10322965
23734964 23734965
23753270 23753276
23777868 6367033
23790105 8007114
23793607 23793611
2858775 376725
23807312 16204975
23808893 5977288
23809895 3758516
23811893 13643173
23823342 16158966
23830859 7411358
23841010 12354366
23843715 14591540
23885042 15683750
16544781 23887472
23899945 14750706
23900286 11034905
13555055 23901340
23924092 23924093
23925433 3697441
23933161 19523373
10953869 23937518
23939691 2845518
23940687 23940688
6305539 22389191
23948683 23948686
23948742 5362030
23950998 23951002
23970378 23970381
23988217 23988221
22741683 23992546
1373275 19882244
24008592 24008593
24011933 16159206
24033128 4588794
24045106 1719744
24071167 5903423
24090368 5316060
24128471 9890427
24164091 9528978
24196579 24196582
24294911 24294915
24295403 13185072
24295481 22750793
24297020 24297021
24297078 14035640
24297262 19963537
24297415 24297416
24297417 24297418
24297452 24297453
24297584 5900329
24297683 19549299
24297686 24297687
24297692 16421235
24297855 2142675
24297915 10380052
24297931 3008146
24298263 15333352
24298276 19254434
24298314 19540485
24298568 2537532
24298727 10781953
24298744 15620137
24299049 17475301
24299419 24299420
24299991 24299992
24306908 11767759
24307263 24307267
24379069 24379074
24379069 24379075
8383045 7500185
24402318 18163380
24431734 4317987
24431745 17104112
24431758 24431759
24431763 12723213
24431764 19958012
24431768 16666633
3454016 7511719
24431788 14609141
23898765 7974990
24431823 5904042
24431831 24431832
24431833 19478737
24431884 19978546
24431894 14573439
24431896 4313588
24431897 5171567
24431900 24431901
24431903 19968750
24431904 2799148
24431909 13187157
24431915 23430629
24431919 24396621
24431971 24431972
24431976 24431979
24432005 24432006
24432008 4244615
24432010 24432011
24432012 24432013
24432014 11769955
24432020 24432021
24432213 2866328
24432345 12753175
24432355 24432356
24432358 24432359
24432619 3209745
24432653 10467207
24432674 24432675
24432860 24432861
24432862 13164141
24432863 6825289
24432867 24432868
24432966 11681614
24432972 12503363
24432974 17696291
24433013 6338425
24433016 2086124
24433025 3451521
24433091 24433092
24433160 8559887
24433179 10485996
24433265 9426163
24433268 5880335
24433288 9274741
3450463 24433293
24433326 14594566
24433327 9759628
24433348 12369444
24433349 3391320
24433368 13188282
24433371 12671501
24433372 24433373
24433374 19519201
10954634 17706082
24433454 10445680
24433458 24433459
24433460 24433462
24433537 5892853
24433540 3404964
24433557 24433558
24433559 5375770
24433562 22721490
24433579 13183626
24433592 24433593
12198948 16120246
24433603 499441
24433604 17681374
24433616 5884252
24433631 24433632
24433652 3227086
24433733 24433734
24433761 13175657
17870470 24433762
24433827 4744393
24433848 24433849
24433850 10777771
24433852 24247147
24433854 22409468
24433857 5903910
24433859 5374479
24433860 5891445
24433910 24243725
24433915 4342751
24433956 11742911
17870540 10736694
24434014 13187763
24434016 3544676
24434052 17677597
24434054 19978577
24434068 19517390
24434091 7446047
24434092 5905140
24434096 24434097
24434098 23024671
3450472 24434115
24434123 11618410
24434165 8221163
24434169 24246897
24434225 12652918
24434601 1799977
24434608 13187109
24434610 11189306
24434613 16168856
24434636 1645474
24434667 19979216
24434680 24434681
24434682 19539808
24434683 12733947
24434710 19543760
24434726 24434727
24434732 13188058
24434733 5903300
24434734 18376441
24434735 13185052
24434770 3210312
24434776 5905604
24434817 3252347
24434830 5904044
24434953 3694149
24435125 13181027
24435132 23482318
24435135 17699970
24435139 23641539
24435213 273889
24435251 12598409
24435253 4993007
24435275 9163174
24435279 18639905
24435281 1115394
24435294 24435295
24435326 13186292
24435331 24435332
3453902 24435347
24435348 10738675
24435349 3227131
24435367 24435368
24435378 13182537
24435380 19521569
24435407 19957758
24435412 16882255
24435433 24435434
24435442 13187624
24435444 17669111
24435446 24435450
24435456 3214810
24435471 5377560
24435473 9452848
24435550 24435551
24435556 24435557
24435574 15446620
24435577 19958720
24435578 9558611
3454736 10135345
3455000 5376879
24435644 12663151
3450675 24435734
24435735 12704243
24435737 5371122
24435738 24239723
24435746 19965274
24435752 3694595
24435754 11744601
24435757 7446093
24435758 19978653
24435763 5374017
24435764 3252360
24435793 5882911
24435795 18642501
24435798 5904313
24435799 13187411
24435828 12966675
24435834 24435835
24435841 24435842
24435885 15845263
24435888 2349675
24435982 1859690
834007 21308046
24467539 24467545
24490939 1105658
24490957 5248292
22199780 24720342
24954326 21748521
24959558 3722389
24966140 651073
24986294 24986295
24986335 9205983
24986382 4313554
24986398 7453080
24986404 5904193
24986441 12768947
24986450 24441227
24986507 24986508
24986529 24986530
24986544 3214044
24986555 24986556
24986557 4984851
24986567 24986568
24986579 1826383
2817238 10619688
24986635 2728938
24999521 2346772
25006118 25006119
25031847 6379261
9594280 16448783
25042863 25042867
25055343 25055347
8625092 25059686
25090839 11264429
25131851 25131854
14004792 16490199
16280970 10351018
25200611 3997408
25285907 10744582
25364278 9711860
19368387 1792465
25424354 25424359
4822978 25516355
6964567 25518556
25531938 25531941
25564897 25564898
25564962 21501437
24432884 16638100
21013996 8411454
25567226 17404148
25567843 7420138
25567975 10913752
25568801 19490238
25569072 17176855
10953913 1524236
25569316 3209680
25569384 12692419
25569388 650252
25584525 21909979
25598157 25598158
25598159 25598160
25640236 25640240
25716532 25716536
25871383 3639277
25874919 4988810
25874920 4339650
25874933 25874935
25874940 25874941
25874944 25874945
25874979 25874980
25874982 8621854
25874985 25874986
25874987 2663041
25874992 3231596
25874993 25874994
25874995 13052239
25874998 22536974
25875001 17411030
25875002 8665093
25875007 5905268
25875008 24259825
25875009 25875010
25875011 19518343
25875016 25875017
25875018 25875019
25875053 25875054
25875056 4059993
25875093 5883911
25875097 5302194
25875098 1519663
25875101 25875102
25875116 22691287
25875117 8272002
25875118 18164636
25875119 25875120
25875123 25875124
25884156 13188212
25884158 25884159
25884176 25884177
25884244 5413473
25884275 19521940
23890854 18621940
25884327 3236052
8428274 6468137
25903923 3209996
26191783 18165116
26399742 23596830
26400054 2524568
26781719 10744641
26824369 3578386
26859473 26859474
26859478 26859479
26859494 1520445
26859501 5374173
26859502 19483027
26859514 26859515
26859539 16909741
26859549 10777775
26859569 2946521
26882979 2380693
26882984 26882985
26968621 26968629
26968674 26968675
26968784 13188344
26968798 5902076
27143832 8266171
27185292 20846047
27187469 26687664
27296544 24714665
27385855 22159102
27459347 27459348
27459349 6105135
7107752 5895863
27459376 2467654
27459377 25989104
27510617 11267171
27537897 10747606
27654185 5070047
28214041 27230772
28335302 10634683
1004849 26446457
94616 11616000
8803953 28374753
4978729 23523891
28380810 28380827
873673 23115909
7013175 28381658
22348740 28382283
1692548 28383867
1031201 28392401
627932 420525
222346 16909544
711863 22618099
553840 3652554
686004 28401040
686004 4523868
16113979 25707218
28404895 28404913
28404895 11264107
9589260 1230173
897976 22436741
171653 9054767
28418988 24716511
11202277 28430727
5040278 28430779
8540393 28431445
1321501 1671131
764097 28434283
1016423 28439616
28447187 28447195
7995672 5794260
813736 2533858
9012613 18165823
8228553 22818553
8256249 28458105
16472280 11768594
2109564 7907689
9395099 6753081
22819202 12767928
156329 8302823
28479536 28479542
622757 10769849
3384691 28482835
2747163 28483046
16690832 15971298
5653490 28491604
614871 18161817
10334630 5048006
5820866 28500030
8687849 3964832
2491654 28505483
240174 28512653
8770855 3799698
893428 28517464
9981191 4724958
1710332 3498537
12003296 28537612
142796 2197005
10593682 28552249
2093741 28554134
9012612 28554672
8770857 28555374
16406946 8605506
28557380 16131492
9012614 28557546
2454821 28558017
8183946 17091889
28559066 22559910
28559066 23888261
28559556 28559569
28559769 17283992
28561619 3697351
8158749 28564268
28564444 28564454
438305 20847389
311832 9984044
28566769 28566782
4853852 28566830
4853852 28566831
28568278 28568288
9451465 9853218
227002 28573328
8158745 28575328
820658 8411881
28581656 28581664
729210 28493417
28583034 28583040
1122199 3801292
28590730 28590738
1543103 22027665
1543103 5328197
1071803 28594004
8486538 28598529
142783 1028757
9330014 21334918
7796084 1163333
16804406 28607245
354259 24713950
581292 9395976
9012623 9427396
1768917 3799286
22141439 13189076
28611617 14110280
12540200 11265537
1387236 28623320
28623363 18162951
6057827 13949936
15733005 28632165
297736 25935696
297736 20795504
11270461 28633421
8833700 28634151
28640884 22624127
22348733 28641500
476356 28644047
28645116 28645126
28645255 26424306
28649849 23234108
4163977 23459769
16353866 22736809
2680414 15597076
28656422 1228543
10949114 15992557
12111249 9045372
7494531 28681094
452791 342046
17814293 20383680
1777592 28683946
11284191 23086986
22047271 8803962
28686520 17090325
23274773 14576727
813935 24714518
28690719 13966844
8809575 14506463
28699349 9830031
28701874 28701883
2087137 28703338
5072881 28705038
28705262 28705269
10945856 8891615
28713720 22423224
577664 28714753
277152 24717392
28728836 28728845
28730278 6401242
15303927 24717185
4630242 8703560
9012618 11266294
28741938 15674485
28582136 17289912
417030 1083090
224209 28381090
28745358 8674190
8552387 28748343
2075183 11268075
19012458 10447382
752088 28753544
28753783 2380984
8905535 16495057
264807 1524115
2499186 2461760
9775304 23070802
28825250 28825255
8250372 28830616
874441 5372009
19525586 28835130
28836610 28836623
17609739 10634473
357306 28839503
555876 8295802
28850452 23882611
28854521 28854529
1689642 9055172
358444 28867636
18721742 28877310
49512 28887332
466075 28924894
28928508 314190
252368 24713811
28948880 18164056
1701731 28948987
28949230 19980130
1145568 28950630
16914521 16552746
714721 28959486
28964259 22136833
28968214 11199239
28968292 6829875
28993132 2897908
1228869 22535588
233626 29006933
23085035 9921524
1697286 29021797
29023351 29023357
29023618 25649970
29038000 16849649
29047012 24173374
9986994 2020860
2264447 29057407
389980 29058878
29063842 29063849
29064191 2765079
273401 28484341
29073934 12735520
1094480 29075957
29093878 19975562
11495512 23085566
29094495 29094498
1908830 6814343
29097927 4212706
29123815 5624642
453933 29128759
29131821 29131825
645717 3797673
29180406 19960458
1304171 24716902
1049924 14043974
29235845 22434570
29236681 3722348
29236681 29236685
10004954 8602737
29239645 3799081
91379 1670704
29243508 666375
3381949 24718958
29268527 9054245
9012622 29270540
13623979 29306860
29310098 3799512
28710454 8976720
5126659 18975055
28292980 27298541
29372019 4013216
283980 11337486
29429924 29429928
8640885 18553599
29446148 24716281
9325749 29446411
29480593 7422226
1193674 29483184
29483390 29483396
20946614 13783981
29489096 18163320
29489430 29489434
3378394 29493522
29494379 410286
10953756 29494796
3450437 28543621
29505859 8746110
10553759 29508227
1889064 7161937
29531560 29531563
29532545 29532550
24433217 9439001
29547369 22651569
29555235 24173376
28900943 29555545
8659907 22963706
29559086 29559090
24298728 15909003
29567205 29567208
29569965 29569974
3447561 29572344
29574465 23182496
29580745 3796694
29580745 816447
2520513 29582147
23453402 29582505
29586472 19969713
29591771 24713727
9527849 11268175
16977591 23117565
29614017 14039661
29616090 29616093
29618823 23433710
13623980 29628619
29629288 2777275
582265 22474659
1885003 11267338
8879144 16910237
29655787 13170936
23351038 5891358
29656389 27161662
1418383 29668589
29672994 13171007
29679449 26039349
9448590 18167654
29689180 19438973
675329 10149913
29742449 29742450
1085468 795675
29747146 29747153
29758097 29758102
29785430 5897404
29785705 18089576
24435840 1730936
17869877 10763834
29785751 18389704
1792456 12018844
29794175 26434293
29794338 29794341
29794352 29794355
29794512 8159040
8430350 15479301
29893195 10783652
29898011 2267901
2744740 29914793
2922206 28432993
2286550 10322847
1517705 18975058
30025309 14122374
4108307 30039802
23256746 29861240
30065662 16820330
735477 5364943
30084597 16471732
30087160 2763713
9976272 26445580
30108478 9712107
30121039 23085568
28983037 22216020
30144455 6398255
2652949 30145499
17224666 9054573
30151240 12760712
30152578 30152584
30153331 30153337
30155488 30155491
30162710 8331367
30165312 5904228
30166856 12648403
1776767 14586570
30182505 24713847
464666 25978687
30205208 18643186
30205334 6825303
30216445 12683682
30216451 3262536
30225573 4319736
30232416 30232420
30248082 12659620
30253376 30253381
30257352 30257355
30263048 25655667
30263956 5886687
9538468 30269846
30282965 30282969
30285745 29126780
30288141 1025731
30314510 5975316
30326553 5905167
30348342 30348345
30349995 5330868
17873583 21101103
30352135 7498571
5188258 9112330
30431381 30431384
30460122 30460129
30460277 24713790
30460358 30460362
13623981 23669980
30499687 5256989
30503909 30503913
3131770 30510125
30600794 27351830
30600863 11556377
30600966 19549188
30601188 19489347
30601233 11747247
1189333 5904099
30601348 6920889
30601358 30601359
30601475 6902909
30601569 22515004
30602189 1412224
30602450 30602451
30609514 6894964
10953823 5885572
3452172 30613299
228314 30692415
30705478 2936572
30712637 22450843
11615130 22991349
9012628 29450795
30733031 9882471
30733033 13187203
30733034 9527929
10805468 22944844
30733086 11484221
30733102 16386571
30733123 4785929
30733125 26445631
30733127 26247211
30733129 19502274
30733131 875920
30733144 5904472
30733155 17696628
30733156 1726398
30733158 3546727
30733189 10746800
30733232 3218261
30733274 18198674
30733291 12705554
3453870 24276647
30733315 30733316
30733318 13167522
30733319 19978635
30733621 30733622
30733632 4342653
30733650 1951141
30733652 5903918
30733823 10737089
30733913 30733914
30733929 30733930
30733935 5298419
30734124 26029736
30734145 14551330
30734228 185554
30734229 18620070
30734232 18355224
30734240 11599608
30734242 4343419
30734297 12362364
30734299 5435715
30734355 5903849
30734359 30734360
30734363 19978210
30734405 26030544
30734438 18036954
30734442 25946980
30734460 28724733
30734520 10761014
30734530 30734531
30734533 30734534
30734536 10769859
30734537 3679760
30734538 9955739
30734569 8749996
30734583 5902916
30734584 10767229
30734590 27293891
30734603 13164559
30734608 17688542
30734640 5904433
30734667 9193448
30734674 16543398
30734686 19978428
30734687 5745559
30734688 13179171
30734690 1546638
30734691 30734692
30734706 26431574
30734782 22881666
30734789 30734790
30734791 9873346
30734805 30734806
30734823 10737720
30734998 2832135
30735026 26060979
30735040 24593740
30735043 30735044
30735081 26431767
30735110 10761875
30735118 30735119
30735156 5904413
30735159 5906063
30735204 19978164
30735221 30735222
30735226 1590133
30735229 12698443
30735230 12638018
30735235 21349462
30735275 3544149
30735297 5903818
30735302 4317333
30735309 14625247
30735333 15711231
30735346 28644954
30735352 13187122
30735353 5370848
30735356 10401193
30735367 22970791
30735449 2107444
30735775 30735776
30735777 30735778
30735802 6895949
30735827 30735828
30735831 10770168
30735853 30735854
30735886 609467
30735887 26013939
30735888 1075981
30735891 30735892
30735895 22628804
30735947 5903524
30735951 10762341
30735959 3236329
30735969 30735970
30736085 9921361
30736218 16275270
30736238 6251816
30736277 10766262
30736286 10440891
10957632 26013453
30736394 11457973
30736396 9129786
30736397 29800106
30736420 12673310
30736421 26445244
30736453 8520599
30736467 26425287
30736481 30736482
3450340 1464879
30736485 5288831
30736488 9346496
3452431 30736489
30736512 30736513
12912886 5883677
30736526 3815680
17870034 17696371
30736630 12702819
30736632 30736633
30736640 338453
30736642 26013216
30736658 5667451
30736661 3612861
30736689 17706079
30736690 19415930
27444090 5880714
30736712 19960174
4108644 30736713
30736714 9944506
30736733 5671489
30736737 30736738
30736741 4593467
30736779 19518178
30736867 30736868
30736870 30736871
30736877 12579389
30736888 5309665
30736889 5412615
30736890 19494620
30736896 2425685
30736898 26444722
30736905 19978501
30736922 19963144
30736924 10362495
30736928 1230514
30736932 12928674
30736968 5375880
30736985 26445030
30737009 30737010
30737016 30737017
30737028 903167
30737031 9334525
30737032 1228785
30737033 17676810
30737048 30737049
30737054 30737055
30737056 12503124
30224270 5372865
30737059 13175767
30737067 30737068
30737075 13174925
30737085 26442210
30737092 2175568
30737094 26445650
30737096 13169487
30737108 4313407
30737109 15493260
30737134 3566813
30737144 30737145
30737148 14116626
3462075 30744745
30771809 12671329
30772221 6905739
10329534 30780166
30789692 5901873
30789701 18642242
30789705 26425893
30789707 5880382
30789709 1381980
30932954 30932956
30997895 30997899
1663338 31003750
1800423 11652406
2353834 31100638
31206716 18162342
9959268 3800278
3538160 31006273
31276403 22210258
10955656 19521563
31276471 2115589
31276474 31276475
17871685 2452775
31276688 31276689
3451751 26426504
31276710 19978880
31276721 31276722
31276744 5904237
31276762 30374072
31276771 31276772
31276774 2624579
31276780 5885027
31276785 31276795
31276812 31276813
31291618 31291621
31295792 12703629
31330632 2072444
908180 11265495
31354155 7526630
31412190 9594828
3473 12764308
31418117 5397716
27208151 31437927
1135497 24150595
222354 20542891
31659916 31659920
7316066 9423427
31667920 31667923
31754216 13177330
31785518 6918024
683791 25984172
4737508 31006429
31824700 13186638
31838510 31838513
31843454 19521018
9538799 31843493
31844641 13825649
31844789 14578369
31846327 19978964
31846413 5904717
31846689 12523231
31847080 31847081
31847550 2266748
31847570 12586912
31847683 31847684
31847687 12479565
31847729 17683290
31863453 5885629
31873530 31873534
31874372 31874373
31876441 7515920
27446843 32018137
1792454 32055741
32082116 1503919
32088855 32088856
32135849 2396916
32135977 11159030
32136078 22997559
32139055 14113658
32139060 8670313
32139061 32139062
32139064 2967485
32139083 32139084
32139096 10777788
32139098 32139099
32139100 32139101
32139115 939731
32139116 13188052
32139121 32139122
32139161 6349676
32139162 26445646
32139163 15326320
32139164 10770174
32139174 19979069
32139186 32139188
32139190 3225065
32139192 904406
32139193 32139195
32139212 26740818
32139213 9349476
32139215 17938506
32139245 11265212
32139246 17675650
32139260 5905724
32139261 29686270
32139283 5669898
32139290 32139291
32139293 8952327
32139312 17673404
32139315 12621612
5848565 12763255
32147788 11419116
12546205 32147809
32147859 17470780
24435645 9655546
32417949 25392908
32430396 22760176
32447889 32447894
32486315 32486317
32586700 3364385
1267801 32627661
7184678 28484834
7184678 3070999
32635674 4314217
32635779 32635780
32635814 24028007
32672135 32672144
32998974 32998976
19314694 33008091
33021689 5378719
33024613 17290375
33079789 5904700
33079803 22524229
33079808 5904463
33079812 32663673
33079827 33079828
33079850 25968138
33079857 10352167
33102538 33102539
33102540 7408463
33102546 13187425
33398740 2521894
33534404 33534405
33575756 16560355
33587864 33587865
33602994 404684
33663727 33663728
33664085 16437839
33720034 33720035
34187378 3795901
34261192 5377661
34332459 9382407
34382905 34382906
34383050 3690680
34401380 19973715
581298 6100073
4266462 8683055
34571677 34571685
367987 16105620
34585491 34585504
177450 11265095
8698690 2043322
34463269 34588170
14937566 17324292
928679 16446810
19084274 18163259
9038912 34601305
5040273 34606892
614528 34611627
34614310 18166539
34619516 31011443
594276 34623517
34628053 34628062
21752157 3796966
3788624 34636656
894673 34639206
4745023 34639628
1794324 16870138
15795591 15705937
8270078 29343666
677179 3076536
9986995 2311768
32938306 7410162
5680648 24715881
8912712 34656642
22015019 34656897
8228560 34658025
23062008 19338287
606268 10329098
2232200 34683505
198707 34685242
9604778 3800867
9604778 1228524
1050050 12633050
236565 34690894
1559642 34691471
1461625 5662893
1811538 6359408
600097 34698076
600097 394861
23846861 16896692
1740933 34706114
8351467 1290888
309357 1134864
375758 34714015
581294 34714641
1293217 20717939
34728918 34728922
196681 34729075
354093 26019387
9436216 3800483
1082918 34734557
1006181 6752830
23065610 34735376
9536229 34735937
11651412 34736593
8469988 34737272
5987388 34737469
23065611 24713131
8770846 5906291
12469348 34740516
12469348 34740517
2747165 8940516
5088324 34757117
15968984 8865486
34760347 4151679
7943804 17707577
34762515 34762524
34762952 1676645
8770866 8329975
34771080 11267561
34771512 8727654
60353 26064304
836658 31009436
3878095 34774744
8375146 33206151
13291409 15408909
28396265 12629589
2081469 1532714
7704095 24713604
2472342 6918773
15646405 17568975
15413379 34786064
873676 34786121
9070777 23888399
1576348 19568684
26799624 16715572
2858773 34805571
826572 10401722
12132012 34811521
23062005 16105666
8256797 34820547
34826318 30509885
1344191 34826695
1325927 3800729
1704739 32277295
24380280 22035115
17873848 10076031
34840204 15752767
34848380 5885950
28692000 33660526
34857177 34857190
429116 34863230
16554960 34864982
12158585 16366049
12158585 1985229
312195 30242856
1886296 34874819
34875010 34875016
24431907 4341370
9047420 8674582
4224041 10323088
945693 34882970
34884251 34884262
17082815 21941197
25007177 12733457
34914594 31008908
34917761 22095463
462125 34920596
28457579 34922648
8158754 34924307
386892 6750498
9604780 17575825
1573212 12117239
1668500 34931969
4039924 34602681
34932890 11263472
34932890 3082339
1689401 7413492
9591060 34935406
408109 2020380
361797 1861322
33018970 16909672
4108206 334406
8256798 2793654
23444445 13166722
34952788 8213719
3242749 31009143
23884772 1528358
1265513 34993826
8825674 4724956
3391294 15336570
16006176 5298854
1440362 35008065
1440362 3798395
17472391 26820684
16491553 17320847
16491553 2266913
17221590 21387199
712799 8611349
14706154 22088513
222347 3238611
16236454 35048079
464131 35057857
25516961 35058703
35072244 35072252
23832425 22596768
8866967 35100805
8866967 35100806
1866368 24717148
1651167 8300207
28557540 18162503
730098 29126891
16360516 9321683
7349405 18164512
1177570 3702779
1177571 23440583
11657974 35182729
10057157 35195028
4111364 24713830
35206464 31007071
35207780 17284402
1372623 24716664
10336843 19483300
1659548 18165410
3016324 35258929
35265607 23110136
428951 1550927
34093 35285816
35311080 29296706
745942 35322007
8058884 3248252
35341096 6837638
23082316 3798424
35348860 35348866
15986374 28913798
12466741 35363861
4188611 15719674
2100537 11287655
4639209 18166081
688598 3796007
35425454 11264690
28912054 2531935
35450461 35450471
35452887 26444009
35469434 35469444
35478211 33929021
35489894 10655518
16588502 26897073
2315056 22811536
35512477 3798247
1777596 3801514
17373093 19003870
35541554 14500753
2895311 22102195
4905124 5284520
1773914 7421109
970047 35612542
4853943 18164400
35640427 13175303
35651679 11267374
35652887 10634505
35662529 8713350
35683141 14579966
35688101 19977559
35688111 35688117
20990323 5881649
15474307 5878046
35705100 19217896
35707935 35707941
8361069 35708141
1517498 8745541
35714148 11267015
35714376 35714379
1601351 35715567
35719857 35719861
35729410 5152914
319863 5223814
35737587 7414577
35741203 35741206
15474532 35010998
845360 35748707
16291123 2234994
35761393 12733890
34930449 35763698
35773690 26020061
35775766 32659716
35776439 5887026
35778589 35778598
35778589 17290310
35780119 2202075
35783419 22936539
3453906 11408282
18755789 29126728
20833000 5885420
512503 12607500
928675 13346263
2744034 32665845
35812292 35812296
253937 15815938
35831234 13186904
35834830 26244074
35839072 35839077
35846226 14186509
4639207 18166079
35864973 1801755
2077585 35866868
35889211 21314501
35898526 35898532
1362665 35900909
35917399 28599218
35936030 9251348
24297616 32262556
3451914 19965728
35936903 26064631
24297696 15960672
35940562 12704317
35945136 430858
13639436 9812567
30733261 26443611
12537363 35965614
35995349 1977553
36037002 8266608
1453359 29126712
36085167 36085170
10208057 16909498
36091030 18295369
17304070 13177898
375231 36135677
36137837 18161967
36180524 11266395
36180524 10634493
36215972 36215976
36222372 13187500
36229732 12511871
31236410 36237444
8909394 13680271
9386320 36261551
36264436 26509977
20343604 35840533
36277609 8708302
36286839 24157069
36286839 36286842
36287045 13256663
36289839 36289842
36290430 30941815
36302993 6809669
36304644 23684114
36304800 3800218
8855882 36305223
36324295 385576
36340596 5903890
36341945 2127379
36356676 36356677
36359639 5881938
24433216 36359825
36360572 5903114
36360573 13186472
36393083 3222391
16993620 3799526
1547285 36417494
36459625 13181111
36486744 25099563
28059979 36491085
36497937 21384427
36519203 3797838
36595417 36595432
36612194 15407595
36713692 13186051
36715045 19970124
36715115 5162858
4811273 36715312
36715477 16473759
36715527 23141960
36715662 10320504
36715763 18495522
4108346 4342585
36716424 11483185
36716480 36716482
3450209 2827765
36717114 8432136
36717700 9284726
36718047 23742227
36718055 32484483
36718129 2457798
36718706 4114080
36724839 36724840
36822783 36822787
36842698 4126718
36842755 32678557
36842762 2211604
36842766 36842767
36842768 5890999
36842779 5171280
36842788 20449764
36842810 24468876
36842812 17038598
36842826 17685223
36842836 11768466
23633044 2461155
36842888 19501487
36842895 5378311
36842957 19977526
36842982 17691179
36842983 4007529
12199456 14572747
36843169 997627
36843314 36843315
24433215 36843323
36843393 30565621
36843438 5904110
36843552 12633558
36843595 15908806
36843612 26445329
36843613 19732205
36843677 19516809
36843681 2009390
17870152 11766386
36843842 19978404
25569154 5445057
36843934 8970411
24433158 10748523
36843948 6914254
36843966 17691357
36844002 12510833
36844015 1248538
36844031 19979584
36844086 19974626
10957811 5903223
36844098 1918849
36844102 2747041
36844136 2064481
36844178 22099380
36844181 5904001
2725852 8582280
36844365 17140326
36844384 36844385
36844386 16105757
36844387 3237500
11556375 32665756
36844400 30086817
36844449 12700951
36844451 3206870
15077376 12652952
36844495 3255318
36844502 5881146
24433218 36844504
36844515 5116624
36844522 5371299
36844540 1913397
36844554 13188779
36844575 36844576
36844581 3239998
36844586 26012338
36844587 3231518
36844588 13187640
36844596 23538467
36844603 5348869
36844626 5372082
36844634 5413088
36844775 13186945
36844814 36844815
36844855 11747933
36844878 13183437
36844911 36844912
36844914 1022104
3455039 8294557
36845060 16753276
36845065 1527120
36845084 10180571
36845087 36845088
36845114 13187638
36845124 10739350
36845153 26445826
36845164 36845165
36845172 36845173
36845174 3219807
10953671 11750774
36845531 5904307
3449954 5412843
36845560 30972966
36845580 17670056
36845590 23880516
36845600 5903181
36845608 15941742
36845614 5371482
36845641 19978581
36845642 5889395
36845644 3236206
36845648 35511343
36845659 17682442
36845666 32266319
36845737 36845738
36845800 12970313
36845805 9465224
36845946 17707183
36845980 8591247
36846044 32290457
36846045 1716677
36846052 14908682
30600968 2316486
36846055 32246518
36846071 26428431
36846084 8647564
36846104 36846105
3451746 9359554
36846121 9014900
36846123 3808467
36846132 17680879
36846134 19963491
36846150 15697726
24433994 26445463
36846187 20404966
36846191 5222361
36846200 16052188
36846214 25961640
36846265 5760381
36846268 3200434
36846269 5903698
36846284 32264218
36846298 14910275
36846299 19481482
36846512 5667487
36846513 11767682
36846514 5888794
36846515 3304310
36846539 18488862
36846546 15924345
36846557 17156414
36846558 9275631
36846560 18867828
36846570 11747424
36846574 26768664
36846579 5883455
17870537 11742389
36846623 3221941
5191437 16064977
36846631 5904324
36846633 13450440
36846642 16950126
36846643 19978323
36846647 10738717
36846655 5903363
2744035 31240564
36846691 17684201
36846692 19731975
36846700 5905221
36846728 36846729
36846730 6417051
36846731 5431798
36846702 32679621
36846811 5414533
36879498 5337315
36888308 3199803
36896787 11014455
36898032 32660764
36899688 639264
36905304 6898476
582264 825823
10599701 10634767
10599701 36914290
2653723 36915587
1293447 18186133
22652986 37104593
11992882 37108445
37308537 29812822
16422497 24715222
22120707 27738394
4811151 32678056
37372279 1237302
37372281 37372282
37372286 5903905
4772330 2958144
37372329 13169608
37372333 1783625
37372334 5900563
37372372 1621522
17048187 27511391
37372520 37372521
37372602 24246947
37372630 13187234
37372660 16449155
37372696 13188030
37372704 37372705
37372722 12511136
37372723 10292561
37372728 12348884
17871348 10741116
9164649 37375903
36394598 7412256
37383590 3224236
37390547 37390548
37391184 11264374
5588739 625273
835621 31006445
37502882 22414566
37507454 9921602
1583304 37531242
37545639 37545643
8809580 33924409
37727149 11268727
11021451 23881573
8568286 31776054
4639210 11268364
156341 8446370
19012491 37898467
37911043 10036229
37922997 26013796
37923088 1366307
37923759 37923760
37925471 12681160
37925649 29273369
37925895 29241048
37926931 37926932
37927081 8727426
37954217 11445659
37954219 5900766
37996416 37996421
9660929 4737036
38077757 38077759
38161336 5905153
38161337 12735239
38206446 11186849
38209404 32678452
38209427 38209428
38209429 29516965
38209430 5904744
38209431 38209432
38209434 18104826
38209442 6372108
38209453 5291770
38209455 16569794
38209459 671060
38209472 2729260
38209475 38209476
38209512 8674839
38209513 20314660
38209526 32679386
38209533 38209534
38209537 32678545
38209539 9047856
38209545 36526206
38209549 19488598
38209551 19548806
38209598 38209599
38209611 5050141
38209612 5904337
38209613 12512292
38209618 5398931
38209620 3639190
38209624 19978335
38218134 38218135
17874040 3252338
38218146 38218147
38218186 4572071
38218246 5901497
38218284 5905332
38479340 12659127
38479341 38479342
38491850 37106867
38649954 19479040
4745372 1075983
38732908 38732913
39061509 25952633
39071502 2375633
39071660 13166880
39104108 24671230
39104118 5422960
39208736 8908542
39208744 39208745
39208749 17672007
39208919 15693560
39415944 3242024
39516943 39516944
39520522 26399052
39598254 24264108
39608466 37140870
39668854 13178892
39668870 19959565
39685842 39685845
39741780 15800166
39857574 2494597
39858170 39858171
39858172 5307271
40251631 5879116
40371781 24575706
40389181 32672987
29621834 16864163
40477148 26430946
3826 16715999
2968 15698515
344403 706947
327286 13685622
40541888 8649089
396235 40547027
427282 25711195
40550814 24715951
455756 3204594
13708793 5277403
8533423 40552501
1549902 40553848
602478 40555732
1015033 5370892
414702 1031180
358446 15953935
593301 11268286
8449674 36349068
754084 10738701
432645 388590
24189507 40566699
711438 22095175
664546 8637630
8378399 17290490
1089310 24716254
784505 8634458
6299070 3799944
349624 19465066
30781494 15786917
11771325 1228607
28409345 35995123
40585949 28836704
172862 2429651
3457 764395
15011057 11266676
6845886 24717110
23254937 3248457
592856 31009717
16043786 35495630
40613356 2622095
187351 20449445
1286455 37108414
1925579 6124542
9441635 11267276
8228545 4724715
40626536 40626545
507569 15957060
1809495 8729045
452789 12113594
40653067 2185572
8669522 40653571
8252651 5906172
2044701 196465
28912055 19467125
1275832 40674455
256041 11270226
256041 15255414
17225312 40677632
614515 10459399
1049940 40679835
8252648 5229706
228306 40688903
228306 35185587
581293 15402993
23951 31009155
5583463 3225213
5583463 15391183
40697138 40697145
16046658 26825175
16396477 40708157
807308 31008054
18529970 1720018
22348729 49834
442518 40717014
581277 9920723
3684654 40718730
22212673 40719042
22945933 40720288
22945933 27231207
639837 30572804
9740120 40720853
9740120 40720854
32486738 40721637
8479461 35295047
29615117 40722716
29615117 18162517
9453720 2416944
9058832 6753545
942906 349828
3509249 40724857
23265894 8892700
40728981 33928449
40731828 644471
9962753 14105628
29364479 23776674
29364479 40735205
16615869 3222320
40742460 1839332
40744321 29126840
419945 2764746
16045458 3537183
375757 34926348
8158756 15730135
387958 15392684
9604775 7382420
9604775 40754678
14494391 34979141
3340985 9011108
156330 23907334
873679 33040470
2472348 40759379
15740274 8932932
681256 11267681
8770865 40760547
40762715 5903618
40764036 3082159
2161637 40764057
28933116 40765581
2883465 40766766
21980476 40767514
13052386 40769440
8308869 19458962
228303 40774321
2831594 40776235
15484344 3796329
571233 83700
10466936 40786844
38076569 12052050
40795002 39902380
411177 36152527
3451938 5671566
40797812 24502868
4170143 1699914
367990 5247907
516893 241272
40808729 40808742
464652 11267012
1160670 31008056
1160670 29178632
23159683 16446433
1363973 40838900
8760326 22616316
40840318 5891440
965027 32315685
40841480 23339890
8422563 40842201
29988150 17505198
1559653 24716061
2747166 3073721
29488659 11521160
17238104 6899055
9018547 3797804
8769942 843216
738852 20038691
40856593 18162178
29092970 18766459
29092970 679555
40862236 10352495
1060317 40866254
40869641 10352466
10430876 3800188
16689480 3799837
40893626 34690668
40897923 19056450
6232506 30267792
9827878 30245061
19133840 31776233
19133840 24713394
636977 2020778
688596 3799012
2160158 30213561
2160158 40933155
4291050 33072397
1464529 32308393
2643672 787298
8943358 11265156
821182 33371334
5118836 17284142
273714 10634515
8421659 24719058
615484 37112284
2561031 18161975
14828307 4523786
8799526 755936
14654231 18166220
22348720 10776484
4344183 31008216
905345 2738102
12010172 4724670
883820 25495296
41067981 22825177
293967 41068150
41074773 15402578
10250859 41075346
9669978 22173844
639748 28774690
691371 41094736
8622875 22813511
41096477 8723835
41104081 41104087
41093332 736481
2106442 41117403
41124273 30232594
2486290 1675801
4149979 41152467
41167128 2603440
1843800 41167987
29726486 41175803
8941949 33040021
41198465 36439123
5588702 41207228
30010612 1150679
7114485 41214029
41219526 41219534
2493089 16737809
1039882 18163273
4814347 32120091
41281323 30240227
613180 54052
8589091 31007018
41295306 18166083
2988644 11268405
17366965 24714526
41323219 19445377
8454056 41331950
32138866 13258362
1079192 23524008
41349539 1501100
6818471 25992860
41408550 41408556
312862 11755941
33670189 38333058
4183261 28973065
30736362 23147823
1915005 8757041
41587878 11230240
3458 61844
2241201 4819850
22923886 11593665
25087042 19493094
28641809 3798744
9455156 38269283
16634097 28863785
5799086 11455243
7552322 18165114
537197 3800106
1153171 3801290
908179 1632918
3461 36185711
3461 17571358
16572100 32271486
41714161 31377782
1466129 41723409
41729327 237409
41736079 14985920
41740228 17178805
10339379 13686642
28983038 1522558
2801454 5164301
9684488 24715532
41763720 30232595
41763837 28859624
41777665 5900286
25285864 24716188
41789128 23780152
41789269 19957982
41234163 16346028
876227 28487588
20348440 41801872
2115587 11264669
23423289 251064
41834807 26724975
41836944 37931018
41837289 24716348
41888097 19518502
24986356 27700720
41889430 22761355
2492726 30564417
17929687 5667795
41897382 13164245
41897617 26424535
627477 23650590
1908832 12655433
41980767 16422507
41981165 1675259
42005206 37389988
28711487 1710834
42031220 31007800
23327577 42031383
42047048 12050734
10954233 42092390
42119912 11268802
42157578 15588267
42167653 11789477
42219082 6904663
42233504 42233510
42233995 11269900
42233995 12659828
20807605 12140509
42235860 37239468
42251986 21310328
42284766 17694814
42286464 2812198
36445051 11267460
861578 42295687
42296567 25256568
4758368 42299592
42302375 11266791
42302478 5377865
42303254 41635212
42303293 2201467
42303524 5370713
42303740 42303743
24647359 22354316
9976273 42323638
42334570 3248262
10436433 42340370
42364956 2510450
42377645 22184053
42303294 13187475
7967959 18230759
42486785 42486788
30093977 19980176
42520953 601246
16836288 5162635
42529810 29583779
42548036 11264433
27444095 32663559
42642233 5897759
42642339 19551797
42642413 19478457
42642603 5901312
42642802 6378490
42642822 6910442
42642880 32670605
42643286 17031138
42643400 19961490
42645090 1466134
42645634 23055378
42650632 32230776
42650752 28211843
42723301 42723308
35095848 42726616
42765519 717424
42765589 14117298
42765591 24264182
42765593 26446259
42765603 26012735
42765629 12701624
42765630 19961377
42765631 38526549
42765634 19520852
42765656 19522306
42765673 17026855
42765750 38714608
42765751 12701705
42765754 41899198
42765755 13187263
42765760 32678346
42765798 26446159
42765799 22703522
42765825 15789514
42765829 4318190
42765830 13188837
42765833 3255293
42765834 5374430
42765837 42765838
42765839 5373961
42765852 3239996
42765853 5180442
42766170 24240060
42766179 3231526
42766209 5370550
42766210 17381999
42766212 3201053
42766216 30210207
42766325 5904150
42766612 5372510
42766649 3694147
42766701 69509
12197403 12699158
42766713 253709
42766836 5881220
42766841 15655713
42766870 27295181
42766984 42766985
42767109 13187399
42767121 30208423
42767123 39925340
42767131 26014989
42767132 13187767
42767195 13187418
42767205 11168527
42767209 12584822
42767210 20435841
42767216 11464683
42767217 17707614
42767219 36118789
42767220 42767221
42767261 5624880
42767322 5900754
42767335 38717594
42767392 5904650
2725851 18355589
42767422 5434447
42767424 1263418
42767427 2867026
42767431 12703339
42767432 3220485
42767439 5414641
42767442 19476355
42767443 5902036
10955261 4988407
42767458 3544135
42767460 19976136
42767461 19975902
42767464 13167185
36844391 5903892
42767554 8765589
42767555 35470144
42767584 5903920
42767703 13187130
42767705 8445745
3455160 1571471
42767718 9558394
42767741 7771067
42767763 5903369
42767766 42767767
42767786 17129374
42767788 1654536
42767828 19433638
42767830 4343860
42767849 42767850
42767872 42767873
42767895 26247277
42767899 12702170
42767924 26011336
33098497 5379264
42767940 26425112
42767944 5321567
42767948 2240823
42767958 9220589
42767963 8653653
42768012 2728548
42768062 29630084
42768321 3216961
42768326 22958448
42768363 13187406
17873249 12666112
3451624 22859747
42768374 19957009
42768375 32677303
42768404 6044121
42768405 26444465
42768429 5906032
42768432 35650229
42768433 5293026
42768456 13171291
42768458 42768459
42768469 10747339
42768488 14575201
42768489 42768490
42768494 29376112
42768496 26439820
42768562 5900210
42768565 18642842
17870431 12012506
42768631 13187098
42768735 8462244
42768824 5902679
42768832 9347228
42768907 12263443
42768908 921278
42768911 5323790
42768921 42768922
42768955 26444695
42768957 42768958
42768973 41266444
42768974 19880002
42768983 26445111
42769004 6450832
42769014 19964089
42769017 19978610
42769058 5375239
42769065 42769066
42769070 5884401
42769073 13181125
42769081 29786179
42769112 19978368
42769128 42769133
42769162 42769163
42769207 36686799
42769249 13170938
42769254 12701536
42769255 17122945
42769301 42769302
42769303 39902993
42769323 11267720
42769335 17676806
42769481 16399299
42769483 32677473
42769485 13187362
42769486 22271135
42769495 13187138
42769498 3213699
42769499 9894653
42769503 10749712
42769504 4317654
42769506 24112821
42769516 9963493
42769517 11524707
42769521 12970716
42769525 26430920
42769532 38717193
42769533 19978317
42769566 27724390
42769577 2726504
42769588 198728
42769590 42769591
42769592 6915091
42769605 1557505
42769606 5903820
3450413 5903969
42769609 13188255
42769610 13165041
42769630 2539417
2753485 3044910
42769651 5882643
42769652 26009958
42769685 13187136
42769686 3686219
1896449 36428034
1461262 24713123
42804392 42804398
42817883 42817887
42821033 9235120
42837341 18164380
11261565 3799789
43237800 18162465
43270123 7408067
9386342 19438231
43290904 25959867
43290914 25922530
43290934 11263896
43290945 43290946
43290947 8561688
43290961 12604061
43291045 19979281
43291136 36704969
43291141 30945409
43291152 13187782
43291165 43291166
43291192 5050317
43291193 19977426
24433214 19421184
43291208 25959849
43291209 21371640
43291210 4062128
43291213 17539935
43293927 19368377
1794381 43026663
40718728 2777414
26189858 24714283
43309186 32679400
302102 5453237
43343111 43343120
731648 24716975
16190920 3799666
43365586 7416052
43418827 43418828
43427311 22513225
12130383 43490477
43560617 24157033
43575882 37108261
43650008 30556705
43661908 43661909
11256892 17219266
43702720 38276571
43765208 43765211
43776950 18165750
35920177 43801682
8428206 43801836
43831935 30818662
43832011 9960312
43832034 26445639
43832242 32678960
6919898 12762502
43832553 43832554
43832727 12744040
43832777 3248152
43833668 43833670
43833919 347405
43834461 10209231
43834569 1831060
43834612 23325412
43834739 987371
43835820 13187746
14121064 6838674
43835866 43835867
43835910 3256071
43835990 5906199
43836054 5392823
43836086 38325345
43836394 41702491
43850925 43850926
43850927 13171542
43858269 43858272
1373273 38339012
43860279 9553528
43864651 4785313
4024935 37110161
44064976 44064977
44066112 44066117
44110035 5147180
44110039 1024973
44110059 3835864
44110061 13187749
44110068 10778759
44110069 44110070
44110071 14650269
44110076 16449525
44110085 2997344
44110126 9426956
44110129 3502421
44110131 17823727
44110132 1765180
44110137 12653887
44110148 2141760
44110149 19329301
44110163 13181769
44110164 43962009
44110165 10746551
44110166 1106902
44110170 21106648
44110171 3082372
44110175 38716022
44110177 12117310
44110179 23471503
44110180 12699026
44110181 5378287
44110214 3837058
44110251 2345444
44110252 3570117
44110254 28986507
44110265 38717350
44110268 1097021
44110270 6396150
44110271 31009319
44110272 44110273
44110274 9695258
44110288 5904199
44110290 10408121
44110292 3153777
44110293 44110294
44111098 32264623
44118472 44118473
44118474 44118475
44118482 13168160
44118515 44118516
44118546 44118547
44118548 5903041
44118549 3460607
1993331 26192629
1993331 44124882
44126631 25434113
44129893 44129899
44345380 17432532
44548912 3925561
44548928 14575345
44548947 44548948
44879968 29982865
32636110 3218268
44926305 6732480
44933229 10760107
20366305 41873584
44965630 11264799
24435983 43028822
44965653 26438187
44965666 26445412
44965700 30002726
44986698 8349622
44986699 32678157
44986702 44986703
45213666 6452477
45268992 10222110
45349669 13187111
45367270 29127473
45395030 9833281
45434789 3712938
45446715 11041364
45446741 45446742
45457093 9304803
45516823 45516824
45516825 26427548
2735035 30268128
45517163 5903153
45553574 26247427
45555532 13186184
45933128 30549299
45953600 30698313
46018449 46018451
46078796 5903958
46204954 9102912
23946106 40380730
8770870 30208670
8770870 782144
614506 2208341
730097 10357344
627930 1029867
467125 22760298
15883168 19796862
9012616 16891477
6300135 18162350
22348739 22889292
46405985 23882487
4571882 46408314
273614 5359661
8270648 25961317
206321 46413619
518689 633181
29028229 2206577
893825 18165505
1790777 46423555
27809062 26818483
30745296 46429170
30745296 11264710
46431133 46431143
584160 46439573
581299 46450692
195631 302573
46452691 3796928
6329356 23888262
226420 46457446
25032921 1081905
467124 24713243
15400204 11387235
720247 46470609
256040 46471360
374052 46473429
4126125 26748152
10167318 46481985
2232199 46499218
1065783 16828301
2359340 41631913
8158755 31005973
8158755 2303331
1765964 27160970
1429387 16467248
1429387 17289891
505597 22760268
2370894 22090768
1774575 8147140
5187412 46517140
1959781 12636377
793583 4724693
438308 41120721
7819609 46522193
658776 8800022
117362 39019411
14488173 15803127
46539245 27224209
296164 456615
11666761 46540636
11666761 35316905
42297866 11264681
1792970 46541560
1197244 28724837
3384689 43767396
3384689 46542588
1582474 20864369
46543900 37108172
46543900 46543917
8228556 16449145
46551003 15452750
2370920 11266950
18638638 46557671
46560162 22152649
24360482 1644799
414701 1638727
36796357 5786330
36796357 18165538
2747156 37109122
5225930 17704974
1812437 46569195
46569861 24713646
10360667 46570408
1060318 9823109
1060318 33925515
10626876 22415504
299093 29183951
15624764 31354609
8303132 46576362
46576804 8776381
29575418 15482935
46578997 9423108
6330979 40983056
10391850 598857
557490 44913503
12345547 41130739
34245555 2739249
1651764 2473445
2292725 8294389
46583613 5247321
8158748 46583769
416201 19569439
13250974 28767586
873678 12663463
3495151 28661286
1293226 1671613
825009 46592775
468781 30208378
42055015 27499150
1423514 43030131
614521 46615257
360879 15411554
17091177 15689539
1515983 42292411
22046498 2509076
399226 25961859
5188197 14589697
39166300 46633783
326816 15812844
9164650 15956387
46655723 19490325
5860392 22421284
614526 43767473
8520517 46662007
22348731 31005533
46663281 1024084
23894022 37110307
412158 22367346
46670438 1638832
15836743 33487655
40818160 33494668
46679964 24156886
46680743 46680754
8158743 41089966
4834144 46681708
36534248 11267207
8797153 18164922
29977927 46691694
3465055 41554405
40713364 46704297
245220 16159887
831601 24714215
831601 37107950
766624 14747992
46714189 46714196
8664109 257781
21886481 9921370
15429765 31008115
33661433 5299980
46727991 19470027
46737763 8691437
733972 24152529
16990580 27445848
12345588 43030206
46759983 36370321
510467 23062579
45527514 15393597
17362093 33371341
46806645 18162410
46811088 46811097
28643672 45311957
16101354 46856055
46862691 3082054
33824028 253579
46878145 46878153
15958004 3801538
46896633 46896642
442354 11268299
8770869 25495264
9198112 33929636
46951572 46951575
29424735 3953288
1461261 5311382
46959219 23340144
16287500 37110225
10145684 18165498
47013094 47013101
621327 19408123
41227324 6367011
47032515 24713775
34986548 17321187
46529629 17320568
3690632 41031497
47045376 44577038
648953 43029960
47049250 14579495
5591863 47050661
47060412 12607455
47070858 47070865
47083122 6856088
37763065 3222578
47096141 18165094
47128758 15523518
402133 36029335
8674879 47147661
25896240 14590095
47159832 27740712
9929911 47164770
8158738 47171344
47171615 43664681
47173671 6022770
47176005 25994308
33018955 1653476
47194613 47194622
17293075 9299016
47250478 19768321
23062007 24839039
1980818 11267557
6461263 14592705
47267844 25846045
25835658 18856542
47276713 33929668
28770701 19429385
864918 10137726
8879140 47297069
47297669 15818538
47308205 2655654
31906420 35295099
22653483 47310292
264448 47321509
36117837 45308939
47332276 47332284
47336239 33089785
17471588 29437328
30455418 5900703
2347842 32219400
2627199 3797037
2371078 12678564
752097 11265905
47400838 10352723
47401180 5339951
1895537 41564132
40763830 5877742
47418187 47418191
47423618 2605567
29564486 47430467
33671539 23838570
11495358 11266024
47442528 47442534
47443770 23781909
47446755 43030153
20880367 716044
47453154 18617247
1908829 9459745
47475677 11265233
46574329 47115127
47478326 40683633
11764812 47480362
36059878 47356560
47488773 47488778
2753227 17672068
5863728 47490892
3451775 191623
23183585 38310443
23183585 3800647
47520760 2784537
47521815 9561974
26204640 913006
47524004 15971339
47524120 16159935
47524453 30245088
6305557 5889601
1083277 11266524
47531520 1622231
47535441 5832562
18549932 18164738
45677472 8894182
45677472 47543304
47553985 5375083
15782229 37107075
20317558 37109498
47559636 17305317
47568118 35568020
47569750 47569751
47572184 37110899
47574727 35440589
4167046 36250687
47588016 36366289
47610278 8633122
47623049 25846065
2402206 8283946
10954968 13164865
24297695 19768587
47698506 19768013
47710928 17453966
47734353 47734355
47754401 32676105
8160932 40661744
47757731 5399497
47779757 43029130
468951 12641519
47787515 3801592
158222 17284358
1987956 12052056
25031181 47890548
15501030 47896161
25493226 41130432
47938224 15472378
42170956 47973508
9663542 47988029
47992543 35003100
634334 47992840
48001848 942189
48005526 48005528
48006610 28597553
48007646 48007650
48013629 48013634
8738980 3966293
30167038 26430914
48031300 8287673
48033403 48033407
36014483 43026840
48095013 48095015
48108873 9529935
14293066 38702511
24986543 2214554
48116944 12653049
48116948 5904152
48116952 3252352
3450213 3613800
48123606 25981447
48172852 3286401
22315196 24715599
48198954 41114423
4477993 2764994
4812718 1208675
16969591 9461336
42066670 37947597
472442 22086824
42458209 22483420
48249016 48249020
48284348 18164387
48284579 12699269
48286043 17389086
48303515 1001141
30684564 37931055
1547286 31851802
48397376 5669554
48399284 10053629
48399554 26446520
48399590 5223046
48400560 2199357
3454549 5879697
48400979 46478503
48401089 34226429
48402927 16986932
48408096 25160365
48410234 11766278
48482127 9054719
993251 12117183
48502748 38252417
48505674 16446067
30734459 3220290
48520968 10773182
48520969 19521495
48520971 13187039
48520973 44588713
48520974 48520975
48521008 25952402
39060189 9314344
48521021 9404342
48521042 3001058
19048070 30406174
48521049 3232435
48521119 13188768
48521135 48521136
48521140 31443702
48521151 5878624
48521152 17695563
48521195 4343830
48521209 21939308
48521228 1711708
48521232 5904950
48521233 5373725
48521234 10537048
48521235 16543673
48521381 14044273
48521476 32184320
48521499 5378440
48521534 48521535
2790089 5887643
48521583 5887927
48521645 24976558
10957376 5666739
48521762 12533607
48521765 6451528
48521796 426984
48521854 9529216
48521983 11770033
48522026 21325697
48522027 6855583
48522028 38309385
48522051 12994258
48522052 10759974
43834317 5903916
48522149 23735195
48522154 12679643
48522187 25155624
48522189 10739348
48522199 34545746
48522256 9500901
48522260 5903936
10955495 7513345
48522351 11766182
3454737 26416727
48522399 39968948
48522426 1010619
48522440 12698170
48522441 10779167
48522442 1658644
48522469 28590625
48522488 537896
48522489 15765599
48522533 16337701
48522541 48522542
48522546 4342217
48522547 5905431
48522575 3653328
48522611 5904730
48522616 2534647
48522626 4319691
48522627 5373326
48522641 5164494
48522672 38326503
48522682 5410916
48522684 5898418
48522735 26445012
48522739 23610393
48522740 47739827
32635676 14039853
48522832 2727690
48522833 10761877
48522835 431856
48522923 4341618
48522955 8370933
48523082 7971908
48523097 5890380
48523125 5904329
48523146 13188675
48523184 12694924
48523189 5904305
48523199 12699485
48523200 5372516
48523218 5897604
48523534 31174969
48523586 24521180
48523589 1761937
48523640 26427817
48523642 36665698
48523710 12677384
48523711 29917498
48523718 5905783
48523719 5904091
48523720 5379231
48523721 25964808
48523722 17179682
48523725 48523726
48523732 5377786
48523826 10774290
48524118 17699165
48524147 2536617
48524156 19796665
48524159 9476013
48524189 30154740
48524211 12734884
48524212 5453987
48524214 19517127
48524228 48524229
48524232 19979614
47176006 43303671
48524295 9410913
48524385 38718351
48524406 10116126
48524407 3252345
30733382 1803370
48524421 13173956
48524447 38717189
48524510 8654418
48524511 12698247
48524542 3206017
48524563 19344922
48524572 5374850
48524575 35129093
48524578 17712257
12198613 10765933
48524588 5666544
48524595 12706116
48524629 4044797
48524644 3244559
48524645 603774
3452521 19517639
48524721 13166010
48524722 1500432
48524726 5878709
36223761 5902222
48524750 24245350
36843952 5069086
48524775 19519468
48524777 22100189
48524832 24262163
48524843 13186402
48524853 18030634
48524854 12700141
48524857 9748140
48524860 5375714
48524861 18566737
48524862 3131728
48524868 48524869
48524870 3238591
48524877 38716713
48524883 11768736
2866717 12970478
48524910 10766505
10334855 12652968
48563849 7289541
48563857 48563860
48574512 5883906
48574521 37530847
18443462 10098574
48575152 12616780
48593832 36009137
4745257 11267237
48765950 30208222
16523292 39504967
684855 24713806
18798913 6165686
49003571 8373332
864930 36185541
49028029 8629679
49035248 391069
49035273 36685317
49035299 5890177
49035302 24869560
49035316 49035317
49035318 26841693
49035336 10022097
49035411 5886101
49035445 14039842
49035477 32664423
49035522 42980371
49035536 24246869
49035538 38715841
49035541 39518062
49035571 16471437
49035573 49035574
49035578 22587051
49035589 24716563
25874984 18165722
5848566 3243891
49035644 32666665
49035668 17310666
49035672 3252362
49035674 5904409
36843184 5165461
43834776 13173344
49070368 3852513
345698 31011418
894252 18162457
22506166 48776369
5673174 43028937
49133630 3797253
49144760 21622552
49303410 31008622
1066414 44961073
49403262 18166092
4600418 45789572
49515966 49515973
49545650 12609805
49546094 11264427
49553163 1397339
594282 49555653
49560421 16886954
49560455 37108052
49560466 49560467
49560468 2008818
49561838 43030028
49562396 13188326
49562935 16617895
49563173 38322332
49563814 3236971
10957273 25160337
49564320 5904187
49564328 3231531
49564542 1050291
49579044 13166484
49686350 35597954
49699394 26320198
472446 9426677
49787413 46514796
49787417 17947261
49829834 32671330
49829837 49829838
49829839 690217
49829840 19978951
49829872 836308
49829873 33119332
49829874 1200412
49829903 16105618
49829908 38367845
49829920 17038926
49829923 6434298
49829925 1982162
49829927 49829928
49829933 30552368
49829934 22185469
49829939 16978854
49829940 3245720
49829944 49829945
49829947 3202279
49829948 6398024
49829952 26896974
49829953 32263428
49829954 5379276
49829973 13187493
49829991 26012111
49830009 12657979
49830010 2998880
49830014 201895
49830020 18173341
49830028 3802851
49830030 32678319
49830031 46741926
49830032 15410600
49830033 3223071
49830048 18641821
49838113 12699209
49838122 49838123
49838128 22357256
49838130 5904828
49838146 26444946
49838199 49838200
49838396 49838397
49856238 11264241
50062883 39829439
50243036 10767872
50243037 41128865
50243049 38717841
50243120 5307320
10957274 26009642
50243191 16079887
50243464 21831683
50327344 3800980
50327351 37110826
25587740 16808713
50651723 15741107
50651728 12703889
50651729 50651730
50651734 32450432
50651778 17290789
42765685 19415320
50770260 50770262
50910350 50910351
50910546 49959242
50958332 37110276
51048456 10189087
51055061 44572595
51055071 44404156
32635677 26436643
51120873 23068462
51150060 7426652
51189326 10758003
42769608 38717445
51499479 10739396
51668276 26442133
