823 848
3061 3093
113 4886
35723 35758
40464 40484
189649 189673
189651 189714
230009 230018
255692 255712
81082 269768
398411 398468
593519 593523
752733 752744
899965 899967
939058 939062
336448 945869
1038966 1038970
1145736 1145741
1151998 1152002
1203113 1203131
1204042 1204050
980536 1226366
1227681 1227686
1253406 1253416
1253443 1253448
1473640 1473643
1730886 1730890
1759789 1759793
1769493 1769495
1771318 1771321
1789147 1789151
1790272 1790275
1811643 1811645
1811643 1811646
1811653 1811655
1828287 1828291
1832369 1832372
1834584 1834586
1857811 1857815
1871941 1871948
1909628 1909630
1930552 1930568
1930866 1930868
1969647 1969648
1988880 1988881
1994890 1994891
2032761 2032764
2039828 2039831
2042019 2042020
2100995 2101000
2106608 2106611
2121225 2121227
2126175 2126179
2146306 2146311
2223107 2223114
2315919 2315920
2353175 2353177
2364904 2364908
2367897 2367901
2557629 2557633
2619036 2619037
2709935 2709939
2888312 2888320
2991425 2991428
3062098 3062101
3191520 3191525
3192779 3192783
3192830 3192831
3194283 3194285
3195016 3195017
3197864 3197865
3197988 3197991
3198970 3198972
3312591 3312597
3752639 3752643
3994828 3994833
4130836 4130839
4166185 4166186
4220871 4220876
4568982 4568983
4569002 4569003
4599824 4599826
4752378 4752379
5120903 5120906
5245549 5245557
6336508 6336511
6462804 6462805
6516394 6516395
6780109 6780119
6815917 6815920
6822025 6822028
6913368 6913375
6923207 6923209
6923713 6923714
6924662 6924665
6924666 6924668
6930240 6930243
6969877 6969879
7096089 7096095
7102374 7102378
7102382 7102387
7111231 7111234
7348746 7348747
7490150 7490154
7614062 7614064
7670457 7670459
7687634 7687636
7726328 7726338
7802316 7802324
7941545 7941547
7957187 7957190
7958330 7958332
7971800 7971806
7981236 7981240
7995964 7995970
7996692 7996693
7996705 7996711
8022914 8022915
8043370 8043376
8043388 8043397
8049719 8049728
8069929 8069940
8079037 8079044
8081241 8081246
8081294 8081301
8102030 8102038
1392 8112638
107 8112746
1248 8113126
372 8113237
8132733 8132745
470203 8152199
387967 8175528
4277503 8319738
1395770 8329464
8332435 8332437
1771322 8353937
8369872 8369878
8397028 8397031
8408651 8408659
2485543 8480786
3177626 8556599
8595795 8595797
7804933 8636934
147641 8684066
4784588 8699661
8129329 8719507
4877777 8737577
8767645 8767648
8787505 8787514
3062338 8874727
8881966 8881970
8882134 8882136
8890758 8890760
1956505 8924845
8978208 8978209
8984751 8984752
8999810 8999817
9029702 9029705
4809260 9057054
9087604 9087609
9095520 9095525
9229651 9229661
9286117 9286124
9355946 9355954
9502812 9502815
9506298 9506302
9512398 9512399
9538470 9538473
9538475 9538476
9538482 9538485
9538487 9538488
9538487 9538489
9565524 9565525
9568761 9568762
9576442 9576446
9576489 9576499
9601809 9601812
9636786 9636789
9645649 9645650
9699490 9699493
9728587 9728590
9728847 9728848
9779285 9779291
9784384 9784386
9786950 9786951
9820487 9820488
9940957 5419709
9981917 9981918
10205408 10205417
10225932 10225937
10348950 10348952
10352027 10352028
10379570 10379573
10386676 10386677
7798688 10396948
10437982 10437985
10528770 10528777
10616094 10616097
10729671 10729672
10734105 10734106
10734107 10734108
10917714 10917720
11047532 11047545
11258534 11258537
11626557 11626559
11632108 11632111
11710735 1790275
11727530 11727536
11883976 11883979
12100435 12100442
12279813 12279815
12334651 12334655
12897730 12897735
12925286 12925288
13250999 13251009
13262864 13262876
5036674 13550381
13566785 13566787
13591868 13591873
13656490 13656495
13666228 13666232
13691296 13691304
13753241 13753242
13784820 13784822
13943212 13943215
13943219 13943224
14016329 14016331
14040560 14040563
14097335 14097337
14097350 14097352
14097361 14097364
14123816 14123818
14123836 14123839
14124910 14124912
14125092 14125095
14134410 14134414
14200067 14200070
14276768 14276772
14286866 14286871
14286906 14286912
14286925 14286931
14288171 14288176
14288195 14288200
14475457 14475460
14491242 14491244
14665896 14665905
14670757 14670765
14679051 14679061
14703894 14703898
14768655 14768658
14769636 14769646
14813943 14813948
14834261 14834271
14836229 14836230
14837469 14837470
14866928 14866931
14878606 14878611
14880531 14880533
14899916 14899917
14901746 14901751
14901757 14901761
14904545 14904549
14941899 14941902
14941903 14941906
14942858 14942864
14979175 14979177
15012393 15012395
15034430 15034431
15066932 15066934
15068110 15068120
15068310 15068311
15092801 15092803
15102655 15102663
15106825 15106827
15148804 15148806
15182445 15182447
15194385 15194396
15196889 15196898
15205631 15205640
15205712 15205717
15205759 15205763
15230425 15230430
736164 15249473
2498 15253560
364605 15267823
1824353 15268568
15300827 15300830
1083422 15405536
1312516 15414584
7904574 15437110
4790804 1465868
1561245 15471256
1692875 15484393
4079122 15592239
15603591 15603592
14782958 15632255
15671400 15671406
15765076 15765078
15792797 15792803
15924391 15924392
14105227 15931155
15970382 15970383
16011180 16011183
16031057 16031063
16034053 16034056
16054000 16054001
16075682 16075684
16129220 10522479
2996244 16243493
16277511 16277514
7112260 16317689
16320512 16320519
1730620 16348131
16350105 16350109
16367025 16367026
16449562 16449566
16504059 16504062
9703269 16508392
16521998 16522001
10136372 16527073
16540475 16540485
16551985 16551987
16551995 16551997
16643099 16643102
16730688 16730694
16731760 16731763
16731874 16731876
16731948 16731949
16732241 16732242
16732300 16732301
7815615 16747586
16768412 16768413
16782707 16782708
16799757 16799759
16812832 16812835
7808779 16826784
7557269 16866352
16964658 16964659
16975822 16975823
16976971 16976972
17016887 17016890
17042200 17042207
17122311 17122315
17514156 17514157
11591996 17624326
17656483 17656484
17662608 17662611
17662623 17662625
17662661 17662666
17662703 17662707
17718074 17718075
3020907 17884771
17889252 17889253
18099766 18099771
18443989 18443995
18488335 18488336
18754563 18754566
18875545 18875546
19001722 19001724
19023078 19023081
19082828 19082834
19976869 19976870
20024816 20024818
20311504 20311512
20407687 20407691
20440783 20440785
20440786 20440788
20746880 20746881
20749050 20749059
20749853 20749861
20840870 20840875
20860368 20860370
7984688 20864930
20867244 20867249
20867390 20867393
20867534 20867536
20867639 20867641
20868760 20868765
20940604 20940609
21006273 21006277
21025570 21025575
21030302 21030312
21190153 21190159
21205765 21205767
21220672 21220682
21234793 21234801
1871702 21251923
21370765 21370773
21374624 21374633
21441675 21441677
21498859 21498861
21534446 21534447
21550667 21550675
21551350 21551356
21553422 21553424
21597859 21597865
21613037 21613038
21650928 21650934
21670131 21670134
21700100 21700102
21711225 21711233
21747302 21747303
21754320 21754325
21777643 21777647
21778074 21778075
21780103 21780105
21802523 21802535
21808108 21808110
21819567 21819570
21828768 21828773
21828861 21828862
21829292 21829293
21837000 21837001
21851410 21851415
21871920 21871926
21873161 21873162
21882917 21882925
21885907 21885910
21895710 21895714
21897325 21897333
21897400 21897409
21904050 21904051
21904097 21904105
21904120 21904126
21906401 21906410
21919813 21919821
21920177 21920186
311359 21949746
350978 21954280
17509483 21958836
749928 21970848
21970851 21970856
21981794 21981795
274436 21988056
2164059 22012143
303537 22198052
922180 22352870
4760106 22410876
16218281 22413708
2051681 22428901
5989153 22429731
22436683 22436688
1047477 22444782
22490647 22490649
22514807 22514813
22527327 22527332
1227939 22584539
22588788 22588794
22751878 22751884
21951556 22760398
755820 22797165
6434108 22840285
22867909 22867912
22900996 22901002
11502418 22915813
23017843 23017846
23054077 23054080
23143262 23143272
23163813 23163815
23166205 23166207
7369010 23170398
23186243 23186246
23243747 23243754
23245656 23245657
20413077 23255379
23273386 23273389
23321202 23321204
23356005 23356007
23356141 23356142
23361068 23361071
16772148 23399007
23402096 23402099
23579150 23579153
23614537 23614544
23650636 23650638
23759240 23759241
20413078 24067014
24114925 24114927
24218510 24218511
24234135 24234138
7816354 24234167
24234238 24234239
24253882 24253891
10538371 24731037
25004762 25004764
25020205 25020209
25289749 25289751
25648068 25648070
25817815 25817819
26385398 26385400
26813790 26813794
27132494 27132502
27135662 27135668
27145921 27145929
27156146 27156155
27177846 27177853
27205277 27205279
27220852 27220855
27301299 27301301
27301695 27301696
27307930 27307932
27321768 27321770
27343150 27343154
27371137 27371140
27454580 27454584
27455355 27455361
27630504 27630505
27642679 27642681
27777824 27777826
27785043 27785044
27853388 27853390
27928449 27928451
27929708 27929711
27948384 27948386
27967893 27967905
28005102 28005105
28030720 28030723
28061596 28061603
28061609 28061613
28062347 28062351
28062356 28062361
28062527 28062531
28069923 28069924
28071932 28071936
28116891 28116892
28179527 28179528
28196226 28196228
28196399 28196401
28196436 28196438
28225191 28225198
28233222 28233226
28249743 28249750
28275632 28275641
28275703 28275710
28275932 28275938
28281886 28281895
28295916 28295921
28305503 28305511
1072329 28343655
9794857 28352709
358026 28354357
4764317 28356214
403741 28365957
1455978 28383418
195895 28406773
22449326 28429180
1926047 28493465
12533354 28514849
14931082 28518708
828507 28543629
792394 28551711
28662181 28662185
2469685 28702202
28720630 28720635
20770183 28769959
7798664 28818675
28821293 28821296
2079731 28860725
10124520 28863865
1883682 28866499
28910782 28910783
1857814 28974992
813571 29013702
29034569 29034570
2991426 29074561
29095200 29095206
29119520 29119524
29181293 29181296
15491365 29229431
29229583 29229584
6922411 29232660
29234026 29234034
6742553 29287532
29289344 29289345
29325938 29325949
29400129 29400135
29415484 20585861
7803276 29460737
29501698 29501712
6923952 29504640
29534925 29534927
15163873 29621353
29677457 29677464
29694629 29694631
29700599 29700601
29701137 29701138
29745670 29745672
29765723 29765727
22814402 29894770
30094476 30094477
30094476 30094478
30118363 30118364
30129058 30129061
30167154 30167157
30172057 30172058
30280346 30280348
30289413 30289414
30353544 30353549
12222206 30356519
30369787 30369793
30371119 30371121
30537753 30537755
30541158 30541159
30541166 30541172
30541180 30541182
30541180 30541183
30541223 30541225
30914454 30914456
4441122 30982828
31314211 31314215
31427566 31427570
31577809 31577813
31799354 31799356
20968232 31922604
31924788 31924789
32029576 32029578
32143940 32143941
32148976 32148978
8179869 32438221
32442497 32442499
32613413 32613415
32627629 32627631
33011615 33011617
33107935 33107940
33348880 33348885
33372875 33372883
33401123 33401132
33419977 33419979
33431595 33431599
33505360 33505363
33508369 33508371
33508609 33508612
33508658 33508660
33508694 33508695
33508704 33508705
33509551 33509552
33514652 33514654
33526917 33526918
33655292 33655297
33658932 33658937
33659312 33659319
33659321 33659326
33983600 33983603
34002386 34002391
34018892 34018893
34029124 34029125
34043553 34043561
34043789 34043790
34055261 34055265
34111211 34111219
34132742 34132744
34145015 34145023
34160627 34160630
34165700 34165703
34208078 34208084
34217554 34217556
34217874 34217879
34218427 34218428
34224759 34224761
34229777 34229779
34246899 34246900
34251718 34251722
34253124 34253127
34258438 34258439
34259984 34259986
34268370 34268374
34283924 34283926
34292011 34292012
34306927 34306928
34342077 34342079
34370613 34370615
34378622 34378623
34384026 34384028
34385431 34385434
34399378 34399379
34403023 34403025
34408834 34408836
34461699 34461704
34462029 34462034
34462133 34462143
34474043 34474048
34485030 34485039
34486356 34486364
34495456 34495461
34501702 34501703
710 34524631
1193 34524706
9006 34524776
781324 34546001
8965358 34546010
348284 34697999
859687 34748390
29798 34906634
34988940 34988945
35044735 35044742
34247531 35052405
35085482 35085486
35109321 2881572
27690883 35164975
2287237 35170832
35185270 35185272
3718800 35195370
2106745 35204207
35210893 35210894
35218523 35218524
35228166 35228177
35299739 35299740
34242992 35307210
35326110 35326115
35335226 35335227
35369747 6258503
2969290 35481213
35502377 35502378
6308458 35521719
35527681 35527682
4042594 35544523
35584999 35585002
35590512 35590514
35612471 35612472
35663353 35663356
23651925 35664920
30280349 35666184
35692236 35692238
35724912 35724914
35729160 35729161
35823562 35823563
35831402 35831403
35854527 35854529
35854610 35854612
35855185 35855187
35857577 35857578
35873513 35873514
35894324 35894325
35897689 35897690
35897953 35897955
35899007 35899008
35899059 35899061
35901118 35901120
35902309 35902311
35906631 35906632
35930008 35930013
97 35979943
35985298 35985302
36005575 36005579
36050150 36050151
36057320 36057321
17413571 36066917
36082600 36082603
36119700 36119703
36185893 36185895
36222689 36222690
36244188 36244190
36343740 36343743
6920955 36448584
36562890 36562893
36647207 36647209
36657900 36657901
36659063 36659064
36659648 36659649
37403594 37403595
37654890 37654896
37766697 37766699
37854627 37854629
37868870 37868880
37881334 37881336
37906922 37906931
37987290 37987297
38529906 38529907
38656505 38656506
38660469 38660471
38987392 38987394
39016915 39016925
39099758 39099762
39367072 39367077
39367105 39367111
39433413 39433415
813558 39485012
39520930 39520932
39522164 39522165
39553231 39553240
39584817 39584821
39625846 39625857
39658063 39658070
39663903 39663911
39665161 39665168
39665222 39665226
39665233 39665239
39736008 39736013
39746081 39746087
39857234 39857236
39857486 39857488
39868422 39868423
39870635 39870637
39877118 39877119
40009984 40009989
40121419 40121420
40153483 40153484
40153815 40153817
40158539 40158540
40199186 40199188
40274030 40274032
40356440 40356448
40360231 40360239
40371898 40371900
40373058 40373061
40374047 40374055
40383694 40383696
40395924 40395927
40447561 40447567
40448103 40448108
40448164 40448170
40448471 40448479
40459765 40459766
40467780 40467781
8080271 40468692
40472273 40472284
40472361 40472365
40472386 40472392
40476651 40476655
1156 40509592
1174 40510035
10720760 40518835
8044647 40526173
1828248 40527326
34247915 40575609
34247915 40575610
1976930 40599854
29084043 40682431
7804952 40684383
10635396 40699143
40750374 40750375
40751887 40751888
29566490 40818667
40842829 40842832
19039578 40854534
156173 40873015
2447577 40896723
555264 40942346
8068629 40958457
7798668 40968666
40974007 40974009
7290324 41011114
2037367 41020926
814849 41038666
41052982 41052984
3013043 41062100
4591882 41143740
41185176 41185180
1734066 41205584
41211396 41211404
40234328 41283961
41314311 41314323
1976945 41407977
40239697 41418146
41437454 41437456
4307486 41491415
41507130 41507132
41514052 41514054
41515127 41515130
41536947 41536949
40805676 41549181
13111288 41553641
8683932 41589605
41651808 41651810
41651824 41651825
41651837 41651839
41655019 41655023
6922528 41708740
14791836 41734840
13092719 41737008
41740554 41740556
9035362 41770440
41809643 41809645
41810510 41810512
41812536 41812539
41855343 41855345
17134031 41979681
37655159 42006580
17464627 42020127
42045284 42045288
42158615 42158621
42315884 42315886
42450186 42450189
42587041 42587043
42587046 42587049
42588845 42588846
42650494 42650497
42784438 42784439
43008422 43008426
7550742 43321636
43322688 43322689
43648171 43648175
4735953 43776660
44003412 44003415
44116040 44116042
9486869 44128040
13136748 44135055
44367278 44367279
44529991 44529993
44632152 44632158
44812782 44812783
44882714 44882722
7801178 44923422
44969202 44969219
44969202 44969220
19009517 45253888
45270872 45270882
45285687 45285689
45300695 45300702
45343024 45343031
45351096 45351102
45371055 45371057
45371406 45371407
45372128 45372129
45372214 45372217
45372227 45372229
30455264 45380031
45402391 45402393
45403074 45403075
45422698 45422703
45461625 45461634
45512405 45512410
45513109 45513117
45513147 45513151
45513191 45513196
45513203 45513207
45520346 45520350
45677717 45677720
45706255 45706256
45707765 45707767
45799352 45799362
45825388 45825389
45851903 45851910
45947063 45947065
45947163 45947175
45988705 45988707
34163889 45997067
46000526 46000527
46002023 46002024
46003168 46003178
46074425 46074428
46076907 46076913
46078311 46078315
46086522 46086523
46094930 46094931
46095253 46095254
46118045 21670134
46190183 46190192
46190491 46190493
46218027 46218028
46229771 46229780
42205366 46241148
46281352 46281360
46281381 46281387
46281439 46281444
46281464 46281472
46281693 46281703
46304855 46304863
46304954 46304962
4 46342477
12973 46342712
52513 46343176
58117 46344736
1440 46344877
4770 46346623
4025990 46360420
9722 46365945
9723007 46427584
8318283 46445044
2942451 46474903
4061668 46500660
833619 46516571
15426957 46607964
10628340 46665738
22246968 46736981
46753245 46753246
46803314 46803315
46814946 46814951
46872066 46872069
2397985 47066306
47232473 47232474
47284777 47284778
10590260 47294563
10106163 47337981
47343572 47343575
47400867 47400869
47414801 47414803
3023000 47420097
47442963 47442965
47523292 47523299
17639071 47589252
47600148 47600150
47608265 47608269
6417832 47633033
47636596 47636597
47770254 47770255
47784086 47784087
47803427 47803429
17016106 47852343
47863704 47863707
47886188 47886190
47937221 47937224
47949096 47949097
48001885 48001891
38785756 48055598
2002195 48077199
37435817 48084212
48106290 48106295
48114979 48114984
48121578 48121583
48159699 48159705
48164947 48164948
22336104 48195378
46511266 6901063
48312288 48312294
48336404 48336405
5860449 48339918
48344941 48344943
48346601 48346602
48346606 48346607
36813473 48495411
42781715 48516421
48727298 48727306
49064947 49064952
28192758 49383486
49519716 49519718
49521776 49521778
7995624 49633853
49760933 49760938
49853552 49853554
50244184 50244185
50329657 50329661
50396003 50396005
50419815 50419817
50587628 50587630
50587631 50587633
50649427 50649428
50677462 50677464
50719220 50719221
50902680 50902684
50902703 50902708
50921186 50921194
50952765 50952772
50974870 50974873
8990832 51006844
51049426 51049429
51049442 51049443
51050163 51050165
51050177 51050180
51057484 51057486
51107630 51107634
51185779 51185784
51194307 51194308
51254981 51254986
51380656 51380658
51422888 51422894
51447386 51447388
51451988 51451996
51486992 51486994
51494217 51494218
51506416 51506418
51543660 51543664
21442424 51563209
51605508 51605511
51609813 51609814
51644714 51644716
51657456 51657457
51657947 51657949
51664165 51664170
51665591 51665593
51672490 51672493
51719251 51719253
51723410 51723417
51734748 51734749
51737182 51737184
51742924 51742925
51744515 51744516
51757478 51757483
51766568 51766570
51772284 51772285
51780445 51780446
51820934 51820936
51830443 51830444
51831836 51831838
51856233 51856234
51858074 51858076
51858441 51858443
51866887 51866889
51866895 51866898
51889730 51889732
51895931 51895933
51900069 51900074
51900267 51900268
51939197 51939202
51939229 51939235
51939252 51939256
51939266 51939272
51939455 51939462
51962186 51962193
51970401 51970404
51970758 51970762
