64082 64106
71529 71532
158264 188365
158264 188366
11123 190314
210448 210450
210970 210972
211155 211158
70220 229521
188352 235630
188352 235631
258457 258459
278186 278189
297091 297094
297601 297606
297601 297607
297601 297608
300573 300576
313311 313315
313311 313316
327384 327386
328074 328076
89876 345391
89876 345392
89876 345393
89876 345394
89876 345395
89876 345396
89876 345397
11124 370817
151980 241033
396746 396747
419216 419218
423041 423042
423073 423075
423197 423199
431666 389846
435368 435370
459767 459769
498357 498360
500490 500491
516169 516172
517703 517705
282319 542765
608528 608531
369494 610853
610915 610916
613431 613433
681178 681179
689649 689652
690806 690807
693130 693131
693982 693984
245909 694986
695902 695903
705263 68801
705270 705272
706022 706027
706022 706028
706022 706029
725124 68809
730743 730746
369493 254232
736575 736576
746688 746690
757624 757625
757696 757698
623313 767456
774829 774830
774833 774834
780946 780955
780946 780956
797571 797574
797738 797741
806947 806949
806947 806950
814077 814079
814373 814374
819340 819341
369514 824541
826034 826035
827079 777321
698856 856115
868504 868507
872237 325976
872777 441742
875279 875281
909465 909467
910144 910145
910146 423042
912269 912271
923178 923179
923662 923666
934449 934450
939668 85767
959720 959721
964168 57997
990609 990611
990883 990887
991340 759043
991344 991347
991377 991378
1011576 583661
1041412 1041413
1041412 1041414
1050473 1050474
1050478 1050479
1050529 1050530
1050557 1050558
1050601 1050602
1050630 1050631
1050703 690530
1058621 68826
1063986 1063991
1112573 68830
1121209 1121211
1156154 1156156
1197477 1197478
1226974 1226977
923181 1227025
1227441 1227442
1227462 1227463
1247245 1247246
1251088 1251092
1277418 1277419
1289660 1289663
837829 1290160
1343593 705272
1448526 1448528
1482943 1482945
1488138 1488139
1554868 1554869
1554876 1554869
1559072 1559074
1601155 1601156
1619373 1619375
1625163 1625164
1590464 1638603
1659897 1659898
1661473 1661475
1678541 1678545
369386 1682043
369405 1701510
369408 1701532
369420 1701655
792838 1714761
1776927 1776928
1463694 1782406
1782636 1782637
1798295 690807
1947326 1947327
1971410 1971411
1990868 1990869
2021338 2021339
2101435 2101436
2102690 2102691
2115249 2115250
1601157 2115378
2132178 2132179
2161924 2161925
2196117 1714234
2196119 391634
2274763 2274764
2276315 2276316
2280805 2280806
2280846 2280847
2281834 2281835
2281884 2281885
2282143 2282144
2282547 2282548
2282809 2282810
2282812 2028481
2283012 2283013
2283379 2283381
2283719 2283720
2284198 2284199
2284224 2284225
2284587 2284588
2285077 2285078
2285210 2285211
2285283 2285284
2285468 2285469
2285888 2285890
2286129 2286130
2286337 2286338
2286457 2286462
2286469 2286471
2559222 2559223
2559224 2559225
2591515 2591517
2635406 2635407
3021047 3021048
3183740 3183741
3201107 1251092
3201108 3201110
3298473 68830
3402840 3402841
3466971 923666
3570464 2123004
1277421 3572537
3685036 3685037
3706883 3706885
1737030 3761579
3785682 3785684
3789614 3789615
3811521 3811524
4043071 4043073
4043720 440909
4070304 4070305
4070307 4070308
4083498 1823707
4083498 4083500
4083498 4083501
4111487 4111489
4119899 4119900
4125457 4125458
4125791 425048
4161324 4161325
4182495 4182497
4182510 4182511
4184150 4184151
4201530 4201531
4202157 4202158
4276742 4276747
4295051 4295052
4310328 4310330
4367328 4367330
4555290 4555291
4558646 4558648
4565496 4565497
4622272 4622275
4636402 4636403
1619377 4336271
4786529 4786532
4836945 4836946
4844874 4844875
4903526 4903527
4905944 4905945
5082236 277493
5218303 5218304
5218751 1692072
5229379 5229380
5820154 5820155
5829722 2138604
6218180 2757436
6427695 7547909
327388 8124238
8156501 8156502
71531 548320
8174347 3566400
16268 8178630
8226937 4565500
8258623 8258628
8267551 8267553
8267582 1479452
8267591 8267594
69464 8283664
8286757 8286759
8286877 8286880
95060 774830
8315592 8315593
8321517 8321518
8323979 8323982
16271 16250
46827 8332433
8335208 7930152
11079 8338768
8345267 8345270
164343 7040133
369525 7868633
8369311 8369313
2117843 8384979
164341 8385696
4077818 68815
8397241 8397242
4158960 8399252
8423437 8423439
8423524 604247
8423619 1484614
2074550 8430888
8432404 8432405
6803313 485937
8455113 8455118
8455113 8455119
8482099 8482103
8485786 8485788
3491909 8486847
8487317 8487318
7027367 8492424
8492604 8492605
459770 8493392
8514849 610916
8556542 8556544
8564111 1173620
8566156 8566157
84862 8585239
8587596 301913
8593015 8533951
8593797 8593799
8602855 8602857
8603501 8603503
8621913 8621916
8651952 8651953
369500 292763
369496 8662395
2163059 8668506
8671562 8671564
8674144 8674145
8677719 8677721
3821420 4161096
608532 8682870
8684775 8684777
1463692 8688068
8696524 8696526
8696667 874210
8698590 874210
8698592 826035
8699555 826035
8699563 780956
8716219 8716222
8724444 8724447
1197479 8728873
608533 8730941
8733128 8467865
503846 8733680
8734349 8734351
3069635 8738365
8739134 8739136
8743001 4579746
8754603 1185788
2054904 8756791
226324 8756797
8760847 254232
1619363 8760849
3069681 8766959
8767662 1618878
8423332 327964
872240 8455118
290374 8775153
8786835 8786836
8801781 8801782
617332 8802359
8805275 8103961
8809177 68815
8830816 8830818
8834555 8834557
8878685 8878687
8881893 297094
3071120 8889580
431668 8895043
8909307 8804913
8909352 8909353
8909365 8909366
8909449 8909451
8909449 8291085
8909479 2911584
8909538 7796240
8920695 8920696
8924359 68823
8934142 8934145
8934158 8934161
8974538 8974539
8982288 68815
9006606 9006607
9052775 8674145
3071670 9052974
3072061 9052974
9053133 9053134
9113077 8802359
9124296 9124298
9233625 8724447
9260949 9260950
9263123 499602
9267340 9267342
4180355 1482945
9267495 9267496
9268414 9268415
1947328 9289638
9321173 68792
9335282 9335283
9399977 1554869
9405434 9405435
1550465 9427857
369401 9447985
1601158 9450193
369424 9450208
2163057 9455580
9468802 9468803
9481434 9481435
1390776 9514318
1774793 9514931
9527501 9527502
5820156 9527614
9547599 9547601
9557956 8716685
9597789 9597790
9620693 9620694
9635884 1247246
9693809 8135840
2276317 9741182
5074000 2921607
9806337 9806338
9806355 9806356
9833043 9833044
9892599 4125458
9914929 1564441
9932847 9932848
9933939 9933941
9934287 9934288
9934289 921063
9934558 9124298
9934866 9934867
9935052 9935053
9935194 9935195
9935349 9935350
9935691 9935692
1659900 4886222
9935722 9935723
9935901 9935902
9936893 9936894
9937074 9937075
9937252 9937254
797575 9937256
10136974 8590331
10208494 10208495
10228780 1277419
10228781 10228783
10500559 4844875
10736809 1251092
10736810 440909
11035029 11035030
889955 11052853
11056272 11056273
11058520 3789615
11151192 11151193
9492051 11175394
11213497 11213498
11251471 11251472
11260967 11260968
11287907 11287908
11288586 11288587
11357687 11357690
11420760 11420763
11420764 11420765
11494838 934450
11529899 11529900
11537340 11537342
11549230 5060723
11559136 3402841
3072771 11563822
11573134 817127
5217641 11573243
11603172 57997
10954065 9422684
4201533 11619378
11623539 2282548
11623982 11623983
11624169 11624170
6329341 7930152
11626722 11626723
11648034 11648036
11648299 11648300
11699948 11699949
11718377 11718378
11739468 11739469
11739496 11739497
11764311 11764312
11791977 3686344
11791980 542765
11792993 4070308
11892002 11892003
11965037 681179
12012385 3789615
12016789 7930152
12016789 8291085
12031687 12031689
12037710 12037712
12037715 8493392
9798264 12055919
11831859 4790231
12137355 2286462
5839646 12156061
12169427 12169428
12219554 12219555
12219700 3545671
11619379 1048766
4809244 12252182
12262736 12262737
12525639 12525640
12548298 12548299
12561751 12561752
13112060 13112061
13112089 13112090
13112453 13112454
13127121 13127122
13478762 13478764
369530 504924
3616595 15249569
512614 548320
15286962 3402841
16267 1417238
2098341 15331779
2098342 15331779
15338425 15338426
15338428 15338487
6710402 8755447
349780 15387293
3072726 12106056
6719089 15417013
89088 15422122
3070372 608531
8321520 15423090
369506 188366
15432388 407295
15432973 8214925
11260365 15433195
89090 780955
10379242 15444286
10624667 658892
15453030 8340403
15453030 15453032
15453030 15453033
369524 7868633
295371 15455933
15467261 15467262
15486813 4555901
814080 15517523
15518085 15518087
15518088 15518090
423201 15518107
15518168 2948673
15518173 15518174
15520990 15520992
15553990 15553993
369513 5971469
6859926 15416397
15580424 575109
15585246 61283
15588162 68810
8495869 15588819
15606890 15606892
15607336 15607338
15609732 15609733
9514319 15618961
15630888 15630891
369521 327079
2834561 300576
15649740 7930152
613432 15314296
15658445 15658448
369512 8696526
15707532 15707533
9052778 546499
15718701 15718703
15718701 15533180
698857 15719917
871981 15720336
143828 15622443
15722650 8433638
15722650 15722652
9931511 15723436
369396 15724604
296084 15728147
1782407 9514931
15736197 15736199
8934143 15736348
15740699 15740700
8602858 8602857
15742700 15742701
15743725 15743727
2054907 15744959
3070435 15529782
623312 9225036
2594450 15752345
15765602 780956
15768619 8584175
15775733 780956
15775735 780955
15775937 15775939
15779181 15255657
15790256 15790258
15790256 15790259
245207 694986
10659319 15792068
15801682 15801684
1870410 15805362
485278 241033
10704381 15808737
15815563 15407449
15821880 8670869
2054905 15829690
3071678 15838605
369511 15841105
15841378 8724447
3071705 15841502
15844052 15844054
15844905 9235505
4596223 15846150
4596223 15846151
4596223 15846152
15847167 15847168
4907076 15852710
15864895 15438829
588983 8611723
15871461 1779225
15872020 8180058
15873898 15873900
15874873 1619375
15875665 15875667
15876887 8332433
15881350 1559074
15919194 68826
1648981 1604149
566362 9177397
15946029 437278
8600319 15946498
1289661 15948451
8156504 15949392
9492050 15949749
327387 15951537
15970482 15970483
10625609 15970585
15970590 15970592
15971320 68825
547775 15976218
15983689 15983691
3754804 15991285
15992064 15992066
15736346 15992644
16045932 68815
16064401 16064402
16072253 15822412
13935416 16104556
16104911 16104912
16104914 10319003
16105382 16105383
16161879 16161881
16205155 16205156
16290758 16290759
16298151 16298152
16302384 930546
16306199 15263107
9331774 8621916
1025138 8432405
1025138 16340401
16353383 68792
10626301 16361875
16364120 16364121
16365847 16365848
1661477 16380002
1604901 16387660
16395585 16365734
9620695 2811519
16410971 2309444
3458986 16424212
16435380 16435382
369382 16452331
369381 16452341
16455006 11254921
369402 16467817
369422 16467916
369418 16467917
16470487 16470489
16477200 8630306
369391 15724604
16489997 16489998
16498512 16498513
9450194 10327788
16529304 517705
16550095 16550096
16550311 8442615
16564389 8812158
16693373 16693374
16699540 8741272
16714071 16714075
990888 16718691
16728693 16728694
16778466 1296579
16853179 16853180
16866220 16866221
16918292 2719709
16918627 15728147
2280809 16919764
16919982 16919983
16920007 546431
16920101 16778657
16920697 16920698
10728074 8934161
3071804 1303444
16921842 16921843
1277420 10228783
9934627 16922196
16922281 16922282
16922407 542172
16922419 16922420
16922985 8616930
2283658 16923079
16923292 11718378
16923343 16923346
2202515 16923358
16923359 16923360
16923468 16923469
16923472 16923474
11779942 2105539
17040152 480370
17108331 17108332
17175135 17175139
2284773 17571472
17664664 427070
17710838 16292462
17755130 8291085
17755130 300576
17755130 7930152
18079733 18079734
18126160 18126161
12279498 18184249
18184457 4161096
4558649 18241079
18411107 18411108
18418999 16801009
18422772 18422773
18440452 18440453
18453201 18453202
18453207 4120414
18458463 18458464
18487419 18487420
18491984 9842746
18506172 18506174
16808628 11571632
9937257 16970484
18507715 15614768
4184152 18507784
18508710 1478985
16922784 1835814
18529690 18529691
18529746 1908430
18549979 460190
15855614 9737439
18665029 542765
18747058 668370
18830337 18830338
11622068 116236
4728462 8995312
837830 18954510
18988336 18988337
18993981 18993982
2462880 18996087
369431 19005927
369431 8442615
369431 19005928
19046453 19046454
4967398 2286462
19071208 18422773
19071209 8194717
17108342 1226977
4276745 11699949
19078722 10757779
19079200 19079201
19081799 124813
19081800 655313
19372226 16547468
19392585 11529900
19769697 19769698
19906349 19906350
19906504 8370893
19930965 19930968
20254386 16161881
20459706 20459708
21971902 332748
2109290 21973394
21975771 11151193
512617 548320
11122 8755447
67277 21993039
67277 5594095
3128982 22047231
73185 15548766
16104259 4748573
17280522 16362163
73187 22083212
73187 22083213
70260 826035
10650769 22128614
10650769 22128614
22129504 22129507
258461 22136398
22138041 22138042
22157037 1971411
22174786 22174787
17175138 22187054
22188343 22188345
10229713 10150513
22194649 608531
149022 1112498
22196299 17423313
1064284 22196726
201875 548320
3072514 2115378
22204439 22204440
22206877 22206879
17175136 22206901
369522 425810
369503 22232622
22257385 9479073
369419 16402343
369419 1701655
11227948 22273095
226323 22285965
22305997 20795245
22345735 695903
369527 22357487
7034756 22332407
22366685 16559467
22368343 22368344
22381693 8464078
295370 15970592
22384269 22384270
644558 22386282
16435383 19299253
84860 241033
22394201 22394202
550361 2359380
22397487 22397489
22401644 1621297
4062587 394785
4622276 22406128
22406774 730746
10625726 22407098
15607339 22254634
22413988 22114250
369492 780956
22414046 22414047
22414967 22244427
22425360 22425362
22435148 22435150
22435245 8198938
22439234 21611250
22439234 22439236
22439237 8250947
22442074 22442076
22442074 22442077
22442078 15255657
22442078 15722652
22442595 22442597
21736575 22443719
22443925 780956
22444743 22444746
3071122 22445217
22453888 22453889
22460977 8788019
3070789 22357487
22463930 16453478
369423 1701655
369423 2453788
22467679 8455119
2584270 16404398
369508 14937494
875282 22482307
296085 849921
550362 2359380
22485242 22485243
22486624 1858143
22490778 15469392
22490984 9136930
2054908 22285965
520602 22495364
15830379 8934161
942011 22306161
8583905 1430427
3178865 22506934
792839 22016399
22507098 8384280
22508998 22114251
15844906 9769480
22510736 10011815
22518490 22518491
22531619 22222897
6717703 406359
413246 8611723
757700 15873900
693985 22533229
22536793 22536794
22536793 15531278
22537438 22537440
757699 22537735
22537786 300576
22540629 22540630
369426 22562094
22386835 22587603
22587606 22587608
22587834 11739497
10626285 7796240
22605334 22605336
22606490 2919317
15992642 22614067
22616448 13661822
22626246 9532718
10625714 68828
22629405 68829
22629423 22629424
22629489 333145
22630458 68825
22632603 8387260
8991895 22047231
22639673 1554869
22642831 68815
15992067 15520071
3072030 22357236
15497554 85767
15843872 17446829
15606893 22693170
11494839 10228783
22735805 2021339
22745306 389846
18416968 68792
22759337 15614768
22759387 8616930
22785133 10011815
22813596 9846195
22823209 1031799
3087678 22824370
22858125 22858126
16205158 765202
22867477 9776233
3017536 22709320
1258396 22138846
22947586 68792
9260951 22954696
22993424 22993425
22996138 68792
4077815 68805
4180349 8610803
18504754 8610803
22996146 22469578
22996148 22996150
23002621 389846
23034862 23034863
23089762 23089763
23089789 22213771
369384 23091478
369385 16452331
484117 15533298
22518492 23100005
23101387 8473913
2282460 2084329
369394 15724604
369403 6094125
369398 13361591
369412 23106682
369413 23108484
19118055 23115332
23148841 17423313
23165089 23165091
23165099 4202158
23165292 1980449
23177079 8468982
23177082 23177083
23177183 16282142
23177236 23177237
23272846 23272847
23272852 1169595
23304572 23035346
23324802 23324803
18372305 23331098
23340443 23340444
23348248 18723120
1554137 16394315
2030557 23367924
506052 23367926
16911702 15838605
23386293 23386294
23415254 23415255
23422300 4732172
18835037 8934161
23530247 23172957
23530706 788498
23533347 117248
23533497 23533498
23533784 2459711
23533882 1564441
23534361 10016834
23534464 1303448
15983692 22306320
889954 23534589
9934290 15321547
23534592 23534593
23534672 16776049
23534962 23534963
23535038 9741719
23535070 16992150
9514413 11175394
23535581 23535582
23535787 23535788
9935694 2236394
23535789 23535790
9935756 2704427
4557739 23536339
23536344 23536346
22386949 23536353
23538813 2175055
17108311 23712625
17710840 16495685
2284774 19024039
23925601 23925602
24069100 8514591
24282556 4477252
22759339 15614768
24448364 18848043
369528 24497974
369528 1928623
24498004 24498005
4125794 7930152
18652651 7930152
19920412 8802359
24523773 24523775
24585643 24585646
24598109 24598110
4180581 15450489
18241080 24670144
24702295 24702296
24706364 24706365
18761973 24710726
24731546 16307166
24791096 13257428
24926591 9189407
24980000 2363724
24981979 24981980
24996068 24996069
25001042 18458464
25001366 25001368
234341 25025237
19267819 25043360
25043361 4599602
25047667 25006204
18506514 15788178
25063067 25063068
25063130 25063132
25063148 25063149
25085566 712472
25105404 8866369
25140498 25140499
25150061 19944203
25173797 11648036
19912598 542765
25199486 542765
25199573 953364
25200267 18105555
25276948 15902209
25284575 25284576
20673532 25364375
13128737 25393367
13119614 20039786
48967 19299257
25563770 3686145
25587102 25284576
25063150 25000955
5839643 19252951
18549980 25589613
25617546 25617547
11648301 1643562
5825467 23397924
25617623 11739469
25645668 5835302
18126163 18638501
25790126 25790128
25890907 23264876
25939144 25939145
26357085 25364375
26377052 4073339
26415578 1234297
26714142 26714143
26714142 2757436
26716597 26716599
27127250 23622444
27153945 2281835
28072077 28072079
369510 15444152
11078 28368632
11078 85767
11078 92089
11078 28368633
11078 22082007
11078 7930152
174050 28379956
16269 292763
1184431 1184429
573210 8585239
15338427 28430627
28464258 22068772
28467668 28467671
1189623 23280318
28478607 28478609
28478838 934450
95059 28481659
24149824 17284958
9371761 583661
28494394 28494397
17566997 28495824
27885 27877
25292020 5121724
11121 16435382
11121 1753124
11121 370817
11121 15777955
89089 780956
9876119 573215
9876119 8489748
17093880 300576
369523 300576
28537534 8903902
6740626 28551175
6740626 8573880
2740573 28551221
15340491 3183741
12037713 1501003
2117845 28569836
1764281 28572486
3525452 1617702
28591268 28591269
28595242 28595244
15518108 1460993
28595316 9964646
28601202 16764259
695905 695903
28486995 15743727
8781284 8523101
17285694 8481775
28658339 8546608
8493393 22712142
28694444 435370
10624915 15743727
28713458 22893763
3070685 8318878
16529596 28734455
3014022 8455118
7034371 874210
1764282 1764280
1764282 28749716
1764282 28749717
28760487 28760488
8485790 21995759
369491 28775021
28776497 28776499
369497 8541623
693598 18457150
28788244 28788246
28788650 9433075
2117846 28790249
3072238 277493
28684372 15387293
746692 1705962
27923392 28812216
28840842 389846
811273 28846405
28850507 28850508
369520 15537126
28873700 68787
1676877 16395573
151979 22495364
84861 28634212
695904 28878525
8772115 15897194
28891011 15621454
28892595 15908372
413247 8488152
3671008 10895832
21095634 18135526
991380 15622020
3072059 440909
11260969 28968411
399676 9177397
28980711 22748657
17858293 9064683
28985216 24991233
28986868 28986870
8600318 1927270
29003363 22375338
29003386 15879993
19125470 17156397
3072728 29050753
29064498 68815
29072741 8743942
210973 22009931
63752 29084068
63752 15671168
63752 480136
63752 29084069
63752 29084070
29084105 8291085
29105853 22397741
29108270 29108272
17595642 29156962
369428 2358261
29220979 23017995
9267497 16043820
369427 29231500
29237122 28635388
2462878 18458464
29253062 16981006
9597791 15894545
29286540 29286541
29288089 11156122
29288393 68787
29295333 391634
29295593 16375575
29307197 16111134
29319336 29319338
29353954 68786
29353966 8610803
18416972 68790
695795 8585239
1600340 1189622
29401349 29401350
29404707 569196
29410881 16391070
9405436 753777
9267498 29437395
23534562 29443053
369388 15724604
990614 432275
369397 15724604
369404 26605463
369411 29457925
369414 23108484
15768621 29302600
369389 15724604
369390 20144295
29474830 29474832
3072702 1666926
15768620 29514010
29514172 29514173
29525218 11624170
29525376 432275
29525386 1163219
29605721 29605722
29686787 9773766
29757568 29757569
29763227 21648214
29763249 22082007
11175395 16725687
29785472 15245835
29809559 29809560
29855849 29855850
29866328 1295676
29867215 11642285
29867630 29757569
29867837 29867838
29867940 627799
29868168 573208
11624171 903179
16920008 10256227
29869505 23367036
29869506 9738130
29869535 29869536
16920700 8851112
23535071 389846
29870364 22378993
29870481 29870482
10625933 29106031
29870676 1488139
29870933 22378993
9935725 8934161
29871638 16921843
29871836 29871837
29980226 22250468
30017018 15744130
30321312 9818080
23535899 28785950
30478022 30422218
30533593 477864
3183739 4913388
11556084 28990740
9935755 11624170
11347689 30205201
30976109 30976110
4276743 30994575
3572538 18407142
369529 19299257
5218770 12478705
19781636 31251526
31270222 443175
18185549 11570309
25044212 68833
31290903 18458464
31291424 11772430
8626068 31292919
459771 5126594
28353800 4161096
22993426 6205247
31335098 10078401
11573068 31335747
31351140 4883677
31374219 15908691
8156503 5582497
604270 15951537
5190151 31416564
31435174 31435175
31437255 28792907
31437498 31437499
26384726 31439432
31451308 15389499
31457653 31457654
8680285 22485243
27210644 5197866
12262738 30561205
31671091 31671092
31682293 9253392
16866222 30317078
19202859 31753555
1737031 10064443
31836165 31836166
31866065 31866066
11739498 31872926
20772426 31874340
31875853 21973356
17364259 31895165
31924504 31924507
19105781 31974792
31974997 1303460
31682295 11571844
5082237 15455933
32145795 17093156
32448367 22344029
32496289 32496290
32613370 32613371
32613496 32613497
32613740 32613741
32614273 31928903
32940246 32940248
9741183 1428426
71530 548320
34560388 7930152
34650726 38354
16272 301913
16272 22251649
16272 22455435
16272 8618351
73186 15453032
369495 15407449
34721134 2115378
22482308 28822234
28486993 21939101
3542284 18638501
3178822 28609074
34759139 22341025
10285456 34764417
17567962 8299480
31250851 68787
22705011 910145
34773087 8466107
30362311 34773096
34773129 15942765
30462854 28947547
30463019 17683539
550360 16454044
34806937 8805014
17567264 10228783
34825349 1461604
16718692 542267
512615 34829206
369526 28515016
164342 241033
34853275 12462604
34896334 34896335
25393368 389846
507627 34906550
34912681 8934145
7036626 22442077
369392 15724604
34945425 34945427
3071139 22538472
24147875 9467917
369378 34957076
34957139 15450895
697502 7040133
8603504 8805014
34972788 780956
2163058 29752724
2282001 34981581
3070791 34983039
17650774 15897006
34989030 909467
23278577 8790462
63751 28918690
34996348 34996350
34998548 34588556
22453890 28630262
35009597 78075
29283301 24137056
245143 35015263
369516 435370
23847896 35018146
290629 35026693
35027905 4622275
22287145 70259
22188344 34926648
726467 35029781
2363890 1179445
22614066 22447383
24149334 16447231
808128 9980103
22257386 695903
35052226 15774893
35054417 8444989
35060282 9647344
22287147 35062053
35068350 30996682
278332 28990740
352768 22479919
25130893 35084583
16847673 8934161
29003417 35112819
35118600 17568245
17567918 35119888
369387 35120637
369387 32832085
369387 16452331
15927316 16111568
8323980 28604455
399675 35140123
30463078 8934161
35156929 35035198
35157686 15530214
35172454 22537735
35172598 9405435
35172629 29022092
29003418 8851112
19136286 18550410
35174807 1455728
17567707 68830
35257653 8630306
35272437 28758036
35286949 15949749
8674146 8674145
35293987 16275232
133404 8402711
16104915 35294375
3087692 6730600
35414856 10388006
35446165 15533720
22785135 11156122
35460447 35460448
22858430 28779770
35464758 548320
31333671 2111681
13128677 809549
29870105 23089109
35515447 68792
35515453 22709320
1487887 23534589
16803090 9811225
16410972 546431
3823138 16297261
30463573 1156156
369415 23108484
369417 22548473
35623225 1554869
24702298 25629557
35682940 934450
9526884 30117796
12041950 2507655
35753514 18518432
35824976 35824977
35840821 35840822
35851608 35851620
35857884 734800
9597792 29304288
35915598 8478663
35915599 8668483
35936934 29877806
2285285 17353598
35959616 8369313
35959617 22820984
16205157 8466823
29855718 36003936
23538814 36009895
36013578 16412777
36013598 11893291
36013891 24245621
36014758 15441908
36014902 15387293
36015304 1156156
36015415 15983433
36015817 627799
36015818 28793259
2281331 36016532
36016660 9499709
36016852 9376399
36016942 4123672
36016992 2971252
36017157 11764312
11151194 22206901
36017241 36017242
36017302 2739564
36017338 18411108
16921889 10228783
36017658 36017659
36017729 8724447
36017816 23952850
36017888 36017889
23535791 18981227
2518138 36018735
25046378 35341829
36124189 1050558
36445175 29368539
36482434 36482435
36596122 36596123
234340 16135712
36882282 8417953
36888248 2757436
4158962 36917474
36918320 712472
36982851 36982853
37013606 37013608
2466410 5626055
37096321 37096323
2285286 11288376
37104387 422666
37222868 9840146
31641911 37251919
12486327 29883870
31669439 37341151
37128933 4123920
31333785 4851409
37385879 24059805
37385899 18458464
37386278 37386279
37442019 28552991
18828910 11718378
37447912 21497663
6811138 17423313
37466304 9718396
37486526 12136699
37546114 2284588
37648143 24626318
37654413 16290913
37654920 4123240
37654959 37654960
37726603 28698765
19118059 11288376
31028706 16498513
23536340 18981249
37766275 37766276
18523228 20228916
1702245 9966770
37905493 19944203
37918796 30926592
37944147 29625936
37944152 16447231
37944195 23421248
37973111 16992150
37973169 31801988
26376514 8370893
38133538 38133539
37766277 38152019
38157583 11254748
6353892 2123164
38231062 11739469
38231125 38231126
4558650 38471449
38491206 38491207
38548681 8389224
38653599 9811225
38656899 1165754
38656899 38656900
11012151 11288376
38970070 38970072
1702253 17129529
10435617 28467671
2109289 21973394
22490780 40560125
8566158 22453889
75185 28704513
161926 22215242
78552 610916
36312711 5594095
133858 40669313
133858 8434954
133858 40669314
133858 28609448
133858 443049
133858 15534382
450365 9000687
24154129 28846447
24154129 800489
40706740 1484614
17384220 737543
24710727 40708499
15709309 85767
15709309 40715368
28486996 34787491
36609495 3811524
40753128 34558589
24148400 36372509
40764473 22114254
2937590 22406128
2937590 3183741
2937590 4161096
18158776 10467295
40695728 40784455
40819056 22082007
40819056 330068
10285481 23386195
3222710 29426339
22287150 8433638
23535834 8546608
4180351 68809
40921082 40669313
369519 8288781
3070259 22462778
40926196 22223369
40927045 1063991
16282787 36264511
30155125 22213895
24210781 40937652
22632606 28656788
5839573 28569836
403762 403760
369502 22232622
35447984 35448060
40960765 23363345
40961027 20420358
8437976 202553
547774 40966609
40977775 600558
40977781 254232
40977781 780956
40978880 22443719
40978880 780956
40978906 40848666
9052779 546499
40993333 22067247
369395 15724604
23535483 34857305
17565797 9544243
290630 290625
22287148 28487126
22287148 8618351
17608762 15548766
520603 15885116
2053077 29940928
484115 17411716
28878526 1050558
40727679 22232622
41034408 8715066
15763714 1811328
10625447 28791114
910198 41057928
588984 23115345
22533230 407295
41061279 1156156
41062111 15617988
3071213 40910271
41071540 35092022
22587602 22858180
15847169 23179439
2117842 188365
41125427 34810380
41132998 41132999
295369 15970592
295369 15455933
41144676 34810380
30463690 28967828
4077822 68823
4077820 15451006
41122012 8362667
41157478 1303425
41200412 41200414
41228691 29716524
10656799 22356972
36598226 41110522
29869357 22464912
17580218 1156156
41260310 16142476
41265348 40755989
41265349 29285450
30462147 23551371
30462147 41265448
30462147 31686083
16104913 498360
41292399 34859133
41300525 9232165
41357068 22824370
41374184 9481435
41387054 16064402
41400240 1853325
22785134 10011815
41419100 22709320
24106187 68786
15949393 22181542
29253063 16280975
24523774 4123245
25046238 68809
25046245 68815
41437543 68809
41440545 41440546
41441270 16678116
41465917 136717
16626865 41478230
11527848 68792
1290163 16642013
41484020 1554869
41486620 68797
41492864 9647844
41512782 16105383
41528648 15895559
41534862 29867838
41535107 15399882
9405437 22258621
16290760 8329285
41549608 34926627
31415049 41552455
369377 2535271
369383 35120637
369409 1701510
369416 23108484
8478995 19954171
41619010 40780820
11621956 41631540
29312922 35732658
41735437 1873918
41796456 1156156
41796457 35840822
30321313 41806651
41868553 15629756
31439433 36347464
9833045 15798480
41907905 17248020
29437396 41911509
41911516 29689913
41916242 19115029
41954052 16300506
41963386 2088935
36016547 9335283
41966328 13661821
29869453 2733601
24149212 15569799
41966653 29387245
41966969 241033
16921037 29111554
15723437 8959817
41967446 2283720
9935351 36166773
41967703 41967704
41968046 37026948
41968146 2286338
23331099 41226462
41968382 1908430
19922045 31782120
11357688 35466502
15262328 545706
15262328 2384896
42069940 3685037
42141449 11288376
14022733 57997
36124190 1050558
42368649 30325629
40773981 15951537
30533595 34672426
42592666 1802983
42592667 34856585
42592668 42592669
42620167 4555291
4579747 42824829
28656792 28656788
12030396 35878248
3183742 345392
43018637 10469230
43019684 22259417
43019751 29752724
18491986 15776306
43101111 9680410
31682294 9825316
990885 18456038
43287940 43287941
43300014 41631351
43326438 10143806
43329029 10034929
43333958 4555901
43346050 22116866
2276318 35985114
4845506 22946553
2282935 41764821
43367138 18529691
24515688 2284588
43443427 4562518
9000463 923666
43463543 36612304
43464217 31682670
19912609 42282845
35533271 16447231
43639073 25036676
31292920 10037234
4125795 5594100
19398489 9811225
4742477 15989959
43808576 32077451
23536354 923666
43825681 43825682
43830717 1554869
5835603 15467262
43853200 2363724
43853419 9647844
43863364 17093156
13127123 1707178
43890263 8564106
15855615 11529179
44131100 42015614
30478023 38133539
6369157 44218420
31437500 31437499
44367652 44367653
1702246 41977692
31404682 44473496
44508659 8564106
25200268 44528554
13127124 44535965
44540540 16447231
44535966 44541022
44965525 35624441
4078268 8338768
42267836 46008599
11144 8805014
161925 34781130
188350 300576
11077 16435382
15338488 46426840
688154 15331779
17567990 40887448
24106200 226977
8267554 210450
8267555 8267553
22206900 11357690
133859 8432405
161927 780956
28485189 1379306
23847892 34892055
30463796 8241913
210734 22120286
210734 41491808
210734 28609448
210734 443049
210734 41229940
1604902 28401672
288254 8426189
2744009 23106682
2744009 40857577
484114 15533298
37128931 587136
37128931 8286880
37128931 2281835
37128931 21648214
22138043 22159090
369517 8177066
38471497 17265408
39469398 1305108
35109766 29452188
10626072 46570151
24148014 7797479
28486994 8369313
42524688 35787772
46574160 9481435
369425 41525936
369425 35104593
8423440 35701201
8423441 28682061
46578476 8545243
46578521 23879092
46578576 46578577
6761987 28602944
6761987 8492424
40695719 46523374
15455928 22005200
369505 1946803
46638286 28846343
40236716 46639780
46694784 28846343
369501 41445312
15529552 28602944
2688304 608531
2688304 23584198
36587659 15687559
503847 34906550
22675861 23443826
369393 44732526
290628 16573184
75184 1112498
369507 38354
369509 15728292
369499 89104
10671104 41293324
64183 22202309
1652879 8586035
35566253 1625164
46780090 31311734
46787153 8433638
46788481 8433638
46790886 282751
46792116 14937494
1184432 1184429
1184433 29443988
3071104 28495824
17608764 444651
46475347 23007381
369518 15453032
42524427 8466107
2117844 36419488
21973647 3761579
46475345 15546874
22287151 8276910
24149451 30424004
349781 40733058
28478840 934450
46830908 41397637
30994574 16737684
2054906 15829690
1463693 35164035
872239 1050602
22287149 29033881
28656791 15795041
46854473 9422475
17934372 29580534
17934372 10394867
17934372 29580534
17934372 23757856
32628994 2332904
46872317 46872318
42824550 8630306
31002616 68825
5839575 28569836
22587835 9695948
46913326 23034863
46913512 2213177
991379 15840882
46919775 35717574
771052 22208142
22442598 34941472
42525055 28604826
1619376 46586529
36587821 28386954
9470048 8934161
46946664 692726
30533347 46947418
36588641 68830
46948715 2134982
46948716 10754600
46948716 22342967
46948741 16728694
46948758 35169904
46948788 22341130
17567726 16475045
17567726 22929913
37347655 15451006
46952024 2280847
8485789 22107982
18416970 68825
30486009 29462465
17568195 278189
37104005 966305
29043238 47066630
47101617 29462465
47115837 28730914
3706887 35094392
3072230 35068759
16302386 16089080
16158532 15988595
31333681 68815
31333679 28882102
25645669 24023437
15740701 35936020
17567721 22434272
47245747 5456276
47260479 16264028
31250849 68790
47279422 43301653
47279424 1554869
423200 16583267
25048933 1853325
5082264 31790128
46968198 28408252
47322169 22368674
9527615 432275
369379 26605280
1554136 9635845
369399 6094110
369399 6094124
369407 15755333
369400 46977668
369406 10433901
369406 9802748
369421 1701655
369410 41786642
19118057 1554869
484118 15533298
47388061 548320
47423167 47118294
47423169 5089002
35683637 2922341
9281889 47357656
47450038 34765703
33051062 278189
23770531 2758776
47562970 23293187
28710440 34862882
2282145 1554869
47605858 17355020
18158689 3199034
47652127 29902374
41888660 15951537
47450027 16447231
36588465 15464514
9936498 22487955
41962243 41277236
47743350 24031151
5826456 36474087
47745022 574840
47745548 15424009
47746922 35347033
47747398 39729069
47747399 16759371
47747788 18411108
9935724 8934161
23534591 2559225
47748125 2286130
17567914 15720269
47748436 2312189
47748478 47622055
47748479 31895165
47748492 36160664
9937076 35352885
47748608 29612820
41888659 43302956
47748894 12169428
47748954 4123081
12219701 306911
47749024 43338761
5074002 46657030
23712626 23712625
47906660 2569846
37944295 35761533
2635408 29373499
30198522 594746
48301045 47423557
29871031 48519729
48556680 40913707
48580263 47523936
48591317 22356972
369429 36675119
369429 41469735
369429 11570899
48665975 2284588
48710341 1488139
48778212 8709708
12156062 18829424
48971562 48971563
49017058 1488139
29546329 10403843
49037812 9640677
49052665 47498680
23443556 18981259
37167528 35715637
4200174 46402084
31837118 29350065
32149600 47231185
18504899 37548223
12978777 20228916
49104216 35347578
369430 41178049
49201899 19525726
5914239 38889499
31243758 23604209
32629045 20326026
49302127 934450
49303471 10529599
49371868 4562518
49375297 49375298
2491961 8521070
9438151 49400212
49483582 28530586
38328892 29120958
49571323 29706296
49580025 49580026
49581529 49489475
5821254 28467671
49584268 693131
49585934 35252678
32168640 25584877
49612623 34961662
49638142 22946553
18509487 23292865
49850457 36345826
49850458 10046604
49850766 18453625
26783652 49856469
14021243 22378993
369432 504924
31701952 9903395
50066426 982538
40695721 1917448
40695721 16135712
12252217 35899350
50223325 46403238
50223342 15990265
13563646 10228783
48565789 50525460
14051099 9275633
