44713 44777
45550 45584
59533 59591
62214 62219
295476 295496
378990 271095
416340 416347
475113 475128
66083 492019
510164 87602
557142 251125
688912 24548
777751 519179
778698 501124
779227 334211
779234 779242
779831 779834
780852 208855
783245 304916
785226 380149
787728 39273
787938 23706
788501 788508
788725 168121
788805 162151
790261 25386
792565 722229
794281 794303
794860 794867
795944 795949
796194 37593
886024 160051
895591 218751
909204 261220
911443 245629
960761 960775
974250 883973
974469 334444
978895 215326
1020817 264139
1029750 42668
1057479 1057481
1058981 81771
1058983 56095
1308559 332968
1458189 423448
1504041 283986
1599232 754819
1819373 987079
2001123 939900
2209195 297532
1661080 182605
781038 99069
2413945 761557
2419580 2419584
2421471 147675
2431560 811204
2460519 1543385
2480852 710933
2486350 763145
833172 2417585
2431562 517230
2621470 479944
2668545 389252
2674929 855998
2733971 1788730
2734719 958806
1882530 207577
2750082 133937
2757911 1682202
2773848 56876
1058984 269661
2778456 1412478
2785433 99077
2802517 437448
2879124 129130
2879167 2066002
2881255 1297854
2882440 838777
1265550 208157
2948748 256702
2959958 459581
2973725 338886
2977014 654583
2998870 455154
1651777 182178
3064463 867370
3077254 1028273
3077352 1351419
3077393 491685
3077401 3035418
3077413 400777
3077473 2246884
3077702 352939
3111753 374584
3111757 3111759
3111779 453656
3111917 99418
3112359 1110710
3112675 469389
3112987 87216
3113707 187165
3113793 95147
3113948 1063120
3113996 723700
3114099 62169
3114129 351119
3114341 789371
3114514 387894
3114774 684119
3114880 1352172
3114931 1574058
3115038 398601
3115143 317103
3115529 165897
3117180 3117182
3117243 769264
3119481 509022
3121668 62028
3122464 2083723
3122924 64957
3124589 405364
3124936 71458
3125662 300332
3125681 478628
3125783 260642
3126105 569274
3127878 1982022
3128338 501144
3128693 104176
3128767 738152
3129013 360214
3129734 698572
3134341 1363516
3134654 1970121
3134699 1576893
3135491 768140
3136112 2381705
3136185 1151855
2973728 1530850
3136502 1071176
3136511 105618
3137282 2438563
3137479 109506
3143106 657641
3143869 226202
3144053 1792648
3144081 644147
3144108 532533
3144709 1111668
3145375 633114
3145585 1031675
3146557 2633373
3146606 381124
3147575 825723
3148937 1060640
3151000 4656
2551543 1384950
3151514 3151516
3151786 629668
3152184 364147
3154605 378485
3156765 469822
3192997 244347
3195380 419696
3195924 1111892
3214962 1100074
3220753 58157
2219169 212152
3268550 250231
3268564 464434
3277116 489655
3277172 4649
3278031 482607
3281489 38962
3287769 337553
3288014 80686
3289757 57125
3290009 414608
3293052 207225
3293988 2072292
3294816 432167
3295079 3295081
3295661 10635
3363439 320863
3538195 125051
3758648 70238
3761233 439962
3791452 280482
3791454 1569835
2874841 208833
4040665 374826
4074953 42828
4075021 850567
4076022 263437
4076344 371869
4076379 447948
4076422 478943
4076487 38389
4077011 4077015
4077039 132928
4077048 361468
4077388 1593371
4077734 213183
4077921 3795856
4078281 528215
4078425 54051
4078534 700174
4079028 1938649
4079282 1093264
4079450 500380
4079517 600324
4079526 59949
4080008 83211
4081483 77311
4104135 193310
4109456 826065
4114775 1385410
4129056 230957
4136862 618999
4194337 1093530
4194593 514325
4194850 2183024
4213688 345510
4560342 305079
4601823 1750522
4746074 1199548
4750327 34109
4750718 460077
4750891 735452
4790016 52474
4843480 84968
5063815 8739
5118893 1109759
5600099 1682252
7083567 472088
7183469 1787879
7662452 249058
7799334 2815465
8078012 248581
591690 255603
8292001 619944
8403073 375908
3054247 531362
2753491 15738
8444967 73194
8450679 269544
3281646 2540778
8535921 1169432
8536192 137222
8536308 964723
941867 997652
8543569 928190
8582786 2885097
8588101 295800
2993107 355525
3283161 380762
8697445 303728
8697454 535426
8697715 1969547
8697902 68876
8698385 374076
8698455 490634
8699003 923570
6437046 453021
8701029 154155
8701232 803319
8701309 188193
786935 61111
2367719 4531476
2877986 526262
8709785 125947
8710017 21979
8798370 642902
8854896 728656
8872820 1100615
8931458 293129
9203190 42598
9246159 2002475
9308213 282997
9410953 672400
9411937 2297688
2616061 348548
1123663 1691235
9694859 791427
9703464 426603
9716090 488436
9773252 1334537
9864626 160457
3266329 346052
9927504 428979
977812 1364983
9956775 220639
3134889 284693
10047442 261082
10048316 213731
10053381 436989
10053420 1170420
10082805 59913
10110378 214843
10163854 1616956
10167449 1131884
10228393 1451127
10268236 480141
10278594 2669731
10281291 3797593
10281941 2678710
794304 552996
10298262 22448
10301980 1247803
10314951 36220
10336182 322888
2839695 167209
10345657 329951
10366499 200820
10379656 387231
10380616 47463
2363301 288061
10450473 294666
10451172 906592
10451892 107575
10453512 3147227
10455362 598026
10457602 157301
10457900 91169
10539391 272339
10137161 40796
10630311 208839
10630699 1756534
10630858 233453
10639162 407523
10659618 129455
10659734 101452
10659764 4613587
10659806 766495
10659810 372420
10660968 178664
10661293 260618
10661356 2288658
10661428 488406
10661595 328706
10661628 357742
10661676 283821
4279188 1039887
10662353 410265
10662813 857505
10662837 1370332
10662926 2071336
10663025 684961
10663118 512528
10663342 271327
10667050 4136329
10667932 829847
10667959 1067901
10669180 179175
10669400 3057776
10669649 700642
10670239 1690170
10670652 47578
10671268 704358
10671777 101450
10672087 3547319
10672536 73682
10672645 215952
10672661 1109669
10673029 189565
10673717 86407
10674061 394938
10674397 282961
10674669 5581199
10674734 242737
10675581 832302
10675622 2779369
10675754 364034
10679205 898703
10679217 849443
10679235 788547
10679458 214543
10679513 215057
10679657 408811
10680003 276039
10680099 1571553
10681446 2130741
10681889 200867
10686839 5076177
10687043 4612873
10687546 101777
10687663 381301
10687665 146255
10687830 389120
10688589 121628
10688717 549767
4075966 551787
10688831 293839
10688852 812280
10688855 395242
10689175 328516
10689409 444631
10689753 114290
10690738 240018
10691046 358081
10691618 2418143
3274281 353616
10692925 934482
10693112 1673070
10693530 292848
10693635 257073
10671778 190384
10694301 176168
10698683 13547
10699920 291378
10700757 385360
10700900 2647350
10741495 2228588
10752191 409977
10758619 642291
233352 262356
10794909 1174494
10795703 217847
10799031 582626
2630254 868736
10799480 99375
10809972 684583
10812300 290797
10812724 2312849
10814348 232874
10816109 259650
10817519 157999
10819596 809698
10860053 48520
10969378 4292
11008738 766700
11525292 1702642
11525304 491455
11525312 627964
11525434 503400
11525637 213277
11526235 265066
11526326 623734
11526475 770587
11526620 845738
11526624 380807
11526685 460089
11526836 517971
11526838 336495
11526926 1208976
3145600 532419
11527690 245018
11528050 381237
11528169 2488619
11528255 4054666
11528818 794431
11528846 348704
11528991 477896
11551768 241051
11551823 885534
11551899 257271
11551993 562961
11551996 440534
11575599 229450
11582079 9334844
11634319 135248
11635772 471125
11635807 84383
11708507 266480
11714359 1961478
11737505 817962
11895541 3450105
11964212 60422
11971926 316959
11997589 298165
12005595 4035482
12006162 1138441
12140798 1187742
12140801 133846
12176422 2402170
12287698 163642
12471945 2348325
13106742 1873583
13106830 1045872
13116000 777872
13145904 398140
14359690 56852
14372896 252955
14936190 1993294
15214649 180382
2359375 309191
1085389 364664
15492958 106863
15501019 304560
788506 565589
386209 256772
8566323 243312
15585286 808576
2363297 255817
15621825 2650415
15628062 449798
8859258 663585
8709786 368393
15717340 254071
861144 1566395
2181575 142145
1176758 728306
3265605 26540
15776932 957465
15778487 59017
15779351 141546
15779736 429176
15779990 1611162
1959174 115741
15780589 937373
15781233 4199494
15782377 458241
4196275 26826
386212 523510
15785843 2521201
2471953 136161
2581450 142291
15842780 1827376
15859148 595365
989655 271640
15692752 268074
10686873 477836
16366959 239161
16389301 1489942
16412743 143354
16441688 218327
16445172 919853
16488325 92045
16577484 756366
16590761 295776
833824 630949
16655399 225095
16713951 1181678
16747309 1118
16847023 687523
2976890 229077
792969 68370
596475 263962
16952883 542076
16986520 52021
17015692 388372
833178 160345
17022233 1904088
17023676 552261
17024835 1356947
17025037 403486
793582 1285086
17056352 535251
17082724 307353
17083005 2844328
17083027 59962
17083728 882780
3252534 195673
8854903 301928
813631 133767
17233037 813645
17244231 246423
786829 434409
1319273 647854
5119534 634846
17339090 226205
17342970 1339094
17354632 431769
17387936 507164
17400697 548968
17404952 66081
17404962 1374120
17405004 399565
17405813 3705169
17407057 609943
1000777 517680
17443499 8836
17458226 979640
11639687 1062333
16018429 275111
17554785 448840
17559528 1670240
17571807 20846
17571834 1006287
17571882 108468
17571894 380133
17571929 3918737
17577069 2637284
17584159 122358
17598015 6038344
17598060 272788
17598196 1326135
17598199 1661090
17598222 237801
17598278 159025
17598784 10997
17599768 2870669
17599907 902551
17600049 3606017
17600205 1244141
17600239 224889
17600493 564794
17600570 726391
17600762 693524
17600781 396363
17600838 1884733
17601123 666891
17601135 204824
17601187 1979543
17601197 1124686
16389304 936867
17602409 463294
2995386 360619
17604272 161683
10693791 129708
17604737 1090751
17605482 52649
3151398 20326
17607165 212582
17607914 163764
17607953 2805143
17608014 2083472
17608085 244859
17608208 834918
17609471 307877
17609673 1071315
17608312 6351055
17609814 266041
17610309 1512559
17610532 388966
17610765 947593
17612217 129679
17612337 673579
17613001 136612
17616497 276005
17617273 2599508
17617854 643557
17618060 2793462
17618191 248861
17618480 129661
17618522 262337
17623492 129436
17623965 48477
17624221 1538296
17624525 61702
17625148 377244
17625283 231843
17627128 89377
17627155 522902
1326650 788804
17628024 9889328
17628330 262570
17628664 1450888
17628959 85865
17630212 123692
4042439 265566
17631175 62364
17631540 767089
4076365 82249
17635448 137396
17658534 297404
17664098 1026539
17666908 1406664
17682710 22666
17686234 938594
17721000 369790
17728459 752715
17729584 271250
17734330 7063
17735082 129353
17735794 164942
17735820 1710592
17735856 390414
17738700 792695
10799296 705139
17739095 517233
17739586 2170887
17740553 1117024
11526232 1459981
17744915 4066654
18414123 716347
18414218 2412137
18414340 440377
18415388 125230
18415566 339166
18415584 1176635
18415911 137285
18415935 288047
18415955 199623
18416395 568699
18416670 134815
18417029 3081903
18417097 2443014
18417259 598821
18418021 170937
18418183 254242
18418261 139275
18418335 298147
18439667 27299
18448233 609995
18456939 77449
2579045 1618397
18461106 665365
18461124 18834
18467329 94068
18488567 148727
18516462 711840
18516466 214036
18518397 1349495
18529669 116704
18529735 1082827
18529737 1134097
18529856 7106869
18548963 36599
18591201 391066
18613732 682698
18746365 3081977
18829704 1996913
18868539 1314381
3280387 1000719
18997346 144967
18997351 164581
3273452 1170434
18997475 229970
18997567 8168726
19029672 1116622
19076517 1163493
2963330 255143
19135990 814207
2486288 138267
19305211 1835073
19324337 2785460
941869 105343
19779559 2247008
2506144 86628
2486286 398106
20882751 2474835
21647071 1885606
21903126 1000854
627929 803394
8308876 1705253
22178772 407952
22184122 243614
2971850 1932029
22205041 376431
22205195 226621
975037 128278
3063715 9855
16449099 957011
10687695 1360832
428914 278969
22389604 462679
3278967 980311
10798704 316191
22442643 213717
22442702 189052
11525572 326033
3290482 261298
22445686 13394
2651951 2256940
4076057 177934
2733973 809333
2507431 960860
8697906 2380265
22450219 829856
15300807 870514
2971602 992069
22451203 272964
22452017 692985
3146996 589163
786820 430591
22454919 4681342
22484988 49794
904387 885073
22581710 402041
9862515 1172134
22651990 484029
834939 120658
22978489 126550
23000665 149135
15975009 1061083
23098334 433889
23217111 337772
23255822 2976245
23334339 4529988
10672663 1590233
23390844 278978
23473731 214984
23476297 481437
13612061 229619
17715674 688066
23556317 252741
23564953 997109
15924768 1456261
23583672 273689
23589808 906568
10457608 161624
786501 1572832
23633547 2517231
23633557 8351671
23634055 707908
23688091 792972
23688978 166354
23689011 365566
802467 16104
23711314 295562
23830579 693941
23831919 238864
23835207 1539404
23845467 1312740
23846828 1986736
23880467 43085
23903141 97813
23913565 971291
23930394 434537
2802520 110429
23980125 192289
23992321 368583
8535906 166517
23995618 54063
23999728 216107
24001361 414721
24002020 633268
24003790 1310248
2180132 127778
24009982 553776
2778199 1843510
19903236 334099
24130350 765205
24151979 776320
24153055 248856
24153063 78662
24153067 796696
24153089 360853
24153103 48704
24153346 2265194
24154031 67321
24176300 132880
24176331 47421
17612219 404024
4750328 28899
24177010 547452
24177025 1735877
24178114 348688
17727045 327718
24178299 919923
24178516 302687
2337551 413232
24178547 1397071
3269390 2960099
3851587 49692
24178760 1407237
24178919 1017242
24179586 505518
24181268 830267
24181341 2068508
24182473 243846
24184055 318599
17538812 84086
24186215 233976
24186881 18565
17609737 208823
24187642 6342657
8009053 582744
24188031 2203356
5195333 1076103
24188381 8401763
10457604 143449
24188986 2707611
24192512 531976
24193672 322513
24193826 564750
24199092 244579
24199823 974266
24199898 566650
24200130 2955671
24200613 1878072
24201055 60320
24201414 61916
24202047 560812
24202333 1084750
24203150 1135105
24203632 1895730
24204741 86300
24205685 1107373
24205902 6621561
24206204 498522
24206738 8224147
24207796 457884
1029757 1837675
24246820 279858
24258143 308104
24284933 697644
24286781 2242
24287410 200272
24289269 275915
24290049 594610
24292084 852900
24292518 1630952
4075955 173173
24304938 261329
24305591 575751
24305629 4068742
24305649 691070
24306017 1308898
24306393 60597
24306962 209212
24310834 7718029
24491365 861044
24503669 2726408
12141236 49233
775302 503410
2513838 140322
3094357 301549
24958238 80677
24958773 391417
24958902 94666
24958945 819179
24959235 827549
24959265 337576
23693078 662538
24959651 367116
781164 118560
24960685 197566
24960842 327580
24961113 3035657
24961191 270690
24961781 2411247
24962072 811337
24982395 2611403
25030808 1158445
25036253 58138
25053897 254605
25058287 56636
25076742 28991
25129686 9814
25275279 421963
25359883 450021
25359991 387636
25387235 131315
25516963 966900
25517143 296059
25517356 898705
25547310 62660
25547359 575345
25582854 373580
25650782 7585630
25816048 9175513
26189133 807995
26372604 525373
26372651 2171573
26765957 659747
21256480 224968
27527021 467209
28321360 63694
2568328 28398
28372951 489530
118483 498087
28431273 21495
21034598 773257
28564444 509303
2223796 18217
28571750 205532
2419583 944327
2616062 634091
12540200 158605
23159673 359671
28687301 311324
28694208 176045
28744503 320631
24959603 132388
28789613 5039281
28791700 164458
13118983 766823
3077665 83277
28824996 406601
24181227 107951
28825250 244274
28825829 481644
28825966 534723
792668 489494
1060322 168337
3129041 276273
28826335 278511
28826573 367332
12225378 496145
24959054 4046543
3293185 344556
2337553 150675
28828746 770707
9847206 87593
28830443 354232
23790092 42295
28832875 2436303
18997417 3550120
23790094 1802565
28835141 407269
10281943 1513148
2181580 219301
8699006 789226
2004515 59201
3277192 459906
3266285 854765
28842508 280669
3152187 438002
1505388 238369
28903437 293475
28962441 1019711
11526901 787279
29086863 290037
29184944 680223
29258306 1114746
29273341 277305
2614650 352280
22454319 995891
4196289 210453
29553790 2236392
1649473 485315
29614829 2956008
2616064 804440
5061817 472478
29740448 615623
29799121 271679
8809955 841786
29966027 257753
29983792 9899099
2345293 2111082
2165257 19187
30002436 449043
30027362 130929
30039633 1175121
802474 61800
30068208 233725
30122523 1509785
10797996 1561024
779590 322742
30238606 271846
30245847 575689
30249985 1502161
30261044 499584
25058339 23067
30298742 253626
30301863 82240
30301960 527890
24080114 338202
30317367 179924
30317891 1232237
30317912 277055
24283410 12035
17623487 171670
30318106 123866
30322341 453083
30323035 21551
30378695 1581699
30384394 3799363
30389338 267536
30430174 1596669
30432032 2331552
4126426 2777003
18517605 558194
3179797 618172
30466864 355801
30466951 600780
30466956 2858696
4308187 565183
30487887 1705086
30487968 134409
30488037 452933
30488346 914262
30488801 1094847
30488918 2403830
30489165 671853
30489168 848909
30489264 384300
30489603 146788
30489800 1706244
24301381 620020
30489994 1531781
30490092 1890575
30490094 317413
4750330 72211
30493653 817534
30493676 402269
30494046 359847
30494186 562818
30494249 306231
30494305 1683473
4597608 907666
30495120 3535325
30495225 881904
30495433 112037
30495839 1895180
30495945 1053264
30495954 825319
30497100 704588
30497175 44853
30498685 833831
4075023 337070
30498915 3911640
30499139 1084494
30499191 412630
30499277 808077
30499522 364559
30499582 731783
30503111 1529782
30503607 271732
30503903 859469
24187648 2114297
30509323 24939
25517429 1658957
30510470 61292
30511658 1838875
30511946 1579002
30512443 268703
30512674 258898
30513390 255239
30513529 2320117
30514224 662557
30515144 272248
30515197 335203
30515420 247555
30515488 1699020
30515635 413618
30517261 208796
30517265 895502
30519515 2528349
30529978 5187
1726151 6018
30543745 556
30554164 29447
30555795 697192
30564148 840429
13274133 150142
30593429 591724
30596097 571992
30597201 866444
30598832 866205
30599180 356375
25036255 4571
30605430 8197283
30608253 399566
30609484 387422
30612562 163364
30614254 843311
30614344 495624
30763488 289277
2995097 315017
30903200 62522
31024696 584270
31248367 2166805
786836 540681
31248677 674104
30595773 26155
31249184 552567
30587138 1354505
31249275 143826
31249647 386894
31249675 47111
31250195 253045
31250234 285928
31250301 127991
31250693 486233
31251061 130342
31251167 29858
31251523 32183
31251169 23097
31253960 837496
31293324 2806832
31293326 2020774
31299096 768072
31339631 3214369
31343732 1393348
31363321 1661871
31414753 3543918
31415764 893091
13510394 247025
31435992 3656496
31436081 1610062
31436126 327152
31643969 775868
31670932 2698466
31676678 463338
31680025 142618
31732253 58225
31797283 1148675
31797521 252442
31826120 337278
31861991 360162
31862272 2669194
31870995 88976
31924185 914413
32083230 2426650
32147663 699948
32172633 224290
24308988 1659732
33034620 3034267
25547307 4834340
33837002 6912130
4308185 578234
825044 432632
600097 110616
2988665 421891
978902 1144275
8770863 1023861
34749789 957695
15968984 273643
508102 284951
118482 662753
34870980 22942
34871006 2531075
19907534 255319
22195702 2792156
3960785 1688115
9862514 218755
10820195 303805
9981194 32736
12141280 763245
23197027 262521
30002439 138090
3148640 665543
34998850 256262
34998942 108082
34999364 682870
34999616 444998
1814716 819377
35002025 498307
35002311 626099
23575839 256964
35002868 481181
10752194 196157
24204743 78615
8557933 350263
17025038 912546
35005054 1550330
1094652 267084
24186823 137663
16006176 312410
35009672 433224
35009856 169664
3112253 88639
23790090 1327942
35012718 257032
35062844 308756
23587021 354534
22527856 385717
35127347 4188889
35148013 698462
882879 96458
15692754 268582
23732631 1517637
35552805 738203
35600049 264590
35697910 774423
35739253 589933
9920985 328503
35774522 165793
808264 366400
917430 1012614
35827932 388048
35854206 448925
35919928 1779564
35954574 1720218
3112409 631103
35963131 114372
36045225 108086
36056876 666013
36068944 1101788
36110497 2924775
36137061 251116
36147390 2779610
21709866 1882384
2802519 24088
23217122 146447
36272100 61270
25770817 102138
2382499 55443
36344565 164505
36355348 158241
36361552 199998
2790880 93628
36375859 758294
36448626 245637
36449146 36326
36449180 1888380
36449436 185943
36452523 482800
30466966 485331
2616110 359085
36454655 125370
36494135 54882
36494836 36485
36559105 476087
36564630 4558073
36581970 1046875
36590742 1214756
36591700 10001280
36591735 1370002
36591798 48378
36591807 550608
36591811 70595
36591959 407666
4136865 215921
432158 1054130
2532057 691572
36610518 290183
36610528 318911
36610682 337970
36610766 330449
36610879 282747
517448 429189
36610962 3889
36611323 2370668
36611756 1912414
36611932 16892
36612166 1156601
36612194 1461218
36612221 2001860
36612310 870743
4042440 267547
3279884 358309
36614366 45735
36614458 1676610
36614667 2066324
36615199 527702
36616787 1984373
36616888 749110
36617656 16745
36617955 813307
36618364 933352
36618582 725644
36618677 659470
15495544 761075
36619078 235527
25592570 86532
36619352 422528
10239677 751573
36619416 1233160
36619771 516042
22449382 67583
36619856 4535889
36619916 843400
36619985 793991
36620034 1922191
5815542 584147
36620382 92558
36620677 741163
36620942 1183379
30631504 2003267
36623687 527710
36623737 4030440
36624261 293187
36624954 381808
36624997 2632534
31422777 315898
36629300 201811
36629405 973570
36629553 542011
788272 926360
36630643 50569
36630647 2165141
18532147 876695
36632052 823952
36633174 629734
36633193 354743
36633222 119662
36634226 3795776
36635799 9492232
36636037 428457
36639156 557280
36639291 1670909
36639869 115930
10662686 602887
36659264 209267
36673903 238947
24289271 276008
36707888 336462
36710242 610373
36710248 1029489
31250197 1247193
36720042 950480
10630864 396243
36720095 263832
36722892 135775
18414766 66178
36723061 146601
36723181 593217
36723624 117905
30554166 101763
36728801 546902
36729454 954451
36729457 78145
36891433 939144
11527731 1366405
36909414 1927017
37045657 3547584
11164306 95579
17169492 225707
37345799 437091
30404868 839219
37346235 110030
37346289 367902
37346389 49201
37346408 1020531
37346420 420981
24253881 15908
37346489 265740
31797246 183392
37346777 1026552
30119823 262488
37346900 279985
37347103 156409
37347715 413975
37347869 23535
37347972 1760770
37348107 58114
37348350 889454
37348523 616119
37348593 639660
15300808 229449
37348952 41152
26396680 417108
37350489 435041
37357376 37501
782826 147248
17352592 804712
37388095 1066886
37389453 1011354
37436411 97069
37436554 838971
1994467 2079198
37448763 2086349
37449922 1306661
37451929 744917
37464579 1073401
37500103 410977
37500106 1711141
37525720 552204
37646479 758828
37665444 711373
37665449 2004168
37755105 699220
37763942 1885650
36720577 263105
37878943 546777
38004019 302945
38004571 635179
38155888 1156209
38155891 1813270
31249277 333647
24660750 423414
38649556 264461
39071875 354640
35002031 699370
39734475 806181
8639685 88951
40107790 1175505
3265601 747787
78204 878905
223913 2712488
10047575 604998
20440016 142197
28838844 196456
2635055 463561
14933653 98251
1649472 311007
36399799 1818191
40863815 1016192
9981193 133126
37421070 174323
688914 272733
4076807 166787
40976083 206923
40976555 360970
40976601 350531
40976653 329613
26888089 1980311
40977254 7156630
10661361 549634
2821065 217627
5118836 56989
40979779 1182949
40980105 944685
25824739 883852
40980296 13444
795559 1112177
4119109 325072
40983911 1885137
23937313 441197
40984666 592740
40987388 89854
40987581 336793
40987638 1461480
22978492 282666
10281379 601521
41057622 876342
41097439 1453061
2486290 387427
41148648 778225
41164214 89366
41192558 636504
41330281 93563
1093784 1323912
17716323 267206
41783227 699660
22449351 1014413
41812684 277556
41904774 482847
2506138 45255
41940610 28098
42004370 711075
21200607 32525
1600492 311475
1505380 300889
42062339 589494
42070151 266543
42108100 647270
42108650 491436
30332173 788443
19307903 271241
42207416 70867
17689578 1625682
42245296 1370318
42281185 48137
42286330 430415
42315776 3701197
4790001 228136
36655578 608027
42325550 207039
42330106 49037
30801952 551235
42347086 1139312
2616081 61045
42385696 2933360
42389290 177005
42389373 904168
42390174 290943
42395666 1063256
42478814 71992
16545638 207591
941868 1144529
42520585 1624248
42520601 389058
42527848 948157
42527860 59414
42527906 1711439
42528126 1275294
8584748 3255087
42528144 500138
42528154 750041
42528486 663561
13106713 449369
42544327 2172593
42544348 93549
16957164 103271
42544364 282048
42544409 2033270
42544423 1403803
42544451 840113
42544479 1169599
42544618 156146
42544686 602841
42545202 1339882
42545228 354617
42545234 266943
42545425 1698685
41710834 800805
42545462 2076364
42545467 638043
42545613 172333
3290472 2764694
42545768 48502
42545775 409722
42545845 516745
42545932 1123785
3851586 247701
42545981 2778658
42546044 4296566
42546050 77313
42546062 481741
42546078 787714
42547000 63698
30119821 646506
42548611 474127
42549257 214794
101667 390623
6369295 1932042
42550717 375608
42551054 589312
42551110 539917
42551135 327839
30489962 381094
42552050 337664
42552053 745846
42552084 324758
42552282 182606
960772 156247
42552766 1537382
42552965 2085066
42555977 415156
42556301 2026456
42556440 1057691
42556616 304810
42556937 1229543
31779841 231171
42561499 1105031
42561695 82571
25906047 155473
22446959 71121
42562113 129237
42562118 850119
42562135 765553
42562165 5718
42562739 2533655
42564256 147817
42564983 305640
42565151 253911
42566311 928364
42568712 211597
31250102 2350726
42570749 595322
42570798 383736
42580097 584181
42608142 398950
42633452 22619
42637114 575132
42637200 233547
42637438 1282356
42640165 1437756
42646423 1678819
42647156 50319
42649510 400062
42649918 905048
42649992 56665
42650151 2181572
42653807 877201
42655295 645397
42658832 523532
42814603 1426079
42814726 73674
42821397 576239
15692753 1952163
43225910 565980
2625010 1487511
8697939 1266877
20281708 292376
43265240 92794
39075116 2462318
42552987 210385
43265528 672126
43265617 90313
4075484 403403
18592306 6971638
24304326 837171
43266244 218659
17727330 1360419
43266590 1289310
41035078 83856
43267154 658702
43268880 1611996
43287410 652625
43306808 183931
43311351 386410
17598035 18254
43312420 1218341
16823159 115573
43354630 49651
43354632 617581
43354711 2077878
43354860 1091782
43354871 872101
43355070 72027
43382624 501808
43458922 3058033
43559088 680138
43577636 71788
43641183 1839177
43654157 8263773
43673993 456443
43787749 556617
43814824 4887353
43814844 662796
43858058 676590
43864121 31638
43911941 648540
43989739 9012572
44059616 65633
44059640 7152978
44370841 137010
44524131 350783
6211050 565198
2994385 1207772
44922911 1778136
37371649 635546
45315573 634240
45726964 9929578
1630370 420006
2394074 158404
4171807 128166
627930 253069
46431364 243198
46431370 83678
2976889 313978
10475915 2372363
3295728 288031
35006638 466480
514756 49836
36796357 2425023
34682146 431185
14934081 774741
2337550 425496
29384241 62117
23660326 16076
46729421 451630
2824805 934239
104185 291073
3113708 124465
18416077 750522
10661397 500995
17244234 1014744
16624187 412634
46789204 762616
46789272 1912787
6369687 891092
46790037 1002561
23790091 24021
2876474 2149553
46791494 504798
2616063 545811
9716092 660346
24288448 225555
46795374 122629
46795562 34913
35387092 248348
46796169 444888
46797663 270653
4171831 279111
46845817 220267
46848094 76626
3537619 126899
42546128 261345
1814135 462656
47029737 1763051
2778374 2791381
35012720 110551
47271983 263655
2818026 826950
47387685 970401
2390111 252435
8383591 1973968
47697048 608511
47697088 323769
833165 130727
974256 244645
47835237 304539
18439731 218503
47837696 241734
47840808 729387
2549181 793990
47885456 835817
47889360 1079863
47894882 2531673
15501030 1155822
47938224 220719
20939355 2093836
35823681 56990
22433480 315023
1136313 600081
2934235 179753
47995948 1710036
48076864 15001
48076875 1152480
48086090 780553
48087951 606372
48088214 638341
48112778 434067
48123615 2172682
48157605 349644
48159262 74905
48159508 2627987
48159722 351856
48162978 114095
48201499 450601
48267074 276933
47329109 135284
23575841 857729
43784512 713439
48287954 684013
48292943 382938
48293093 498489
48307096 112015
9592525 1369084
48307108 152312
38649678 1626153
48307812 2069263
48307848 268472
48307852 58849
48307935 250819
48308074 707169
48308179 1578166
48308185 436727
48308205 1246517
2184112 564520
48308702 218120
44061937 544530
10679915 1901778
48309130 658703
48309653 544829
48312049 532644
48312488 2443875
48312576 273272
3290488 48806
48312851 1401298
31924188 786685
48313451 61335
48313549 140520
48313573 258529
48313620 266776
31559089 2790023
48313871 2008839
16035227 413769
48314092 474086
48314106 791089
48314140 105344
48314417 949172
48314420 243503
48314548 308037
48314635 916946
48314640 1341571
48314818 894323
975036 256509
48315076 1963680
48315100 609301
48318071 503524
48318110 389182
48318166 1386398
48318318 59294
48319374 495885
48319393 1444072
42216988 298946
48322777 498158
48322919 262989
48323012 2013564
48323020 127160
24153020 2066495
48324742 150141
23197028 420956
48326837 630144
48326890 3797523
48327416 1548910
48327774 1704899
24283194 455672
28995838 39194
48331354 1036162
4078685 686829
24176459 18132
48359987 118007
48364641 263730
48365148 69134
42568716 36152
48391813 560306
48391817 1077675
48392284 91766
48394235 235322
48402421 200882
48404009 1687657
8383573 4127282
31249936 198728
48406882 7144891
48411057 6054
47262105 33941
18457997 395019
48518891 26608
48552688 1473256
48568398 3724936
48568567 2229172
48574924 3796375
48756134 83212
11525574 2058933
48761191 1544784
49009249 442752
49009265 558621
49009316 1078603
43577637 583505
49009553 128162
49009745 1761700
49009832 1281547
49009916 1300190
49010006 697161
4136866 1697871
795570 1141929
48164814 100449
49010786 319878
49010802 1145589
49011143 97315
49011306 510607
49011356 207469
49011472 4296419
49011804 1058
49012219 313565
49012306 434533
49013386 909326
49031595 276193
49031680 1366896
49031713 322753
49039725 1578028
47948823 250600
49050746 3676035
49050764 1946949
49097012 713733
49097420 438064
49108304 140434
49110738 346821
49124008 309849
49296306 741849
49303926 55681
36713186 326628
49376254 3538327
49380214 3523863
49401155 1983620
49406349 641401
49518165 61706
49585977 136540
49586009 1468193
49928300 532201
50064081 126175
50598025 425825
50624005 2805513
51242378 131833
51253534 944220
51756540 262369
