7598 7684
9415 9521
17015 17101
18050 18155
37142 37175
49340 49357
67797 67844
99287 99298
161611 161683
176057 176132
223924 223948
232060 98560
46773 256211
275721 275771
352892 91594
297648 20833
372791 209678
381258 381270
392100 263579
395367 395381
428950 148732
376697 71303
376697 121964
523214 333695
533375 33776
554878 16740
585803 433734
619923 619944
650540 650546
687942 391143
706584 88529
359451 200119
720720 428807
784973 784993
788870 387378
796321 231034
753528 887190
891361 105742
897200 5926
376826 236910
927911 265795
940860 113819
977095 65765
997611 499050
1011771 550189
1011798 48329
1020659 24457
794012 148606
1064064 11022
1083701 11109
1131772 64008
1145148 34440
1145237 94644
1145237 675144
1147250 244579
217282 478989
893483 1003438
1014604 1174859
944943 261188
1220279 109998
1307852 125608
1351557 227983
1483764 63499
658571 318263
1491970 271640
1563911 20038
1571295 739872
1626322 48274
1628378 416934
1379776 223616
1708191 134707
1714851 60768
1744942 177382
1816963 219608
1824303 524819
1609583 177443
1088738 27823
1879551 1659641
1909026 121760
1909300 148856
1172246 62462
1982029 309953
1998147 78039
2001010 1077675
2011960 450578
888349 82562
2042429 81433
2138555 1546448
2148956 71253
2183804 19054
2224521 40764
2245918 210416
1678811 23983
2491725 333747
2491730 572058
2521022 1071400
1273014 48283
2706335 241051
2718371 61697
2774320 344223
1481613 146349
2793027 36599
2798501 375735
734161 271987
2838509 301451
2898617 132537
1678810 78313
2911179 802744
2926181 249031
2927844 97302
2943784 435996
3049524 193306
3127566 663134
3144841 1943440
3149193 260424
3150174 87474
3197076 314358
3199394 472860
3295573 114244
3302201 261641
3302270 357300
3302618 1338566
3302718 364490
3306607 282002
3307427 909156
3307512 127611
3308320 58622
3309356 71231
3311480 23064
3311516 77262
3318637 206831
3319329 286858
3321000 560155
3321984 1327942
3322191 22239
3323862 208157
3325263 297625
3325599 877001
3325839 110290
3328474 202912
3328589 1024060
3329330 734494
3330446 321713
3330945 127587
3335384 316301
3340104 217564
3340678 499227
3342132 247130
3342508 200674
3343340 136391
3343941 1514271
3344962 254058
3345440 795501
3348542 76606
3350849 772058
3351295 800723
3353940 79490
3354076 530727
3354818 461561
3355223 143414
3356040 326590
3356490 22830
3356880 200078
3357070 317675
3357539 20051
3357605 120352
3359489 1155368
3361276 464920
3361787 791357
3362284 441200
3364587 206242
3364789 658105
3365062 156481
3365095 1301782
3366292 628085
3373391 411086
3376315 290203
3378367 453878
3381583 261298
3381727 573812
3382156 1320382
3382526 572853
3382717 12460
3382734 609379
3334227 78446
3384056 84088
3384193 222387
2962159 228263
4042806 142720
4120372 280241
4123573 175550
4129730 456677
4205125 1124919
4232337 143248
4240255 881691
4289412 598655
4658882 358694
4658955 1341315
5680821 391154
5793006 753104
5818029 309441
5995050 4038502
6895848 660346
7621174 284886
3827 1239728
247353 136269
709391 436197
274689 209783
351315 241371
92278 1354705
258405 4479
630125 100203
8181857 211869
104817 125225
8198895 373593
8215906 820194
2406612 649697
59008 23990
91906 45106
8311890 169710
759036 48290
1240868 790266
140787 551194
3456049 550043
1816205 335331
140619 336180
8382276 434266
1079791 206846
1939966 273165
8389486 340981
297639 75883
8397910 592626
8401560 10028
2304012 669975
306266 60015
672042 36536
1065060 659737
223896 1658917
344243 11130
8498120 260349
66088 257109
8519691 1135518
333738 365268
377464 752078
2851070 587747
4031708 552591
8616221 769787
108622 131171
8701084 289973
8745158 760399
3315949 20996
8772802 164575
584478 1140104
3304557 333918
8799848 501536
8814256 304717
394926 461559
8827589 1672233
8829199 1443820
3266362 1294754
2553290 338303
8782751 59452
8879189 381055
1819109 249813
4241825 651776
5818465 419909
3318563 691854
8914149 223725
2490585 232788
710283 125514
1014598 315298
8934356 138521
8936227 66694
8776245 224547
1063293 49527
104813 393374
598213 308436
9008766 1011956
5081213 814356
3307570 109966
9164534 58152
799508 673300
9351604 428482
3822439 341213
1574754 97294
1232983 546475
780252 499339
1017351 144838
8656984 271265
2513169 2170
2568953 10383
1006769 549751
2225594 357
9537003 1951171
1169434 657564
9542822 195299
405599 22276
9262597 62456
3302764 705310
8932347 120591
689706 155540
9614591 264874
9617198 56525
9618648 240724
8936288 58157
9633727 195910
9635812 72027
3308528 97605
9670304 700771
3308167 330948
1807268 34542
9692914 240976
9695402 57617
9696805 13915
9697456 1074777
9747556 568766
9750408 56943
9300833 49238
3303033 814785
9800601 10597
1032043 1268802
1043547 353638
1224765 318615
9890310 1552458
9899012 522925
9952796 59209
10072808 459599
9414622 568728
10148714 95129
2291966 367605
10284401 82262
10301962 355525
10306679 62922
2519057 555563
10371831 95531
8486779 69341
8712841 3608
10462931 1344128
4224085 75611
2530533 237779
10508704 322331
10540065 353792
10617225 58855
10662248 855618
10667320 694880
8800600 37501
10679211 12421
10789993 610899
10821109 376277
10821892 430177
10824619 318278
10825043 278223
10825243 1950352
10826120 162561
10826543 387826
10826712 588240
10827700 10464
10827766 450601
10830871 229774
3310328 86929
10835852 279111
10836497 291286
10837780 156559
10841531 92109
10842480 48319
10847127 464618
10847640 835817
10848247 97315
10849018 764311
10849582 140754
10852425 265531
10852485 219286
3313040 1740587
10857344 496145
10858353 39870
10858919 574519
10861451 329603
10864842 58232
10864983 232546
10865177 527733
3305856 348981
10866050 811204
10867246 28890
10867689 42064
10869507 5624
10871487 416705
10871618 576744
10872063 398893
10872131 691860
10872475 1139563
10874003 139357
10876959 682593
10877032 855336
10877845 530088
10878892 67908
10880110 330423
10881861 303705
10884222 107960
10884967 155388
10888766 60778
10889261 296507
10891782 350798
10893204 567770
10911436 860838
11138289 791605
11211274 96633
11652348 1118370
11676353 17519
11678266 413049
11678587 92342
11679718 992069
4242610 9454
11771465 1021908
12913329 20095
13106571 807995
935001 1320498
13612162 4338704
14270152 383736
14289318 126314
3055245 213571
4910500 80579
15107409 421801
120812 223710
353614 294644
4235735 722132
1434206 12424
944944 445092
3316210 66253
15317359 338301
716980 58840
590308 60949
1398850 57719
952871 187134
315025 582225
101710 495623
2040305 1278412
887583 889272
990187 469859
15504033 147969
344728 854371
15530378 655585
311262 45750
15543230 450022
15556384 233010
1064149 285098
13993908 531495
702646 89214
3368925 74715
15730337 163697
612660 70264
15777676 874463
3224181 206167
393225 102772
630127 425432
15829192 310612
15844334 680859
15862025 17119
8820728 1280688
1447012 288711
15844549 148594
589621 514505
978664 123566
8115972 58132
15924055 370351
2766404 7668
1004029 36779
15939348 114303
6416957 281217
15949920 112037
1071039 239504
15700417 574347
7334285 228209
3303077 2463432
4243066 644257
3302049 962520
1372151 292166
16039704 76829
15586582 245913
2122500 2027007
870331 62890
598222 91169
700972 23097
2818972 37980
1292340 434839
16302299 245722
541955 62239
16395521 380898
1823570 21501
8519480 254071
2163606 272677
870337 211597
3757107 240967
2048894 620993
16458490 8988
16468118 912495
1082515 106260
9306261 118079
8799845 242095
772925 65892
706271 56974
1527655 272659
8489119 178541
8669055 176783
10861389 47625
16630565 1446253
16701126 76689
16701213 450262
10826874 873613
3331448 76384
16825315 172160
5592123 275091
15942354 243339
16856762 34897
16873142 127600
16875486 782338
16958374 255221
5081209 533460
17138673 240552
17173168 360883
8977432 189524
1798661 124324
10183872 393446
17550480 81722
1032045 999106
17612222 76456
17628405 171525
17663136 576465
17717052 123232
17737195 553635
17745891 45752
17748267 1580469
5121530 11477
8821650 531075
17749873 386906
17750972 1361040
12474996 135761
17751974 19617
10699158 478409
17753310 143141
17758316 1019986
17758435 126672
17759905 365553
17760534 245428
17760627 254624
17760949 737087
17761801 131243
17761812 121286
17762348 228346
17762843 850057
17764521 218638
17764553 224957
16881964 472164
17764739 290943
17768616 94174
11252347 74196
17769672 1095354
17772373 311394
17772931 71586
8887246 331509
17777160 293061
17779226 15360
17780190 577940
17780264 471298
17780776 255527
17782021 87368
10886100 261329
17786436 1397513
17787081 172695
15851812 273470
17787743 448451
17790091 79460
17790297 620797
17790619 66331
17790651 949807
17790699 222740
17790805 545257
17791379 1002561
17791390 419379
17792864 206487
16669706 77167
17794590 25698
17794661 230897
17795077 818010
17796076 658013
17796804 200882
17797359 62986
17798894 818879
17802016 128364
10822988 304051
17804109 776569
17804132 101763
17804291 68713
17805720 253901
17807873 238300
17807947 818484
2007170 653453
17808196 136752
17808451 447969
17808642 301927
17808885 55881
17809180 254181
10665332 515101
17812836 244347
18089733 151457
18399654 326629
1653211 267515
18461539 29552
18544182 281062
18548607 249932
18548838 339835
18558044 801208
18830526 515865
18875052 892245
19023398 751845
14289319 25913
19029357 1055078
19133294 373598
19726711 212659
20776298 48806
21005912 66325
288831 11127
324674 1094446
290991 76476
21982580 1459073
348103 1619642
178704 333817
2964154 647486
351043 448888
8882891 130429
104815 541063
236242 455107
351302 347946
822313 468921
11186305 166535
55416 760836
887933 15908
3305744 1339344
22189458 58895
2204554 471721
5817931 627887
3304709 74224
233289 153260
9396592 349402
758870 5023421
9723144 1186299
297642 506701
22282193 638949
22305661 5701
9633869 761717
14504214 128999
10047733 2417585
22396307 62807
10058711 18565
11164275 681057
679049 916
1513309 134349
76718 118112
794007 6951
22514171 925937
22537992 98823
4242743 197449
145088 579220
15936182 326149
478180 212155
22573940 388611
22582210 48408
22584165 23836
1014593 576031
3303254 83227
2093747 243614
3346949 718258
3318216 447813
1777755 85963
22654191 261521
22672395 849267
3302812 109572
8355370 584387
17071661 113748
3413187 60165
4216247 315360
15947474 679581
22912199 202430
8872910 687648
22958486 60235
22970157 159418
519929 563665
12253371 240559
8316172 172819
8935593 205513
277397 298650
23088705 6387
11494802 805678
8288430 682739
9404962 390414
8936356 205535
23197590 535723
23210740 1297854
22656264 311249
3319809 301762
23217446 19334
23232384 136897
3317916 337089
23256782 65310
1627510 222374
23271585 325981
23326072 814775
23326078 45743
23326765 208256
368332 483063
3353956 265066
23401275 440515
23411224 110583
23418717 254696
4240624 230824
23439882 71007
23443717 58138
23512038 512116
23564579 359926
4235738 475769
23666455 231722
2981220 56528
23770040 269541
1431554 24376
15937799 14640
5818721 340860
19907293 998922
23847825 307794
23884028 740905
2134686 73316
1193893 765029
23976785 3100
20366859 71876
3360148 188198
24178502 34694
24179835 358458
24185793 167482
22433175 40394
24187981 341433
24188424 1777660
24236594 707748
8462292 59308
24313836 455880
24314987 470090
24316414 217885
24317029 81771
24319247 129007
24321975 20571
24323405 3507
10993986 625763
24326243 1311346
24326298 39201
24326950 22603
1082053 108279
469403 194127
24332581 32032
24335860 822195
24336376 411880
1124194 254951
24337204 15600
24337310 86824
24337747 314542
1017622 160674
24340817 551139
24341225 461489
1546568 381103
24342595 4571
15851811 90614
24343715 286909
24343900 661219
3352339 305605
24345392 108427
24345397 28167
24345443 261984
24347118 197668
24351417 491120
24353150 164743
3313371 758167
24354755 1335506
24354846 758681
24355210 58428
24355627 591308
10789503 412634
2506779 137413
24358804 765111
24359765 991578
24360413 361612
24361359 828405
24362195 11137
24362723 498087
24364327 207895
24366922 162615
24367370 734515
24368143 270786
24369230 125989
24369611 130537
24369720 150603
24370514 321574
24371027 158871
24371311 18992
24373455 772527
24377600 382575
24378359 769394
24378471 611190
25086753 722233
25094744 1133996
25095734 77424
4883603 807069
24375601 848911
11792821 547454
15276081 23722
25620232 249120
25648280 1001034
25821220 232157
25865835 260149
26712257 1000832
26825145 434404
27483521 2055295
27676094 692186
144681 510301
284777 249629
1624530 265182
214517 253074
104819 852780
4153613 412434
1372146 544163
4029894 83197
337242 575306
51155 224306
3182665 4194
1557804 29545
255972 313713
88820 448141
992087 45891
224758 414988
1152575 410521
355045 1044746
1435634 704007
22137913 244142
349643 641583
854123 13659
297640 268019
2647224 3219408
66055 298610
142783 317570
3307315 427814
672045 250494
210884 612825
80299 628604
1451568 195465
890637 52732
297645 96167
62912 127553
1908416 210398
3304502 2732
524138 529
8651783 710879
16414509 441072
28890340 679759
311956 91180
1356494 171670
19374004 434788
24637994 160133
3306528 1069896
1062493 21192
679696 236223
3310327 593752
29003571 571264
22634819 203388
870323 330384
732991 135745
17805293 315017
11031297 52685
597655 62120
10073122 238216
584227 225450
10826460 78674
4163270 467131
9518036 62374
97071 741838
1503028 390949
4745316 996107
1291589 129731
8872913 842501
4084575 230419
1001815 202927
1065495 148570
1808234 8504
8349212 304801
297620 233405
17785651 420802
760922 262115
9988113 26928
9368889 558801
4235740 1259111
17754552 81737
29530603 298092
1501745 131133
1053138 360895
3306334 704771
8741364 34100
29580570 240247
4482826 3003
29603589 766969
29605445 154447
29611463 364092
16949363 34110
29667972 249069
10889150 130997
3375815 355470
8820725 355467
29800577 46836
29813288 133
16353999 2185
251246 46839
4658920 210437
29888762 1427328
1058302 788547
1441668 223214
30035355 74296
16608136 907191
30102617 736947
30102650 10483
30105506 73675
1079792 449858
30218954 392233
1567613 483434
24004398 141226
8490547 299237
22564867 267084
30304711 335348
17109057 470943
30335972 1309291
30362290 485641
691365 117223
30404352 62117
30489501 260855
30489596 94624
30499345 456274
8496910 381789
30513490 574592
30616525 909719
30617413 887982
30618985 447370
30620342 594968
30620572 267101
30622596 196875
30624372 684103
30627976 321652
30630009 661312
30630649 67532
30631201 467254
3340913 226376
30633629 777210
30635512 829362
2716030 2255406
30636677 34839
845618 212154
30637784 63234
30639020 495
30640309 253561
30640627 435675
30642640 490082
30643880 580707
30644736 284128
24315209 556834
30645491 500932
30645664 692017
30645845 231496
30647101 207898
18109602 83651
30647750 444893
30624579 195987
8060406 245740
30651454 224705
30651767 16689
30651886 208833
30653715 83468
17782921 928768
17751754 365643
24317739 273887
30658088 1201064
30658294 2008839
24376238 2478987
30658573 434487
30658763 382224
30659023 354914
30659396 279113
30660055 1457982
30660171 100190
30660927 239389
30665120 66453
30666242 118574
30666530 41307
30666703 158260
30668770 115019
30669320 193311
30673143 602238
30620289 34264
30675241 736452
30675451 1039606
30676179 100195
30676403 794891
30678520 127172
30678997 187829
30679472 301133
17746383 28519
30680694 60379
14476725 677660
4216854 42848
11661807 735254
31333533 304239
31372896 825014
26321242 10118
24637991 325699
4848139 350354
31699181 232583
31784804 354770
6814927 1094861
32087891 148429
32088029 120436
32493805 240955
33046602 132378
33046633 825399
33426516 1887954
34145702 424878
275256 128701
265689 142721
274303 67484
83205 126240
953806 945660
296006 5202
8895387 108131
16985556 447355
598212 80507
210074 432653
8884650 2129962
456589 248516
2508636 515904
497402 383007
140785 435731
273415 1867907
159332 150337
9921587 22800
972766 179602
1011760 557393
634652 359063
1915051 24887
722757 282747
1063242 131130
34749136 129499
3007638 207983
3310575 98396
1154103 157921
1301356 290340
2988264 52907
2642934 540319
146273 110585
29901149 607488
2750761 49845
1063244 11648
367603 625516
1014601 46252
992615 76008
774891 936806
796484 200868
315529 500040
2568940 34256
8544624 114231
1063251 59913
17083596 2922933
1108570 42232
3375130 510608
12438825 1933952
248956 73590
953450 249246
3266546 87342
3306317 128781
2034270 248310
16806835 537900
3347223 1285657
3302723 169812
3309521 872973
961704 128506
793996 421472
145101 561707
9983152 32736
35220410 681643
3384100 10646
1061322 16597
142803 25461
1591262 165020
922034 636697
15938217 485442
3304601 153268
2976616 48856
8632872 73421
35279121 1083687
2642844 633828
35443383 1009720
1485484 122110
35494252 131270
35524338 164260
2571213 606203
8157394 66126
35596878 546902
513529 103037
35654853 179423
29011866 200118
8764188 76205
4129437 476383
16443476 13668
2130522 116915
35826544 25821
24342988 316298
3305539 404015
35884896 333057
159269 26936
2883618 93620
35926123 33910
8420458 70596
881601 61159
15974449 78964
3302722 514112
10821113 426484
8658113 100230
36165459 274821
4678988 552321
36239757 137125
10861373 230723
31363369 114308
36334235 359343
15512978 114370
737718 13590
3303290 251928
36473027 947188
28967853 115130
36497581 254392
36509095 1803470
36518502 252955
19946586 75875
29437162 253652
36614706 744341
24637995 679921
30617388 481501
8686731 18651
24292557 50278
35063594 128569
36655982 381567
36730397 373447
36733063 275928
36733409 238034
36733931 243536
36734442 403045
36735146 72186
10794855 640723
36738390 88492
15844551 246345
36744415 128791
36744533 283157
36745024 333647
3346177 452040
36746049 2553263
36746330 790403
36746835 429240
3318159 582634
24321418 69914
36747323 273983
36748160 592892
36748482 59919
36749147 275134
3308648 901577
36751204 642175
36752218 479649
36753814 353127
36757959 39946
36758493 128815
10827427 236248
36759805 92928
36760037 280031
36761225 128926
36765705 532803
17608635 78095
36769012 813292
36770059 132118
31380970 73855
23987120 224364
36771806 738774
36771813 580845
32601227 18664
36772958 264271
36775711 218622
36776161 135747
36776715 81629
36777815 147227
36777961 370174
17753488 43853
36778387 387026
36779181 583499
36779286 1507283
36779527 981216
36783164 112529
36783815 373432
36784322 486617
36784466 407847
24313599 11563
693379 282437
10271454 556225
36788479 376039
36788598 989620
36789182 117228
36789663 68323
10876739 442341
36790797 178789
36791185 69445
36791727 13783
18556547 127991
36793826 22586
34879168 29291
37361531 43903
37471219 473520
37471891 1232150
3371133 672225
37553353 630721
37743247 253961
37782311 181253
25004678 80143
32629468 328449
38651981 851226
39102588 467347
13780924 236868
39647070 926082
39647843 450560
39878859 675338
40418846 381122
34774 127729
522438 137275
381425 221028
406795 329878
500904 1187504
333523 6528252
2026798 971147
354092 51846
247445 235375
248233 607648
3310709 981918
598223 263693
56834 49540
109716 8457
2033532 465080
40600281 141078
94629 78145
281792 225141
8884651 155378
3265628 277889
2216031 549749
1974638 345338
368716 658917
678573 354514
1014779 242774
707213 389724
636981 289570
1080172 26012
96766 18171
900266 68963
8319943 75910
40811683 470417
1513307 246146
40922689 641686
1169438 49037
15223835 29731
1958330 123819
8710913 431038
17479811 237008
10862135 56961
630124 223216
10550648 98389
29300110 69096
15301243 30281
4217306 262800
18506100 724097
10827032 265805
1004040 9855
41125483 127705
19498451 1012894
584780 1925484
14027058 239455
28966674 564031
1814078 275915
233314 284470
8820715 529163
1116803 936407
41311351 142933
1074949 566034
725343 257741
10824463 47343
1753000 161063
41529697 235326
461761 865473
2778699 5969
41587463 944576
2449114 12321
3322305 73474
1654042 25033
25096317 90999
3331213 514175
9808483 265463
11602021 596686
10475986 95122
1666307 178564
3302767 290641
22656265 561955
2672777 252388
10789506 489776
2493407 10541
2093147 1101191
15875021 479881
2247178 34422
40912450 78317
37347681 74461
42076994 334211
3798203 110609
42188958 21309
42217741 77670
42236959 255319
42243006 83906
1007109 134455
42245930 98774
713607 283994
18765668 92836
3308985 417108
42329906 49470
42360546 970970
42407926 246670
42432731 856642
29585133 51986
24317317 392862
2497223 246902
1416638 100206
42494903 683913
1643581 60968
736490 246656
4235737 244379
8938479 1364903
42561666 161914
42586559 343258
42590154 318537
42629860 135601
25095608 676585
31682153 512874
42658323 39107
42659596 595072
42659851 26661
9186039 33287
42660660 164340
42661256 420006
25824740 327257
31360237 738862
42664114 1412478
42666675 199631
11575415 57722
42668199 731994
24316363 354166
42669911 77729
42670066 544794
42674198 66424
42674721 33930
42674854 185685
42676547 761365
42677177 1602
7807381 1264582
42679472 66433
42680366 1521591
11676622 1421687
42682427 1201059
42682718 19758
42683311 269473
31221370 331708
42683795 9666
21031279 243588
42684859 658385
42684976 517401
22695425 115421
7552328 1114663
42687203 88717
42687348 272944
42688065 167860
10825902 577383
42689707 44413
42690549 123567
42692302 39917
42692517 709193
42692553 533743
42693293 158857
42693534 573710
42693677 551921
42694326 708596
42694710 51239
42694837 42769
24318000 589363
39498344 376527
24320843 475551
42700319 395519
24637998 435830
42702436 375308
42702722 333702
15512594 274135
42703864 38249
1706959 2962
3792772 45778
10825724 125486
42711204 16467
42713155 95071
42713746 19102
42714003 300205
24375609 1611115
15799376 311098
36908946 29206
4787820 799795
40692093 77686
43307153 424879
43345675 380499
43345781 140219
41406799 786295
26321238 320621
25694665 189375
5818442 785241
43385140 164052
21640717 326627
43738417 786585
15425534 612831
44373589 133810
44508224 76366
44526504 769670
44527445 298545
44647980 3219092
44933941 292174
45294232 231128
45294461 263956
6895899 128111
45415438 238265
45492934 426966
12233169 2306497
45666845 348908
45683062 490187
46260746 338575
556919 642438
40855 2231317
228152 326088
775765 318891
257438 1819364
176087 391463
167881 9484
567130 401252
4076757 504091
720555 212928
8507633 227532
104818 60834
3265588 368662
104814 70312
578696 241203
46442560 298260
46443625 412601
4062090 219405
140997 440904
22065033 20103
1546764 182178
733413 18626
722491 148960
378480 311261
3302383 195213
1821133 91168
46575910 7343
811618 157027
4906677 34178
17758944 240685
647283 270653
306222 4418058
17031130 1932029
1677056 241329
145084 61906
752392 118694
3798207 289822
46697210 1846786
794008 583521
46738611 180382
10824582 320863
3558351 157436
2163605 184539
1201760 150693
17806943 848079
8670956 677622
997530 23313
3303035 263300
1641160 691593
589361 301619
1896094 510648
8792098 150609
42681791 325358
1565216 91539
5973770 17659
662822 251659
2401950 203090
3303215 1062233
32611784 436727
28967851 13326
891082 761621
1014592 11346
434483 237041
1453847 212173
1004028 29168
3308627 358120
1372150 137282
253950 418991
47032088 224892
978929 57266
1205267 83236
8499966 244386
1194642 133660
3016710 251574
47334329 482846
22812249 34102
1735459 616659
11994986 2937
1690904 59572
1653600 13908
22952039 434394
10861629 1809085
4787485 171283
49464 7713
3317708 15814
47502062 195980
762830 173077
3351157 515423
29008816 74472
3365399 59194
47531155 251191
1090521 1788406
8976361 95827
47560225 91297
7280537 577557
40959010 39956
19921641 639506
47575655 103628
47575826 1900758
24708335 593109
5817842 272024
914393 35250
4241054 121756
35663684 242953
15672277 1702201
47773481 1032975
598651 608492
16306929 26099
47810466 761817
2044235 265720
36634659 962859
9536660 60608
821610 160652
35550916 224966
1626374 367140
2820233 957465
46929360 251479
1491243 77906
1584511 240193
31836997 238937
9556144 301107
48112806 236612
48130360 77719
29530796 34057
8821079 340322
48192827 750421
2466010 14173
48290274 454904
15438877 72141
48307908 118559
17117595 74304
10825010 43933
48311737 550344
4368079 235348
48318670 169369
48403489 640784
39077515 467145
3312347 137003
18828983 737132
48415943 115013
11679386 246353
48416523 9506
48417143 61128
48418963 228909
48419114 126907
48419583 2445724
48421045 34113
31382670 244273
48424397 257243
48424805 7809
48425091 542458
48426086 18483
48433137 691620
48433385 7266
48433438 1056587
48433930 749830
32601228 254059
48435503 20174
48436465 1027336
10827550 297753
48436884 835377
48438473 1424634
48438587 23985
15794668 235485
22958489 183931
6402956 1153427
3304482 456326
48439833 611102
12560327 133904
48441347 90209
48441616 334733
48443840 1203146
48444106 353139
48448300 5988418
48448912 80298
48449484 435041
10848913 365135
42675123 1098721
48413797 248720
48452320 4055924
48452617 159542
48452683 930447
896010 104178
35240761 687510
39077517 80359
48455098 598231
48455259 218659
29541230 144837
48455955 148345
41640079 165614
48456053 214411
3361455 34109
1084584 15501
48456660 165643
48459426 195984
48461422 305773
48462607 272942
48463811 638306
48464546 435677
48464601 721290
48464935 272431
10827516 165793
48465360 440833
48465666 45165
48467811 212152
25396371 262235
48471697 83484
48471924 612589
2185421 82707
11679098 464972
48640321 1924906
49017929 215644
4152001 564819
49085802 789225
49094653 2813
49130842 317780
49132090 143198
24637999 7663
49541759 1604449
25820831 620994
49839720 67846
25650752 11096
39077516 1383163
50974294 412375
