3284 3353
113 4912
9201 9753
13608 13646
19895 19954
50971 50992
59706 59711
65954 65961
70608 70623
100281 100295
260572 260580
347424 347427
360467 360471
398411 398473
448344 448352
542311 542323
550562 550566
595349 595353
607098 607104
637429 637432
574291 682381
689739 689740
725030 725039
734839 734840
739796 739803
741430 741432
846972 846977
868142 868143
870736 870742
877401 877407
879376 879382
897808 897816
948845 948847
949653 949659
986117 986119
996643 996646
1005115 1005118
1032148 1032169
1055377 1055388
1060594 1060597
1126214 1126217
1150320 1150326
1174637 1174639
1225995 1226044
1292793 1292795
1366992 1366993
1369393 1369394
1401109 1401110
1445102 1445104
1484394 1484396
1522629 1522643
1569678 1569680
1570209 1570211
1584209 1584214
1601795 1601798
542318 1605691
1636055 1636058
1644508 1644513
1682018 1682020
1683985 1683990
1717671 1717676
1734003 1734008
1761607 1761609
1761656 1761657
1776255 1776260
1780522 1780532
1793746 1793753
1836735 1836740
1925357 1925359
1947535 1947544
1993697 1993698
2009727 2009735
2106910 2106916
2108425 2108427
2132286 2132288
2212640 2212643
2259400 2259402
2290728 2290730
2363968 2363972
2395445 2395448
2402171 2402173
2420857 2420860
2420861 2420864
2422270 2422272
2491381 2491383
2555746 2555751
2557629 2557635
2593907 2593908
2597570 2597571
2603912 2603914
2606897 2606898
2609357 2609360
2610437 2610438
2617777 2617779
2632791 2632794
2651482 2651484
2658522 2658524
2674157 2674159
2679764 2679766
2757114 2757116
2877611 2877613
2879498 2879502
2888832 2888835
2919309 2919312
2925375 2925376
2963868 2963870
2993843 2993844
3020110 3020112
1849012 3065465
3123240 3123241
3196617 3196618
3417172 3417173
3472124 3472125
3555523 3555527
4337062 4337065
4470515 4470518
4751970 4751971
4774183 4774184
4784822 4784824
5075486 5075487
5613596 5613597
5934989 5934994
5971180 5971181
2603913 5981491
1062601 5999407
6006692 6006694
6366473 6366482
6366498 6366499
6366702 6366703
6406554 6406555
6416207 6416208
6441379 6441381
6458482 6458484
6484111 6484114
6545874 6545876
6557576 6557577
6706137 6706139
6891135 6891137
6922762 6922763
6985031 6985032
7007778 7007779
7103100 7103102
7114903 7114905
7145776 7145779
7161677 7161679
7300233 7300238
7345329 7345331
7357356 7357359
7758282 7758284
7805786 7805787
7841626 7841627
7842390 7842392
7893962 7893963
8012191 8012193
8106181 8106182
3554 8119593
3538 8120283
9715 8123498
1214628 8125731
240177 8131967
37726 8142899
8167069 8167073
1767876 8171998
8174747 8174752
387967 8175530
707963 8185039
196545 8224377
8324406 8324411
22709 8337704
8347052 8347058
1435984 8369452
5672768 8388745
1205688 8446255
776497 8446467
8473329 8473333
8605964 8605965
6911891 8619780
8662704 8662709
202873 8697620
8728887 8728891
8732726 8732732
30502 8763391
8770818 8770820
8771790 8771797
8804668 8804670
8872934 8872937
8873078 8873080
8875252 8875255
5999406 8906433
8924543 8924547
8931040 8931048
8938654 8938665
8982565 8982567
739798 8983177
4793792 9024020
9031985 9031989
1205138 9052452
1605650 9074818
9112240 9112241
9147443 9147444
9173776 9173779
9212585 9212589
1422259 9215481
9282022 9282025
9304116 9304118
9329738 9329744
9333056 9333057
9333370 9333377
9354357 9354358
9365187 9365190
7349433 9379259
253007 9380076
7353199 9381517
9382474 9382485
8751339 9400333
9409818 9409824
9436963 9436965
9443997 9444000
9501995 9502001
3072478 9506401
8786585 9512865
9550473 9550477
9564712 9564713
9646294 9646299
9651247 9651252
9658064 9658065
9768140 9768142
9857882 9857883
9881998 9881999
10033231 10033233
10053562 10053565
10061397 10061398
10183990 10183992
10208385 10208386
10209176 10209177
10214964 10214965
10217031 10217032
10217063 10217064
10218822 10218823
10225608 10225611
10240072 10240073
10247542 10247544
10249408 10249409
823587 10253340
10259309 10259310
10259326 10259327
10390120 10390122
10402351 10402352
10433797 10433799
10519128 10519129
2546411 10669425
10670294 10670295
10670300 10670303
10687731 10687735
10724010 10724012
10751861 10751862
10773009 10773010
10832091 10832092
10894373 10894375
10897328 10897329
10972625 10972626
11480390 11480391
11576547 11576548
11605615 11605616
1487564 11605989
2625591 11794396
11882655 11882656
11890263 11890265
6382935 12218447
13204814 13204816
13243071 13243073
1226000 13251524
1226001 13252824
13266016 13266018
13575264 13575266
13609317 13609318
13609589 13609590
13615599 13615600
13648909 13648910
13696341 13696342
13743290 13743292
13931474 13931478
13931532 13931540
14095689 14095691
14095719 14095720
14235014 14235015
14298110 14298112
14343274 14343276
14348873 14348875
14458472 14458479
14843037 14843038
14852816 14852817
14941952 14941953
15122683 15122684
15122758 15122761
8697604 15242215
370 15243303
5977 15244444
8510 15247340
2310 1174639
10492 15259077
15260930 15260932
253920 15280197
1083422 15405540
4200044 15416630
297609 15420576
1725847 15426279
15364897 15442470
15442909 15442911
15472491 15472492
8972256 15555119
11165367 15632413
6553360 15634638
6000196 15658835
7797570 15658893
5821399 15685432
15725370 15725373
15728715 15728716
8349419 15769672
7200433 15769755
8697605 15772844
15840436 15840441
15851721 15851722
809314 15875090
15877310 15877311
14937171 15895151
10637067 15938025
15955946 15955948
15997860 15997865
383349 16013425
7143029 16052796
16078273 16078274
483876 16124020
16163168 16163169
16223189 16223191
308576 16279352
16295792 16295793
14931573 16309608
16294418 16337962
8584242 16373512
16394343 16394344
9446258 16480704
16514506 16514508
5011381 16521463
9343080 16538392
16538804 16538806
16578361 16578362
16625460 16625465
16654879 16654881
16658455 16658459
16658470 16658472
16658552 16658553
16463098 16698463
16700230 16700231
10188663 16727633
10251889 16735933
16965780 16965781
17009183 17009184
17030240 17030243
17030374 17030376
17039856 17039858
17068614 17068616
17101234 17101236
17140015 17140017
17149169 17149170
7629105 17156629
17167915 17167916
10163620 17170339
17183524 17183525
17183530 17183531
17183573 17183576
6810760 17187013
17191883 17191884
17213024 17213026
17213218 17213219
17218552 17218553
17218590 17218591
17222168 17222169
10200843 17222246
5688982 17222267
17228619 17228620
17238986 17238988
17266490 17266493
10038683 17369558
17388878 17388881
17456739 17456742
17472712 17472713
17479045 17479053
17527522 17527523
17571145 17571146
17605110 17605111
17607360 17607362
17610027 17610028
17666861 17666862
17723888 17723889
17737242 17737245
17887346 17887347
2564445 18385624
18483152 18483154
18484947 18484948
18615086 18615090
18620222 18620224
18998548 18998549
17156621 17156629
17231806 19036692
19039169 19039170
15875329 19072124
3429055 19274577
19360070 19360071
19699125 19699127
19978601 19978603
20033066 20033067
20037816 20037820
3072482 20056640
20253325 20253326
8324072 20372678
20375126 20375127
20388606 20388607
20435290 20435291
20772069 20772073
10208387 10208386
21023848 21023851
21034232 21034234
21042251 21042253
21067651 21067653
21199417 21199418
14476370 21208095
1290157 21234060
21412702 21412706
21686072 21686073
21877847 21877848
2902 21936381
20804 21943694
9712 21949032
311359 21949765
95001 21962421
520012 21974088
41646 21979443
4037 21980002
4306779 21992645
8354476 22110489
3450502 22127068
2677759 22148516
278316 22152514
1047856 22153001
22210375 22210377
8683271 22224696
17637956 22342769
15364904 22349160
431762 22354987
21646327 22388953
1396322 22417212
2673095 22440876
22484395 22484400
1226003 22487943
22492696 22492701
22520888 22520891
2671012 22566249
22567608 22567610
22633726 22633728
663407 22634465
762224 22673084
22693328 22693332
2707061 22709568
15255982 22718161
22735169 22735174
22787615 22787618
22815894 22815897
22825302 22825304
22855759 22855760
22871122 22871123
9756874 22891340
23032313 23032315
3132872 23078502
23170612 23170615
1675817 23205284
23245740 23245742
23267864 23267868
23311574 23311575
23353909 23353910
23477026 23477027
23590284 23590287
23638592 23638593
23698771 23698772
23713512 23713514
23722152 23722153
23751447 23751448
23751816 23751817
23755041 23755044
23765994 23765995
23772559 23772560
903918 23774726
23776727 23776728
23780188 23780189
23780482 23780483
8308934 23780512
23792812 23792815
23792890 23792891
6557578 6557577
23824069 23824070
23824073 23824074
10194846 23824180
23833792 23833794
23871794 23871796
28426 23878468
23979519 23979521
23993510 23993512
23999843 23999845
10201150 24034599
24035063 24035066
24051116 24051119
24060921 24060922
24112282 24112283
24123762 24123763
24184705 24184706
24204975 24204976
18178230 24230927
2084952 24234647
24439724 24439725
24439724 24439726
11996324 25057759
25063859 25063860
25163859 25163860
2602421 25173680
25356560 25356562
20414740 25387084
25512156 25512157
7348004 25598826
25902786 25902788
26203507 26203512
26512422 26512424
26514087 26514089
26528774 26528775
26825903 26825904
26825909 26825910
26825936 26825937
26831572 26831573
26863786 26863787
26864528 26864529
26950228 26950231
27238726 27238728
27397555 27397556
27438944 27438945
27460948 27460950
27479896 27479898
27495294 27495296
21254746 27679199
28166234 28166235
28315357 28315358
48760 28344238
9206 28344474
356101 28346450
356101 28346451
31919 28346503
312687 28349612
1273302 28353732
39454 28358844
917736 28361084
6237197 28364977
1775737 28378551
28406712 28406716
195895 28406783
28488536 28488537
2575205 28514988
565650 28547812
28566014 28566024
28572501 28572502
28616314 28616317
28676061 28676062
28682384 28682387
28705857 28705859
28602785 28725378
1365848 28789647
28811287 28811288
1958719 28849691
414679 28851666
28856171 28856178
28865668 28865672
5614645 28865775
10306927 28884353
28902388 28902392
28930406 28930410
28966726 28966727
28980086 28980088
28991420 28991421
5694386 29001249
29008013 29008015
9792139 29010964
29011547 29011554
22377342 29076389
923801 29084126
29084136 29084137
10226039 29143369
1514015 29145964
29154535 29154536
21641987 29160523
3631228 29178554
29240123 29240125
2072918 29246827
29249605 29249607
15185191 29274605
2647013 29301201
15887241 29348919
29370332 29370334
15529845 29373704
7299921 29394894
17182310 18484948
9481008 29408166
9383456 29415575
29449563 29449565
1062608 29461722
29492314 29496944
29630426 29630427
29634488 29634491
26200439 29634974
29701741 29701742
29733535 29733537
29763703 29763705
29767607 29767608
29794325 29794326
29828201 29828202
29937449 29937451
4585853 29965456
29968155 29968156
26200763 30025342
30046894 30046897
30050615 30050616
30051347 30051351
30056263 30056264
30074920 30074923
2218400 30085855
30086407 30086408
17174131 30100519
4336809 30100569
1605653 30100589
29620160 30105299
30112803 30112805
30114591 30114592
30114591 30114593
30116810 30116811
30122258 30122259
30142113 30142114
5875811 30146699
30146851 30146852
30147811 30147812
30164817 30164819
15865217 30209062
30219170 30219172
30320676 30320678
30329807 30329808
30331639 30331641
30375882 30375884
30378219 30378220
30388300 30388301
30406231 30406232
30417260 30417262
30453714 30453715
3073129 30470753
17162226 30470764
30496183 30496185
30528969 30528970
30590375 30590376
30689911 30689912
2084951 30706730
30743367 30743369
30786162 30786163
30952618 30952620
31253620 31253621
541177 31313474
31396386 31396387
31458880 31458881
31485857 31485858
31753563 31753564
31798608 31798609
31815860 31815862
31824287 31824288
1605656 31908517
19026072 31922673
32009626 32009627
32423733 32423734
32444113 32444114
9493602 32888522
1744850 32911648
32960180 32960181
33036232 33036233
33045244 33045245
33047420 33047421
33047471 33047472
33047491 33047492
33055574 33055577
33080778 33080780
26963839 33182224
33207192 33207193
33337051 33337052
33478677 33478679
33478959 33478962
33507672 33507673
33607022 33607024
33660635 33660637
33667815 33667816
33708235 33708237
33720126 33720128
33864435 33864436
33873771 33873772
33975089 30086408
17756804 33983833
17156627 34118261
34165950 34165951
34343772 34343773
22322839 34370505
34420465 34420466
458 34525268
194209 34532464
2192 34533499
19913 34534526
40229 34537498
50548 34539636
12392 34544383
781324 34546003
14914 34556880
34578101 34578108
909148 34582055
442965 34590440
88157 34614398
336445 34656476
10951798 34663425
76621 34693362
904028 34719927
687393 34728680
676896 34750710
1052688 34769237
1415128 34793379
34870189 34870191
34878311 34878312
34923547 34923551
503372 34941367
22393880 34956374
4898902 34963999
1288950 34970713
34974207 34974209
40369 34996243
4125692 35010342
35012583 35012584
1376825 35045136
1409683 35049383
15089904 35083200
35138384 35138386
35143925 35143926
14019793 35149050
35172748 35172750
4905316 35175897
35176998 22487943
4592437 35293403
2598977 35299043
35310633 35310635
8628427 35313953
35328133 35328136
8723962 35345655
35354177 35354178
35408481 35408482
35408489 35408492
8983176 35479834
2662046 35501922
35518945 35518947
35578268 35578270
14933037 35625180
35628615 35628617
10266953 35670779
35700817 35700818
23761585 35708341
35789201 35789204
35806401 35806403
27621233 35849672
35870448 35870449
24230925 35884565
35891051 35891053
6717657 36068449
36091261 36091264
36109308 36109310
36186240 36186241
542321 36206298
3104420 36225112
542316 36240664
36242969 36242970
1742372 36243074
36243404 36243405
1797711 36247435
36254574 36254577
36258011 36258012
36277846 36277847
36282209 36282210
36290805 36290806
7699319 36290823
36304356 36304358
36342711 36342712
36351949 36351952
36409283 36409285
36426516 36426518
36430775 36430777
36433414 36433417
36448129 36448131
36458330 36458333
36477483 36477488
36503538 36503541
36616963 36616965
36617531 36617533
36618746 36618747
36624064 36624065
1925358 36652799
7683684 36659657
36852353 36852356
36853680 36853683
17162244 36859253
36859308 36859309
36917874 36917876
37070575 37070576
37112604 37112606
37568786 37568788
37648546 37648548
37730093 37730096
37780656 37780657
28876291 37871600
38154493 38154495
38740015 38740017
38763037 38763038
26398008 38767123
37986257 38770050
38776147 38776148
39070509 39070510
39070579 39070580
39072990 39072991
39073019 39073020
39073118 39073119
36235307 39106648
39157295 39157296
13745389 39192631
39340779 39340780
39357477 39357479
15855664 39535016
39555873 39555874
39643873 39643875
39665386 39665388
39666258 39666260
39680424 39680425
3143082 39706337
39716778 39716779
39720677 39720679
39832703 39832704
40275038 40275039
40318100 40318101
40318830 40318831
40372261 40372262
40405074 40405075
40405703 40405704
22527664 40451881
3815 40510741
9207 40512115
3537 40524932
1828248 40527327
284854 40538014
19176680 40548138
704205 40560024
17105981 40643614
493197 40645428
23497480 40658313
1155682 40659442
11491495 40677830
5192301 40703922
40771411 40771412
239333 40881955
40904798 40904799
7504653 40921441
40956135 40956136
579624 40968155
902122 40975824
41000456 41000457
2617780 41000720
41002888 41002891
41032579 41032581
41032989 41032994
41060317 41060318
858352 41067167
41070748 41070751
70338 41074747
8318009 41119200
41132596 41132600
15364892 41133049
41138905 41138906
442047 41142023
1501274 41169938
9417190 41209027
1099150 41226340
41244603 41244604
41277770 41277771
3127951 41286919
23686328 41353910
34244212 41390415
9234104 41468848
34880083 41486619
13695971 41617616
34298836 41654216
41663046 41663048
41688222 41688223
21776704 41746707
41746774 41746777
6363395 41752622
7700329 41752868
41785720 41785721
41838974 41838976
4916011 41845012
10947109 41903315
42124082 42124086
42167251 42167252
10249150 42171483
42179024 42179025
42186428 42186430
30464377 42186503
42186842 42186843
11647667 42191708
23864234 42194109
42197894 42197898
42197941 42197942
42203445 42203452
2583481 42205320
42205362 42205364
42226419 42226421
42228947 42228949
42230316 42230317
42193820 42232471
42232491 42232492
42283521 42283523
42285292 42285294
16735934 42288627
38488000 42292515
42293019 42293020
42349323 42349324
42374173 42374176
42390645 42390649
42467826 42467828
42484455 42484456
42528987 42528988
21238084 42541570
42549990 42549993
34929454 42550561
42550715 42550716
42718075 42718077
42731399 42731401
43030634 43030635
43265274 43265275
6317826 43340628
43463884 43463886
43481692 43481694
17162205 43576337
11647679 43772835
17156622 43809111
6456995 43894263
44059669 44059670
44565182 44565183
44598881 44598882
44645033 44645034
44934719 44934720
44934736 44934737
44934797 44934798
44934805 44934806
44939811 44939813
25006818 44968809
20417370 44972098
30277214 44991367
2639414 45080755
45088744 45088745
45115271 45115273
29005267 45202166
45350370 45350373
45372013 45372014
7177003 45461938
8895229 45478149
45518448 45518450
45520796 45520797
45534575 45534576
6316459 45534720
45558160 45558164
45562646 45562647
45673391 45673392
45676744 45676749
46000497 46000499
46199794 46199795
46205806 46205808
42193161 46206266
46218619 46218621
46229755 46229756
46239138 46239139
46239622 46239623
46239893 46239894
42205366 46241149
46274553 46274554
3552 46342956
4770 41119200
10545 46360467
2123 46364007
306880 46364024
8159798 46375545
46392534 46392537
7798720 46411890
9723007 46427592
316715 46473685
13548979 46477895
15327184 46488545
15327184 46488546
8533603 46525697
6716853 46533908
2912923 46550814
4469443 46637315
792633 46712160
5970759 46787235
7894725 46814022
39658934 46815230
46823722 46823727
46870080 46870081
46877945 46877948
29401439 46920269
46948046 46948047
44003414 46991134
9002263 47008095
47020053 47020057
28051822 47051310
47103325 47103328
5614898 47110189
35408505 47138459
16265726 47162274
47164825 47164829
15937344 47173032
47204506 47204508
12128144 47215390
9764826 47275921
35253509 47303072
26826538 47310009
41431220 47326552
1605651 47338965
10384810 47342868
1658996 47343227
21045933 47388421
27078226 47403546
12548623 47422033
8784401 47422072
26772199 47433062
47442947 47442948
47447205 47447208
47522636 47522639
43637164 47530560
47534252 47534255
4059355 47538910
47562364 47562365
47606439 47606440
47650067 47650069
47727323 47727325
47819243 47819244
41365884 47830292
8978614 47876832
47880827 47880828
47908192 47908193
2774887 47934827
47960238 47960239
47961326 47961329
542317 47970135
47971819 47971820
47973300 47973301
47979425 47979427
45100973 47979576
47979593 47979594
47993837 47993839
47999599 47999600
48066907 48066909
48066999 48067003
48082980 48082982
48101035 48101037
48121291 48121292
48140228 48140229
45693481 48192566
48193020 48193022
48250538 48250539
48258011 48258013
48262674 48262676
48312233 48312234
2358104 48312247
48312531 48312532
48340217 48340219
48509301 48509303
48520314 48520315
10626867 48571763
48726222 48726224
49095816 49095817
49192730 49192731
49219841 49219842
49410688 49410689
49530438 49530439
49533439 49533443
49564358 49564359
49739274 49739276
49823003 49823004
26510243 49834408
49840958 49840960
50202190 50202191
50226105 50226106
50227065 50227066
26255497 50325056
5998879 50345748
50621872 50621873
50621926 50621927
50621933 50621934
50621937 50621938
1638772 50629002
1744853 50655267
50659159 50659161
50897333 50897334
51012173 51012185
51012967 51012982
51106662 51106665
51166057 51166059
51180950 51180951
51185907 51185908
51186948 51186949
51189080 51189081
51200264 51200266
51240488 51240490
51249266 51249267
51364274 51364275
2586109 51529097
51549163 51549165
51672426 51672427
51866679 51866680
51967272 51967273
