3132 3152
21739 21745
41871 41875
41893 41901
67791 67793
67904 67908
115979 115981
215018 62021
227803 227806
228772 228773
237421 237424
244665 59308
307424 36536
324279 324281
328702 262115
330051 59452
333159 15857
334730 118694
344408 43303
344803 227517
360139 43097
390268 22603
413621 18792
417543 161858
442073 442075
446340 244836
523774 406749
523778 211634
538276 133662
572036 213831
593551 241329
615064 468055
626079 74715
630810 35135
639265 20355
670625 300028
683658 65462
706255 390188
717518 2978
717518 109603
725469 82210
731225 167460
745099 131556
751724 149516
751799 308571
752003 243513
753138 136407
754081 63975
754248 147227
755167 119585
755283 251744
756248 704751
756248 12875
757638 298537
759451 682284
759742 729066
769438 348360
779555 31113
814575 18116
814848 96544
820730 105570
821031 70324
833708 428921
833711 132388
836305 18156
837710 245601
841995 92083
844328 203877
845433 19102
858563 50104
868282 83197
869543 59590
870749 128551
875443 134350
888695 390480
889590 59608
892551 249314
893338 44744
939600 27154
942522 388533
976369 526262
993262 74673
997940 13491
1019243 371324
1050641 151651
1066837 125991
1087530 435039
1126925 78964
36493 78674
1169729 232583
1171972 60671
1173994 178797
1189490 40463
1199196 36447
1205569 96300
1227797 78260
1228693 59572
1229163 44853
1244258 76696
1057705 59408
1246157 14193
1249390 187059
1264888 71098
1296147 29447
1301752 151045
1315103 130268
1326671 66126
1352072 35520
1352554 314220
1373503 67540
1057980 4656
1398164 135401
451990 116694
1435724 64823
1494943 76524
1527920 37969
1545655 110722
1558366 113348
1599430 114385
1668183 361737
1675645 12423
1686566 237329
1686566 144734
1710741 368336
1713180 619641
1718294 126411
1769867 18664
1786910 161039
1797575 81433
1817675 112113
1845094 531922
1860431 1548
1910784 2413
1928280 231843
1928327 162613
1928341 197449
1928361 420006
1935780 441746
1941248 22948
13961 86924
82822 562104
1955784 66560
983107 22830
1977683 62056
2035964 254951
2036061 204577
2073361 325579
2074169 58152
2098863 132649
2098896 15908
2098905 612732
2133117 133750
2167008 75912
2209750 47399
2232668 104913
2239772 233570
2322666 48283
2353094 62502
2366838 19098
2393639 292197
2402414 229627
2402567 277897
2407788 509023
2421792 181312
2471507 93563
2485539 434321
2485863 889861
2486490 231714
2517562 127587
2518640 70149
2552974 296182
2751086 136269
2768669 359249
2813108 254510
2817206 127042
2817206 313045
2819021 44808
2821262 223038
2821320 241371
2821357 129228
2821426 134077
2821483 663134
2821529 2082
2821740 332030
2821781 311791
2821862 13332
2821864 268373
2864875 253095
2899191 25821
2926340 185673
2934387 330972
2940067 434913
2943172 300253
2955969 304790
2965664 284128
2971449 172795
3005061 905351
3012329 60834
3022316 50279
3092470 193311
3092494 130579
3092547 244386
3307743 251452
3383702 60611
3417072 498087
3420602 58118
3455795 243604
3459950 214764
3516100 447355
3720127 135386
3720337 63694
4192787 348158
4559225 263022
4561031 7685
4608348 162015
4800927 262608
4800965 239749
4841110 17794
4854240 39262
5082566 130308
5086081 232765
5086277 80143
5089432 62660
5089433 131595
5180819 362746
5181617 728370
5181655 396524
5186174 67349
5823974 241825
6184796 71873
6307034 312200
6334526 476383
6460774 223616
6554926 714064
6554927 328234
6554928 34422
6554929 66323
6554950 67532
6554951 100195
6554952 239392
6745334 105565
6745335 144838
6745337 34897
6745697 314542
6745699 359789
6745701 317066
6745702 286947
6745704 495676
6745705 209092
6745707 390229
6745711 40744
6745713 592409
6745737 265051
6745738 434060
6747152 29242
6749498 65741
6749503 23102
6749504 11243
6749506 263579
6825591 62204
7311942 277415
1259 19327
1075772 558801
4765190 21192
8143070 68556
3045145 247834
8144933 117822
8159100 23097
8159132 220109
8159157 318537
8159175 66669
8159177 341737
8173687 609485
8196748 145293
315586 23836
1933674 140933
8270308 229404
8274763 385581
8112666 128701
2100739 27893
4762893 113733
8334259 88713
771494 125608
939727 77827
571662 266041
57167 97294
8116676 11177
8364397 39107
33518 74304
8422048 63262
8431191 38962
27 122515
8498857 265082
8511669 83236
8532003 60287
8534361 108222
8538249 122358
8565259 155540
8571496 26155
8590028 24547
8619443 301619
8626070 66453
8628137 1052545
8631763 542966
8635748 443021
8636376 251386
8639096 34100
8654248 290803
8655439 77906
466357 5926
8663747 109622
8663750 10541
8282255 258791
8674302 5735
8674595 495
750207 348101
8680442 148717
2035965 19617
8680845 819771
8647312 75994
8697442 115991
8729230 222071
8730424 72500
6868630 386537
8740003 228329
8740378 29652
8740806 57907
8754298 246951
8754771 246151
8756604 967224
8758982 147011
8779360 140097
8784418 11708
8785942 42884
697776 14640
4742409 236762
8804216 178541
8810971 466104
8816689 1483423
8821861 6054
8828286 6381
8831834 70677
8851032 206764
8851961 9476
8861543 334785
8113958 46836
8886008 239614
2051144 75154
8912383 77119
8919954 18134
8940958 11086
8955514 286909
8959557 72766
8962404 73449
8966398 178808
8987674 50295
8997015 87368
9023432 284470
5613069 48402
9052804 274135
9053223 558345
9054574 115980
9058765 126344
9063296 693077
9069156 4344
9072254 72186
9095814 146327
9106668 179301
9109202 278982
9112971 83906
9116495 340322
814409 77719
1975291 99125
1975291 411116
9161002 337061
9184963 147368
9185651 29762
9186489 11022
9194429 254888
9194886 114303
9195692 10768
9227620 126111
9266043 1057890
9266043 767201
9340105 10313
9357837 255023
9384570 56943
9387099 571632
9450754 242103
9459394 148423
9512203 757762
9521112 247708
9536282 34607
9556640 76829
9565977 44762
9574973 26936
9598247 455810
9634947 216294
9634987 10758
9634998 198212
9635011 278365
9636385 268526
9651007 372088
9652897 267547
9658291 24376
9666568 12628
9683806 218646
9685831 292610
9697295 22023
9710910 266543
9723929 136161
9724064 903256
9731547 726711
3379578 36814
9755621 253652
9755839 237008
9756243 774123
9766482 128375
9777559 480133
9792162 83277
9797866 60160
9808706 119151
9836170 131011
9959232 582634
9988262 125547
10001411 278497
10037149 96561
10046411 109978
734962 147383
10058253 343669
10060868 267076
10134808 613455
10177871 286949
10100177 5394
10236710 131168
10314537 61159
10322251 647112
10361147 274265
10400828 464293
10402526 45126
10402547 814356
10402636 64004
10402640 52829
10402713 162210
10402723 293364
10402805 67630
10402835 411627
10025682 224705
10402939 195221
10402942 86824
10402980 45192
10403014 36152
10403042 108484
10403100 217565
10403109 22586
10405138 246348
10406218 11127
10420907 244543
10427760 115421
10445530 71675
10452227 137517
10459691 103568
10481622 237285
2393330 22359
10548751 132118
10570799 281212
10586019 99242
10593922 86289
2940310 219271
10643407 2185
10643509 252969
10643547 44396
10643965 267163
10895684 230957
10907170 684119
11064606 136377
11193910 283896
12081110 303760
12100220 226919
12186624 871054
12226739 275110
12226947 50299
12235198 620409
12283176 247024
12431826 467323
12441520 223216
12441909 271033
12443392 459242
12444057 90434
12527302 50278
12527351 27223
12528187 44938
12531962 368615
12904921 225145
12916302 254624
13085419 191765
13127099 196875
13478748 40776
13667197 110218
13695985 391417
13784717 429659
13784718 137406
13784719 319585
13784720 41248
13784721 215755
13784722 73623
13961251 70589
13961585 195147
13961587 1009578
13961589 375595
13961591 89854
13961592 161372
13961593 339780
13961594 148737
13961595 29181
13961599 633031
13961600 586878
13961603 790957
13961629 968410
13963016 12460
13965135 1101
15249855 31302
755168 49889
2877639 72773
2877635 284127
15264645 26012
421006 432146
15264745 304822
1678218 218362
7800675 161386
15280091 17671
15280114 75572
15280116 29154
15280132 137999
15280133 992056
8170332 361169
5399 5971
337982 57786
15377064 21309
15379839 16614
10371382 134349
15450893 40726
15237396 213844
15508953 7872
15536768 216258
15558238 297532
15578903 58855
15588437 55428
14934400 205492
15589035 25461
2040023 307349
15592531 16636
15608208 236439
15630704 3437
15630713 62475
8159021 791327
7686272 193306
15661456 354035
15491200 19499
15707972 308049
15708540 343984
15709177 62456
15716226 200002
15722202 33890
15722264 548804
9756108 18472
15740563 210416
15744876 207552
8655443 45743
15748759 88365
15755153 34392
15755681 7713
15757191 61431
15757199 614372
725470 213274
15758127 189524
15760202 255147
15760659 57265
15760724 471636
8650215 204362
15768709 304913
15768899 164575
15770615 183931
15785075 103471
15241706 75875
15800976 114632
15812867 293473
15820490 251219
15820972 1069896
15843379 210437
15844539 469526
15855817 867
15856980 23967
15858094 55888
8361285 78110
14937173 55443
15937450 741849
15939153 28885
15046731 18626
7967 269307
15949553 38987
15975924 480828
15976264 116465
16014079 48548
16024092 93213
16030649 92190
16039303 252388
12359522 52732
16087638 894398
16089682 62420
16104308 44816
8825398 90326
16115340 33286
16128105 289570
16134084 25034
16135177 2972
16143043 10647
16151361 45699
16156109 92544
8119397 923570
16171656 357
16173363 58150
9339 306161
16196517 176167
8954016 47343
14930956 30947
16215025 246670
1683224 72141
16235324 64046
16266189 439045
16289558 236251
15809009 411086
16312963 225136
16334233 128162
16386052 402694
16412716 1397188
16437060 34911
16454252 44413
14933071 161584
16481176 72409
16485943 425432
1647869 276513
16545272 430717
16549257 99052
16575383 23953
8750271 229942
16578339 288034
16643125 79446
16643137 293318
16643153 48302
16643171 16390
16644287 279358
16665373 129831
16666849 179831
16667342 296757
16685357 161063
16735451 40785
16744290 43768
16756833 64238
16757033 156453
16776793 3001
16776800 63971
16789314 152047
16831127 74224
16918314 212659
16957783 116914
16959511 159918
17013455 883994
17018658 272957
17044770 353792
17075356 134279
17093447 240016
17118753 110609
17143185 280471
17143369 400337
17168920 456734
17183868 12547
3023969 66094
17329589 554504
2547374 57272
17358057 142277
17358067 75564
17358071 189501
9184459 539816
17358118 62479
17358174 249958
17358178 158138
17358335 266534
17358359 12455
17358387 86300
17358424 61911
17358425 542663
17358440 300065
17358473 49197
17358547 6149
17359527 123232
17366095 81499
2881385 20103
17380019 197064
17380356 370265
17389439 226849
17403240 263806
17408720 325281
17413214 448139
17419882 352384
17427288 232487
17441959 3524
17395060 23433
17467869 1205586
17484058 268074
17509639 601783
17553304 381997
17561318 807328
17571279 33220
17583898 542665
17583978 283803
17584139 252686
17632895 149952
17692573 14797
17823459 545601
17834030 98960
17836561 86297
17844748 86864
17852491 190076
17877151 593023
18097748 19069
18097800 11971
18097833 201169
18100713 771741
18509667 130288
18589251 132675
19031705 568728
19132093 236849
19276896 364005
19280166 185713
19360270 258545
19360468 297970
19360548 104176
1164205 22568
19361201 139193
19361212 252376
19364537 136948
19364538 162606
19364560 110340
19879266 114095
19926686 252254
20266289 506701
20323949 33492
20393197 84657
20458044 230995
20544144 679759
20544145 202933
20544146 549705
20544149 315360
20712644 225152
20712648 220950
20712652 196059
20712654 160051
20712655 118259
20714007 35141
20714008 73590
20787110 295809
20815823 179423
20848003 2962
36632 200006
8072 178087
8119283 233405
8359643 367140
8359643 2813
1670067 24946
9727502 213573
21963514 1068587
21975471 650037
751801 10028
21975509 577934
1355941 314358
21993659 199652
22024989 506441
8116128 62522
1052117 101027
7790314 89881
8988592 37460
15237742 18820
22098692 17658
16413480 93618
1302021 232766
22122119 348227
5114954 12440
4802930 58138
9557806 179602
22133289 28453
2051142 105204
7793777 207212
10204153 77537
10204153 295809
22154006 423755
22164833 434839
22180953 78755
15240034 271265
15239444 263437
22210035 122485
22241782 304058
9774832 2822
9387100 514810
21645489 39857
22300442 267515
16703639 5701
10402871 231214
22350744 60235
22380810 834545
22392472 253561
22416764 275915
7956325 59573
21646551 121714
22428644 52660
22428751 60787
8678756 82262
22433323 106859
22433790 46839
7798734 69914
2040001 84783
16235340 66465
8222959 39894
1386 94624
22481654 433094
3017544 229924
21960743 610283
15263516 638341
15263804 173063
8156323 171722
22503097 95505
18998371 199211
3503959 149551
1806809 114690
22510842 409280
22519909 132910
22520438 7621
22520944 282937
22521528 62887
1236690 222411
12232290 249813
22543313 5314
22552002 130754
22552765 16749
737047 78652
22562466 255319
16275818 11267
22578558 127506
3798133 197740
22598708 690325
8279511 627962
15341259 64870
22608031 217996
22622323 262856
21640104 318278
1600590 54447
22631051 498605
22632539 58830
22632835 397707
22634404 34310
22645023 20708
22667371 591308
1201010 608843
22674493 112037
22722771 45206
22735887 182006
22740235 254404
22763523 312196
2376135 292229
15579918 250635
22773708 275091
22781974 17489
22783324 461764
22790402 193706
22806796 14798
22807578 119630
22809438 313611
22849381 1379616
334591 198704
492903 48821
22879594 58157
22885189 262144
14931266 480705
22914694 61950
22914710 20613
22914712 320
2670399 34109
22918316 88493
22931453 20028
13090235 438009
23018523 804305
23046390 10469
23054240 451703
16786053 393374
23091638 22502
23113637 74296
23148373 615519
22118587 148689
23210763 211888
23216002 677253
23267219 149514
23267219 52016
23272065 110157
23272075 110309
23272129 18197
23272129 201239
23286519 346821
23288412 34694
23288424 32525
7041092 76205
23288435 110514
23308322 34110
23317336 133937
23343422 515539
23348106 486122
23356421 867159
23363145 484626
23379496 109215
23379510 247978
23380508 185126
23398197 15146
23406288 836119
23409694 40232
23583205 215302
23596564 32022
23609430 108078
23610520 74809
23620929 64912
23625524 31013
23652534 515711
23667756 231743
19697886 658385
23710058 83649
23713997 656859
23723600 149142
23777689 318861
23794846 71876
22914711 407666
23821178 347202
23876958 74682
10400832 483434
23897090 621560
23913266 221679
23916028 201107
23951836 95474
23951842 115023
23951932 561155
15713241 194938
12186352 289986
23952035 158260
23952161 66863
23956971 268231
23968072 362147
23987646 162569
8393176 71985
23995866 660213
24010284 522278
24010500 243032
24030885 19473
24031725 407906
24041801 75976
24067083 48990
23744351 240612
24074301 735460
24095465 51239
17076062 230727
24136480 131961
24157612 122471
24163512 253422
9077409 298624
24163588 77280
24163687 358867
24163734 217601
24163873 125486
24164053 10635
24164060 133810
24164066 300317
24164425 689698
24205901 59416
24269655 100193
24298090 728047
24470120 504366
24487585 97539
24514651 110290
24653249 1056840
24952667 56876
4800928 12447
25055214 37501
25365864 1542
25461382 494035
25473817 199701
25555664 555657
25556652 327365
25556680 64771
25600952 97430
25790436 848429
25790944 274102
25791823 100740
25793080 395519
25793081 101379
25808374 5310
25817923 160888
25867169 192135
25867175 442341
25867318 589470
25867388 115507
25867497 238937
25867686 126785
25868038 24378
25868092 16424
25868117 326630
25871062 2392
25871199 32032
26395460 68837
26515879 104701
26799858 514325
26988929 422096
26988933 133765
26988936 20051
26988937 86279
26988938 46265
27152896 394938
27152897 524673
27152898 519170
27152899 235314
27152901 804440
27152904 261749
27152906 626405
27154238 424878
27154240 224810
27156260 88007
27156261 756852
27252155 98823
27252159 251144
27252160 77643
16719917 49890
1072329 328516
8327 167259
15239768 164214
2351729 128506
28361731 2767
28361731 183985
2122672 405744
17818485 11863
28378414 194926
28386332 169079
7641092 131524
24011341 236612
14936759 8504
28468775 292080
28470215 17659
28471024 35825
28345218 29168
2821448 2262
28479741 200868
8699037 62462
28495397 126117
453447 12447
7422 129195
21642634 248413
14785364 150271
1273758 39032
28533724 131794
63670 11477
28538799 92088
8117601 556
7683575 133545
28542399 11060
4810 59867
28546736 64794
28341874 160488
2306 101435
28574278 70312
28590017 366452
28602061 108221
28611062 433963
28612785 97345
9370994 212155
15436212 29501
4595988 318062
28648641 160007
15256892 18258
28653572 20846
28657496 212582
9245523 329018
28689703 184539
14934655 209379
586686 225450
9715745 242953
28719625 146349
28373537 246497
15236697 10646
28726306 33910
28737394 217918
28739268 240188
28742483 5187
28773816 290943
9830738 687561
9517710 85063
8316514 71007
28790865 196738
28811598 125980
7798612 381808
28814013 148618
28822205 133999
28822689 679979
28826190 305636
14935740 128648
28831632 275734
7799667 145954
8729310 130118
24057169 506002
28876158 156461
28879329 793718
61759 224966
28887075 268657
21951823 660077
21951823 423320
15369571 21151
2875877 255504
28901362 560000
28903182 3182
28344629 231101
28905765 190981
16665175 58474
28922373 131597
28924286 80281
3097783 120672
222232 350990
5581058 11109
615068 1014403
28992395 98891
1923612 57722
1161751 15519
29018264 109437
29052745 433515
7790823 919897
29087780 49238
29090269 311047
29126270 54386
9653 209640
9541477 245174
29136823 353638
29147173 43498
29148161 635385
29149172 2170
29152321 10597
21942942 397036
29175666 128791
29178028 254573
29221416 55893
29227043 290797
29227925 340061
29237314 230852
14931175 208796
8114076 199051
682651 18073
29274916 24457
29276348 128362
15833666 551805
29304565 58156
29319843 290745
8119500 521058
29349069 516366
29369858 110625
14932494 118574
22772054 215994
29424563 468728
1195661 16511
29467205 12622
29249484 358781
29508863 255653
29525678 817470
29533783 199678
16517131 5748
29557535 561948
29565366 137416
3092432 59907
29619652 91766
29619673 251500
16223496 487587
29619795 568722
29640476 393353
29640487 349006
29659122 80359
21645229 59054
29696439 122482
29696444 167209
29701722 774967
29704418 100203
29741121 368128
684539 129748
29750815 386455
29787881 128815
10402567 195525
29854485 265746
29887016 157431
29916708 62927
29918540 67361
29919785 727276
29928679 34137
29949870 42327
29975318 44215
29977323 244709
29990892 137010
30024346 10483
30044291 4575
30057557 501875
11631272 93117
30082314 480906
30084251 77982
8226244 98758
30138491 304070
30141963 388110
30239649 519301
16289172 715740
30259901 499214
30260619 3452
11193901 14173
30275100 380886
30275136 169208
30275144 257164
30275146 622645
30275205 285098
30275304 296298
4843795 42822
30275406 230836
30291062 176132
30314177 257048
22728745 88529
30331573 555768
30364325 365566
30373149 643124
30373150 106644
30388707 90999
30391008 149656
4968049 257717
30403654 173757
30414876 18343
30417306 92549
30418475 59201
30424797 125258
10385483 250728
30476690 463825
30476984 535251
30477439 710510
30501958 90752
30689145 243339
23951901 71402
30949183 62466
31324946 108279
31726333 14346
31835082 318894
31879162 337278
31923053 367299
31968019 363992
32056365 84656
32058649 96330
32059903 241709
32061090 92342
32061110 315035
32131931 71560
32132144 785
32132218 542637
32132872 247975
32132893 246146
32135804 68593
32967104 38387
33083057 222054
33101678 9855
33206854 628886
33207087 222387
33207088 94783
33207089 80850
33207090 453371
33207091 259311
33207092 362349
33207093 69023
33365513 365065
33365515 28342
33365825 211081
33365826 405824
33365830 737022
33365831 257149
33365832 87784
33365833 1549858
33365834 369294
33367226 59319
33367238 155487
33367248 58319
33369195 62501
33369199 37361
33369201 792792
33369202 154440
33369205 78739
33439956 57719
33461633 92509
28360649 438928
1698 34517
15249862 130191
29696440 294647
34550571 58840
29696157 29858
67794 64851
9756067 608329
14937399 268695
9731959 18580
34570453 52727
8585229 403222
1615274 50519
34645936 158029
844839 25033
8686464 55881
34699926 200665
6525386 20038
12468653 237041
9385 11130
196494 35849
34753351 189
9155109 50202
34789941 221315
34808399 16336
34810776 610899
34830198 45381
8947806 40764
34840360 138582
14143841 129818
16449642 23811
24653188 20095
34899430 132354
34915901 295154
8721008 39917
34917899 1039
30025650 213660
28480378 351099
34927222 120663
34942440 18741
15239917 54477
17404612 873637
7798381 44605
34979670 643962
34984109 11648
41847 216260
750801 48546
34985867 254071
34987400 270460
4905120 62802
10485848 62729
28898804 147168
1857784 34142
35031446 219608
35058207 238141
1090280 5972
35063175 155907
35065512 18030
35071711 202927
29010141 295150
7800241 84016
29980553 549287
8166403 164302
35095017 379935
21943443 5601
16237686 319623
33002550 110165
35144373 82625
35147420 34947
10024382 21292
17328888 94581
17328888 326611
35176166 92009
15761465 831232
56402 209759
35184268 160660
35185285 329892
10524256 186179
35204339 769874
28341295 138257
35208092 231496
35215552 617986
22143506 12042
25597397 542458
35243608 227524
34703632 292376
17434669 237492
35274394 18718
11025457 9506
35280681 9574
35297501 40774
29212317 7668
29619951 365624
39389 58133
4733 467146
35335137 66331
16388142 494014
9406890 483303
26601 241432
35383268 306501
920396 238168
35388010 18779
35396637 86651
35396936 246628
28053178 13908
35405225 453711
28344421 251928
35416536 240902
14931220 60064
35433923 25075
35439973 78435
21512992 255970
35441774 386199
35453758 250231
35462680 73194
1117727 80655
35478845 309953
30949186 77993
35492108 359847
35543886 57964
35559159 496441
8195431 92560
35578165 139705
9715755 604770
9800044 231722
7696191 26928
7696191 271747
6416051 115548
35675161 384810
35692329 49555
2817207 119191
35774845 267669
713227 263990
35774912 198040
35774914 792772
35774919 303461
35774931 413816
199212 15600
35790625 67457
35795072 161839
9658292 155301
11698334 691854
35796616 254605
35804180 167380
35806086 265272
35813811 4398
35833432 177966
35848259 142286
35855736 71158
35858493 451630
35879391 943739
35894416 241734
35894446 254972
35954661 132537
2209756 42853
22536976 49470
36043118 47625
36071889 330484
33058341 330829
36119402 25083
36152811 249135
36153143 137285
36217711 255285
36220333 77167
2778913 301928
36247765 128122
36264998 176745
2821866 866496
25570752 918562
36407467 89063
36407478 612709
36407489 52685
36407496 66613
36407545 587747
36407578 42222
36407646 251982
36407864 48269
36407952 347939
36418452 73191
36422377 26019
29364815 304560
36443531 227055
36448393 169137
36489370 651826
36498132 478274
36373347 239186
36505066 48831
36513887 266912
36515393 338202
36524126 588018
36539578 255965
36544969 130368
36559477 28369
36564781 310053
36581619 263922
36581632 239784
36600789 241729
36600848 49281
36600909 4081
2471508 411552
36629320 327571
37054122 52839
37057373 211061
37103311 71119
37425097 18471
37560447 97356
37855282 11137
37914728 269815
37956887 119725
38000776 254270
38130013 8505
38131934 130700
38133149 103974
38133558 430434
38202645 277071
38202655 327952
38202680 89973
38202685 593546
38202791 130883
38202893 561154
38203273 264139
38203422 396243
38203436 744412
38205940 143826
38206018 269608
38206075 497790
38471499 83334
38641908 83484
38971724 247236
39033045 164340
39048031 247796
39107364 22601
39145336 76689
39220870 300200
39228015 599339
39228016 173263
39228018 18651
39383810 128765
39383812 54063
39383817 122403
39383819 265740
39383821 663561
39383822 1055158
39383828 83614
39383830 359873
39383853 49165
39383855 20454
39383857 52021
39385119 98247
39385120 620973
39387035 5182
39387039 135129
39387040 290039
39387041 110520
39387046 1886
39449877 68335
39449884 208793
40514882 227378
40515291 80684
809839 77813
1435655 11157
1642686 87342
41582 135745
1353054 73314
34986766 92153
28057532 321652
33726536 40787
27522128 34925
27522128 72018
8159138 646641
40544776 246428
21648136 1010684
2485541 246882
40555977 637789
22161132 113605
40572522 4620
40572602 45125
21970223 62248
259276 15967
40590028 71753
21978596 75760
22527155 447813
726532 76273
10451104 3167
17328887 200866
844 18850
423923 92221
3501722 119184
741134 214267
191336 141279
8631380 135299
14647 906797
15240951 80686
40749624 594087
40766908 11153
40772952 134521
15820941 1154071
28339997 766969
40815615 66385
31794149 21568
40821431 110075
40842008 276429
2517563 7343
36500003 33901
1993845 224216
40903078 126899
40904718 280031
22133422 220205
40913023 716736
19083290 37503
8170984 224932
21989810 380807
2039996 353443
40932427 359423
3399580 35413
15237843 116637
15250852 76451
14935578 344557
40959921 257441
40961831 348660
40964052 218385
29278825 83651
40970051 44394
34524952 110311
40972304 120659
7798762 282794
8676991 28692
8761591 280241
40237210 105573
24167619 64553
34529720 137571
41011984 160085
41017006 152498
35557421 562702
21945469 22584
41032208 29158
41035492 318410
41036951 767089
2940503 242649
41047534 18958
41050667 406283
15660718 159738
8452802 5927
674 455623
34802995 106890
12188276 104862
41108268 343258
41111346 127078
15287297 65892
41147444 29552
1352555 520966
41150349 56636
41156289 267101
41161794 139571
40818051 919002
41177829 144484
41200886 230897
41243400 1339344
41269632 180363
21641095 102763
1336153 80646
2931176 198498
15266840 61223
8499215 276080
41291239 402463
41291808 378485
15541532 92001
16730528 627291
87900 435741
41318763 245416
498140 125621
41333777 255449
41342368 23071
41359017 653760
28053143 879640
15400239 89123
41368495 312131
41374815 18452
23952036 158626
11002255 275422
41406310 215746
943599 13483
34948306 65236
29436395 469806
35358551 202301
21938540 261238
16013366 62401
41506174 146781
16441785 227983
41522907 91686
29696445 67365
41551085 57266
41569674 131522
41598867 34506
41599648 574372
1918680 390303
41602895 158241
41602896 209267
41617598 82627
41622574 203427
41663378 347946
29525679 169305
31809485 518107
41682093 176783
23250819 77526
41726579 12424
9604793 126550
41733418 361727
22675114 645000
29699510 2768
41752631 15705
5585229 75149
16958393 289
41763524 541063
41769722 134553
41802619 367370
41804685 307767
41813437 44868
14495700 17235
41878803 216040
23951837 44042
41911807 228328
23748328 14184
42034650 210446
16041072 93620
42064334 33287
42102485 13394
42143575 1806173
42153829 161914
17436652 59218
23415813 52037
42303980 193350
29972180 273678
42348949 887268
42348981 59211
42349064 379658
42349104 18099
42349197 394547
42349224 88951
42349290 101447
42349301 261329
42349335 583667
42389833 1156942
23012809 134446
42432026 394739
42450570 254909
2926342 3025
42515764 126786
42536162 346005
42536173 228916
17583873 134608
42536199 158870
42536212 71137
42536268 135540
6374447 121878
42536469 255221
42588658 46252
42801446 168381
42821636 390414
42960635 115547
42961301 269169
42975903 60608
42975989 250790
42976014 304803
42978775 301621
42978776 165643
43044941 79460
31324198 195991
43353685 345310
43354453 296018
43567360 253664
43746651 77129
43859195 17119
43865661 40394
43952263 489885
44032077 114319
44035851 267718
44037503 12437
44037729 1153693
44038144 110925
44038145 508229
44103656 26826
44103694 1092220
44103748 525122
44103795 294644
44103800 49229
44104015 394034
44104044 134368
44104329 82743
44104373 27834
44104386 253801
44542833 371869
44910455 195673
45004503 26661
45004505 37102
45086924 16689
45086925 266782
45086927 20833
45086928 64729
45086929 251953
45237637 128464
45237638 480470
45237639 171162
45237641 105343
45237647 178351
45237657 302360
45237658 271640
45238903 148570
45240917 3107
45240920 492957
45240921 129353
45305878 107959
45306404 73422
45350145 442155
45731649 560944
8159102 82710
41878 38240
8486 15540
317691 43830
8679406 639038
4759810 39201
46375346 510648
9756106 127315
811110 22570
811110 475981
21975510 16007
46376590 11087
380220 128569
244629 245859
8558352 118559
601623 480280
564394 78483
8113845 158599
46401320 470417
22775655 129661
514744 362526
344413 118123
16879651 200674
612708 1093
322163 8969
3434419 128382
19114658 23064
7611847 72636
46512584 103037
35257631 44833
2020459 330948
2232673 16188
8223918 123040
46555498 19054
28778336 14796
10432749 19604
11022192 23368
7757704 134815
46583033 333647
851170 134626
46636851 61068
8141390 1117924
46637402 84641
46640152 158814
46650523 5000
46672856 255788
44111192 271266
46714529 282748
46720837 67518
46723443 65633
46741333 37908
15287034 329880
46747238 67405
46752450 18170
46754610 610896
46758679 49836
2029410 20077
22420377 285531
46773876 1566785
46775053 1313509
8686150 169982
38770073 164505
237426 16621
46778812 122365
46780427 1098721
1828329 312611
7798760 19334
2369502 138521
40511048 744164
46805399 386467
46806062 533272
46808873 257060
15654040 200118
28056982 753933
6315629 67570
46815834 124988
15557263 128389
34525014 843679
34525014 240760
46824750 34919
22143591 160998
29847666 257243
46841379 133705
46845520 118114
23323850 864956
22777651 110561
46858686 243503
1899532 402978
46878112 59228
8562130 169180
46905572 96314
46914770 194946
2034240 241003
46921890 58895
14927995 229249
46924976 218638
46931224 158202
23066983 48352
46967007 231034
28104922 382575
4841111 790403
4841111 568896
46989007 49203
46996735 286353
10406219 446319
1955785 131800
826742 718802
47013168 529
29458035 126046
47051243 52020
47054078 349476
15251704 235322
47074357 400318
47074505 167340
225830 98560
225830 141405
47088165 38048
47089204 218341
47099204 250844
8392203 77262
46347415 1465434
47111119 454690
47112783 249246
47116218 74276
22270423 252002
47126877 5722
47127352 133480
47127752 589370
47129373 297086
15713166 387944
47157326 82241
47157472 24611
47164130 110526
47164372 188190
47164994 2732
3716533 78099
35828731 210341
47175819 368484
208597 12421
39856670 243836
8650217 148732
22777470 60768
47203724 160741
7793767 589363
1494184 480144
34244426 290774
47252918 417626
47255045 206743
47257950 382902
47259726 288711
33640842 26408
320735 125721
47306936 129268
47318541 13326
47332673 185943
47333189 346823
30370342 19027
47402496 207225
40874381 355257
2517561 31946
1773442 36779
33595997 441197
47478831 88717
47503459 62374
47521407 76200
47523182 130537
47529359 520118
10060874 5920
47538752 292166
23914552 459004
47568670 96953
47591002 419200
28461149 759610
47623642 135060
47639157 24115
47641792 608803
47644352 680223
47745306 33285
47759877 346024
47760121 100190
47793331 105329
47793382 94344
47803468 21856
47823343 60656
13996944 267536
47830308 100194
47849367 17632
47851004 18754
47866705 207873
47879115 37258
12924325 288618
47934488 56187
47948064 79190
46951387 41691
47949692 697315
48004947 366400
48005118 245123
48005125 515602
24047849 432167
48030576 132706
23797409 869330
48116774 289201
48119695 100206
48119704 121286
19281453 332968
48119720 237942
48119733 95387
48119736 195412
48119780 329853
48119791 354529
48120044 792643
10402818 158233
48192600 4179
27525349 249720
48206136 228201
48207038 232546
48207091 10100
48207096 653055
48219835 191848
48252892 304193
48280757 211597
48284978 233769
48300222 191764
48495797 197166
48556049 265456
48764383 254392
49104250 84185
49225933 36224
49552093 308424
49620965 127547
49757110 70867
49760698 607403
49761911 61969
49762359 256069
49823776 407911
49823834 44155
49823880 323398
50070444 129225
50199410 21153
50597616 260662
50676965 534777
50689464 331542
50689465 295140
50770926 257210
50770927 143248
50918906 103628
50919190 62879
50919191 123373
50919203 35773
50919204 49014
50920453 195984
50922409 112745
50922413 132538
50922414 258251
51006325 223511
51006350 207735
51076500 150337
