33994 34000
58218 58224
58227 58231
61210 61223
91681 22219
151279 151286
160080 86861
208849 208854
227568 227574
389199 389203
415049 161963
416393 416399
420001 420005
452994 312410
476148 52836
501933 135129
515514 515523
516036 516041
518103 94127
561502 307349
563658 563665
569177 4575
598570 598578
599648 315951
600705 600709
600948 600951
601322 59781
603659 68298
604324 604330
604864 327773
606161 187358
606302 589369
607149 167212
607156 162251
608762 112952
611223 574449
612255 612259
627161 627165
645843 645851
650000 323078
652580 447985
653383 568757
653816 653828
690289 276008
692827 692831
720431 341737
720706 125989
720823 720827
721380 80281
721506 261399
721796 91240
742979 341129
755219 267547
764414 337260
767931 330755
775416 129590
782226 226970
782993 661384
785781 15738
787154 129449
799569 797345
807678 807683
811815 252583
813238 428931
874094 176132
874709 874716
886516 626405
886775 329465
891980 891984
901975 255166
909769 412467
909821 909829
925277 24826
931824 692017
952038 187128
986702 287896
998634 44835
999862 292848
1000356 106677
1003544 1003548
1010017 1010021
1010514 811703
1010887 156594
1011373 272939
1017758 268680
1019865 1019869
1020954 34108
1027930 744341
1036768 1036777
1041760 483004
1051124 348227
1051268 876119
1052521 525938
1052552 32238
1054502 585484
1060453 61911
1072134 238937
1078071 978325
1080161 788742
1090371 552825
1090645 792695
1164447 120863
1169160 2413
1234321 55881
1250516 825769
1250812 44808
1263685 1263691
1265074 1265079
1419101 715572
1444405 466539
1574285 672400
1579960 1579965
1580506 1580510
1580701 855080
1594290 493823
1598348 763145
1702153 1702158
1714953 1714957
1715848 424280
1717860 276390
1718448 86530
1718561 933388
1718666 240964
1718680 500995
1719020 279159
1720727 359048
1722377 333227
1737098 688589
1737162 344566
1737847 581654
1741100 1741104
1745056 1395313
1746908 358751
1747024 1747029
1750495 1306327
1750608 293902
1750618 828417
1750633 424279
1757422 200294
1768513 1768517
1769272 393691
1769279 83207
1774152 555301
1774156 100203
1774162 156542
1774170 1132764
1774259 755834
1774264 93049
1774483 1774489
1774900 561776
1775490 995171
1779170 489955
1779850 138582
1782058 34114
1782063 320653
1787448 405844
1787488 559630
1787523 468700
1787557 512114
1787596 307877
1793185 595377
1793190 871978
1793499 1793504
1797746 376754
1803541 711154
1803570 979649
1806743 255515
1809639 1036007
1810743 10729
1811627 149135
1811772 157114
1812198 61509
1812580 1591529
1813011 63840
1813378 685373
1813814 431323
1814182 1188091
1814669 743683
1814764 72191
1815334 507686
1816091 58901
1816878 713933
1817189 103227
1817222 379513
1819563 815204
1819583 379360
1820103 1300091
1820111 1138138
1820859 69328
1822355 373411
1823452 319616
1826943 19617
1837634 295789
1842784 36412
1843054 71781
1843118 121101
1843382 158697
1843675 289201
1844312 497285
1844740 627768
1845211 1845215
1846278 11149
1846299 1846304
1846485 56989
1850011 432822
1850357 60173
1856085 68613
1862767 1862771
1862940 203473
1863110 1173895
1863933 1545166
1864004 296216
1864088 211869
1864093 1054004
1872074 66613
1872197 783227
1872271 1726826
1872279 1419205
1872303 1073388
1872612 252852
1872620 608329
1872665 387295
1872680 581329
1873030 1103760
1873152 1467744
1873824 810475
1873862 295547
1873938 34919
1874189 83254
1874298 362431
1874350 610899
1874945 364617
1875347 255143
1875913 275576
1876030 1876034
1877319 572297
1877337 623756
1877343 593030
1877348 586927
1877354 357410
1877546 400512
1877621 331084
1877696 90052
1877715 918161
1878223 62867
1878298 171162
1881364 579232
1881684 732684
1883124 793990
1883140 1883144
1893878 64794
1897023 1811298
1898576 808209
1901064 1901068
1905255 940727
1905324 1301807
1905356 280031
1918606 134368
1922239 162606
1922505 329612
1925418 415801
819134 48352
1933261 244724
1933343 516042
1935184 1071325
1945011 378223
1946826 926316
1960584 1960587
1960986 353078
1964192 927421
1964417 1434535
1964827 427122
1966187 512697
1966246 386313
1966580 216334
1974095 391417
1974129 123505
1974261 368163
1978450 400365
1979070 381103
1980298 531922
1980441 313598
1981243 818299
1987189 679841
1992622 439052
1996185 1185820
1997306 442413
1997335 146781
1997983 299908
1998316 1998321
1999813 229770
1999818 1999822
2001976 824696
2004916 648132
2006607 2006610
2007033 141802
2010048 934131
2011974 2011982
2012192 1065070
2013001 428469
2064727 378485
2163534 780360
2175518 262060
2233096 615890
2295365 390418
2299134 198418
2305596 207873
2306393 131522
2309391 205788
2309498 2309502
2309553 52830
2323086 17555
2323526 341206
2336215 432417
2355591 49891
2362631 325683
2363022 970976
2363633 691587
2368307 846475
2368601 2368604
2369163 941030
2375994 109586
2376098 259794
2377531 406283
2377726 382907
2378698 852900
2379014 278719
2384271 74968
2391131 1188931
2398912 727373
2412656 1884256
2413141 1012920
2414812 100116
2100671 568896
2417349 19044
2417696 144987
2417707 90587
2418134 346960
2420542 622804
2433317 1401185
2443922 388529
2444218 434329
2446897 61977
2446906 421347
2449274 238810
2449368 130118
2449548 78652
2449645 1917451
2449762 1792729
2449845 95125
2459771 240976
2463429 2463432
2463567 56901
2471007 309448
2472793 1638869
2475312 49229
2479383 2479387
2479649 21548
2481419 94581
2495855 35497
2496254 233453
2496824 2001603
2533345 101670
2533846 320543
2535518 37501
2536006 925701
2537407 834951
2540845 106890
2543249 161858
2550390 546121
2560126 736116
2590446 804616
2596269 834944
2622259 558197
2623225 2424946
2631234 122471
2634604 65750
2663472 373997
2669518 70596
2671524 528421
2672576 786216
2672625 296278
2677098 412601
2680138 81499
2680605 178789
2682529 545708
2687578 258387
2687979 1135866
2688336 690192
2694979 1704023
2694985 1031099
2695388 1284754
2696479 828710
2702585 531522
2703036 184040
2703160 129679
2703450 106930
2719889 1104987
2724872 22456
2736774 319299
2736821 7644
2736863 5181
2742966 1157176
2749934 1278207
2754724 1139061
2759181 359116
2773779 259311
2779374 1108465
2780437 2707611
2780449 288611
2790707 454889
2790716 1009065
2791092 386756
2794708 8812
2796787 518107
2799725 2799728
2799909 349636
2800038 547397
2804888 161839
2811835 2811838
2811846 52016
2812189 1445942
2812304 140297
2812539 265632
2812553 105573
2831191 429023
2840520 306557
2846298 206501
2853194 509189
2859815 60655
2859826 692441
2859939 469806
2861325 359671
2862868 365624
2871102 557696
2879813 1369700
2889100 353638
2891909 208867
2892089 572252
2894336 120674
2896520 44181
2903441 387591
2910101 6053
2913294 613449
2914916 18771
2916023 58319
2918319 1057772
2918762 301342
2923442 153198
2930170 184539
2930213 161914
2930232 201487
2938998 144993
2939048 539747
2940043 301536
2957462 146577
2959450 268966
2961214 303164
2961415 645041
2961611 961326
2961641 231496
2961734 314514
2961773 333438
2962920 68122
2977582 254071
3005611 83906
3008143 65909
3009233 864941
3009885 2439455
3009897 520966
3017261 1505458
3017265 133480
3028407 18132
3030019 259936
3032984 555768
3040124 878569
3041650 727276
3046119 114951
3056196 1225081
3058912 52727
3062265 431057
3064211 362465
3071246 785
3107174 214984
3117936 101426
3309741 59194
3312373 302487
3313634 289570
3314000 224090
3314004 60796
3314250 679446
3316186 259215
3317209 118114
3317487 130579
3317571 1969852
3318199 274964
3327278 1362017
3429417 27871
3447616 1189697
3527171 1070356
3563395 510779
3582522 561089
3624209 2169149
3655616 2825477
3672964 3672967
3706663 538295
3741635 1094218
3755270 1885945
3822649 953091
3822884 1306040
3845838 571182
3884102 99326
4028271 1297424
4082035 1079305
4084098 4084103
4116941 125940
4117720 685332
4118166 117089
4120495 719188
4122497 524532
4122952 354121
4122960 1647157
4123037 312292
4123094 1980117
4123687 600991
4123710 1143834
4123841 459052
4123845 179421
4123876 663243
4123928 980110
4124009 2066492
4124036 636984
4124176 1296302
4124253 993241
4124266 652320
4124328 374053
4124641 2615302
4155400 879933
4156342 728739
4160824 1066884
4163353 1147455
4167941 312027
4175117 993102
4175187 966081
4177092 1891555
4179893 570892
4191204 1962050
4196813 423978
4196821 557472
4226924 510327
4232041 1357740
4232365 4232370
4234524 807203
4244126 1428633
4257685 2526196
4258841 300630
4265472 1404577
4265517 758461
4279853 1922888
4288392 2013811
4305645 355369
4305780 86069
4312255 818627
4312288 277423
4366791 521575
4371001 2409526
4371809 645641
4558197 714928
4560492 2302770
4561847 1179743
4599402 1161045
4629496 736881
4641759 313588
4682416 1025932
4742601 1170434
4742608 76660
4749245 207739
4774624 2414330
4779331 328129
4791723 2045860
4794627 847845
4836309 832552
4838757 225160
4838866 386181
4844723 119455
4904693 920079
4908741 261301
5055631 793392
5150735 491283
5589180 1225491
5593939 1356283
5598182 711155
5599092 2845406
5602539 350750
5614027 824520
5817849 319235
5852835 1537549
5860472 106801
5905891 1213337
5971736 2874636
5981988 1292420
5988083 957131
6439916 760380
6555459 748342
6697016 1044916
6717038 1727354
6808050 3676035
6859914 2715814
6970339 1183921
6992516 515662
8241237 1355555
8284372 34841
8318508 992056
8394461 722961
8398173 104144
8451635 114223
8455511 10817
8511390 156511
8557196 323977
8559912 260424
8559993 162955
8560056 467241
8560468 815691
8561947 886549
8563154 195221
8563397 113746
8563444 320682
8563871 1607005
8565484 5111
8566430 257109
8574818 314827
8576819 517680
8594190 292376
8596715 577142
8618520 100190
8625347 62226
8626171 72308
8627223 35773
8627320 1082793
8651808 151893
8652069 230957
8657000 2082
8658658 1246916
8666304 1062038
8687303 545534
8696836 71876
8708946 328304
8717143 193351
8727541 94664
8728049 2410777
8730060 564520
8737740 553301
8742110 203586
8774784 360913
8774848 18992
8779340 528428
8780319 20633
8780324 49529
8780559 2885284
8780565 1754914
8780733 358599
8784257 1648141
8792338 569441
8797741 43177
8823448 354122
2810572 6305871
2359260 918956
8829922 121978
8831840 400337
8834592 257463
8836343 1913175
3347835 1130710
2095789 754095
8851383 265746
8851525 1034455
8852679 236849
8870245 253801
8870562 104701
8872526 960438
8874908 542966
8876273 813286
8876953 47578
8878478 323958
8878623 1755902
8879300 38396
8884231 577022
8884750 306787
8891869 351825
8910921 239256
8912509 171542
8913134 222411
8917220 273065
8919417 11134
8919554 145954
8931437 2068323
8956193 248549
8956244 624029
2390147 997799
8981951 1666302
8985913 461244
9012101 100230
9071802 44839
9085343 77102
9093571 514508
9136963 137008
9251416 2776947
9267603 324996
9293850 606170
9297456 2078646
9336079 531442
9348191 523030
9350721 2406125
9364854 697315
9396280 2369857
1875350 80522
9434465 1763561
9447679 510268
9461086 121628
9461098 1888933
9461318 303741
9461472 537820
9475225 20127
9476740 412091
9476744 263970
9476751 506441
9476759 299875
9476789 405516
9478443 1079856
9480033 513279
9485960 3763066
9487560 957180
9487589 763158
9490845 324329
9498724 290645
9498752 2506044
9501567 838879
9502404 201393
9502995 8921
1713485 806077
9507480 103536
9507617 623318
9507623 895956
9507646 1372272
9507655 1370507
9507739 1117380
9508106 594087
9508479 623255
9511823 1415575
9512283 396879
9518389 517686
9518405 646288
9518410 5747783
9518422 1971419
9518450 395246
9519583 83356
9522788 140933
9523589 571180
9523849 510605
9526197 107742
9527941 367605
9531848 161609
9531969 49651
9532129 233405
9533177 491420
9533180 1925194
9533700 421801
9533708 849441
9534480 2824282
9535839 9535842
9536411 461981
9537316 37974
9537696 226564
9538303 320759
9538318 419161
9538847 20355
9539187 44215
9539935 805712
9541482 211929
9541863 39277
9543886 11411
9543890 423320
9545456 905050
9547781 76658
9548897 8368165
9549220 580340
9549482 1956757
9551303 1236939
9552008 1700214
9553569 114145
9558038 49802
9559496 243579
9561978 453801
9564768 664484
9565172 208249
9565245 224705
9565753 12104
9565762 769075
9565771 252522
9566869 1588147
9572816 1078337
9579255 1352728
9579264 794434
9581315 326739
9581646 405046
9581668 51211
9582007 614370
9582013 51980
9582044 186158
9582048 331967
9582103 102279
9589658 798008
9589668 657186
9589677 51081
9589920 612636
9589994 863252
9590051 926999
9590509 375552
9590562 136624
9591097 1075090
9591798 1838688
9592618 1103485
9594824 185685
9595960 976349
9596018 474188
9597169 79788
9597408 243410
9597425 928244
9600403 161568
9609600 1030935
9612863 1081512
8940723 218362
9616016 721294
9616067 710435
9616194 9284366
9625456 295044
9626377 243872
9626381 74905
9627229 608937
9628529 2777602
9630057 892353
9630179 252595
9630371 121193
9632538 794651
9632609 72609
9632871 304803
8670557 228203
9639514 1103841
9643545 1800333
9646034 203914
9650021 842400
9662488 10480
9662494 115421
9666370 81228
9666385 19499
9669774 144783
9669814 7942289
9673073 1803084
9673078 237495
9676402 2961572
9678012 1439328
9679189 838951
9684018 4497602
9688513 62552
9692570 654031
9692609 74809
9692780 64004
9692794 259151
9694312 952698
9694913 283913
9696260 869110
9696264 311302
9701317 199422
9702279 132684
9703160 1194198
9703668 217973
9705076 2403830
9705080 96175
9705085 433308
9705716 34334
9734056 128375
9884981 879905
9885193 18804
9945530 75994
9947944 254242
9948485 1170202
9953359 678765
9953372 962481
5998283 97321
9956763 933709
9956940 68665
9956977 436619
9961146 1291999
9961832 919002
9962637 80264
9963507 1036114
9964856 12440
9976864 533272
9978147 334785
9978410 1831508
9984011 114199
9984584 619641
9996184 895634
9999017 11157
9999074 942651
10002267 603780
10002765 2738779
10003559 679061
10005698 332422
10007443 440842
10007451 209760
10007599 1290109
10007745 1460572
10008452 45341
10013432 535994
10013447 270690
10013483 305128
10014214 552468
10014232 828980
10016181 1894907
10019179 950530
10035152 561886
10035161 1078556
10036682 79789
10044402 579001
10046020 11022
10046312 221813
10050332 330007
10050371 241329
10050386 549138
10050421 263990
10050527 115991
10050667 143141
10050829 873684
10056452 261240
10057115 74304
10066808 267515
10073550 203388
10073722 24915
10073876 461912
10073880 59217
10074661 937886
10082690 315035
10093743 574717
10094645 2778729
10094666 1321718
10094962 393861
10096793 91766
10098376 66320
10100485 659073
10100658 37969
10104062 345510
10108090 979620
10113690 208793
10114946 1353413
10117689 463561
10118335 280096
10127176 221512
2609712 2468139
10141916 37991
10142430 772524
10143745 5735
10144072 589933
10145647 272944
10158584 1020264
10160984 727155
10161087 691088
10174018 362535
10189008 71158
10232416 598789
10237696 430856
10238266 140075
10264112 936131
10269489 147131
10272456 115027
10275561 661202
10275728 126155
10276120 4293833
10276197 411552
10278299 534777
10278508 333825
10280372 247022
10280787 227983
10281141 213831
10281159 808604
10282438 61431
10283184 1817981
10285031 520100
10294297 548804
10298148 235034
10298303 434266
10298320 70565
10298549 132737
10298730 249439
10300121 292813
10306612 538234
10306630 235314
10315818 91980
10316114 293809
10323789 927382
10325392 248479
10334635 266787
10334868 26661
10340332 18258
10360227 4294803
10362948 87593
10366108 100206
10375917 291330
10377757 51246
10378270 498087
3781429 349662
10378309 20793
10380720 1117139
10383619 46312
10387636 429170
10390506 274192
10393840 251659
10394127 17097
10394548 445090
10394583 573823
10394678 214267
10394744 1334942
10394800 246428
10401031 1857588
10414054 1302133
10419593 59764
10419857 1685388
10428939 625386
10436303 40744
10442958 135552
10446230 470287
10446325 2231317
10464685 228328
10465598 3229961
10466669 33910
10466752 57962
10466791 587419
10467285 256720
10469936 124278
10476994 603896
10482221 77262
10484390 1580097
10484412 736948
10485028 12386
10485803 1908043
10486966 156734
10488245 392165
10489054 586464
10493604 200885
10495119 67176
10499616 397397
10499627 724749
10500313 1303099
10506507 108339
10506840 1205383
10527191 188190
10527909 211394
10527939 709828
10541643 81433
4123039 556194
10566774 1662325
10567632 1540346
10569214 826425
10569306 247978
10569311 20996
10569593 2104647
10570181 574159
10570204 267484
10570564 355019
10570575 88365
10573287 244864
10593225 118110
10595725 54447
10616216 447360
10619730 1067682
10620726 367606
10655887 259121
10659526 562929
10661310 337299
10730157 747576
10751287 3578346
10830345 225130
10831669 225335
10833392 760607
10833628 733959
10833664 693067
10895524 635562
10913363 1685745
10915060 616133
11019760 371922
11025254 495200
11031256 259129
11055502 2547250
11056534 145684
11104039 785989
11105806 1567062
11172876 1042359
11258486 23545
11348182 376742
11368543 4295233
11410098 749987
11480328 315029
11523442 263382
11530681 830399
11542563 1796843
11545074 3464681
11549909 255239
11557815 158233
11562093 817577
11565217 1364020
11567710 167460
11567981 244104
11568393 200749
11568593 27122
11568620 375151
11569299 122110
11569929 918644
11571029 1736232
11571039 6032511
11571073 28411
11571117 681490
11571213 2291852
11571222 53017
11571239 364352
11571495 684341
11571555 1407165
11571669 813256
11571883 55422
11581813 1801010
11593900 2736803
11595646 471757
11601427 1919473
11618743 949697
11621368 244772
11626023 2786656
11631144 2350726
11631289 563571
11644133 932725
11656715 367167
11663468 289571
11670487 202970
11679867 1885549
11701244 1310521
11701259 1464574
11706248 3285699
11716559 674136
11718149 982679
11719910 163361
11727831 474338
11730010 1005887
11783313 2137110
11783821 1707155
11783826 1085403
11793673 265138
11794315 990358
11796411 1938147
11891289 834569
11967577 1517387
12000191 310480
12003335 639745
12019708 3557283
12030844 1602199
12133345 1584467
12139800 302988
12171371 283146
12205371 935476
12218789 1112615
12227235 1184144
2812473 1115599
12278088 711538
12289557 245018
12890389 1705046
12903917 2726408
12980227 5815693
13052656 797366
13147609 1079863
13150035 1109759
13153544 1896380
13160526 3344559
13188843 266951
13188941 232688
13188968 1704235
13195127 522281
13253719 532060
13512160 482441
13555837 1693398
13741514 157960
13752309 1144866
13752317 1019455
13752841 4372650
13941462 1057414
14132824 562961
14179647 722459
14185026 776706
15276347 16614
15277135 383862
15384252 579220
15388108 110987
15402906 135484
1165563 344581
15468683 867892
15495931 1290384
15508411 349318
15508497 59998
15545413 819195
15551177 998922
15557969 444888
15559066 490754
14934055 218771
3005541 254527
15579026 1548
15584875 1449155
15587174 292197
15602356 213731
15633265 159747
15643411 359926
15647914 650444
15648133 1099899
15649431 224129
15649752 93582
15650710 530184
15650891 448141
15652421 1842274
15653196 321574
15665224 2308684
15668852 1262063
15702647 212690
15706341 238948
15719323 3560955
15722917 67540
15723400 396857
15733651 91873
15733781 229078
15733918 870334
2117423 67136
15736223 522896
15746873 261441
15747435 188612
15749339 1792191
15762131 466982
15778872 250006
15779162 2482996
15780881 2101667
15782056 1045983
15792523 452933
15810654 397593
15813699 450547
15822027 1166907
15829185 127172
15843444 136161
15852144 454096
15852161 636504
15852348 1475770
15852353 148737
15853485 127042
15853984 212931
15854566 151351
15855210 44868
15863493 652953
15880876 117670
15880886 3558752
15885416 589881
15890174 744605
15898805 1931134
15908591 786825
15909597 105561
15915928 142277
15925058 21139
15931955 182614
15932171 93702
15932537 435731
15932978 127160
15935010 107542
15936317 16588
15936323 422851
15936667 2014454
15940499 1442880
15948193 136170
15949897 125947
15957191 299541
15960850 585774
15962716 110922
15971675 149009
15977269 66560
15990202 791486
349787 268580
15992453 252542
16054207 2225987
16070533 168381
16072187 711305
16122645 464671
16133661 531190
16134128 795393
16151460 820425
16210432 1028707
16236685 17314
16237508 589363
16301144 733132
16301861 4422268
16309635 1565131
16320546 821079
16342739 60358
16350985 256918
16377506 6951
16377519 1338546
16394958 729360
16415710 133823
16477581 11153
16478111 94666
16480273 394034
16480323 3399724
16482900 259458
16482948 15995
16492434 885131
4119565 981439
16494055 1107863
16497269 1143316
16497351 330600
16497846 224310
16506047 151470
16506223 3723502
13272188 1692647
16512238 206740
16517543 413020
9509992 49057
10005798 352756
16520050 450094
16521467 610483
16522634 90804
16522707 969031
16522715 398808
16522832 65765
16522868 1964319
16522872 456721
5581043 136727
14281629 679017
16527159 526263
16528768 927516
16528774 82736
16532460 114401
2107068 1433606
16533321 1139490
16533326 194938
16533336 916738
16537387 492094
16539908 3842690
16541652 613751
16542502 213083
13267536 1680060
16546073 1531434
16546755 534967
16546885 2136992
16547657 159070
16548066 71180
16550755 603320
16550905 97315
16551660 309862
16551674 425331
16553680 130268
16553971 65253
16553981 2411247
16554191 128701
16554441 604560
16554922 45255
16555601 336548
16556308 526156
16556587 120510
16558349 1575077
16560512 919258
16561439 2776563
16561784 3033939
16562739 402250
16564460 1856829
16564539 1146654
16565896 1073335
16566181 23985
2359360 333854
16568562 709824
16569574 69445
16571999 1397574
16572033 480672
16572087 43799
16573367 862001
16575165 270363
16575917 423037
16576655 1549858
16576659 137324
16577134 250166
16577516 167789
16577628 123238
16577755 675640
16577854 683790
16579148 503733
16579762 2927331
16581003 169982
16581507 388081
16582136 1023082
16583443 201315
16590919 1700240
16592871 3470049
16592882 1156586
16593639 1277554
16601585 1992658
16601635 1138447
16602567 2449262
16602860 254497
16603275 66253
16604329 546771
16604380 1560273
16606009 1717646
16606073 590575
16606079 419327
16606083 2240565
16606088 98951
16607375 464185
16607435 497178
16607581 331216
16608344 80190
16608353 604016
16608357 537942
16609888 885175
16618608 112761
16619831 255461
16621579 251484
16621925 1475293
16625218 63503
16630806 307884
16634146 275422
16634158 759492
16634162 2144967
16634283 60597
16635206 648116
16635352 1151050
16635833 103449
16635878 665190
15378386 348389
16636973 722908
16640791 435954
16640829 1058106
1456902 2479214
16641797 1339343
16641802 799899
16646536 435661
16646964 719158
16647401 1351089
16647416 2787
16654939 1061513
16657358 1455153
16669074 635379
16670112 749976
16671592 22888
16672610 443597
16673204 3859956
16673916 60640
16674817 1459116
16675218 246670
16677054 143544
16679484 942731
16679504 110633
16679509 1872417
16679518 334222
16682725 3268627
16682741 1743910
16684031 1283937
1846285 347172
16690038 438097
16694549 1428363
16694961 437620
16694973 147427
16700659 545861
16706363 594237
16707461 293857
16708153 944089
16709730 2522669
16765617 557160
684846 244983
16806039 417503
16830907 1862301
16876246 430018
16876250 553309
16915428 65318
16940997 423652
16947048 48520
16950369 2403790
16955746 238291
16970826 572391
16970837 373574
16973267 192539
16973978 49037
16974803 4033775
16983750 2738342
16983859 149656
16983978 1154071
16987980 11087
16988181 34688
16988397 985565
16988754 137395
16988844 1166076
16993834 1026944
16995985 18718
16996042 697765
16996151 66424
17004607 155907
17005918 1159117
17018832 660346
17024122 434404
17025026 1701255
17025795 2987559
17027010 110625
17027657 643557
17028044 250728
17028317 2950690
17034582 564981
17042605 73492
17045402 1180074
17046857 67647
17048578 736550
17048781 226202
17048956 205507
17052770 911036
17052775 219151
17052971 18792
17053092 386455
17062035 194494
17064209 155863
17064396 645491
17068243 818146
17068425 80550
17070324 412488
17070355 1063225
17070471 276273
17073259 646953
17077694 253259
17077703 957849
17084239 273768
17086214 744164
17086262 381096
17090634 97318
17090977 302687
17103477 283678
17112547 327365
17113247 126408
17116123 1231592
17128376 2510522
17131752 414954
17132134 1610737
17151280 34950
17157929 819028
17169938 961
17225747 292166
17225781 690998
17225964 91686
17226509 137425
17229576 483985
17234264 286351
17237134 904166
17239662 393802
17243582 246951
17244111 547370
17248770 248830
17249069 388048
17251978 110110
17252004 1672566
17254374 272663
17254774 797585
17264803 114573
17264920 679979
17264923 645724
17266843 495087
17268750 1021316
17278263 229924
17280105 86279
17280140 137557
17280208 89839
17281670 5747
17285903 214769
17286612 805696
17294594 86855
17323347 66465
17332213 294255
17334172 155373
17334727 1796082
17334739 126785
17335316 380886
17335488 12649
17340060 17340063
17340073 363050
17340176 105380
17350112 430797
17350423 266776
17350562 686042
17351127 372869
17364453 121757
17367177 4874275
17378322 330583
17381115 365566
17385848 86542
17390138 429211
17390323 1583318
17391840 1396121
17392231 157570
17392523 210131
17392910 143207
17396192 371324
17408500 720439
17418402 187849
17418585 232157
17419707 1011111
17422543 483005
17423470 914730
17427024 819771
17427341 1674650
17428225 466494
17429549 64801
17433383 7042
17435169 437280
17437422 1891457
17438782 345914
17439724 344557
17448411 251368
17449091 201690
17455325 1092326
17455931 136375
17457089 275984
17475286 159478
17485382 19196
17488268 243326
17510279 169237
17513156 435677
17514004 326603
17514422 529
17514902 382936
17516896 18654
17530750 455602
17538411 653030
17541650 228557
17552677 143854
17552783 1128462
17562597 22352
17604579 542458
17684009 1259049
17754400 985365
17754796 112113
17754800 316523
17756262 551912
17758171 21568
17758430 2329274
17872147 757963
17922605 117328
17928325 849733
17937683 58874
17942561 929294
17942566 1088001
17942571 429935
17944631 578443
17953214 603402
17962458 2320117
17963453 210827
17965379 402041
17965467 1066713
18016517 759437
18045693 1092897
18060921 572132
18064920 605925
18151567 144450
18185207 163693
18241899 1882396
18372843 3888081
18386852 779074
12126423 812199
18414072 629173
18416057 1427779
18416754 266297
18445722 91179
18445932 175663
18446017 424713
18453293 296424
18454291 79460
18455614 21743
18456903 1872847
18456908 1053396
18456974 1886440
18457089 203479
18457183 95121
18457301 2174455
18457330 2002024
18457452 2995839
18483857 1291693
18485778 596918
18488649 356972
18501698 1498430
18504346 137381
18512953 705666
18513099 3690
18513935 1817090
18518762 635757
18550679 4039677
18550740 1350807
9645570 1236626
18559612 869853
18585427 725794
16792072 3557506
18593357 923629
18597557 92341
18597568 290182
18615139 2086277
18625814 223287
18646891 40675
18662213 1831018
18752546 755569
18752633 1060796
18752675 6303839
18769138 752167
18830715 825691
18833110 919018
18892504 104177
18901590 1074993
18990568 2688375
18997807 466082
19027460 4437376
19028664 219424
19031924 982257
19072541 1312211
19077539 292906
19077960 756301
19080160 578500
19102074 371572
19125252 158846
19129082 939740
19137843 458918
19180082 577065
19310469 3865778
19381497 2783580
19697600 19351
19698991 120999
19701523 293968
19709058 482529
19709885 1290341
19712132 984975
19723422 1949444
19727125 786665
19732540 2846791
19732573 2950514
19791669 560785
19840662 702734
19901666 1312808
19901672 2788923
19911996 441727
19924699 76801
19934257 374033
19942841 2224173
20032586 1995960
20043758 1801828
20043821 488723
20060649 1790749
20318372 1103221
20433355 512703
20546482 1298586
20662577 1032733
20691288 1711615
20699247 78913
11620244 1298551
20712000 345205
20767280 510508
20800690 459003
15925061 491567
20874579 1681046
20878537 917235
20942807 2506153
22079079 90681
22085257 496070
22100370 34955
22115967 751309
22118487 2092629
22149322 1911480
15407536 1194713
22185548 427223
22199745 395635
22203829 1343106
22228920 1901767
22229903 45579
22247284 263308
22256844 281447
22258047 1920371
16666840 252686
22259628 258008
22282924 289924
22282947 297675
22289246 222603
22304523 26537
22326867 44816
22327130 1156942
22327725 346021
22328508 280270
22329448 174863
22329613 169137
22329640 394869
22330283 35170
22330641 288647
22331010 650107
10224210 152256
22332943 1776460
22333093 489885
16666843 853486
22355433 236461
3301911 422528
22370245 758645
22378738 311241
22386317 346020
22390033 1687049
22396500 1635433
22397413 3251248
22400473 60611
22405434 269791
22406043 7819123
22406051 116465
629922 72083
22434739 575457
17057834 386218
22446888 477968
22450274 75856
22454262 736860
22464347 1267166
22471982 484356
22473673 303323
22481257 937043
22485777 585219
15783728 655661
22515635 264139
22515869 212
22516238 3072296
22517790 1845757
22521854 1014427
22529069 67908
22529555 89854
22534662 1461411
1303422 45469
22539590 680554
22542011 4304211
22542271 251045
22547035 532561
15933238 303807
7800501 366394
22559205 21089
22559454 41901
22564795 155210
22565012 159516
8213981 2151067
22566872 1765531
22568008 2764892
22568070 1702863
22569329 267031
22575839 137462
2515664 2390461
18147698 567472
22583159 329853
22593335 160853
2001763 726993
22596573 379287
22600846 1413380
22602256 2419584
19696328 118195
22602792 28369
22607033 386482
3351991 105344
22607938 495377
22608409 617429
5996245 921145
22617379 2435311
22630147 551130
20057137 419909
22630866 103552
22630875 511619
22636729 307813
22638767 485442
22638938 2669174
1806815 826609
22649143 365274
22649746 26585
22650674 1472050
786680 270930
22652337 914421
22652452 1123676
22682969 119725
11186286 517232
20867773 411691
22732420 136996
16666844 5002743
22819166 238864
22832501 632801
22947110 432665
23017679 3545497
23023053 1594580
23028597 408205
23029770 405824
23031197 677895
23103028 197805
23103374 1224986
23116383 325284
23116912 11504
23118091 791582
23118333 358760
23118338 438101
23120537 103423
23129656 730111
23129882 434813
23129886 700941
23129896 576361
23139616 260349
23140974 2778744
23145676 257179
23149206 263020
23151847 2008084
23154424 66863
23155182 3399174
23155772 8468
23159147 154900
23159236 250737
23159240 215700
23159363 61111
23159374 1098851
23159399 2367345
23159405 577983
23159442 684366
23159447 140475
23159526 679029
23159736 44762
23162638 254270
23163194 1155050
23163200 1999755
23164058 218476
23164825 26532
23164830 1178168
23164837 410880
23164844 136743
23169148 73700
23169153 556658
23169184 813027
23169189 103037
23171207 331069
743017 18156
23176636 163065
8822979 1617249
23180442 706477
23181065 255147
23181900 1168332
23182175 1706288
23182950 738163
23185100 33668
23185865 165411
23185977 1424916
23188284 245928
23188688 102933
23188693 408888
23188728 792772
23188740 250256
23189051 409730
23189337 907089
23189767 1214638
23190271 78731
23191119 116562
23192485 4411228
23192634 512671
23192757 857750
23194227 200750
23194465 3739379
23194801 234396
23194876 433199
23195567 142920
16572095 825291
23196095 334494
23198681 187818
23202366 217847
23207859 376245
23209679 259833
23209702 131331
23209714 125980
23210383 613579
23210451 276080
23211181 19623
23211206 121810
23214293 4048193
23214694 751215
23215126 525271
23216450 914237
23218883 62401
23222302 1494843
23222517 777464
23224949 616577
23225364 8758174
23225391 164260
23225397 59418
23225501 698264
23231924 326827
23231935 702689
23232167 1891616
23232171 1308580
23232320 1864102
23232951 983267
23233564 1802734
23234032 378899
23234354 658731
23234449 826000
23234455 1898285
23235562 955368
23235579 607562
23235584 1705700
23238199 113733
23238789 91413
23238793 123186
23239202 67581
23239451 897034
23239456 185943
1010518 339176
23252200 2433
23255197 302693
23260381 18754
23263582 104731
23263605 1528903
23264412 581588
23264449 108132
23264615 43119
23265070 201249
23265076 3405501
23265104 8459
23265110 565982
23266285 389648
23268038 1443683
23268689 745848
23270081 257522
23270091 138973
23272404 58119
23273856 703940
23275477 183874
23281823 780465
23281855 254888
23283336 870988
23288693 566217
23297006 325358
23297034 1802565
23298598 690133
23299231 249172
23300726 313014
23301146 1028419
23306470 273983
23306475 436818
23306479 486708
23306483 1652507
23307238 200806
23310575 341417
23310602 1752559
23139617 2078642
23315884 2962671
23323511 854082
23323749 123958
23323779 426513
23324134 2761138
23324239 58130
23325239 1324252
23330022 829301
23330956 1357240
23331285 460762
23332476 155186
23332645 159672
23332780 704593
23334194 355667
23501954 432978
23542217 319150
23542307 356196
23542365 436507
23542373 1114841
23549019 718486
23562669 23977
23563553 1668732
23573266 704032
23591021 815513
23594469 64851
23594530 577776
23598183 154922
23598447 36779
23599070 329999
23599512 49482
23599539 29397
23603462 1083760
23605220 320
23605409 319623
8999685 83197
23605840 76527
23606279 1574055
23610326 498511
23615225 27823
23618562 1578166
23619475 1579024
23621960 542729
23622580 369324
23623982 3735
23632449 204869
23632514 160669
23634297 16651
23636591 394095
23636869 378222
23644328 1985462
23652897 366861
23652931 72500
23652992 200863
23656125 71119
23656904 222744
23657031 830848
23658166 245913
23660577 568584
23660788 602887
23660940 517355
23661104 93086
23661846 220626
23662455 838124
23671335 693938
23671373 1752142
23672690 9285
23674507 246638
23675072 2242
23676914 165614
23676940 91635
23679435 72460
23683331 508508
23683347 2411573
23683412 1123830
23683566 456720
23684046 142406
23687889 594852
23689943 818702
23695935 197166
23696224 41691
23696350 26216
23703525 4388545
23704675 1054589
12126422 376112
23716778 4049354
23716936 2451559
23717616 320097
23718098 1437255
23718379 817249
23719259 400367
23720026 369316
23720493 1247435
23728072 406709
23728609 368382
23732865 849993
23741436 247941
23745535 131270
23745685 146788
23745840 1034766
23748460 1271232
23777876 650255
23794175 1678472
23794289 128188
23794797 331207
23798509 374118
23803632 504097
23804374 496533
23804599 2131652
23828608 658540
23833531 467254
23836294 446319
23838665 133933
23838684 844720
23840972 2075953
23844954 158868
23845895 931120
23847174 502919
23849809 77482
23852665 139773
23859654 62479
23863763 340768
23864498 774123
23865700 105169
23865982 405364
10935181 147248
23878333 3044295
23878510 626093
23878570 584163
23880913 167209
23883836 431711
23884459 112536
23886624 1811787
23886680 267084
23891044 511656
23896513 1168634
23898616 114304
23899849 1072921
23926679 187569
23930057 44853
23930841 115422
23935327 421232
23935451 1282737
23942772 119181
23943918 697192
23945193 1086172
23945213 334211
23945557 258135
23950302 225420
23959894 1818224
23963750 565226
23966623 973341
23967663 1542287
23975537 253148
23976599 697723
23981443 495628
23985680 210885
24008113 21745
24008120 795286
24011698 67831
24011848 592762
24013654 831232
24017016 250635
24018276 1412559
24020706 882239
24023170 350990
24023622 36279
24023897 209067
24027931 171017
24028941 135141
24032298 261329
24033207 541416
24038044 1869007
24039288 583834
24043913 135459
24044069 18073
24051084 807254
24075169 239939
24095562 4040365
24096492 118434
24098842 171304
24098893 420677
24098944 229249
24099673 755773
24100437 2301040
24100450 681919
24100946 740639
24102336 82093
17034586 1115230
24120634 148960
24125513 179207
24135868 1551962
24136213 1078788
24142594 845410
24145177 1182706
24183959 48344
24277259 803226
24318461 337809
24318940 1168419
24323423 130537
24324537 1060795
24422028 92250
24434177 408999
24503070 299523
24512281 125018
24521940 6606776
24523131 1951171
24524595 566561
24567463 86280
24645490 521236
24684658 2902250
24702745 760114
24702750 128293
24708087 1123650
24708514 437055
24719624 907252
24722711 396316
24736110 2831174
24736117 1980360
24773425 3384894
24962576 453411
24962897 979338
24963349 2402062
24973949 812431
24992168 8504
24992530 22568
24994149 59843
24994582 162607
24995201 442291
24995805 541722
24998658 334555
24999616 357027
24999726 1063120
24999771 60326
24999776 721078
25000046 1730642
25000089 361980
25000365 990409
25006890 437051
25017721 3451894
25025192 1134249
25027421 1118259
25028416 2676506
25041838 142266
25043636 843876
25044293 1021523
25044524 303992
25045772 311562
25054285 202256
25058750 1063309
25073021 597166
25077569 436509
25079743 1085941
25088490 804033
25088758 353128
25117253 1947365
25137695 368179
25174136 1105059
25184449 541450
25191382 1106793
25191422 2115965
25196682 86812
25198307 503797
12555091 10895
25291425 1771260
25295014 1212518
25295565 764982
25358334 355312
25390186 1008160
25391150 431938
25391234 556450
25391326 1011713
25488895 693981
25515120 4294949
25515126 35621
25518004 994443
25521578 441251
25532045 1640559
25548587 195448
25549638 594139
25558649 2066660
25588327 833451
25617342 803705
25621134 1393251
25626877 794092
26188239 1913012
26190879 5039494
26194246 1113127
26208810 49725
26208814 2023002
26255363 524310
26257560 556965
26402975 10694
26412375 808865
26497477 1678254
26506746 548372
26705576 1147791
26736794 86399
26881500 1226695
26883127 1137397
26904269 879977
26906123 2985792
26906129 150920
26944850 838718
10056455 860822
26986840 3538288
27127985 831508
27136490 1151061
27140615 361813
27304128 800077
27353071 447943
27358111 1458960
28153688 333871
28369870 386731
28393939 1657744
28419311 4274517
28444013 141842
28482537 87716
28484702 12881
28047531 1039900
28587231 537793
28588588 228088
28591980 236083
28623958 935029
972725 460599
28650984 16689
28684190 1248783
28708812 354267
28714605 690325
28715950 422697
28715955 156541
28716050 1274763
28716160 647625
28716336 88938
7797481 110520
8557790 559929
28719017 814214
28720650 562129
28720776 215755
28721588 45584
28752005 588183
28753282 116379
28758709 857834
23591794 401414
28774235 748008
28783156 520252
28791072 65310
28791466 263519
28792784 18652
28794768 177962
28819482 417626
28828182 1268748
28828209 1886056
28830868 436121
18509852 44009
28835963 1372246
28845359 74716
28849674 206837
28850161 8434624
28851965 97539
28854626 56947
28865208 266960
28897153 123819
28898831 1478601
28899218 163697
28912489 845361
28912542 603960
28912795 49540
28912844 285615
16666841 37863
28928395 755570
28936080 271490
28937192 29652
28939382 3532524
28945643 439949
10281329 133999
938405 1014403
28958302 1009094
28959664 637414
28966146 627195
28969457 642495
28969496 613273
28972964 170236
28973001 136658
28973006 560306
28973020 137082
26514956 273738
28976958 212152
28977800 318742
28978772 49203
28982663 978051
28983298 1111395
28991768 532276
28994084 1236710
29003672 261984
29004869 60311
29005032 411739
29005369 854765
29007346 4294651
29010634 128389
1957804 230727
29011118 532881
11571888 133937
29021476 1401405
29021947 47625
29021995 49165
29022104 18565
29022117 281931
29024229 1135439
29028856 1175908
29045594 977471
29048272 694880
29052447 658034
29075064 319052
29084924 222474
10090999 18482
29090448 368379
29096256 41152
29128072 1895544
29153022 144840
29162516 12460
29185085 509338
29260939 1294735
29278625 489655
29328581 282789
29329730 1133785
29373912 88326
29376368 173450
29376794 1740538
29377670 893127
29378728 255463
29379896 510267
29380078 415482
29380683 439099
29395890 997181
29400071 5310
29409974 2248685
29455955 768137
29469430 350366
21644387 116694
29469500 730170
29469517 422058
29469554 675340
29469728 133812
29480221 515865
29482789 3650658
29483892 1242820
29483953 1803330
29484250 1159009
29484280 268616
29489539 2341981
29503603 11563
29504283 665524
29504812 267134
29506690 927305
29507957 222388
29507964 92924
29508082 225689
29508157 576508
29508197 675009
29508208 843679
29508237 1050256
29508799 273215
29508883 509023
29509118 531327
29511938 271887
29516702 1055150
29516707 726438
29517282 537379
29517300 944578
29517344 276743
29521289 80647
29521909 2476173
29525060 138982
28892972 675693
29525557 467209
29529339 607097
29530017 867150
29530040 583501
29530877 44833
29531261 119155
29532949 826219
29533686 171772
29533708 967390
29533774 34109
29534631 344476
17514428 50414
29535296 469186
29536347 64870
29536573 123808
29537042 1880357
29537515 685342
29537545 425906
29537572 63845
29537621 3019366
7796011 95413
29538033 254951
29538402 939675
29538522 511260
29539808 386593
9984012 250735
29541278 986068
29541761 91645
29542244 333946
29543178 464091
15890178 13213
29543677 364427
29544326 967530
29546367 221500
29550201 4228432
29550207 245443
29550212 3725319
21239003 4054735
29552504 142545
29556310 224216
29557016 174259
29557546 480906
29557592 622006
29557898 190993
29563885 2361218
29564336 1229839
29567823 304898
29569422 997653
29570236 610012
13266412 399169
29573175 1135928
29573187 420429
29573214 5314
29573311 1756271
29579223 240796
29579832 520423
29579850 1352553
29580156 196958
29580252 951038
29580477 191847
29581315 1449372
29581713 1624322
29581856 561663
29582215 344954
29582255 648715
29582326 967332
29582365 479650
29582412 239077
29582443 59010
29583453 826623
10281145 423755
29583464 499889
29583474 601808
29583496 535807
29583704 432226
29583727 4293913
29584153 38179
29585218 2359021
29585657 1367135
29586433 1522676
29587205 1236044
29587402 598946
29591287 1808399
29591293 779497
29591467 103568
29591479 263437
29594551 1956752
29594630 4098263
3315481 77643
29599649 297339
16509850 914542
29603016 486168
29604747 332294
3305007 318861
29609361 388785
13272190 773235
29611655 8578898
29611883 34219
29612476 494937
29612485 2448665
29612497 1358293
29612520 71423
29615279 780205
29617619 1042814
29623974 616117
29623984 1208683
29625116 2433803
29627638 189856
29629662 996107
29633926 334352
29635736 1929325
29644154 182119
29645229 729024
22672299 1746894
29648799 1877134
29649211 1691713
29650473 269105
29652820 494600
29652828 2590747
29652836 566894
29655703 1966788
29656952 1176475
29656961 255792
29657738 212694
29658022 478353
29658064 554452
29662217 96172
29662311 148570
29662861 1397464
15890177 126496
29669509 435294
29669794 389901
29671176 622762
29671211 304058
29671216 329745
29672803 2624732
29672808 68762
29678027 465367
29678763 1364260
29711764 259512
29810713 488668
29821761 172820
29830350 87368
29881549 200817
29881896 423541
29884943 224547
29885037 766302
29885915 97529
29898410 355203
29906505 837619
29917681 1790467
9996110 737022
29921698 482607
29922751 151067
29926824 1563379
29926851 15648
29927114 622645
29927282 1465434
29927766 773636
29931148 1697785
29931254 493332
29931584 463338
29931611 555889
29932151 128878
29938787 10647
29954499 967486
29959953 269473
29966576 62718
29967532 205535
29968482 901847
29968669 1247193
29968925 134147
12002792 463754
29974115 2021086
29974288 527718
29981130 125999
29982249 400928
29986665 1647670
29988482 200090
29988807 1325875
29991756 238303
29992512 594040
29992566 37102
29992677 3037792
30000694 1062537
30001295 278020
30006310 20572
30007536 62127
30008474 979826
30008479 501809
30009436 118506
30010851 231920
30015778 97430
30016118 243904
30020152 1895703
30027511 56752
30035217 1185472
30050206 175609
30058347 56485
30060461 306157
30061014 9451255
30063824 3534909
30069909 92045
30077007 68033
30086374 62474
30088110 2784407
30124253 240967
30148161 168776
30156303 1552886
30156725 169811
30157469 176920
30158255 1887300
30158717 46834
30159617 896361
30164267 407906
30166915 254392
30169402 76461
8728051 75910
30171132 29168
30171230 42884
30172578 782349
30173460 337391
30174701 65152
30174814 182692
30175162 1197951
30175203 75149
30182444 86895
30182961 2310270
30185298 135401
30187571 596914
30188251 1883921
30188715 166340
30190624 5725966
30190640 1321192
30191102 282002
30197789 476301
30202356 132990
30202847 406663
30203152 138195
30204806 109215
30205041 862727
30205053 267111
30210505 1370381
30211867 994812
30217424 588208
30217691 129818
30217754 381124
30221266 1979216
30222754 1229667
30222834 1135349
30244030 21150
30244080 45891
30244209 2765312
30250336 37267
30253325 155487
30253856 608412
30253893 135299
30258441 455080
30267653 209214
30267778 288034
30268003 229627
30268093 442162
30268124 151797
30268304 253800
30268450 1197875
30271479 127198
30286814 479810
30286841 1299724
30302368 695700
30306084 544506
30309526 1683101
30312202 264386
30312217 116677
30312256 2058361
30328180 76829
30332515 263108
30336241 96330
30341165 1826442
30341743 264083
30342066 361737
30348467 924075
30348497 1272548
30351147 486230
30354598 760578
30357196 662486
30362540 206764
30363315 903256
30377157 125608
30380257 149142
30380402 2392
30380834 759615
30387417 634337
30390310 4431491
30413185 127997
30415072 411876
30415788 274220
30416481 187173
30420920 2198597
30421953 737090
30427888 36609
30428139 226917
30450978 49470
30450997 519301
30451956 1488586
30453089 2616022
30459960 121878
30459969 1223705
30491230 1967542
30509651 34138
30622519 49197
30623627 1518469
30624359 13914
30624803 2840197
10074196 370258
30625695 374055
30626281 391066
30783071 1582391
30783076 284919
30794618 1575231
30794623 162562
30820285 3034623
30822084 457463
30897713 48325
30899647 91593
30973547 863630
30983259 977029
31000269 1029202
31208216 923542
31249882 1746060
31250779 899534
31250784 341125
31254316 1356237
31263770 1099499
31264460 45599
31278673 237070
31287307 48302
31287575 39194
31288061 932661
31289323 663272
31289337 406304
31289385 671964
31289428 309740
31289482 408094
31289599 543801
31289677 406955
31289754 1538708
31289849 1889198
31289904 1478509
31289953 1327122
5581046 1279361
31290097 429292
31290289 300639
31293998 546900
31306696 3552478
31310180 3530770
31316221 1243371
31326878 610650
31329173 4847663
31333227 930629
31333234 979855
6255665 158086
31346058 500316
31372097 503361
31376748 273502
31383309 808409
31396279 1764652
31403229 237551
31403552 652220
31417876 141149
31420812 315472
31433878 1542305
31434677 954311
31437954 1030861
31475069 365102
31475077 1191357
31476168 1952989
31485006 524886
31567168 1987033
31674582 1065076
31682206 3862970
31699017 448607
31783008 263766
31791419 210964
31793996 277570
31798626 2201106
31798648 1297577
31804769 211617
31827594 1663773
31828533 224340
31828549 1896983
12555093 230759
31894411 312567
31906192 472879
31906568 787714
31906787 97699
31918417 432522
31929304 1872573
32151214 4606559
32180542 1967228
32416762 693760
13266410 499977
32425493 2116519
32428866 675338
32429098 1151119
32432434 49032
32442823 336524
32503217 845631
32590674 1903129
32613572 409871
32613722 472461
32639032 483822
32640281 1290959
32644908 92939
32646648 979594
32647805 610215
32647887 632767
32679451 1946200
32679511 1188309
32684063 2077776
32736254 2079317
32736272 5908
32736315 208925
33183182 117394
33207382 1397854
33358796 2854625
33365406 901240
33390597 397853
33509460 622357
33540779 653683
30493912 165801
34531509 234668
9277253 130754
34626796 416059
28623104 10483
34676264 39722
26963170 62463
34729428 56187
34750831 193387
34752036 505162
34757300 163939
34765340 3365
34765948 327952
34766119 255449
34766984 395771
34767021 329833
34770247 849922
34770254 4826969
22080428 599929
34809104 190076
1875349 437448
34823216 791327
34830187 583732
34833431 1339344
34836873 2026028
11042183 1144529
34852105 36599
34859844 1741536
34863776 355408
34889069 920271
34890759 136770
34890809 4420247
34890990 1364724
34891267 1982292
34891350 137585
34893835 271912
34894446 771023
34894488 417108
34894631 250819
34895881 1063230
34896875 212534
34910398 38359
34916517 102824
34950332 5996832
22151542 243604
34954056 478943
34969030 244390
34972438 935640
34985150 2776751
34991059 446186
34246783 136612
34992436 1632510
35001241 526324
35001536 506701
35013142 1939251
9509991 318894
35019398 47413
35021770 474783
35024749 135761
35026591 1423511
35032627 463910
35033671 266320
31247476 1964734
35039048 1287328
35045231 426420
35068118 360619
35068251 110103
35073376 2537206
35082430 618982
35082506 1421365
35085971 1621220
35085983 343191
35093247 966458
35099766 20731
35100922 49211
35108932 951886
35111766 3444015
35126995 142769
35133307 235844
35136431 530029
35136821 318900
35139859 253652
35142667 325386
35142686 705954
35142694 483303
35142699 194629
35143112 270297
35143121 386621
35144147 2000527
35146569 58138
35146676 94783
35147882 740685
35148294 85780
16666842 118695
35153285 1211536
30241301 723806
20052328 752102
35177019 76681
35190878 7271
16708150 265143
35190900 52660
30241302 375764
24706792 422835
35192062 2252041
35192308 759491
35219814 380583
35321800 1416222
35352764 2533880
35389267 479264
35402871 265740
35445038 1618941
35458942 1959825
29557551 260473
18597560 764969
35527874 1189384
35535590 3395846
35535707 2494943
35536721 1479710
35595935 49228
28604168 929264
35608342 387944
35615340 1978901
35618497 329951
35623746 240902
35624925 1883361
35625967 2273166
35626352 23984
35627357 365572
742417 38363
35627530 103768
35627539 373544
35627555 267323
35627615 821935
35627737 122482
4310234 22823
35639428 459242
35639450 411357
35639457 1061746
35639468 1935929
35642484 4759462
35642957 70932
35646363 331448
35646586 573812
35649338 1311209
35651708 265053
35654383 626829
35662763 1037944
35663215 432146
35663266 332509
35663277 574450
35666641 246663
35666657 9521
35666662 317066
35666854 420973
35666863 9765
35666912 266655
35666923 842954
35666930 24559
35666964 296209
35667212 4554
35667529 926940
22282928 141279
35669782 1253579
35669854 405557
35669858 122629
35669863 694190
16415715 123195
35671551 328357
35674896 1851464
35674921 156688
35675784 373458
35675792 1429750
35679556 63695
35682401 429301
35687110 506726
35687211 138266
35688097 3694392
35688438 8589759
35688636 1518898
35688671 249729
35689277 826489
35690995 1851016
35691012 719028
35691297 1024022
35691916 1543158
35692021 628096
35693793 121004
35694604 73923
35694665 170774
35696409 94624
35697612 155449
35698588 814509
35698726 60649
35698779 948169
28973023 2879970
35698864 1588330
35699339 58701
1844319 435049
35701411 379136
35701719 404014
35704530 127254
35704883 43830
35708080 3151554
35711361 47950
35715142 240612
35715321 18579
35715920 269650
35716098 2509512
35716102 18735
35716121 14082
35716238 1073403
34245692 347046
35727273 304100
35727277 745495
35729182 230479
35729559 1050579
35730082 1828656
35736899 564335
22350517 73697
35737466 487247
35737732 4117799
35737744 88500
35738129 699236
35738371 230362
35738591 155977
35740451 1658329
35740466 238171
35741107 210939
35742042 5039281
35742595 61082
35743139 553266
35743413 1098765
35743611 928284
35756663 1357548
35757966 408350
35758631 1306056
35759119 367415
12054037 1887207
35760561 249224
35761150 274683
35761461 1360533
35761664 970840
35766295 223608
35767929 295536
35767940 60950
35772877 177913
35772905 441746
35772927 294785
35773101 635535
35778281 775270
35778532 1938105
9413243 312202
35783784 1800807
22368983 187155
35787091 212138
35793067 750573
35798048 1840159
35798724 318714
35798756 845803
35799729 32249
35802194 849299
35807839 1035992
35807864 640463
35810547 1118603
35810758 823133
35811719 181517
35811758 1400449
35812793 365643
35812859 198176
35816404 249050
35816744 840326
35820527 332906
35822667 2405496
1060466 1337528
35825448 859387
35825927 1670874
35828684 553711
35831227 881228
35831957 14346
35832103 410163
35832717 110218
35833415 1031644
35833632 533977
35833801 527022
35833974 225433
34249377 101400
35861212 185713
35884601 558946
35898981 421389
22182785 83241
36024316 769102
36027757 390414
36033871 248581
36043229 1973200
36044976 2482465
36048993 241371
36051742 278841
36058056 205721
36058075 1857646
36061931 122365
36072355 1361164
36072842 448873
36072866 687561
36072997 38987
36077081 66696
36077088 138377
36077286 637043
36077433 132630
36083831 231375
36084161 1883773
36084490 308480
36088541 300065
36095298 447874
36095714 970974
36096740 340860
36109586 819004
36110941 349476
36112843 528417
36113574 480256
36117365 2969083
2001978 181120
36121482 239718
36126296 52008
36131793 134948
36132099 82743
30241314 355790
36134760 237736
36138943 621879
36141019 493211
36141681 404680
36143945 2782412
36144238 630332
36145003 259163
36146295 1681258
36148820 2510158
36150189 237681
36151111 341213
36152043 59413
36153925 405018
36155175 5368
36156589 115522
36161741 159918
36163208 84171
36166977 519170
29992517 158138
36170553 88951
36180876 994416
36195732 1616060
36197972 17659
36198151 136807
36199719 303195
36200188 243969
36203214 553032
36204862 147227
36216986 313611
36219100 572737
36223093 134055
36245326 433417
36266150 310679
36268874 1795786
36279962 489776
36299802 269169
36301903 808308
36301923 1597642
36304373 57482
12972669 31551
36304748 685789
36306663 221429
36307262 62730
36308347 261749
36310045 972914
36310503 4274386
36312712 1560896
36321261 360983
36323364 406237
36323818 412360
36326597 1877883
36326656 268074
36327041 254748
36327166 317774
36327284 183200
36330270 802798
36334195 1869386
36338424 379253
36338598 682919
36340257 475757
36347512 2831320
29105465 1075044
36351378 1072557
36352306 21151
36357173 235827
36358196 797981
36376721 166869
36377539 304560
36383603 1135294
36386498 786239
36386868 362526
36387114 675004
36390114 306501
36390299 493792
36391179 538118
36398297 345332
36398827 1031092
36400430 174484
36400602 348981
36400786 326088
36400848 1426505
36400870 1625573
36409339 2142164
36416840 813288
36417017 1087023
36438855 5195
36440868 853168
36444002 516367
36459276 931773
36462199 178797
36467479 826529
36467784 167860
36469251 593359
36474104 28692
36474499 311239
36476409 833189
36478313 229064
36479253 716898
36479264 620020
36479961 267004
36480063 481775
36483343 88268
36483437 2034223
36488821 565858
36488927 446442
36493660 643124
36494237 470943
36494257 267240
36510420 6250
36520394 37503
36521679 1960469
36522348 822688
36540800 1156212
36540871 824149
36540964 69991
36540969 150603
36540987 380807
36541038 656859
36541161 205321
36542359 604927
36542375 141730
30241313 60631
36542837 94966
36543230 58840
36543649 399196
36543661 498273
36544177 132034
36544815 116247
36546097 365364
36549098 200866
36549486 378709
36571064 233263
36577211 587987
36579288 247669
36581392 315857
36581518 589317
36582479 1807758
36584216 792730
36588693 156499
36617105 283896
36629025 1135116
36737693 2304818
36738458 472088
36739565 1117924
36740058 27342
36741316 417452
36741562 854057
36742167 3005476
36796389 343993
36889691 1765119
36899828 1313189
5997400 857522
36922125 93200
36928933 564048
36929025 1335597
36929029 1239182
36962755 885997
36973227 848371
37004013 228331
37021641 531938
37047076 4310032
37066987 297549
37104132 1526694
37128629 271402
37128952 1054111
37205333 1816877
37313436 249246
37346597 558193
37347390 192161
37369240 1551611
37371788 2871505
37371868 1055289
37373488 1559169
37373868 1249961
37374473 1746041
37374590 100153
37377598 69400
37379142 967383
37379846 733771
37380175 1885974
37382645 2951
37383094 534603
37383945 397488
37384336 611496
37384389 1028605
33640982 259476
37384415 959875
37384610 2601836
37384641 1685052
37384729 1513973
37384751 398334
37384779 1858177
37384804 3465246
13273028 24742
20052330 1537067
66711 436014
37384886 273508
37424039 575687
37424421 358359
37427338 1803250
37430945 1874693
37433708 245439
37466284 1307457
37474649 266971
37474656 966672
37488193 1050204
37493079 267744
37493086 60697
37508794 593334
23587767 1049224
37523484 1086665
37527288 393110
37546377 588587
37557824 315898
37572530 860960
37652615 212880
37653983 86931
37654184 1399118
37663248 363092
37729013 696439
37782397 505156
37853457 1685771
37872009 2090048
37874025 63780
37877763 28523
37902296 1091915
37904364 660951
37954646 1072807
37981725 738148
37986914 123817
38160477 1461129
38160564 1253758
38488180 1566471
38491053 1811214
38495339 703960
38536691 1216530
38536694 135784
38589504 823122
38631065 1294435
38653138 274890
38684354 6345573
38695717 1311151
38765610 2814225
38767967 213722
38773515 2402083
39016245 4046543
39099257 302685
39126223 156174
39190885 2510123
39377672 1133739
39433656 261271
39451443 2779168
39477160 1451207
39510627 745951
11081361 88435
40542094 4854182
40562492 12875
40634542 1081351
40650646 507421
36165076 536928
40738594 427126
40740213 916821
40753319 469177
40755044 122412
17345219 749330
28795289 685390
16666845 16318
40861160 1518399
40871954 2057750
40875255 471636
40876198 256726
40878623 547931
40883221 331363
40888033 688392
9387050 515780
40890298 128382
31568820 627696
40914184 203671
40926566 33776
40929135 611686
17350117 576201
40931237 387337
9540229 1138048
10070814 45743
40940728 327571
40943321 672225
38784173 753675
40972235 99070
23591795 42222
40990448 348695
11568834 900143
41009313 228490
41012251 243503
41018430 300606
41038678 1375617
41038840 22448
41042931 165753
41042935 703584
41043079 793599
41045670 3642317
41052623 467661
41053976 400859
15822031 712247
41057238 251175
41057306 587750
41057739 2637897
3305008 1175993
41060756 591999
36791122 340638
41063118 2621425
41063854 405602
41069423 227372
41074646 92001
41076570 482078
41076977 755368
41078175 861741
41083082 1946389
41090082 107575
41092501 1091398
41092779 72168
28866803 2317674
15563035 417265
41109196 83644
41115114 336473
41115129 677123
30223031 459004
20052326 195526
41117626 651111
41118947 356188
41118975 837457
41118982 1055158
41119318 230760
41119599 248720
41119879 4294356
41120154 95147
41122008 483070
41126042 114303
41126253 2012966
41137531 86680
41147128 897184
41148409 276871
23591791 264529
28652467 135537
41153023 271400
41162387 2329868
41162845 275545
41162865 826621
41162919 681382
41163064 84383
41163609 251481
38779328 487288
41168919 1356006
41169262 369657
41194821 282937
12126419 464896
41204642 178664
41207108 874625
41207189 22545
2082847 390303
41224264 1120096
41248767 1070889
41280738 1057691
41291436 441267
41291907 262907
39022479 2362808
15556508 551805
41323009 375595
41371579 499227
12126420 1594825
41423000 593217
41444349 803237
41444377 382368
41462262 204190
41485030 1228767
41503749 745380
41506918 915933
41509691 3551588
6868826 801087
41516241 648249
41519432 274102
41546671 490294
41576794 8463164
41580532 381067
41587942 1868386
41590229 270460
41590407 546818
41590505 85360
41590545 344318
19138532 374887
41590736 1079462
41590855 219914
41600360 236031
41600521 771203
41600524 49647
41600529 16638
41600542 659056
41601719 829809
41601738 295776
41604211 362082
41604218 1943268
41604405 2535338
41605659 414653
41605665 454714
41605884 1417620
41608560 1382752
41608574 1402285
41609837 696453
41610988 544159
41611083 1257113
41612112 610598
5581045 650041
41620007 110585
41620886 1050240
41622883 114414
41623302 59408
41623425 101763
41626277 394768
41626291 682920
41626298 1017381
41626360 3724936
41626364 2033168
41626374 3034563
41626530 56823
41626534 98396
41626559 263948
41626563 417104
41626612 571129
41626886 65014
41627183 1810234
41629532 1527614
41629553 49411
41629557 4293774
41629933 507234
36524122 68297
41631109 1904998
41631238 80952
41631245 3966202
41634456 712506
41635157 536744
41635235 60175
41638860 413320
41638870 594329
26630499 294034
41639846 209204
41642371 1704255
28054881 164747
41642563 621586
41643042 122756
650010 129896
41645811 304799
41646520 386912
41647877 479534
41648459 896785
41648480 579525
41648508 607850
41649626 325678
41650001 136948
41653091 393786
41653099 1151499
41653639 156526
41653643 1233180
41653963 530077
41654070 1813246
41655240 70726
41655299 115075
41655407 454139
41655817 1045952
41656397 264089
41656609 268542
41659690 296965
41659999 26044
41660030 138366
41660395 1442332
41660400 483816
41660731 159728
41660830 723589
41660996 2818929
41661499 1476088
41663417 719659
41663548 617030
41664489 134245
41667938 929189
41669591 839297
41672275 498307
41673318 711840
41673779 266782
41673821 59209
41674150 367250
36167642 48546
41678107 256985
41680364 1366116
41685467 944748
41685662 833484
41687548 3154521
41688269 160480
41694869 661595
41694876 90588
41695477 730178
41695481 318062
41695501 755777
41697110 127060
21389371 959698
41697458 277238
41698538 302476
5991965 1662306
41698545 625756
41698781 75599
41698786 355202
41698856 381094
41701658 58855
41701874 1477745
41701893 202510
41703938 516366
41706421 3289422
41709481 374005
41712405 195154
41714103 271099
41717155 1040751
41725185 2688
41725204 343390
41726120 62457
41729242 604252
41729278 595891
41729464 2917721
41731470 4107031
30267966 532644
41731479 512694
41731549 2686858
41731572 383006
41731584 586678
41731994 13332
41736296 7585
41737211 95838
41741391 1959467
41745772 210587
41755984 2307379
34859133 556
38839976 125900
41762902 1936710
41764837 3690940
41764844 855110
41768844 16745
41768936 474193
41768944 188716
41768950 1316620
41768973 1774974
41773745 2303499
41773906 23065
41773935 44800
41779516 1293307
41780463 416817
41780473 825060
34854721 439266
41780794 301543
41781864 758523
23665944 1200342
41783346 1167458
41784829 225555
41787772 23056
41788165 1638793
41788748 1054391
41789702 454905
41790509 1426067
41807499 95081
22446902 898697
41930841 886907
41935644 44574
41936234 295747
41970781 561047
41973321 97356
41976478 23535
41977565 1340180
41984920 12321
41987063 240418
41993716 124324
41999448 487843
42000851 233019
42001441 11060
42008186 61106
42020624 5182
42020918 349064
42021516 116914
42025453 399562
42029236 7367
42029785 88492
42029824 87017
42030886 3191021
42031143 68599
42031342 1594660
42031484 1355314
42036106 342123
42044824 1063442
42055496 846900
42055888 246130
42056037 591608
42056100 471226
42056706 54054
42059640 25386
42059675 2296165
42059714 371309
42059779 611402
42063948 1306179
42067412 563848
42069016 1906985
29521912 238571
42071894 27893
42076067 571729
42078249 18116
42080471 133604
42080799 390990
42081223 547733
42089878 88632
42091536 265739
42096762 6149
42096792 267233
42102763 303549
42102855 133810
42102932 908459
42110553 1993295
42115403 137271
42133756 421021
42138616 120672
42138649 467641
42140632 789535
42143723 88926
42161273 344794
35667626 292398
42174232 133478
42181440 475760
42182854 24110
42191382 1015750
42210125 15071
42220432 1061106
42238020 448378
42238147 358744
42238626 54321
42243400 157301
42244131 26386
42244474 127018
42247457 459659
42247986 778628
42248788 134075
42249518 249459
42250267 1075807
42250271 1438302
42253473 777214
42253477 21064
42253886 1391101
42255596 198842
20052471 1915178
42256138 407719
31355353 44856
42264412 46265
42265656 849523
42267975 93563
42268053 622092
42268210 162250
42270809 102851
42270831 225660
42270883 386906
42270890 359841
42271538 224892
42271592 231843
42274920 370086
42279896 193582
42284095 828384
42284155 110429
42284195 43093
42284279 134337
42284443 128551
42284896 1011053
42286747 301621
42294905 531484
42296146 49014
42296244 33286
42299841 102763
42300868 327648
42317659 653574
42326292 498158
42326646 196059
42329466 445485
42330175 33285
42333174 719661
42333310 669459
42333328 119844
42333367 429189
13266430 49240
42339563 454459
42342483 1080117
22282929 119178
42342508 387891
42342650 277008
42342690 686202
42342730 2361420
42342882 66417
42343054 457821
42356859 285531
42360597 487918
42368239 412778
42373808 233462
42392197 212659
42399190 432314
42400378 151568
42402154 8457
42407260 127587
42407303 23057
42407325 735460
42408467 179925
42408493 329892
42413331 532036
42414117 2096491
42415040 373020
42415125 67630
42416842 353613
42416964 495
42419030 7162
42427164 594781
42427204 251068
36412235 133662
42427282 1240311
42427865 754546
42429873 422214
42432361 769787
42433300 915484
42438152 77906
42446932 46262
31346063 766969
42448557 382224
42448614 11863
10949266 34897
42455663 158870
42460197 96167
42460259 2138774
42460377 10541
42482976 1450477
42484185 88265
42484564 375308
42485101 229098
42502243 501618
42508054 620013
42514982 505780
42519453 506699
23393464 456699
42661189 907666
42662161 229965
42662390 2013433
42662433 219286
42663471 839415
42663614 166891
42663623 96627
42664243 125927
42664256 823004
42665400 949223
42665630 444630
42666492 70843
42666968 1129062
42667647 1351648
42748747 1024437
42763946 699319
42767984 1321177
42798223 466104
42802221 3226607
42831230 614368
42831621 644506
42835402 1253706
42844933 117091
42851176 1092455
42891122 126316
42942993 537734
42997059 979470
43006464 2087932
43016380 980629
43031894 1593371
43032436 458197
43101126 303007
43260445 1932466
43265402 1989919
43265419 268369
43272687 171617
43272790 276886
43279268 479538
43290820 765719
43293107 60160
43294181 326621
43294442 242078
43296270 209759
43303180 127421
13271140 2781712
43303374 888818
43303408 486098
43303418 1925625
43303482 456703
43303534 2356816
43303578 712705
43303596 211539
43303638 659738
20057824 1985933
43303718 262351
43303757 639206
29564823 893148
43304045 2783805
43304109 835188
43326827 143382
43330416 61104
43332264 708466
43334225 324723
43339482 547636
43343149 2183770
43345495 1031675
43351392 711943
43356783 189413
43356802 73307
43381467 297108
43383761 226900
43384021 1565142
43384111 1004298
32744213 307971
43410662 699660
43410727 2317104
43411572 496862
43415930 2351205
43416147 195892
43424168 3446409
43427269 778239
43429684 810362
43438888 874859
43440771 2352255
43441673 1086620
43464768 1843508
43479824 1374979
43479853 959853
43480004 6425797
43480217 128759
43484995 465583
43485019 833840
43545419 371360
43678905 501292
43703828 1921995
43780404 518419
43780513 320873
43781118 1410083
43781123 524928
43813493 2702843
43851281 545376
43864252 870514
43883055 501625
43894864 689601
43901344 1830124
44013993 1702549
44064738 1807872
44129552 1158194
44343092 734278
44345663 636721
44354300 1506055
44356548 819874
44367922 996631
44375312 1200642
44507847 8408015
44524972 781839
459084 57123
45167080 1163822
45189350 266412
45213839 63264
45353282 57929
46382197 474144
46392409 71978
9540445 1999445
46478853 686488
46601172 305506
46602373 853941
30241297 1237615
46665437 1097599
23591793 343669
46683888 89345
46687928 423594
46689094 666382
46689562 654064
46692044 30648
46709540 2129756
46712222 433574
46712939 408287
46724609 304822
46746066 995174
46757924 2714127
46757929 734765
46758038 628988
46758084 302951
46758628 63089
46783804 2366777
46787933 1523091
46790213 145293
2337194 258251
46802790 4344602
46804943 513061
46807522 165994
46821213 443053
46823129 1208437
46823311 2348256
46847460 791861
46847780 36689
1084280 30238
41520586 719043
46852062 517973
46852136 568583
46852160 388790
46852164 1922351
24155137 141532
46869743 417476
46876939 577934
46877568 16275
46879397 254790
19904884 422441
46888072 1517838
46893439 1118549
22164759 481741
46908584 247975
46911870 255778
46913108 1041106
46915595 689795
46916756 619352
46920153 285906
23904117 498605
46923982 788784
46924077 834100
46924575 1877474
46924979 386894
3355791 1518763
46930379 144176
46930714 303742
46931189 3608
46934132 362067
17335398 1317927
46936161 542011
46936517 533792
46948693 1058
12555089 175693
46952039 430717
46954946 1103553
46956221 731311
46965908 364126
46966154 371869
46967329 993744
46971869 272760
46994936 2310193
47005167 1320099
47006298 352449
47006781 75912
47016538 663478
24970822 159739
47039404 298147
47100865 560000
30241300 248943
47144503 359873
47232729 464459
47254630 859219
47273804 515900
47294182 1169145
47294189 608901
47295258 536160
47298528 4887161
47299176 229694
47299576 894075
47302093 1931077
47302973 757933
47308055 407596
47355750 273569
47372298 306677
47379382 296008
47382235 132075
47382246 775502
40236115 255373
47382528 500660
47382534 746980
47384530 103697
8774621 195393
47391789 1098810
47399413 549755
47400733 568605
47401719 467963
47404143 2323717
47404890 604770
47408367 123689
47410813 442549
47413660 370762
47414159 279023
47414666 251492
47417646 914067
47417654 975236
47417659 771853
47417669 164581
47417721 256178
47417725 1830705
47417788 1414501
47417855 185425
47417911 530621
47417930 100201
47417935 367998
47417940 789215
47417946 141455
47418192 285548
47418557 80544
47421112 515341
47421141 879006
47421166 89829
47422448 1552012
47426683 611430
47426690 772327
47426719 135290
47426933 501704
47430338 802744
47431072 208875
47431268 1291985
47433724 48521
47433822 42785
47437179 617605
47437805 506093
47438735 261804
47438900 1635447
2469938 230729
47439558 986519
47440082 286502
16830911 133770
47440724 247972
47441571 1047436
47441785 278497
47442548 344847
47442673 231513
47442681 213000
47442710 283282
47442719 865950
47442957 781146
47445191 1695161
47445395 37722
47446927 1051090
47447450 1830895
47447738 84088
47448637 1112166
47450181 87352
47450212 360775
47451002 613471
47451696 1059544
47452300 99199
22747104 1439318
47457666 35508
47458751 1123403
47461498 920466
47463137 2397846
47463753 142933
47464491 159992
47464759 356375
47465269 931564
47465807 2160429
47466813 1170420
47469338 537325
47470483 67935
29899902 41248
47470832 130997
47472034 90209
47474069 21304
47478708 647244
47478715 228654
47478729 694973
47485198 1377999
47485231 652625
47485386 1015577
47485514 1594179
47485518 437292
47485729 366400
47486187 1460886
47486222 2442203
47486259 66323
12126421 181179
47486982 384278
47488504 2084680
47488512 1433766
47488679 561376
40004598 11458
47490126 2416705
47490132 118596
47490156 379810
47490171 769840
47490179 189828
47491757 166365
47491934 112203
47492165 650514
47498813 29176
47503143 3029672
47505976 120484
47506070 76626
47506173 79915
47510823 2570673
47512531 7591071
47514110 131240
47515548 261238
47515583 1779785
47515631 171088
47515635 653267
47515658 234172
38464378 366464
47517804 805316
47517826 457205
34245829 146327
47519519 1984653
47519529 164339
47519654 149514
47519669 492171
47525123 230867
47528309 805525
47528318 651109
47529050 536935
47529979 1000535
47530100 612732
47531245 2764771
47532610 1013446
47545606 148587
42408543 1570607
47550509 857766
38779330 613795
47551639 792955
47551651 454196
47551657 769636
43303312 137087
47556756 461764
47559798 1135415
47564036 342264
47566400 203877
38784170 3003698
47566858 834565
47568042 1054953
47568702 45758
47569549 1063256
47574184 1460420
47574813 776784
47575027 297404
47575157 862854
47576523 1438365
47576913 264148
47581367 135870
47601285 275556
47634349 427353
47680374 48361
47704681 63094
30241299 127423
47718022 41604
28543679 332968
47763637 550770
47764192 677193
47765798 105175
47773502 633316
47776429 119636
47779168 468608
47793552 264827
47797411 12016
47797544 10768
47803852 271921
47804746 407523
47804841 1989801
47808818 292877
47809090 301240
47810938 205532
47811211 200089
47813846 673185
47814536 363331
47814633 101366
47815285 72636
47815476 779236
47819778 704738
47825619 167426
47825976 61787
47827152 1095136
47830052 315895
42055892 423592
47837842 132058
47838012 141540
47839900 274166
47844446 526075
3005542 34925
47858233 605468
47858241 199701
47858357 79176
47859044 89368
47859218 348201
47859354 430080
47861855 166640
47867086 467323
47867445 129203
47872460 141367
47872737 67526
47875491 1358541
47875806 29181
47880287 2412847
47887520 658011
47890233 1188637
47890402 400201
47893686 824985
47895873 1880683
35666917 39262
47913695 21896
47913728 736950
47918561 171135
47919595 184609
47919892 17095
47926033 347992
47934290 2310212
47935678 224932
47941364 78435
47941382 573628
47967264 1534476
47988521 386444
47988786 82643
47989066 425825
48012182 783258
48012610 581522
48013366 117422
48017299 1362025
48017513 303139
48021212 105174
28623021 25586
48023839 309002
48025683 165997
48025723 145840
48025759 73316
48025786 76689
48026171 99124
48026207 637789
48027127 300028
48027826 39917
48028269 1550013
48029547 165118
48029645 10481
48029847 231214
48030832 237439
48031276 1057890
48031288 981918
48032681 134521
48032756 1118061
48038913 636689
48040574 4497893
48041949 2093128
48044269 1476549
48044299 254356
48055459 214801
48056213 1183223
48063311 249040
48073075 711448
48074126 316310
48076871 510121
48091064 80497
17324167 280296
48097228 108279
48100313 151651
48102324 1620261
48102331 764618
48103521 239887
48104310 223407
48104334 487941
48104361 699610
48104541 1290417
48112142 490383
48113401 484456
48113476 183931
48125013 615509
48125030 117090
48130486 485641
48139913 7713
48140745 1202689
48140874 1140284
48142162 80616
48151480 491305
48151508 75272
48151532 609723
48154229 1151831
48169303 6184
48169500 229400
48169592 127662
48169667 878238
48171206 68326
48172828 942977
10263095 253935
48176209 25821
48176366 10758
48176466 485942
48176496 280241
48177156 226111
48177779 251125
48180791 1017367
48184063 8110660
48184098 1706244
48186504 222740
48191343 959369
10279247 1059251
48195724 90688
48195736 437122
48195888 96322
48195901 300200
27641555 574968
48218211 233046
48223785 209349
48225363 714805
48247362 353145
48247401 453470
38225535 5583325
48249229 1208009
48250808 218374
48250817 242711
48251248 128207
48251934 433565
48253997 59315
48267618 68963
48269447 814207
48271254 337388
22745123 384596
48280501 252388
48286725 1145669
48307948 13702
48400784 974952
48413913 469117
48418304 983353
48420429 33492
48420466 443535
48422595 62462
48423335 910811
48423462 313045
48449708 2874034
48563694 1132219
48578812 1257330
48578819 2524586
48580366 767865
48584782 7017775
48604178 438083
48640484 104181
48647385 117885
48649475 2390450
44648192 1170400
48756511 521159
49011223 442523
49012054 1970440
49021307 276914
49021854 4288223
49023416 36297
49036135 149879
49038467 59299
49038589 2590011
49042140 219261
49042397 1323962
49045441 1093318
49046069 1504660
49047040 1123669
49047164 1117455
49047170 649063
49047328 1912562
49047391 2783098
49047411 1611558
49047416 209958
49047441 1906871
49047483 2130055
49047512 169844
49047734 1177263
49047913 3254847
49086568 886608
49088081 1114685
49088119 1317301
49091902 2980406
49099174 2651974
49099701 2494921
49116350 1074940
5991963 65689
49125343 457404
49133613 541651
49133624 965960
49144732 422673
49150436 982700
49151284 1695590
44648188 1780984
49154283 1486410
49155717 849144
49158522 363775
49165937 840763
49167066 599791
49182022 1043854
49183163 373361
49218254 2497654
49218262 2511993
49218297 781159
49218332 1084302
49294582 1196183
23718817 16734
49377101 409302
49426661 1202427
49426701 983321
49426818 1180732
49493989 138358
13639075 1926129
49511736 1788263
49512408 991056
49534203 147056
49538920 219964
49539269 2134187
49540119 1763115
10217659 1912201
49581064 824784
44648754 545868
49583100 1057668
49609945 1479801
49623358 76653
49635411 325431
50042371 80244
50044684 221732
50046954 1959995
50053676 387320
50110221 67923
50115416 3557469
50159668 408621
50168511 2251963
50168555 695049
50218036 2451502
50237723 1219913
50246058 2299697
50246062 365036
50286850 1587009
50324211 567714
50324950 1000561
50345835 797986
50347282 4055000
50631558 565145
50653333 1043152
16708151 658027
50905540 1994718
50918661 299911
50950949 1678279
51006905 7277
51079036 355411
51831597 154760
