207679 207686
226270 226273
227275 227282
279736 279741
291886 291890
308563 308567
321974 321978
322626 322633
323636 323642
335911 335916
367413 367416
368407 368414
374839 374841
380553 380563
385475 385478
392780 392782
395102 395106
411206 411209
412777 412780
415104 415107
415515 415519
419191 419194
420085 420090
422506 422509
432577 432578
447116 447123
447973 447991
457415 457416
461854 461856
466070 466071
476538 476540
479553 479556
479808 479813
479863 479866
481198 481200
482360 482362
482386 482387
482480 482482
482957 482960
487162 487164
487196 487197
488531 488549
489290 489317
497423 497425
497564 497570
498269 498274
504114 504124
508743 508753
511526 511529
516943 516944
542615 542617
543620 543621
544359 544361
545769 545773
547765 547767
551598 551600
552051 552053
554754 554767
557158 557161
562756 562765
563744 563749
566240 566241
566649 566651
571973 571974
577937 577946
594138 594141
602158 602161
618546 618548
622844 622848
623254 623259
631066 631069
637315 637320
639643 639646
641081 641085
641128 641132
647852 647857
650254 650258
651774 651777
653401 653406
655654 655658
658906 658910
660628 660631
665474 665479
666164 666168
672563 672569
692610 692615
699633 699635
711637 711640
713160 713162
717791 717797
718288 718291
724158 724159
724776 724779
754761 754765
757372 757374
762319 762321
763928 763930
772661 772665
781947 781950
783668 783672
786560 786569
788496 788497
793916 793920
797166 797175
797177 797184
798178 798179
799343 799346
799879 799884
799975 799982
799992 799997
800414 800420
800501 800505
800832 800834
800908 800911
801536 801542
802117 802118
806479 806480
807218 807219
807823 807825
808018 808020
810314 810317
813749 813754
815319 815323
817663 817668
837838 837842
848889 848891
856010 856012
859030 859034
868018 868021
868876 868879
880538 880540
885593 885594
885604 885606
886014 886017
886018 886021
887175 887179
887679 887692
897565 897570
901955 901956
909760 909762
911531 911532
915524 915525
920689 920690
921381 921382
926453 926457
926582 926585
926644 926646
929272 929277
937436 937438
937511 937514
939052 939056
939545 939550
939609 939614
939873 939877
940685 940687
942992 942994
945986 945990
952111 952112
952958 952960
964293 964294
967228 967230
967572 967579
968631 968635
970586 970591
970598 970601
972771 972775
976620 976623
980780 980784
984643 984645
994363 994364
1000733 1000735
967319 1012520
1029421 1029425
1039310 1039312
1060639 1060642
1063943 1063945
1070807 1070808
1076121 1076125
1077423 1077426
1080948 1080949
1109579 1109580
1115550 1115555
1127160 1127163
1149792 1149797
1150955 1150958
1151608 1151611
1152978 1152982
1154635 1154637
1154670 1154672
1154673 1154676
1154698 1154701
1156032 1156036
1156317 1156319
1156634 1156648
1160772 1160774
1162700 1162701
1167792 1167796
1169075 1169080
1170399 1170402
1170447 1170449
1170747 1170750
1171118 1171124
1171671 1171673
1172141 1172145
1172475 1172476
1177881 1177883
1179561 1179564
1179907 1179912
1183133 1183136
1184100 1184103
1185490 1185494
1185558 1185563
1185634 1185638
1185713 1185718
1188992 1188998
1190329 1190331
1190426 1190431
1190473 1190476
1202498 1202500
1207727 1207729
1210043 1210045
1243315 1243316
1258989 1258991
1309270 1309276
1315632 1315634
1315791 1315792
1319030 1319032
1321078 1321082
1322120 1322122
1323339 1323341
1323786 1323787
1329650 1329656
1333501 1333502
1335698 1335703
1341461 1341463
1363381 1363382
1378174 1378178
1386157 1386159
1417791 1417793
1427029 83065
1444445 1444447
1451208 1451211
1462472 1462476
1487025 1487027
1547775 1547777
1588455 1588457
1589807 1589808
1648108 1648110
1658206 1658210
1685268 1685272
1711209 1711210
1715648 1715652
1741119 1741121
1748724 1748726
1761123 1761124
1779503 1779505
1787554 1787555
1791762 1791763
1793521 1793523
1797415 1797416
1798597 1798598
1803455 1803456
1805786 1805788
1817869 1817872
1818546 1818550
1827601 1827602
1832842 1832845
1834218 1834220
1834348 1834351
1835677 1835680
1841661 1841662
1842980 1842981
1843887 1843889
1845200 1845202
1853174 1853177
1863328 1863333
1870590 1870591
1872677 1872678
1873105 1873108
1881426 1881429
1881708 1881710
1889601 1889603
1915247 1915250
1921788 1921792
1923368 1923370
1925439 1925441
1925479 1925481
1933941 1933944
1939439 1939441
1945862 1945865
1947091 1947092
1947764 1947765
1952219 1952220
1969862 1969864
1987327 1987329
1988905 1988911
1993644 1993645
1997776 1997778
2000857 2000858
2005574 2005575
2009065 2009067
2010685 2010686
2080702 2080703
2171641 2171645
2191626 2191627
2224350 2224353
2224355 2224359
2243990 2243992
2308676 1863934
2309689 2309690
2310273 2310276
2368847 2368848
2369159 2369160
2369636 2369637
2375988 2375989
2378483 2378484
2379049 2379050
2382415 2382416
2417894 2417895
2418526 2418528
2419153 2419156
2423035 2423037
2444509 2444511
2448373 2448375
2449591 2449592
2468370 2468372
2470057 2470059
2475399 2475402
2477237 2477238
2479407 2479409
2479420 2479421
2526011 2526012
2527418 2527421
2527525 2527527
2527792 2527794
2535787 2535788
2535907 2535908
2536031 2536034
2541081 2541082
2545503 2545505
2545544 2545546
2564752 2564754
2564755 2564756
2576452 2576453
2591149 2591151
2664279 2664280
2677049 2677051
2677064 2677066
2677874 2677876
2678814 807408
2685396 2685399
2694270 2694271
2702561 2702563
2704077 2704078
2720919 2720920
2720930 2720931
2721124 2721125
2721153 2721154
2721179 2721180
2721425 2721427
2721444 2721448
2721481 2721482
2721485 2721488
2721490 2721491
2721498 2721500
2721615 2721616
2721618 2721619
2721628 2721629
2721634 2721637
2721874 2721875
2721914 2721917
2721987 2721988
2722355 2722359
2744485 2744487
2753303 2753304
2862754 2862755
2869495 2869496
2878837 2878838
2882710 2882714
2894516 2894518
2912954 2912956
3107377 3107381
3107427 3107429
3412437 3412438
3505001 3505003
3558165 3558168
3566990 3566992
1648109 3567095
3567096 3567098
3819327 3819330
4024527 4024531
4082577 4082579
4087564 4087566
4107941 4107942
4108603 4108604
4110257 4110259
4115429 4115430
4115673 4115675
4118360 4118363
4120005 4120007
4120563 4120564
4120645 4120647
4121158 4121159
4122933 4122937
4123266 4123268
4123280 4123282
4123294 4123296
4123298 4123302
4123304 4123306
4123328 4123330
4123341 4123342
4123407 4123409
4123410 4123411
4124735 4124737
4175183 4175185
4179310 4179311
4179317 4179318
4204125 4204126
4210382 4210384
4234509 4234512
4284530 4284532
4557271 4557273
4592063 4592065
4598709 4598714
4617619 4617621
4716145 4716147
4732866 4732867
4746219 4746221
4790317 4790319
4792281 4792282
4847304 4847305
4851459 4851460
4912934 4912935
4915485 4915487
5049941 5049943
5109195 5109196
5150553 5150555
5190682 5190684
5580619 2396949
5591278 5591280
5620188 5620190
6216903 6216905
6291470 6291473
6346308 6346310
6473634 6473637
6484088 6484089
7102264 7102265
7111195 7111196
7297451 7297452
7298686 7298687
8231888 8231889
8268505 8268507
8272778 8272781
8273810 8273812
8277431 8277434
8288806 8288807
8290014 8290021
8301335 8301339
8316049 8316050
8316831 8316833
8317510 8317514
8324783 8324785
8404359 8404360
8404565 8404566
8411554 8411556
8420415 8420417
8420894 8420896
8421205 8421206
8447748 8447750
8450243 8450244
8453462 8453464
8455771 8455772
8455896 8455897
8456835 8456837
8464349 8464354
8465765 8465766
8466566 8466578
8467237 8467241
8468938 8468945
800914 8469031
8469652 8469654
8471561 8471562
8325689 8472267
8472492 8472494
8472781 8472783
8473581 8473582
8474574 8474577
8474672 8474673
8474947 8474948
8475690 8475704
8477831 8477832
8478547 8478549
8484391 8484399
8484554 8484559
8485401 8485404
8496763 8496765
8514931 8514932
8515381 8515383
8516835 8516836
8519204 8519206
8524668 8524669
8525911 8525917
8527017 8527019
8528040 8528042
8530654 8530655
8533477 8533479
8533650 8533652
8538952 8538955
8543945 8543947
8551117 8551118
8552507 8552509
8555168 8555171
8562838 8562841
1117055 8573520
8573901 8573904
8574162 8574164
8575281 8575284
8580784 8580787
8589253 8589255
8590161 8590163
8590198 8590200
8590292 8590294
8597073 8597075
8598686 8598697
8598771 8598776
8601902 8601905
8606039 8606041
8610739 8610741
8610829 8610834
8624736 8624739
8627517 8627520
8632239 8632241
8635195 8635197
8637485 8637487
8639093 8639095
8641751 8641754
8644630 8644633
8658904 8658906
8670342 8670343
8675929 8675933
8680211 8680213
8687405 8687407
8700009 8700012
8700932 8700936
8703396 8703397
8704049 8704051
8705689 8705690
8705805 8705808
8709900 8709905
8709906 8709908
8710467 8710468
8711635 8711637
8712865 8712871
8713241 8713244
8713329 8713330
8715944 8715946
8716404 8716406
8718174 8718175
8719918 8719921
8721462 8721464
8726121 8726132
8726145 8726149
8726156 8726170
1012267 8726181
8740474 8740476
8744125 8744127
8747241 8747242
8754361 8754362
8760084 8760086
8769830 8769831
8774887 8774890
8795677 8795679
8795694 8795696
8796129 8796132
8796709 8796710
8797543 8797545
8798245 8798246
8800916 8800917
8803866 8803870
8811319 8811326
8813652 8813653
8814167 8814170
8814235 8814236
8815194 8815197
8816892 8816894
8818355 8818359
8820222 8820224
8821203 8821206
8821697 8821701
8824979 8824981
4912937 8830866
8831112 8831115
8831207 8831210
8831218 8831225
8832968 8832971
8835016 8835018
8836645 8836647
8839745 8839748
8841772 8841773
8841919 8841922
8843083 8843086
8843556 8843559
8847395 8847399
8853809 8853812
8856714 8856716
8864235 8864239
8878838 8878840
8898571 8898572
8898908 275393
8900586 8900589
8901381 8901383
8915702 8915703
8917387 8917390
8924138 8924142
8924511 8924512
8924605 8924607
8927777 8927778
8927817 8927819
1071841 8927833
8927854 8927855
8927876 8927877
8932796 8932797
8937637 8937640
8941049 8941051
8943373 8943375
8947265 8947268
8958340 8958342
8970098 8970099
8975548 8975549
8976215 8976216
8978650 8978654
8990996 8991000
8991203 8991207
8992272 8992274
8992312 8992316
8996443 8996449
9000013 9000023
9000096 9000097
9006218 9006220
9010489 9010490
9010552 9010555
9012809 9012810
9015105 9015107
9015905 9015907
9016577 9016582
9018620 9018624
9018953 9018955
9019016 9019018
9019801 9019804
9019987 9019991
9037632 9037636
9044254 9044258
9048403 9048404
9048562 9048563
9058229 9058230
9058351 9058352
9072766 2550532
9074586 9074588
9077022 9077024
9084071 9084073
9084677 9084679
9088065 9088066
9107401 9107402
9118081 9118083
9123094 9123095
9124123 9124125
9127574 9127576
9128880 9128882
9132023 9132025
9133284 9133286
9134274 9134276
9139915 9139917
9143037 9143038
9148874 9148879
9156846 9156849
9196112 9196116
9204561 9204563
9209500 9209502
9218523 9218524
9221334 9221336
9245122 9245123
9253497 9253503
9254499 9254504
9282680 9282683
9287780 9287781
9291208 9291212
9323343 9323344
9324826 9324827
9350821 9350823
9357124 9357126
9362137 9362138
9372494 9372496
9373438 9373441
9379512 9379514
9419376 9419377
9436679 9436680
9472316 9472321
9475257 9475259
9479501 9479502
9485125 9485126
9487566 9487569
9492683 9492685
9498265 9498266
9502925 9502926
9503062 9503063
9507638 9507640
9508504 9508507
9518126 9518129
9522785 9522787
9523452 9523455
9531892 9531895
9536095 9536096
9536110 9536111
9538913 9538914
9542228 9542230
9551623 9551628
9552193 9552194
9559722 9559725
9562183 9562184
9563961 9563962
9565899 9565901
9580656 9580657
9590601 9590602
9590974 9590975
9596060 9596064
9607607 9607609
9609531 9609532
9625519 9625520
9628577 9628578
9628869 9628870
9632134 9632137
9632583 9632584
9643408 9643409
9645448 9645449
9649339 9649341
9651511 9651513
9662471 9662472
9664134 9664137
9666376 9666377
9666546 9666548
9668571 2916005
9672942 9672943
9678758 9678759
9679182 9679183
9680412 9680414
9683376 9683379
9683608 9683611
9689086 9689088
9692332 9692333
9694663 9694664
9809933 9809939
9861349 9861350
9867679 9867680
9953156 9953157
9966371 9966374
9967729 9967731
9975976 9975977
9996421 9996424
9999050 9999052
10002633 10002634
10002831 10002832
10002923 10002924
10005825 10005826
10007629 10007630
10007798 10007799
10007890 10007891
10008005 10008007
10008185 10008186
10016057 10016058
10016740 10016741
10020219 10020220
10031533 10031535
10036353 10036356
10050765 10050766
10058788 10058790
10062900 10062901
10073032 10073034
10073046 10073047
10078091 10078095
10094913 2470994
10096807 10096808
10098395 10098397
10142452 10142454
10145254 10145256
10160200 10160201
10165303 10165304
10165633 10165634
10169330 10169332
10169333 10169334
10169350 10169351
10229776 10229777
10260460 10260461
10264421 10264422
10264693 10264694
10266006 10266007
10278400 10278401
10280776 10280777
10281269 10281270
10282381 10282382
10285305 10285306
10299605 10299606
10309721 10309722
10314247 10314248
10314326 10314328
10314471 10314472
10314505 10314506
10314509 10314510
10314593 10314595
10314650 10314651
10314657 10314658
10314660 10314661
10314663 10314665
10314678 10314679
10314750 10314752
10314754 10314755
10314757 10314758
10314805 10314806
10315712 10315713
10340116 10340117
10340144 10340145
10406194 10406198
10416656 10416658
10437130 10437132
10439067 10439069
10453333 10453334
10453348 10453349
10453549 10453551
10454900 10454901
10455950 10455951
10456638 10456640
10457705 10457706
10457777 10457779
10469882 10469883
10519819 10519822
10755778 10755780
10947361 10947362
11258619 11258621
11381129 1793186
11491360 11491362
11491366 11491368
11525919 11525922
11555853 11555854
11558778 11558779
11562683 11562684
11562977 11562978
11563091 11563092
11563095 11563096
11570019 11570021
11570038 11570040
11570061 11570063
11570163 11570164
11570504 11570506
11570519 11570520
11570552 11570555
11570591 11570592
11571862 11571863
11572074 11572076
11631035 11631036
8469032 11966978
12012767 12012768
12014791 12014793
12034854 12034856
12123901 12123903
12145306 12145307
12160629 12160630
12176882 12176884
4310389 12179357
12217196 12217198
12220601 12220602
12220982 12220983
12293145 12293146
12344140 12344141
12351917 12351919
12361333 12361334
12408916 12408918
12413245 12413247
12436315 12436316
12466333 12466336
12550139 12550140
12893373 12893375
13106596 13106597
13480884 13480886
13541847 13541849
13587450 13587452
13639637 13639639
13658397 13658400
13977129 13977130
14477071 14477072
15277822 15277828
15311048 15311051
15315418 15315421
15327576 15327580
15386385 15386387
15389658 15389662
15397404 15397406
15397598 15397601
15397982 15397984
15397991 15397992
15398326 15398327
15424430 15424432
15486926 15486928
15487715 15487717
15516084 15516087
5117695 15529217
15543271 15543273
15544788 15544792
15546459 15546461
15549002 15549004
15549040 15549042
15549163 15549166
15562525 15562539
15563309 15563312
15564404 15564405
15566119 15566121
15569307 15569308
15571891 10570747
15572412 15572414
15574202 15574203
15574449 15574451
15574655 15574658
15576340 15576341
15579174 15579178
15586128 15586131
15588510 15588512
15588738 15588739
15588882 15588886
15590093 15590097
15607902 15607905
15611428 15611429
15611673 15611675
15615451 15615454
15615995 15615996
15616352 15616353
15617204 15617206
15618750 15618752
15619456 15619458
15619943 15619946
15621351 15621356
15621929 15621931
15621988 15621990
15622257 15622259
15622635 15622641
15623769 15623771
15625489 15625491
15628754 15628764
15632638 15632640
15642727 15642729
15642730 15642731
9957984 15642995
15657764 15657766
15658115 15658118
15661382 15661384
15661722 15661724
15661875 15661878
15662218 15662220
15674359 15674361
15677639 15677640
15684275 15684278
15685628 15685631
651946 15685790
15691575 15691578
15692733 15692735
15693802 15693804
15694041 15694043
15694463 15694464
10326132 15695923
15695925 15695931
15696877 15696879
15698276 15698280
15706517 15706519
15710032 15710033
15712761 15712765
15713538 15713541
15714752 15714753
15725674 15725678
15727509 15727512
15727537 15727540
15728378 1813012
15737403 15737408
15738107 15738111
15746539 15746546
15761262 15761264
15763907 15763909
15764594 15764595
15777013 10395095
15778248 15778250
15778323 15778326
15783507 15783509
15784560 15784565
15788421 15788423
15788961 15788965
15793883 15793885
15794030 15794031
15795223 15795224
15797855 15797858
15798483 15798486
15800089 15800090
15812557 15812559
15813332 15813333
15817536 15817537
15821506 15821508
15824514 15824515
15825240 15825242
15830648 15830652
15839702 15839703
15840014 15840016
15841751 15841753
15852882 15852883
15855996 15855997
15860992 15860993
15863438 15863439
15863588 15863589
8484557 15865790
15867426 15867428
15868492 15868493
15868996 15868998
15869145 15869148
15871542 10094501
15872258 15872260
15873152 15873155
15873220 15873221
15873777 15873780
15878495 15878496
15879375 15879376
15881082 15881086
15881424 15881430
15881465 15881468
15882346 9107958
15882750 15882752
15883707 15883710
15884051 15884053
15885870 15885872
15886806 15886809
15888621 15888622
15890685 15890687
15892213 15892216
15892386 15892389
15895013 15895014
15897318 15897321
15899490 15899493
15900082 15900083
29663 15901302
15901365 15901368
15901622 15901624
15910634 15910636
15913614 15913618
15913817 15913819
15913821 15913824
15920310 15920311
15929104 15929105
15950406 15950409
15950419 15950420
15971342 15971344
15690143 15982388
15982441 15982442
15982621 15982624
15982625 15982629
15982751 15982753
15983166 15983168
15985076 15985077
15987401 15987405
15988513 15988517
15995426 15995428
15997532 15997534
16004913 16004915
3434237 16005226
16017683 16017685
16018509 16018513
16025299 16025302
16025303 16025307
16029830 16029832
16041899 16041902
16042432 16042433
16043383 16043384
2973306 16044047
16044409 16044412
16045673 16045676
16045974 16045977
16046516 16046518
2644319 16046574
16047405 16047406
16047701 16047705
16048369 16048374
16048425 16048429
16048431 16048437
16049869 16049873
16052992 16052994
16056969 16056971
16059133 16059134
16059545 9106463
16059730 16059733
16059925 16059927
16060114 16060115
16063849 16063852
16066109 16066110
16066479 16066484
16066504 16066507
16067575 16067576
16068029 16068033
16068546 16068550
16071060 16071062
16071873 16071875
16071932 16071934
16083821 16083824
16105537 16105538
16107808 16107810
16108571 16108573
16110031 16110032
16125208 16125209
16127516 16127517
16133811 16133813
16134045 15290662
16144305 16144306
16169838 16169840
16176505 16176507
16179676 16179678
16181724 16181725
16181749 2082815
16202118 16202119
16212007 16212009
16228227 16228229
16237821 16237824
16237852 16237853
16247717 16247721
16249827 16249829
16249913 16249914
16249946 16249948
16261412 16261413
16297011 16297015
16298635 16298638
16299743 16299745
16316194 16316197
16326441 16326442
16365344 16365346
16375235 16375237
16399642 16399645
16456262 16456264
16480268 712474
16492870 16492871
16507136 16507137
16517429 16517431
16517535 16517537
8317512 16523452
16524119 16524120
16540852 16540855
16546377 16546378
16548513 16548514
16550097 16550099
16553244 1106012
16554839 16554840
16555302 16555304
16556213 16556215
16573186 16573188
16578614 16578615
16581970 16581971
16588270 16588273
16590769 16590771
16594966 16594968
16600645 16600647
16602537 16602542
16603272 16603273
16607385 16607387
16622104 16622105
16632374 16632375
16637043 16637045
16639828 16639829
16640423 16640424
16643553 8490130
16674297 16674298
16677351 16677353
16684043 16684045
16684047 16684048
16684778 16684779
16685442 16685445
16686396 16686397
16689748 16689751
16698595 16698596
16708829 16708831
16718706 16718708
16912884 16912886
16929255 16929257
16932967 16932968
16946197 16497352
16983529 16983530
16983631 16983633
16993394 16522639
16999695 16999697
17018836 1017759
17032638 17032639
17044947 17044948
17049086 17049088
17049925 17049926
17052740 17052742
17058462 17058463
17068523 9737503
17070488 17070489
17073253 17073255
17074101 17074102
17077340 17077342
17077623 17077624
17077654 17077658
17130589 16204964
17142288 17142290
17142388 17142389
17150610 17150611
17158494 17158496
17166619 17166620
17194830 17194831
17206509 17206510
17228706 17228707
17242427 17242428
17244121 17244123
17246062 17246063
17246559 17246560
17248736 17248737
17252903 17252905
17268986 17268988
17276686 17276687
17276695 17276696
17276704 17276707
17276719 17276721
17276762 17276763
17276818 17276819
17276925 17276926
17276978 17276979
17277047 17277048
17277053 17277055
17277057 17277058
17277094 17277096
17277179 17277181
17277184 17277185
17306695 17306696
17318121 17318122
17318124 17318125
8448004 17374564
17378536 17378537
17405876 17405877
17406078 17406079
17407096 17407098
17408632 17408633
17410224 17410225
17416723 17416724
17418341 17418342
17418455 17418456
17433528 17433531
17434525 17434528
17435144 17435145
17439715 17439717
17455340 17455342
17486222 17486224
17531549 17531553
17594857 2791192
17595010 17595012
17595030 17595031
17834300 17834304
17836293 17836295
17838411 17838412
17965238 17965240
17965282 17965283
18144883 18144887
18225999 18226000
18371954 18371955
18414800 18414801
18421169 18421171
18425034 1419102
18425926 18425927
18437558 18437559
18443377 18443379
18445362 18445364
18445451 18445452
18445936 18445938
18446012 18446013
18449607 18449608
18449688 18449689
18449867 18449868
18449911 18449914
18449939 18449940
18449946 18449947
18449978 18449979
18456190 18456193
18456202 18456203
18456211 18456214
18456499 18456501
18456522 18456524
18456526 18456528
18456541 18456542
18456570 18456571
18457203 18457205
18500489 18500491
18512832 18512833
18518741 18518742
18550402 18550403
18827581 18827584
18834549 18834551
18964431 18964433
18981935 18981937
19032199 19032200
19034497 19034499
19072579 19072580
19077351 19077352
19226694 19226696
19252765 19252766
19299505 19299507
19702096 19702097
19723225 19723226
19723321 19723323
20208570 20208572
20283480 20283482
20344810 20344811
20347777 20347779
20381207 20381209
20419417 20419419
20517244 20517245
21020815 21020816
21030013 21030014
21034818 21034819
21085726 21085727
21086000 21086001
21970244 21970245
22005940 22005943
22070205 22070206
22084214 22084217
22089392 22089395
22089396 22089398
22089881 22089883
22090629 22090633
22094315 22094318
22111587 22111591
22123165 22123171
22159131 22159133
22186308 22186311
22197378 22197380
22199754 22199757
22202143 22202146
22203682 22203684
1256067 22205859
22209137 22209138
22226561 22226564
22226659 22226662
22242895 22242899
22250098 22250101
22251516 22251517
22252367 8558473
22254114 22254116
8801455 22256159
22260199 22260202
22265495 22265497
22286810 22286814
22293073 22293075
22293283 22293284
22294916 22294923
22299435 22299439
22299441 22299448
22300092 22300093
22300211 22300213
554755 22306689
1117054 22306775
22319729 22319731
22320731 22320733
22323223 22323225
22323906 22323907
22330273 22330275
22331500 22331502
22334187 22334191
22337070 22337075
22337755 9293852
22337792 22337794
22337872 9953313
22343436 22343440
22344918 22344920
22345293 22345295
22351613 22351615
22351643 22351645
22353278 22353282
22353966 22353972
22359142 22359144
22359473 22359477
22359508 22359509
22363297 22363299
22364281 22364283
22367497 22367499
22368150 22368152
22368268 22368270
22368979 22368980
22369576 22369578
22369830 22369834
22369937 22369940
22372156 22372158
22376670 22376672
22379482 22379484
22382865 22382867
22392417 22392420
22393900 22393902
22398215 22398219
22399756 22399758
22408557 22408561
22415422 22415424
22420599 22420605
22421950 22421951
22423782 22423783
16120276 22427583
22428760 22428761
22430237 2369628
22431049 22431053
22435731 22435735
22436805 22436807
22438413 22438417
22445338 22445339
22450439 22450440
22453137 22453141
22453205 22453208
8427880 22456271
22456953 22456954
22458101 22458104
22458757 22458759
22459163 22459164
22463430 22463431
22464044 22464047
4123327 22465195
22467257 22467258
8337178 22468107
22470468 22470470
22470831 22470832
22480266 22480268
22484490 22484494
22487309 22487311
22501784 22501785
22507797 22507798
22515350 22515354
22516061 22516063
22519101 22519105
22529559 22529562
22531430 22531431
22533796 22533798
22535168 22535171
22540532 22540534
22544771 22544773
22544780 22544782
22545480 22545481
22547558 22547560
22550599 22550601
22550807 22550808
22550982 22550984
22551085 22551089
22551371 22551372
22551619 22551621
22553256 22553257
8731390 22554143
22558356 22558361
22559888 22559893
22560780 22560783
22561006 22561008
22561595 22561598
22571537 22571539
22573004 22573007
22559891 22574768
22579180 22579181
22580989 22580990
22584516 22584517
22589912 22589913
22592770 22592772
22611829 22611831
22612471 22612473
22620466 22620468
22632857 22632858
22632868 22632870
2179307 22635853
22645816 22645818
22645845 22645848
22646832 22646833
22647355 22647357
22647503 22647504
22647506 22647508
22647897 22647898
22654386 22654389
22662952 22662954
22666545 22666547
22669772 22669773
22676981 22676982
22682794 22682795
22693434 22693436
22700499 22700502
22702210 22702212
22702215 22702216
22703129 22703131
22703216 22703220
22703374 22703376
22707884 22707886
827454 22709626
22709677 22709680
22710197 22710203
22713822 22713824
22713888 22713891
22715655 22715658
22716510 22716512
22720372 22720374
22721832 22721836
4199999 22724179
22724191 15729834
22724707 22724709
22725971 22725973
22728117 10566742
22728124 2689928
22728198 22728202
15869147 22728267
22729089 22729091
1117056 22761694
22766255 22766256
22774190 22774192
22774994 22774996
22779929 22779932
22782202 22782204
22782205 22782206
12468153 22804850
22814329 16876247
22821826 22821827
22825906 22825908
22834636 22834637
22834919 22834922
22842341 22842345
22847362 22847364
22847804 22847806
22855634 22855635
22876992 22876998
22887131 22887133
22888766 22888768
22900267 22900269
22901759 22901761
22901878 22901881
22908036 22908038
22915625 22915626
9609752 22916869
22918873 22918875
22919973 17366640
22945404 22945406
22945598 22945599
22969498 22969500
22970549 22970550
22977404 22977406
22995264 22995266
23045085 23045086
23117202 23117205
23131123 23131124
23154664 23154665
23155744 23155746
23161393 23161394
23164842 23164843
23165144 23165146
23180397 23180400
23182306 23182307
23182452 23182454
23182743 23182744
23186757 23186758
23187706 23187707
23193114 23193115
23194821 23194823
23200314 23200315
23208761 23208763
23210210 23210211
23214178 23214179
23214389 23214391
23222680 23222681
23224518 18437488
10029552 2470059
23234505 23234507
23234514 23234515
23238233 23238234
23238269 23238271
23238394 23238395
23243724 15957968
23247516 23247518
23263284 23263286
23263594 23263595
23265082 23265083
23265098 23265100
23270086 23270090
23282313 23282315
23286918 23286919
800915 23300223
23300288 23300289
23300855 23300856
23300857 23300859
23306503 23306505
23312187 23312188
23319415 23319417
23491538 23491539
23545550 23545552
23545710 23545712
23572627 23572629
23594181 23594183
23594331 23594332
23595074 23595075
23597056 23597057
23598840 23598841
23598973 23598974
23599465 23599467
23603340 23603343
23603440 23603441
23605144 23605145
9507631 3672965
23605239 23605240
23605452 23605454
23636066 23636068
23636329 23636331
23640848 23640849
23652981 23652983
23659831 23659832
23660634 23660635
23669084 23669087
23669348 23669349
23671354 23671356
23671389 23671390
23675203 23675204
23675221 23675222
23675247 23675248
23683285 23683286
23711771 23711772
23721528 23721529
23725140 23725142
23726113 10152513
23726460 23726462
23741749 23741750
23761463 23761464
23828230 23828231
23828343 23828345
23828642 9581669
23830562 23830564
23835586 23835587
23840192 23840193
23840984 23840985
23841018 23841019
23842987 23842988
23845071 23845073
23866199 23866200
23873825 23873827
23874947 23874949
23874997 23874998
23875039 23875041
23875106 23875107
23875262 23875263
23875291 23875292
23875301 23875304
23875370 23875371
23875462 23875463
23875492 23875494
23875656 23875659
23875718 23875719
23876875 23387624
23892263 23892264
23945095 23945097
23953571 23953573
23960094 23960096
23963918 23963919
23973218 23973219
23996831 23996832
23996834 23996837
23996867 23996868
23996978 23996979
23997617 23997619
23998193 23998194
23998269 23998270
23998534 23998535
23999857 23999859
24000892 24000894
24143121 24143123
24398045 24398049
24419361 24419364
24524458 24524460
24524502 24524506
24637557 24637558
23697389 24705376
24710381 24710384
24726773 24726774
24735082 2707167
24879757 24879758
24927792 24927794
24931864 24931865
24964056 24964057
24988178 24988179
24988575 24988576
24988660 2368528
24992160 24992162
24992883 24992884
24998822 24998826
24998868 24998870
24998911 24998913
13661846 24999165
24999183 24999185
24999207 24999208
24999227 24999229
24999230 24999231
24999242 24999243
24999254 11539516
25021971 25021973
25088424 25088425
25088464 25088466
25088481 25088483
25388436 25388438
25403286 25403287
25501372 25501375
25519405 25519407
25587042 25587043
25652924 25652926
25765995 25765996
25766305 25766306
25903255 25903256
26182619 26182621
26742770 26742772
26887676 26887677
26930811 26930812
27432676 27432677
27464114 27464115
27513545 27513546
27645721 27645723
27652299 27652301
1715650 28372581
28462699 28462701
28468755 28468760
28491793 28491798
15398617 28515237
28515628 28515629
28533463 28533464
28566603 28566604
15625220 28568088
28569165 28569172
28571180 9581647
28577224 28577226
28585327 28585329
28588298 28588301
28591989 28591990
28592727 28592729
28600331 28600333
28600334 18427954
13661847 28606400
28606524 28606537
28617310 28617312
28619981 2975541
28624394 28624395
28634489 28634491
28634972 28634973
28646354 28646360
28646559 28646561
28646656 28646657
28648464 28648466
28651943 28651944
28658323 28658326
28659968 28659971
18499205 28680144
28680395 28680397
28682253 28682254
28682259 28682260
28682791 28682793
16052270 28683714
28684182 16554442
15621352 28688199
8875319 28695063
28696661 28696662
28699592 28699593
28707986 28707990
28708602 28708604
28708628 28708629
28718089 28718093
28724361 28724365
28724594 28724597
28725532 28725533
28725952 28725955
28726135 28726136
20867644 1872198
28727305 28727309
28727334 28727337
28728285 28728286
28728743 28728746
28733415 28733417
28737395 28737398
28742929 28742930
28744213 28744216
1243359 28746406
28754194 28754195
28754972 28754975
28755592 28755595
28759209 28759211
28766437 28766441
28767166 28767168
28768235 28768238
28772096 28772098
28776519 28776522
28777780 28777782
28782179 28782180
28784585 28784586
28784805 28784809
28787205 28787206
28800873 28800874
28806010 28806012
28808191 28808193
28809438 28809439
28824503 28824506
28829939 28829943
28830352 28830354
28831628 28831630
28835648 28835650
28836193 28836196
28839111 28839112
28839850 28839852
28839899 28839901
28840088 28840091
28842221 28842223
28844072 28844074
28844641 28844643
28848949 28848951
28849363 28849367
28851547 28851555
28851561 28851566
7799582 28851655
28853222 28853223
28857828 28857829
28860901 28860903
28865214 28865218
28873578 28873581
28873582 28873583
28874539 28874542
28880652 28880653
28884300 28884303
28884317 28884319
28886721 28886722
28888801 28888802
28896451 28896452
28897624 28897626
28907501 28907502
28907591 28907592
28907871 28907878
28907879 28907881
28910206 28910208
28911249 28911250
28915075 28915076
28916425 28916426
28916428 28916429
28916531 28916533
28917016 28917018
28921688 28921692
28923168 28923169
28923536 28923542
28924039 28924041
28924044 28924048
28925106 28925107
28925282 28925283
28929282 28929284
28929468 28929471
28929733 28929736
28931121 28931123
28931332 28931334
28932988 28932991
28934000 28934003
28935608 28935610
15628760 28937100
9420185 28937330
28940376 28940380
28941160 28941161
28941703 28941706
28941756 28941758
28947166 28947168
28949666 28949669
28949823 28949825
28950191 28950194
28951001 28951003
28953230 28953232
28953239 28953241
28953283 28953286
28956634 28956636
28966737 28966738
28979925 28979930
28984848 28984849
28984960 28984962
28992754 28992755
28993858 28993859
28994478 28994479
28994562 23847224
28996562 28996563
23306501 29016981
29018310 29018312
29019058 29019062
29019206 29019210
29019476 29019477
29020501 29020502
29022741 29022744
22306691 29023278
29023430 29023432
29026776 29026778
29026792 29026794
29026809 29026813
29037623 29037625
29047213 29047215
29050217 29050220
29060551 29060552
29064792 29064793
29070380 29070381
29070632 29070634
29070714 29070717
29071202 29071203
29072838 29072842
29074039 29074042
29074668 2812305
29079082 29079084
29083289 29083292
29084571 29084573
29084604 29084607
29086671 29086673
489296 29087059
29090710 29090713
29090776 23853414
29092199 29092200
29092747 29092748
29092769 29092772
29095391 29095395
29095529 29095533
29095548 29095550
29096155 29096158
8552480 29097494
29103672 29103675
29112400 29112403
29113087 29113091
29116409 29116412
29121814 29121815
29140280 29140281
29143780 29143782
29147333 29147334
29149406 29149408
29164031 29164032
29173132 29173134
29189755 29189756
29193375 8119885
29196071 29196072
29196361 29196363
29198140 29198142
29198183 29198184
29202639 29202640
29204920 29204923
29211603 29211604
29211811 29211812
29232583 29232584
29235045 29235046
29235049 29235051
29257035 29257037
29257194 29257195
29269661 29269662
542779 29269737
29275563 29275565
29279021 29279022
29305949 29305953
29323661 29323663
29332785 29332788
29344201 29344203
29353058 29353060
29375814 29375815
29394264 29394266
29394372 23323506
29482825 29482826
29484306 29484309
29488248 29488249
29504726 29504728
29504739 29504740
29504810 29504811
29511871 29511873
29517348 29517350
29520217 29520218
29527843 29527845
29531602 29531605
29533827 29533828
29535549 29535552
29538210 29538212
29538528 29538530
29539206 29539207
29545962 29545963
29547962 29547963
29554349 29554350
29561149 29561150
29561237 29561239
29563606 29563609
29566535 29566537
29573183 29573186
29579815 29579816
29580555 29580557
29611007 29611009
29612491 29612492
29612507 29612509
29612614 29612616
29614528 29614531
29614621 29614624
29616239 29616240
29620038 29620043
29620891 29620892
29623921 29623923
29647621 29647622
29661653 29661654
29663097 29663098
29668571 29668572
29783763 29783764
29816095 29816097
29884982 29884983
29887796 29887798
29888941 29888944
29889241 16940487
29891722 29891723
29896605 29896607
29896824 29896826
29897452 23344902
29897716 29897717
29898061 29898063
29921667 29921668
29927378 29927379
29927549 29927550
29927858 29927859
29929734 29929735
29931205 29931207
29931373 10007671
29931662 29931665
29931730 29931731
29932226 29932228
29937199 29937200
29938149 29938150
29938654 29938655
29938797 29938798
29938819 29938821
29938824 24962898
29939288 29939289
29942604 26412376
29950042 29950043
29956556 29956558
29959942 17025768
29968819 29968820
29972915 29972916
29976112 29976113
29989824 29989825
29990768 29990769
30003363 30003364
30007332 30007333
30007571 30007572
30010856 30010857
30015842 30015843
30016185 30016186
30048322 30048323
30058008 30058009
30061869 30061870
30072997 30072998
30073005 30073006
30073431 30073432
16581316 30083050
30090564 30090565
30096510 30096511
30173009 30173010
30174612 30174614
30175302 30175303
30180468 30180469
30180691 17254840
30180944 23847461
30188571 17248843
30201246 30201247
30201331 30201332
30201381 30201383
30201407 30201408
30201430 30201432
30201455 30201456
30201541 30201543
30201634 30201635
30201636 30201637
30201639 30201640
30201642 30201643
30201691 30201693
30201741 30201742
30202933 30202935
30217573 30217574
30240857 30240858
30243646 30243647
30254087 30254088
30256214 30256215
30259566 30259568
30266524 30266525
30267996 30267997
30278229 30278230
30279628 30279629
30309080 30309081
30317921 30317922
30319334 30319335
30320506 30320507
30321705 30321706
30339719 30339721
30380311 30380312
30415778 30415779
30454599 30454601
30485520 30485522
30485523 30485525
30586152 30586155
30724290 30724292
30777894 30777895
30818490 30818492
30822138 30822139
1170584 30822142
30822145 30822149
15567982 31241563
31253484 31253486
31263515 31263518
31270074 31270076
31277732 31277733
31278099 31278100
31278466 31278467
31282253 31282254
31282699 31282700
31282748 31282749
31283114 31283115
31288747 31288748
31288771 2463644
31288822 31288824
31289083 31289086
31289122 31289124
31289127 31289129
31289148 31289149
31289159 31289161
31289163 31289165
31296111 31296114
31310982 31310983
31332096 31332097
31374706 31374708
31397929 31397931
31417120 31417121
31417640 31417642
31578786 31578787
31580709 31580711
31582585 31582586
31769511 31769512
31776869 31776871
31782644 31782645
31804059 31804060
31828216 31828218
31867220 31867222
32003283 32003285
32035327 32035328
32109299 32109301
32151295 32151298
32417632 32417634
32422993 32422995
32423513 32423514
32998554 32998555
33004340 33004342
33095252 33095253
33124633 33124634
33643821 33643822
33698627 33698628
33861747 33861748
34558473 34558476
34565220 34565223
34591346 34591350
34592872 34592874
34649061 34649063
34650188 34650189
34659393 34659395
8821205 34689894
34695059 34695060
34699574 34699575
34733643 34733645
34749569 34749573
34751553 34751555
34767426 34767432
34769009 34769010
34769137 34769138
34769431 34769435
225176 34783332
22394249 34790440
34797503 34797505
34801102 34801103
34801126 34801128
34801129 34801130
34801239 34801240
34801908 34801909
34803369 34803370
34809366 10383481
34811617 34811618
34813331 34813333
34813908 34813909
34817078 34817079
34820077 34820079
34820620 34820621
21360040 34821196
22083042 34824276
34827828 34827829
34828699 34828701
34830620 34830628
34833352 34833353
34835916 34835917
34855740 34855741
34856365 34856373
16449194 34860171
22454819 34862527
34864362 34864363
10008521 34864524
34868561 34868564
34869186 34869188
34873198 34873203
34878134 34878138
34883584 34883590
34884557 34884558
34884874 34884876
34893538 34893540
34893606 34893608
34900332 34900336
34900678 34900680
34902702 34902703
34905649 34905651
34908766 34908768
34910203 34910205
34911389 34911392
34911404 34911405
34912880 34912882
34913503 34913505
8484394 34921356
9533187 34922211
34924845 34924846
34929532 34929534
34929716 34929718
34933996 34933998
34940893 22381614
34758217 34758215
34943744 34943745
34944500 34944501
34949110 34949114
34950541 34950542
34951722 34951725
34952101 34952104
34966140 34966142
34970468 34970469
34971256 34971257
34974292 34974293
34974558 34974560
34985305 34985307
34985758 34985760
34986369 34986371
13072423 34988320
34988610 17261441
34990037 34990040
34992719 34992720
34995097 34995099
34995741 34995742
34998456 34998457
15101079 35002298
35002556 35002559
35003069 35003072
35005774 35005776
35007285 35007289
35007463 35007465
35010095 35010098
1480036 29982229
35011959 35011962
35015484 35015488
35016887 35016889
35032636 35032639
35034337 35034338
35043532 35043533
35050869 35050871
35056649 35056652
35057865 35057866
24428284 35057867
35059341 35059342
35068323 35068325
35068888 2235156
35077445 35077449
35080681 35080684
35080743 35080746
35081362 35081363
35082258 35082260
35086153 35086154
35089698 35089700
35090612 35090614
35092587 35092589
35093116 35093120
35093984 35093986
35095669 23851703
35095832 35095834
35096043 35096044
35097650 35097652
35097974 35097975
35100610 35100612
35100764 35100765
35100896 35100898
35101377 35101380
18449912 35103423
35103517 35103519
35103867 1714954
35104113 35104116
35107751 35107753
35110169 35110175
35118322 35118324
35118633 35118636
35120558 35120561
35122321 35122324
35123324 35123326
35136647 35136648
35139811 35139814
35151425 35151426
35155466 35155467
35163787 35163789
35164092 35164097
35164098 35164099
35164111 35164112
35166152 35166154
35180283 35180285
35183116 2449303
35188007 23659623
16152588 2444219
35189352 35189353
35195353 35195354
35203314 35203316
35203592 35203594
35208750 35208752
35209999 35210000
35211658 35211660
28568085 35212653
35224166 35224168
35228325 35228331
35233183 35233184
35236873 35236874
35239152 35239154
35241246 35241250
30798502 35244772
35244880 35244881
35246310 35246311
35247725 23696225
35248746 35248749
35251432 35251435
35253348 35253351
35255787 35255792
35257026 35257028
35258336 35258338
35258356 35258357
35259142 35259144
35261154 35261156
35262669 35262671
35264218 35264219
35295998 35296000
35298862 35298865
35306486 35306488
35310722 35310723
35312908 35312910
35312911 35312912
35316017 35316019
35324105 35324107
35325074 35325076
35330080 35330082
35347084 35347085
35356725 35356728
35362314 35362316
35362564 35362566
35364300 35364302
35364843 35364844
35366214 35366216
35366288 35366290
35370964 1576825
35370978 35370980
35371802 2698189
35374800 35374802
35375094 35375096
35379637 35379638
35403349 35403352
35407046 35407048
35413840 35413843
35425742 35425745
35435634 35435636
35435640 35435641
35451277 35451279
35453435 35453438
35453616 35453618
35454188 35454192
35470052 35470055
35491243 35491244
35498495 35498497
35498648 35498649
35518554 35518555
35579923 35579925
35606516 35606517
35625875 35625876
35659416 35659418
35660869 35660870
35662067 35662070
35666682 35666684
35667209 35667210
35675805 9729893
35679656 35679657
35683784 35683786
35688236 35688238
35689049 35689051
35690681 35690682
35691817 23718073
35693883 35693884
35694582 30011479
35698772 35698773
35703691 35703692
35704234 35704236
35711326 35711327
35715433 35715434
35716687 35716689
35330377 35719754
35729153 35729156
35736865 35736866
1328223 35737702
35737717 23847721
35741768 35741770
35743099 35743101
35743210 35743211
35758635 35758637
35762199 35762200
35764584 35764585
35766373 34952694
10050486 35767873
35772857 35772859
35782152 35782157
35802157 35802159
35805466 35805468
35807870 35807872
35807990 35807992
35820981 35820984
35823773 35823775
35882787 35882788
35945811 35945812
35978947 35978949
36014815 36014817
36032137 36032138
36039663 36039664
36044800 36044802
36044803 36044804
36049115 36049118
36049433 36049435
36057330 36057332
36076837 36076839
36076988 36076990
36081838 36081840
36082454 36082455
36083615 36083616
36109543 36109545
36113775 9728287
36114438 29964981
36118776 36118777
36134337 36134339
36135009 36135010
36135966 36135967
36152013 36152014
36152037 36152038
36152089 36152091
36156556 36156557
36158248 36158249
36166929 36166930
36192257 36192258
36217093 36217094
36217128 36217129
36294385 36294386
36294938 36294939
36312641 35737733
36312803 36312804
36320297 35530830
36336736 36336737
36336745 36336746
36336788 36336789
36336903 36336904
36336906 36336908
36336919 36336921
36336935 36336937
17250026 36336999
36337020 36337021
36337089 36337091
36337141 36337142
36337262 36337263
36337282 36337284
36337316 36337317
36337367 36337368
36337465 36337466
36338575 36338577
33872934 36354187
36384153 36384154
36386172 36386175
36387065 36387066
36398919 36398923
36400435 36400436
36442279 36442280
36449675 36449676
36449678 36449680
36449743 36449744
36449756 36449757
36450798 36450799
36450812 36450814
36451616 2977665
36453855 23943919
36453859 830810
36505271 36505274
36543034 36543035
36543953 36543955
36544270 36544271
36547896 36547898
36569939 36569940
36810757 36810758
36886636 36886637
36908020 36908023
36928815 35893891
36928868 36928870
37102688 37102689
37104607 37104610
37162255 37162257
37354923 37354925
37366635 37366636
37372503 37372504
37374554 29938650
37377839 37377840
37377943 10831907
37377995 37377996
37378713 37378714
37379173 37379175
37379688 37379690
37381733 37381734
37381788 37381789
8901530 37383801
37383879 37383880
37383887 37383888
37384094 37384096
37384103 37384104
37384136 37384138
37385809 37385810
37432948 37432949
37438486 37438487
37446107 37446110
37463864 37463865
37465972 37465974
37653399 37653401
37729327 37729329
37729488 37729490
37855990 37855991
5108353 37872227
37906616 37906618
37907868 37907869
37908252 37908253
37930465 37930468
37937016 37937017
37947164 37947165
37949184 37949186
37954686 37954687
37954689 15602357
38061563 38061564
38091284 38091285
38109306 38109307
16046572 38109465
38114578 38114579
38215521 25191384
38230925 38230927
38471179 38471183
38475889 38475891
38483027 38483029
38690027 38690028
38879306 38879308
38980095 38980098
38987147 38987149
39033656 39033658
39145704 39145706
39189335 39189336
39646181 39646183
39676877 39676878
39686203 39686204
40541787 40541788
40546783 40546789
40552697 40552700
22006167 40571675
40586837 40586841
40597716 40597719
40640881 40640884
40646538 40646540
30369863 40676602
40682549 40682551
9018959 40704193
40740286 40740288
29662 40752011
40752261 40752265
40753276 40753279
40754648 40754651
40761606 40761608
40761652 40761654
40762118 40762120
40771270 40771275
869011 40775990
35488131 40777144
40778401 40778403
40779770 40779772
40780012 40780014
40783368 2895807
40784901 40784902
40785314 40785315
40785424 40785425
40785465 40785466
40794600 40794603
40794852 40794854
40795382 40795383
800916 40796922
40798585 40798589
40799349 40799350
40799480 36391066
40800509 40800510
40800756 40800757
40801285 40801286
929276 40801758
40803274 40803278
40805496 40805497
40805803 40805804
40814005 40814010
40814900 40814902
40816683 40816685
40818482 40818483
11042184 40838050
40849768 40849770
40850361 40850364
40852302 40852304
40853091 40853096
28465176 40864637
40865200 40865201
40865203 40865204
40885228 40885229
40885391 40885392
40890113 40890117
40890963 40890972
40892529 40892530
40894064 40894068
40895093 30187248
40900747 40900752
40901706 40901708
40902493 40902496
40903104 40903106
40906863 40906864
40909197 40909199
40910394 40910398
40910461 40910464
40910790 40910796
15643190 40915925
40920090 40920092
40925058 40925059
40925985 40925986
40927177 40927179
20420330 40927478
40930147 40930150
40939050 40939051
40946120 40946122
40949478 40949481
40960313 40960315
35737725 2698248
8719919 40986606
40986635 40986638
40793810 40986653
40989284 40989285
40989405 40989407
40989778 40989783
40990047 40990049
40991031 40991033
40991646 40991648
40993320 40993325
40994312 40994314
40995994 40995996
41000203 41000207
41000329 41000335
41000499 41000503
41000534 41000538
19723324 41000547
41000555 41000557
41010103 41010105
41018454 41018456
41018603 41018606
41021569 41021571
41031350 41031352
41035051 41035052
41042817 41042819
41050197 41050198
41052285 41052286
41055845 41055848
41057030 41057032
41057318 41057320
15738109 41057960
41060921 41060922
41061017 41061020
41061344 41061345
41063413 41063414
41067452 41067456
41068099 41068104
41071770 41071774
41074606 41074608
41075536 41075539
41076455 41076457
41077015 41077018
41077694 41077696
41080137 41080141
22868863 16204958
41083717 41083720
41084529 41084531
41084733 41084735
41088198 41088199
41090313 41090315
41094291 41094293
41096149 41096152
41096329 41096331
41098788 41098795
41100194 41100196
41100263 41100265
41100365 41100367
41103586 41103587
41103588 41103590
41135072 41135075
41139712 41139715
41151009 41151011
41155662 41155664
41157725 41157726
41160599 41160600
41178574 41178576
41181801 41181803
41187113 41187115
41187194 41187197
41187578 41187579
20403181 41192757
41196188 41196189
1990668 41210400
41210544 41210547
41214629 41214631
2083195 41224409
41225555 41225557
41227015 41227019
41229687 41229690
41230710 41230714
41231787 41231789
41232238 41232240
41235583 28766150
41235673 41235675
41239261 41239264
41240741 41240745
41244284 41244286
33861916 41245213
41264027 41264028
41273834 41273835
41331230 41331233
41331511 17239663
41331534 41331536
41333898 41333900
41335137 2697460
41339020 41339023
41350347 41350350
41352979 41352980
41367456 41367458
41412722 35842292
41420749 41420752
41421166 41421170
41463867 41463869
41502667 41502670
41505283 23593888
22526469 41510841
41518973 41518974
41562663 41562665
41604533 41604535
41606331 41606334
41614165 41614167
41626383 41626385
41626495 41626497
41626621 41626623
41629929 41629931
41649819 41649821
41649977 41649978
41652788 41652789
41655324 41655326
41657903 41657907
41661219 41661220
41664346 41664348
41669588 41669590
41670556 41670557
41676927 41676929
41678039 41678040
41682127 41682130
41686313 41686314
41689713 41689714
41695060 41695062
41695516 41695517
41695564 30172978
41695982 41695983
41697425 41697427
41702034 41702036
41713798 41713799
41722906 41722907
41724873 41724874
41726564 41726565
41729302 17350363
41729652 41729654
41731567 41731569
41732366 41732367
41744423 41744424
41746214 17396141
41747914 41747915
41750207 41750208
41756376 41756377
41759755 41759757
41767702 41767707
41769295 41769296
41773823 41773825
41773829 41773831
25530558 41774274
41777484 41777486
41780808 32434992
41780877 3008704
41787165 41787166
7102256 41787832
41804071 41804072
41930137 23225502
41960740 41960742
9937264 41973224
41982287 41982288
41983738 41983740
42001378 42001380
42012597 42012598
42020526 42020527
9501616 16984594
42024609 42024610
42025129 42025130
42025490 42025491
42027105 42027107
42028416 42028417
42029831 42029833
42031204 42031205
42031218 37488194
42031467 42031470
42031569 42031571
42048102 36099002
42056687 42056689
42059800 42059801
42063767 42063768
42068986 42068988
42071892 42071893
42077289 42077291
42077777 42077778
42081291 42081292
42081514 17050756
42088829 42088830
42091400 42091401
42096749 42096750
42096808 42096809
42103141 42103142
42103182 42103183
42135464 42135465
42143910 42143911
42151255 42151257
42238169 42238170
42250574 42250575
42253763 2082818
42259447 42259448
42281145 11539060
42281233 42281234
42281236 42281237
42281260 10378310
42281274 42281275
42281288 42281289
42281358 42281360
42281380 42281382
42281383 4090525
42281472 42281473
42281542 42281543
42281585 42281589
42281594 42281595
42281601 42281603
42281616 42281617
42283314 2085054
42296305 42296306
42360479 42360482
42362690 42362691
42376517 23982259
42389648 42389650
42391014 42391015
42391018 42391019
42391040 42391041
42391131 42391132
42391894 42391895
42394748 42394749
42394805 42394806
42399497 23410048
42400372 42400373
42402940 42402942
42844184 42844185
42851255 42851257
42851258 42851259
43015587 43015588
43023733 43023734
43122453 43122455
43175277 36152097
43238043 43238044
43264215 43264216
43269968 43269969
43270244 43270245
43274657 43274658
43283417 43283418
43292410 43292411
43292417 43292418
43292941 43292942
43293373 43293374
43296318 43296319
43296445 35849292
43299267 43299270
43302410 43302412
43302782 43302783
43302789 43302790
43302808 43302809
43302829 43302830
43302856 43302857
43302866 43302868
43303542 43303543
43304061 43304063
43341983 43341985
43342647 43342649
43383737 43383739
43383770 43383772
43405798 43405800
43423434 43423436
43424331 43424332
43424712 43424714
43638263 43638265
43646727 43646728
43671253 43671254
43703772 43703774
43720633 43720634
43773414 43773415
43773518 43773520
43783546 43783547
23639887 43801639
43805350 43805352
43815296 43815298
43815620 43815621
43863549 43863550
43967373 43967375
44010301 44010303
44014009 44014011
44026760 44026761
44115459 44115461
44345753 44345754
44522083 44522084
44522423 11718150
44539808 44539809
44882663 44882664
44897110 44897112
44910541 44910543
45005395 45005396
45036218 45036219
45043109 36489495
45505488 45505490
45511843 45511844
4912938 45684191
45693298 45693299
45704282 45704283
46320360 46320362
46380221 46380225
46387401 46387407
46405606 46405609
46407689 46407690
46411580 46411583
46439830 46439834
46473099 46473104
46479325 46479326
46497009 23876774
46519843 46519846
3392532 46529151
46553409 46553413
46562240 46562241
46572751 46572755
46573045 46573050
46573812 46573814
46574165 46574166
46588018 46588021
46599534 46599536
46600427 46600428
46604921 30380484
46605608 46605609
46605949 46605950
22887229 46609735
46610713 46610717
46613839 46613841
46615550 46615553
46617082 46617085
46621529 46621531
46625154 46625155
46627042 46627044
46627608 46627611
46628227 46628230
46629654 46629656
46631711 46631713
46631766 46631767
46636856 46636859
46637648 46637651
42281290 46654319
46656657 46656659
46656668 46656669
46658549 46658551
46659456 46659459
46659604 46659607
46659841 46659844
46660607 46660614
46660665 46660670
46661379 46661381
46661382 46661384
46668170 46668171
46668751 46668753
46674828 46674830
46678842 46678844
46685242 46685245
46695912 46695914
46697877 46697881
46699024 46699026
46700891 46700892
46705968 46705970
2524359 46711494
46711831 46711833
46712169 46712171
46714271 46714274
46714579 46714580
46717404 46717408
46717538 46717539
46717702 46717706
46718714 46718718
46719303 46719305
46726659 46726661
17825914 46727234
46728718 46728721
46729546 46729548
46732094 46732097
46732447 46732449
46732533 46732535
46742358 46742362
46743248 46743251
46746659 46746662
46751116 46751120
46755813 46755815
46757204 46757205
46761001 46761003
46763231 46763233
46777499 46777501
46778954 46778957
46781067 46781068
46782741 9628530
46784427 46784430
46792800 46792802
22074623 46792813
46793794 46793798
46794142 46794143
46795158 46795161
46795247 46795248
46798364 46798365
8843958 46798692
46798764 46798766
46799192 46799196
46800708 46800709
46801511 46801512
46802265 46802268
40492763 46802303
46802620 46802623
29730398 29730397
46803001 46803005
46804375 46804380
46804438 46804440
46807028 46807031
46807541 46807543
46811078 46811079
46811928 46811930
46813073 46813077
46819831 46819833
46822949 46822950
46831357 46831358
34744683 46835920
46835975 46835976
46840202 46840204
46843683 46843685
46848126 46848127
46848247 46848248
46857650 46857651
46861346 46861347
16069500 46861521
46864209 46864212
46864243 11025255
46864632 46864634
46866009 46866011
46868542 46868543
46875064 46875066
46877775 46877776
46880184 46880186
46880416 46880419
46880476 46880478
46880700 46880701
4166811 46881867
28559278 46884322
46885671 46885673
46885973 46885976
46886002 46886004
8543188 46890824
46895372 46895374
46902523 46902525
46908411 46908412
15193512 46914618
46921946 46921947
46940860 46940861
46942790 46942791
46950820 46950823
46951836 46951837
46958586 46958589
46958923 46958924
46961539 46961544
46964487 46964488
46964602 46964605
2850590 46972308
46977682 46977683
46977921 46977922
46978799 46978802
46984823 46984824
46985036 22546636
46985560 46985563
46986345 46986347
47005469 47005474
36193140 47006043
47007785 47007786
47012301 47012303
47012383 42167038
22366749 47013156
47015085 47015087
47017878 10227165
47018899 47018903
47026265 47026268
47026538 47026541
47026764 47026766
47027102 47027103
47027155 47027158
47028285 47028286
40749255 47030464
47030736 47030739
47031412 47031413
47032314 47032316
47032812 47032817
47034101 47034103
47034581 47034582
47035670 9454744
47036961 47036963
47037614 47037620
47041344 47041348
47044738 47044740
47060299 47060301
47066745 47066746
47071922 47071923
47075407 47075409
47082204 47082206
15642094 47083185
47094131 47094136
47094383 47094387
47123132 47123135
47125697 47125699
47128946 2664097
47132490 47132492
47135337 47135338
47150551 47150556
47151852 47151854
47153265 47153266
47158647 47158650
47163508 47163509
41404966 47166857
47170370 47170371
47180021 47180024
47180889 47180891
36493406 47199566
16565052 47204309
47207326 47207327
47217080 47217081
8817612 47233557
47259230 47259231
47301277 47301278
47306534 47306535
47313451 47313452
47314647 47314648
47317314 47317317
47378919 47378920
47399487 47399490
47400739 47400741
47404599 47404601
47404602 47404603
47412409 47412410
47414515 47414517
47436271 47436272
47438717 47438718
1988907 47439707
29257036 47446210
47449157 47449158
47454188 47454192
47457622 47457623
47466827 47466829
47468882 47468884
47479904 47479906
47480816 47480817
47485796 24970632
47486151 47486152
47487509 47487510
47491175 47491176
47501273 47501276
47514435 47514436
47514558 47514560
47515587 47515588
47526344 47526345
47532793 47532795
16533278 47533874
47534059 47534060
47534360 47534361
47535931 47535933
47554259 47554260
47559992 47559993
47560414 47560415
47566787 47566788
47567092 47567093
47569543 47569545
47575574 47575576
47575605 16108573
47619791 47619792
47728631 47728633
47778870 47778872
47781083 47781084
47781109 47781110
47795089 47795093
47800110 47800111
47804046 47804048
47804237 47804239
47804460 47804461
47804751 47804753
47811521 47811523
47818641 47818642
47825156 47825157
47837771 47837772
47842197 47842198
47842900 47842901
47844657 47844658
47850500 47850501
47857468 47857469
47859057 47859058
47860104 47860107
47872681 47872682
47872727 47872728
47874441 47874442
47874470 47874472
47880223 47880224
47923198 47923199
47923796 47923798
47928979 47928980
47932613 47932614
47937808 47937810
47959607 47959608
48011594 48011595
48019253 48019254
48025456 48025458
48027434 48027436
48027578 48027579
48027834 48027835
48041522 48041523
48043023 48043025
48043660 48043661
48046594 48046596
48053632 48053633
48053719 48053721
48053777 17437297
48053779 48053780
48053796 48053798
48053815 48053818
48053829 48053832
48053857 48053858
48053871 48053873
48053891 48053893
48053894 48053900
48053941 48053943
48054010 48054011
48054014 48054016
48054020 48054021
48054086 48054088
48054097 48054098
48054220 48054222
48068476 48068477
48071609 48071611
48088779 48088780
48100459 48100460
48110879 48110881
48132952 48132954
48145766 48145768
48159359 48159360
48159503 48159505
48160592 2090327
48162911 48162912
48174494 48174495
48305465 48305466
48305475 48305476
48305482 48305484
48490077 36073163
48491650 48491651
48492230 48492231
48493472 48493473
48565172 48565175
4117685 48591868
48604165 2702566
48604364 48604365
48712268 48712271
16046573 48718717
48758166 48758167
48768879 48768881
48769935 48769937
48973470 48973471
48982506 48982507
49018648 49018649
49032639 36198483
49034720 49034721
49036140 49036141
49036177 49036178
49036566 49036567
49036582 40893423
49037121 49037122
49037515 49037516
36908021 49038116
49040376 49040377
49040565 49040566
49046273 49046276
49046365 49046366
49046629 49046631
49046632 49046634
49046654 49046657
49046679 49046681
49046684 49046685
49046691 48029781
49048085 49048086
49086730 49086731
49086736 49086737
49087326 2916010
49104447 49104448
49104606 49104608
49164716 49164717
49404428 49404430
49476515 49476516
49540915 49540916
49561103 49561105
49582517 49582519
49582612 49582614
49586733 49586734
49644165 49644166
49670190 49670191
49679391 49679393
49752988 49752989
49834940 49834941
49841742 49841743
50043477 50043479
50044813 50044815
50046866 50046868
50049341 50049343
50049722 42343055
50054554 50054555
50060246 50060247
50528842 50528844
50668158 50668160
50689129 50689130
50694718 10066330
50727788 50727789
50965426 50965430
51193795 51193796
47877728 51236380
51355038 51355040
