543850 296570
597074 597086
597216 597227
597685 597697
598967 598976
599201 599209
600065 600080
600119 261446
600367 600393
600753 600762
600968 298210
601759 601775
602025 427660
603582 603592
604983 604998
605892 605901
606166 606175
606584 606596
607390 607401
607623 607629
608463 608487
609136 249033
609292 609306
609474 609483
610561 610580
610854 362396
675701 41194
720330 720342
721162 721169
721519 721530
721541 43649
1112174 655332
1313786 1313794
1439294 1439304
1481342 1481355
1573858 1175032
1678598 1615375
1777106 893289
1802901 1802914
1887461 631490
1940262 778443
1982122 1982128
1992938 1992944
1994546 1095940
2003289 2003297
2009815 2009821
2181512 2181518
2292697 2292703
2293590 378771
2298679 802370
2300942 1021667
2334247 2334256
2336488 3854
2376553 2376554
2382486 904759
2415702 753402
2429558 2429565
2436640 2436647
2456397 766027
2465598 965477
2511424 460041
2546753 2546756
2557282 676804
2573551 574402
2579028 1129940
2635847 2635856
2713054 435996
2726391 2726392
2727037 2148578
2727453 704007
2778483 2778486
2778771 515635
2795354 2795361
2819964 327575
2824607 2824612
2824788 2824795
2853675 2853679
2876786 682029
2915247 1030623
2917313 1463095
2917622 950553
2932927 1294313
2950803 2950807
2965287 2965291
2984710 2984715
2986569 1375925
2988112 711075
2988616 442363
2988719 1631813
2988726 737914
2991816 2991821
2992734 1532088
2995096 2995098
2996219 296572
3007100 3007108
3011019 3011022
3023582 3023584
3023587 3023589
3023592 616053
3038138 821547
3045150 3045157
3060067 18100
3060127 3060128
3306496 3306499
3308021 1454506
3468529 780553
3487617 304824
3487698 78145
3488209 3488211
3488427 59791
3490369 520650
3687808 842501
3721465 462835
3781938 11594
3792629 277732
3822645 3822647
4026230 783431
4038566 378216
4113942 275856
4114185 4114192
4114721 662397
4115088 4115089
4128360 4128366
4129211 4129215
4170525 443010
4170790 298982
4174593 4174594
4174595 270494
4174598 3499129
4174615 4174616
4174617 4174618
4174619 902431
4174620 4174621
4174622 320579
4174640 382989
4174662 891593
4174667 4174671
4174678 4174679
4174680 1330972
4174684 4174685
4174687 4174688
4174740 936099
4174747 4174750
4201269 584782
4213035 635197
4306532 388508
4461839 834101
4461955 276522
4465668 649058
4465786 9601
4554645 1777660
4601479 281062
4607194 234492
4695003 420869
4709000 4709004
4731246 4731247
4748611 813645
4748696 2057117
4750879 854371
4760484 264296
4767267 670428
4864942 625849
4890891 4890892
4912038 243688
4912165 225139
4912326 4070758
5013600 5013610
5055826 291289
5083468 20264
5208937 890447
5208952 51597
5208989 364871
5209015 1030423
5209044 5209048
5613824 415447
5680751 627405
5817458 2888
6293919 781039
6352727 612985
6424335 454995
6425654 361722
6548652 639052
6558235 1362651
6743808 605112
7355190 121157
8224358 8224363
803672 8357872
8556803 6015379
8556844 1989491
8557536 742661
8557598 471082
8557930 540088
8558188 1246191
8558298 1093386
8559140 286425
8559167 4734717
8559463 9554
8559986 674766
8560042 1091202
8560758 8560763
8560800 6189688
8563209 640867
8563278 8563283
8563318 324997
8563499 2885097
8563506 1012614
8563575 1295720
8563622 396212
8563637 253074
8563802 2583937
8564059 561157
8564202 8287563
8565898 947902
8566829 8362748
8592947 1302979
8618397 278353
8651774 6015197
8651797 2360584
8652374 8334729
8652479 8392002
8772018 845974
9087624 7973
9391687 8292153
9570226 695565
9576908 9162158
9658779 229774
9698087 9698089
9796611 219949
9847252 8512813
9941912 108452
9980758 61595
9994584 9994588
10005632 376491
10025817 764344
10041527 934823
10054279 10054283
10055056 230128
10068733 9000889
10072513 10072520
10083187 8940755
10111113 10111116
10131249 8512162
10132735 9906
10133850 965443
10134397 1620757
10150359 452324
10182800 217956
10183937 10183944
10189182 945685
10205691 705408
10245230 10245244
10266646 10266648
10276911 10276914
10332996 650224
10363979 500140
10393768 801138
10403168 10403169
10403458 1153211
10405917 10405920
10410804 1551029
10424828 4874822
10430875 1103332
10431694 8925341
10437290 6011344
10449654 926351
10455143 10455145
10455469 3503488
10467323 539274
10490558 10490562
10543390 8891
10550462 352373
10555093 550412
10555837 10555839
10570722 1468879
10824543 272436
10975946 404196
10980349 10980352
11090593 872098
11257473 1408894
11275292 1146406
11285242 1321015
11480620 1571834
11560316 158061
11560669 41224
11560834 11560836
11560981 11560983
11574990 143380
11575000 2564
11575009 4144049
11575193 6942178
11575680 6013956
11575745 258096
11606843 302613
11607051 534097
11616501 350437
11616503 4596499
11616508 6012953
11616515 6010886
11616518 819895
11616521 1272644
11616527 11616528
11616563 11616565
11616569 3816622
11616581 11616582
11616585 5083273
11616626 11616627
11616661 11616664
11616665 660340
11629489 1964786
11636420 282287
11640171 8649948
11654197 752691
11654635 275197
11655753 406472
11735697 4281400
11795150 217013
11875190 599931
11880705 110381
11884113 63231
11884175 843253
11885755 253691
12005701 363201
12030472 477972
12030490 320713
12102620 12102622
12132548 294808
12155190 1157512
12202611 49035
12220402 12824
12254666 9042606
12268600 704419
12289194 568359
12406955 1661090
12436321 277556
12438274 337284
12918422 572618
12941618 513585
13108424 96633
13154171 867856
13543790 228327
13560469 578337
13560470 68598
13644139 696444
13644158 357935
13644168 555655
13779073 87596
13997839 10093
14019558 1200832
14857494 684909
15301907 399840
15376788 418991
15413989 8322383
15501085 756798
15509870 1125694
15544392 26002
15552575 1731273
15565213 15565220
15585701 15585706
15622162 935627
15647894 1113209
15648206 15648209
15648438 15648447
15649063 15649068
15649212 9191447
15649703 231130
15650459 665738
15650561 169136
15651255 15651260
15651376 440598
15651718 6529957
15652097 15652100
15653528 15653531
15653694 196122
15653708 15653711
15653798 4832967
15654026 15654032
15654241 367872
15655178 1744967
15656226 720878
15666647 1187746
15703122 278039
15733663 9025671
15733774 643482
15733851 8622640
15734652 15734657
15734887 9661731
15734935 15734939
15735070 9315409
15766195 733262
15776951 15776954
16071985 169218
16491870 6014277
16542474 16542477
16543898 16543905
16648491 16169252
16649661 16649663
16686711 16457627
16764320 1788730
16840420 10369587
16840455 16840460
16907658 899510
16927930 16927936
16928526 14149061
15561776 13286530
16944482 753362
16959281 8656720
16964258 8502202
16981636 840394
17041644 260634
17044167 8574057
17107679 15281067
17108693 4877252
17110677 224307
17121858 749186
17138645 17138647
17236180 17236183
17295447 17295449
17297971 584481
17298911 17298914
17314698 1087794
17314800 666192
17321733 10511478
17326733 13549386
17358578 1966004
4629074 1436652
17381654 17381659
17385299 13465
17387212 866112
17395552 750809
17405174 6014059
17406637 615915
17409707 17409709
17438400 15487877
17465160 17465162
17465597 6951628
17468141 17468145
17468972 17468974
17477087 8494615
17486316 324047
17496614 724027
17500136 1643057
17504851 8615784
17526332 15299736
17529245 17529247
17536883 16820408
17554757 45887
17557473 15547638
17712906 142883
17730979 740636
17748540 125051
17751123 9081771
17805919 9769761
17902851 821675
17903162 929434
17903346 2051762
17903402 833709
17903591 576257
17927913 766679
17936970 532986
18055086 141546
18126123 1982557
18158182 8662023
18447268 1654087
8491603 18448559
18448665 159991
18448776 2905494
18448953 8870821
18449100 615155
18449198 65918
18449208 42848
18449273 622910
18449488 18449492
18449502 1203477
18449545 377289
18450118 8185723
18450450 18450453
18455287 161507
18460662 16015469
18460664 214996
18461209 210398
18461215 1964183
18461227 15264939
18466050 476634
18499624 6948067
18499626 538627
18499629 9366635
18499631 6998690
18499639 6999227
18499640 15496492
18499652 1026940
18499668 690779
18499699 15596833
18499748 164333
18499761 6331263
18529638 1275792
18530036 352861
18534337 1674995
18596987 8144011
18662798 839954
18760856 3943349
18858597 241460
18868253 280153
18868261 1144277
18868278 478989
18872926 504036
18897816 680968
18961118 18961121
18971835 8337113
18989375 1366036
18990246 396363
19010584 615746
19010620 283919
19010630 211438
19010639 877505
19054659 1191692
19071894 623735
19104742 19104744
19104842 137020
19112139 84652
19137539 46896
19384116 279554
19904861 1032630
20013311 101777
20257034 161871
20366449 543307
20372296 175195
20409023 567251
20502113 734515
21794492 177332
21996294 258898
22080398 8649692
22269514 1243923
22300144 6014179
9566449 6738743
22326569 1216168
22327276 15816586
22327531 6889291
22327874 71903
22328224 319242
22328230 42356
22329307 759980
22329593 528518
22330276 16284214
22330895 121964
22330972 738151
22332312 22332320
22332578 757651
22332704 1965993
22333523 8151635
22333643 234309
22333937 10326884
22334356 22334363
22334610 200003
22376028 719083
22376052 1447618
22376085 1079025
22376174 4116900
22376199 1661315
22376222 22376229
22381588 530022
22405086 669579
22405303 1224445
22405602 20084003
22440527 15854710
22482071 822174
695987 1286647
882672 22860550
22947869 895602
23130361 1032600
23131091 463276
23186500 1961446
23187829 23187831
23211167 8590785
23312891 70668
23321871 651534
23333291 8196959
23461814 674526
23536804 1635561
23537882 777872
23540437 269433
23540904 9632787
23583210 828540
23597837 8619607
23657346 127192
23660376 13264054
23694536 22365701
23711997 8824695
23737078 4608809
23738861 940290
23741097 1003737
23760509 56978
23764527 543431
23801206 1021375
23837222 891275
23866274 23866276
23877561 390795
23879751 22184814
23885545 653132
23885802 987572
23926137 768658
23931471 306039
23937164 22411573
23952292 756490
23953038 1688574
23954157 23954160
23954459 6015426
23961554 895015
23965910 13588330
23979300 447370
23996060 15504591
23999848 685972
24000741 444937
24003259 8574326
24028378 25816
24030708 1381767
24037132 5843771
24056766 1292751
24059296 257747
24066693 10151444
24077399 6938935
24078249 416424
24081093 675982
24081711 23688818
24082092 15392438
24083093 22749158
24085329 487043
24086145 1264496
24088113 24088114
24102490 763596
24110895 24110897
24123845 8963033
24124621 851057
24136844 20071135
24309460 756744
24314391 8611463
24463653 88647
24464035 1060953
24464427 1445221
24464504 1364983
24464751 16934001
24465777 1022608
24466768 398342
24517687 629016
24917961 312198
24928880 1055704
24929698 1339410
24989544 13287278
24990045 241574
24990166 20312404
24990523 303968
24990835 3294633
24991048 6952203
24991632 778517
24991874 14158740
24991885 1113957
24992044 20075381
24992870 15274623
25003105 1571568
25003662 1247825
25003724 273945
25041430 25041431
25041432 6945285
25041433 1167154
25041438 32912
25041442 509196
25041446 8358514
25041450 1274816
25041456 892695
25041462 3146106
25041465 6977227
25041470 6951786
25041473 1795884
25041478 14171407
25041484 6998529
25041499 8969051
25041512 15592998
25041537 6960254
25043133 451768
16222250 884386
25180292 25180294
25264469 3641967
25284957 78593
25285290 121519
25358793 25358796
25380694 290785
25387418 145680
25393125 158057
25393511 2212993
25448219 334160
25469992 367332
25482036 791908
25530346 184754
312887 5016660
25571501 430690
25652035 51654
25652065 977475
25780531 22877726
25787823 879763
25818636 395016
25883659 329611
25890402 1912758
26200903 1780361
26393265 289822
26520719 2976245
26782073 586199
26991970 744886
26991973 990418
26991977 84376
27102378 572108
27151164 999747
27188554 408793
27219478 611796
27255113 802536
28372960 320302
28572790 28572793
874640 631489
14901854 28713813
28713825 675622
2340365 2607779
28715354 1465649
28715745 607778
28716115 15657225
28717246 1021632
28717692 28717697
28718626 601397
28718668 28718671
28718675 440919
28718762 6016597
28718810 28718815
28718872 239452
28718927 10806703
28718979 1217279
28719069 693941
28719113 499584
28719220 8193951
28719447 541409
28719501 638949
28719552 535426
28719678 621712
28719697 1201064
28720103 28720115
28721532 13286049
28721946 439097
28721998 7300085
28763226 283173
28791228 6889726
28791622 2025722
28819166 17912054
28834310 3499067
28967006 22272835
28970674 4065826
29061939 15544432
29096226 1162412
29157433 29157436
29482102 750846
29588085 29588087
29595415 1106416
29656430 16151664
29656649 14500618
29661191 874527
29679484 465160
29727150 1963960
29768703 651065
29798340 873477
29799136 58169
29846464 1301319
29875381 807703
29881918 22332398
29895510 41222
29906589 1653630
29910989 8600322
29916207 21354
29917465 318940
29919862 1487559
29920075 15232391
29930444 15867607
29931071 563354
29937485 6946329
29960393 367877
29977926 8491629
29991682 593907
29997179 150143
29998070 26527638
30010080 857673
30037602 519116
30038123 15705502
30042332 8193561
30075005 1269879
30123479 20886428
30130174 20892907
30218373 644349
30241148 553295
30242285 159360
30242312 260521
30284657 30284661
30284806 870743
30317473 9160763
30347499 22931575
30349987 11017601
30355866 727179
30358520 358959
30358543 194534
30358602 562371
30359500 23001515
30370628 239404
30393662 23070145
30398874 631488
30405225 6011504
30418640 9326902
30429731 1539577
30666285 874992
30764062 1681352
16758836 674706
30953275 196164
31000025 953391
31248641 171322
31257993 400389
31279672 375912
31280156 615128
31280390 1021918
31280588 682870
31280789 1031868
31281499 261220
31281582 602244
31281740 22491622
31283065 13287712
31292903 50301
31293392 432187
31293430 1890437
31294872 22197624
31329199 22283880
31329236 31329238
31329242 323945
31329273 533271
31329315 31329317
31329332 9938112
31329360 17442182
31358188 1961853
31435890 59318
31561765 1028076
31564963 1298385
31568752 474441
31569193 1083789
31643826 224306
31649334 708728
31730569 31730573
31772986 988635
31776501 1085062
31790199 2172593
31849781 478282
31849825 383334
31850014 156481
31866769 7583
31888678 2482882
31909285 1046293
31909383 697709
31923639 60850
31928138 31928140
31928295 15300594
32039204 41223
13592782 303285
32153642 1301782
32442590 1177227
32611139 962520
32611454 3184817
32960514 159583
33006035 267509
33209816 160735
33430677 1187504
34216495 870302
34441292 2055295
34521583 703621
34578839 1383397
34578849 22998965
34659791 6013157
34659831 9436817
34711565 34711570
34875648 44748
34888947 1512292
34889711 24040659
34889733 406737
34890165 8446005
34890690 34436
34891468 34891473
34891547 34891549
34891562 160685
15653713 2856151
34891795 1024950
34892617 720387
34892784 34892787
34893889 1382179
34894027 22428196
34894107 806206
34894318 391257
34894332 581364
34894707 157023
34894738 286496
34894870 556457
34895811 1113695
34895934 522855
34896223 362525
34937668 22484187
34951182 8749282
34964240 34964243
34964273 9111864
34964286 34964291
34964590 97960
34964622 384389
34964704 1736747
34964725 28663349
34964772 1295876
34964890 32762609
34964919 34964922
17904488 4070089
34965367 34520256
34965414 20318617
34965427 2179536
34965522 15340078
34996010 6977249
35701864 1019355
35819341 15582594
35820879 1960512
35849260 13290030
35924211 1303003
35949753 8395135
36022699 8630881
36022706 658927
36022967 8512099
36023055 105441
36023813 1849832
36026622 832981
36027156 7690466
36038078 1254409
20426959 640903
36059480 593311
36063258 6977559
36080114 4109408
36083030 36083032
36092223 16947198
36093305 1158075
10371696 394042
36121797 898372
36132517 1955395
36149669 3786165
36179052 6977286
36179515 30585932
36181051 664942
36183037 20070872
36184158 36184163
36193772 32761480
36207326 15642641
36208730 6012961
36222305 18373600
36239264 13279293
36349808 42370
36375467 903657
36403218 36403222
36408030 10428599
36408473 22374379
36408664 26533556
36410205 684569
36410262 36410265
36421044 1541118
36423852 159916
36428064 760295
36431312 36431314
36433259 4741847
36443514 958088
36463727 15700865
36464618 22537422
36469071 729297
36475529 508516
36475535 36475541
36489602 676273
36499234 88352
36528688 302600
36531283 8388594
36532556 15393834
36532977 350736
36533624 324134
36533854 850431
36540217 729913
36542087 4869204
36545497 13265974
36554046 8125704
36555552 8775871
36702490 1278029
36733562 22127735
36735422 96458
36782602 159385
36872617 857457
36873515 8587018
36874614 33548144
36920885 254393
36924551 696330
37023101 1118
37097063 67426
37104301 28431733
37305902 583557
37307240 83238
37354343 2577583
37375600 330564
37376701 20072639
37377200 603318
37377260 291718
37378051 636772
37378166 8605208
37378655 8518894
37387681 1051930
37387745 363232
37388151 371349
37388186 1296911
37423100 20932436
37423102 551808
37423106 16068
37423112 1348298
37423113 34670336
37423120 332159
37423121 15967067
37423128 1388266
37423140 676530
37423159 1750427
37423188 30172220
37423203 372778
37423206 16283784
37423241 717842
37423243 6010785
37424598 421824
37429726 37429727
37452837 91174
37452884 100572
37463459 403541
2120997 285832
37526081 462656
37553230 6014096
37653124 1336307
37723892 354595
37743984 15731466
37754194 1185458
37754201 282573
37760348 384462
28715754 223271
37787057 295790
37833555 8587206
37844800 6461315
37860912 1403574
37871694 1668541
37877269 405416
37877323 210664
37890878 250177
37898457 442752
37929205 300590
37929224 18505
37929274 227959
37944802 929316
37944819 84698
37987082 1180479
37987129 635559
37987220 1764854
38005975 524681
38006110 65687
38122555 3605999
38215008 632140
38223906 449043
38666296 286350
38981364 350086
39031174 970243
39033167 1563381
39103273 1981801
39127663 366171
39228561 1683431
39382069 394054
38104014 493870
39382135 486713
40561970 15597937
40646790 8773383
40734332 40734340
40755230 15699241
40819137 8800667
40870001 124748
40870019 232859
40870261 8197894
40870419 6938727
40870530 326546
40871593 130698
40871730 40871734
40871799 857268
40871851 182775
40872314 655008
40872739 40872743
40873864 796407
40874333 130147
40874341 60413
40874486 414716
40874506 913464
40875143 15638082
40875417 13347236
40875811 727902
34895524 1174962
40876120 541236
40876645 453099
40877696 79526
40877854 3294245
40913304 665189
40916395 459885
40916655 8843235
40916696 15858796
40942347 32762867
40942542 38797744
40942621 15662315
40975554 654542
40988919 871253
41042329 2252
41109509 358516
41113531 407970
41184022 564819
41236704 568609
41408234 962741
41430112 1462727
41438749 860948
41595351 20184159
41610082 61045
41630903 10553
41681804 1398571
41753303 4144242
41768143 1149049
41772527 41772532
41805362 625391
41890824 1305329
41901851 15596946
41901859 240515
41901862 24073859
41901869 5060593
41901877 1235518
41930531 8484281
41972675 733625
41972976 28901153
41996046 680478
42007070 38487248
42022933 7101638
42028728 720535
42056679 223766
42056843 9962025
42067713 1488533
42067977 468921
42071250 814775
42078203 751153
42082594 981216
42084131 3564725
42091252 1572920
42091259 6012222
42091746 1200256
42127991 1917493
42132650 42132653
42145190 22342577
42145192 6963450
42169665 13290577
42211904 16284153
42229398 15505811
42230784 801208
42299796 10282335
42304364 16100276
42318637 8616620
42322821 16577867
26393176 22531755
42323686 779556
42327991 66437
42329146 1356150
42342050 6947081
42345316 988920
42349479 42349480
42349481 610928
42351375 42351377
42351413 42351416
42353022 13287649
42365291 131584
42376385 20072606
42386757 8124334
42394491 978264
42402782 32760719
42418193 4193610
42428511 24703144
42453509 537524
42461302 615943
42463380 1494465
42465300 13288732
42465309 26534444
42467387 15595868
42467680 13286804
42471477 28348052
42492109 34981338
42497604 2857452
42503841 8689595
42503891 963690
42506669 660876
42507333 968049
42519028 8571462
42524045 15803873
42629848 28359257
42652519 243508
42657481 325368
42662362 22808193
42795394 1159049
42796080 283701
42796415 8328898
42796899 8582186
42797826 660373
42822718 699223
42837265 909461
37429728 8767181
43023575 3027450
43032689 498820
43265757 751366
43266850 5225804
43271910 638435
43273025 18254
43294427 8502038
43294468 416544
43294474 9377045
43294495 8576465
43294676 695771
43294684 6057657
43295338 9408693
43295626 381634
43295899 6933303
43295949 1466515
720345 906103
43296977 8394588
43306373 217564
43306398 22277947
43306761 28756048
43341486 838643
43341488 755992
43341491 17901095
43341493 6999203
43341494 3783584
43341495 26531182
43341503 8512878
43341504 22851508
43341505 2534325
43341508 6998342
43341515 11360885
43341521 4063288
43341549 517035
43341557 20912739
43341562 891254
43341568 24947916
43341569 33548136
43341574 9780678
43341577 20069559
43341592 11284245
43341635 6011001
43341640 26787654
43341650 735000
43366630 312201
43366880 8692023
43371353 1328733
43440347 9662504
43442183 34195
43452317 639750
43469166 1031159
43491606 1100254
43565976 16163783
43567652 95340
43638231 704222
43672854 9662920
43688329 43198
43724324 1962993
43724371 226621
43744170 383584
43744193 251676
43755083 3789681
43799758 7852422
13921541 206505
43838224 93621
43853856 410473
43875605 727361
43883634 36540290
43895055 40901
43912556 13286313
43912599 398599
43959823 197590
44525709 413055
31909398 376131
44643735 28780346
44833622 254226
44894199 715665
44932133 424418
45004518 3893988
45082086 947228
45235932 416884
45287820 129687
45329766 976539
45682225 58584
46440120 528133
46473697 9377079
46498887 2607866
46523911 1354397
10833348 319047
46530519 40946097
46562153 698622
46636110 2125001
46688114 676934
46688171 8316323
46688354 19193437
46688640 46688646
46688704 923564
31291567 36882210
46689547 61752
46689602 798854
46690389 856088
46690418 114390
46690455 8579470
46690707 36197532
46690797 385089
46691347 1644730
46691449 1389801
46691944 46691948
46692245 2831857
46692366 356070
46692397 280750
46692615 793075
29238933 46694445
46695498 9154523
46732942 1560790
46757845 373343
46758259 677287
46758476 8653603
46758495 9083530
46758586 1289030
46758930 727343
46787049 668613
46789044 3509611
46931471 892728
46951801 611102
47006083 678720
47391739 58576
47474152 15924815
47508440 33530798
47521771 15611402
47526184 17620836
47534144 16151007
35045662 4032808
47684399 15247589
47684409 945659
47716185 6977284
47752729 428810
47753375 1213343
47783802 1214489
47803399 47803401
47828977 718059
47836350 430949
47867534 654901
47888081 671233
47888832 1408661
47898838 1196464
47906114 676683
47906766 15496064
47908721 699568
47919668 10324983
47993729 1212917
48085745 141226
48089733 809333
48089997 6177323
48116051 1322391
48116640 7333280
48122105 229420
48122256 1264924
48122318 41041600
48138792 8329963
48141544 10122026
48144746 15692340
48150930 492102
48164401 8510255
48167422 4187303
48184553 1294315
48189556 1212368
48197086 701334
48198477 6209003
48208130 17963434
48230670 1426706
48233116 672839
48233399 34921
48234282 1436953
48234804 754573
48237732 29206
48239640 244273
48272959 31361101
48301003 1359818
48391236 350270
48393889 672174
48416005 48416009
48551094 162151
35905098 34831781
48551690 1109136
48552299 615693
48552995 691313
48625664 411867
48732244 251072
48738793 699854
48767858 244861
49017577 256680
49039804 609845
49040147 5594459
49040768 24029767
49050276 5735697
49050319 702980
49050331 832992
49050355 82648
49050816 28568967
49083889 691532
49083892 6933359
49083893 6998493
49083902 20060898
49083905 15594969
49083906 1574503
49083909 6369253
49083914 3376630
49083962 22403789
49083963 28666746
49083978 10887261
49083995 528425
49084024 8502879
49084026 973311
49084038 23986077
49085389 845227
49095498 1176175
49113108 873189
49145010 652238
49170571 532086
49223422 595072
49280079 685701
49297150 236648
49301748 1170464
49304444 1389777
49313805 927824
49374608 387636
49376248 354274
49400489 14134097
49426303 454991
49431287 2819567
49455879 627812
49475872 468534
49524070 416088
49566588 78096
49582161 658893
28858808 39312
49641100 484971
49722698 381243
49731036 1596673
49756368 469399
49844036 560947
50066525 348486
50262626 608658
50608974 280853
50738351 465320
50769502 799807
38104013 32029
50978478 323832
