49028 49039
49643 49655
69337 69341
78075 78078
88260 88268
91246 91250
133403 133408
140428 140434
142907 142911
143053 143057
144835 144840
156865 156871
164195 164197
167050 167053
169215 169218
169541 76348
173178 173181
196340 196342
199681 199683
202553 202570
205528 205536
206677 206681
208666 208670
217595 217605
224554 181974
233261 233263
234050 234057
240466 102824
253902 253914
255617 255632
275799 275806
277994 277999
278716 278722
281782 281788
292623 292629
292763 184609
304574 304577
305212 305216
316459 316462
318334 318343
318841 149321
322050 49057
328297 121756
329608 329616
346046 346049
370895 315942
375376 124291
377342 377349
378259 378263
380195 278283
398725 69176
404931 104826
406281 406286
410155 410157
410476 62891
424789 420264
426145 426155
426409 426437
428060 48915
436555 436567
440460 440466
443049 403253
443541 97318
444624 444630
445484 445487
445557 445561
447802 377832
447816 314427
447963 447972
450364 119184
462836 462844
477545 26497
477880 52830
478644 208630
480823 29176
485587 485589
297607 115573
492555 492560
493136 340947
499109 467750
499578 475847
501962 135720
509851 190993
521462 381213
527604 16336
545102 218699
554442 34930
558119 318255
561086 195465
567678 239392
582374 582379
586728 162580
588144 588152
591137 112958
595522 330956
596113 173505
620104 620109
622352 622361
629448 620108
633272 414002
643867 643869
646979 564727
674498 45469
680070 159472
686521 686527
687560 687561
687729 687730
689158 235749
689249 689253
211158 40796
711940 669641
716433 716436
717630 717635
297606 724855
729488 720094
734585 244137
737312 737316
740067 402582
742238 290439
743229 49381
746300 230205
748724 29397
753809 739755
758423 758426
765510 48509
767324 343502
767521 398048
770117 175663
770142 371869
770585 414980
771714 771715
774962 774967
775836 526117
776277 776287
777033 516041
780962 447812
783241 494009
785578 247031
785812 489493
796686 405818
798828 62736
799348 309002
799927 13370
799951 7500
802763 84581
805071 316323
806319 621621
812140 182110
814734 814739
814838 814843
822120 297996
822138 358963
822785 536654
834306 834313
838930 288646
839357 839362
840178 840184
842983 304343
844437 647112
855399 855403
868275 254242
869966 869969
872661 45255
872818 710596
885533 885534
890828 248876
891583 135957
893940 191035
893972 427126
894074 265503
901228 901231
904246 149551
904445 108580
905707 283527
911342 83231
920678 436321
924207 293308
924500 232883
924870 107058
926569 258450
926942 137853
930748 930749
931321 531973
932079 240294
935075 61297
936923 60076
945887 945888
949696 267509
950077 540886
953257 455107
961658 961660
966309 966312
968683 394992
969628 264761
970108 236904
972816 956247
996284 625516
1006946 77172
1013629 955853
1018664 26056
1025873 11169
1028611 1028612
1031306 1031307
1034363 59196
1035280 1035281
1039298 768011
1054424 261069
1055832 40649
1069056 237495
1076204 1076209
1078226 388086
1079532 24021
1118662 207928
1129962 396857
1140730 303549
1150214 1150220
1151229 868529
1151478 436440
1151484 409866
1151852 1151855
1155600 116703
1159135 125977
1159467 339835
1160328 269460
1160931 271372
1161211 193402
1161482 586878
1161541 688254
1162870 919897
1163228 390418
1164070 169216
1165183 744052
1166073 1166076
1167548 604928
1168628 1168634
1172692 35141
1173270 638776
1173430 788857
1173606 322990
1174152 103944
483983 98247
1175202 725868
1177573 1177575
1179420 160860
1179977 20454
1180394 846475
1181095 643429
1181358 1159205
1185788 9451
1188189 453725
1188941 726389
1190237 380807
1190688 894166
1191236 1191237
1196049 1114663
1208371 296007
1215474 17870
1223429 1223431
1234270 35241
1240923 206559
1246912 1246916
1247268 526679
1247472 62522
1250718 1250724
1266533 906103
1267399 551194
1291913 429168
1306285 1199782
1336100 746138
1338908 661430
1343105 1343107
1347286 283896
1348383 440155
1351732 76827
1390146 1093272
1391020 442709
1397743 313913
1398302 875452
1401745 1118
1404459 96561
1410067 405416
1417128 951759
1427878 505305
1428362 205513
1439229 4910
1449521 48330
1449705 394685
1449741 776210
1455344 505040
1457118 747364
1457271 620990
1457276 1457279
1462343 1177604
1463741 229391
1464649 49556
1472873 856622
1473404 178541
1476138 80850
1476273 567248
1479707 801367
1480324 270455
1482208 146497
1482748 1115011
1483221 139981
1484015 100449
1484243 811864
1486099 128174
1488013 927501
1488505 152696
1489018 381094
1491443 484198
1518109 137275
1528902 205181
749822 680223
1543753 884974
1556759 187134
1561397 1561400
1563097 590330
1565336 236251
1575527 420005
1586645 776473
1589675 213714
1590096 681261
1590902 132675
1592786 129777
1593149 616204
1594075 637043
1594822 943515
1595003 452593
1597573 54383
1603700 918267
1607437 292193
1611967 876695
1613347 572501
1613515 79305
1615471 358826
1616838 210036
1617247 366629
1619079 1027589
1619863 171665
1619909 583541
1620296 413049
1624511 10670
1624669 179423
1624721 18650
1624724 244274
1625189 128166
1625206 1532043
1626358 1626361
1629529 246831
1629562 855336
1631756 60787
1640557 963936
1642026 758828
1642338 298617
1649375 814737
1651050 595031
1655456 109215
1658254 388790
1659731 830401
1660130 758205
1678471 1000719
1679184 42593
1680294 794885
1680409 618984
1680517 17659
1680719 250996
1680721 536928
1682756 1157072
1683264 554453
1683519 211351
1688783 264139
1693735 1282794
1700901 735240
1700907 230733
1701013 432222
1701067 655585
1704233 78151
1705255 166396
1705432 88345
1705513 966586
1708549 253802
1710283 58225
1714234 282287
1726825 75727
1731271 1731273
1731312 478350
1740737 169239
1747433 409239
1748939 557454
1765931 1395077
1769564 897102
1777427 474812
1795783 1019214
1810786 538198
1825160 80952
1829539 1135108
1835082 613488
1846819 276081
1851469 791759
1865287 838812
1875991 20361
1879592 1879593
1888960 83920
1903348 216525
1906438 65030
1917238 547452
1918391 318346
1919713 281742
1928048 32790
1952458 160741
1955338 230723
1966242 16425
1984981 358583
1985932 433067
1986226 56088
1990979 1990984
1991826 392233
1998131 442559
2005400 266947
2006267 466300
2006545 66433
2006606 202936
2007299 1578758
2023132 933260
2026139 62491
2026697 334271
2034009 358598
2038551 247987
2041882 505924
2043967 191764
2049212 24939
2057229 561050
2059878 103903
2060399 266041
2068455 658909
2069315 619097
2082405 605019
2082508 837319
2082991 483855
2083690 1303137
2083749 483739
2084040 2084041
2084188 459012
2084384 288805
2086010 171128
2086088 827056
2100094 52846
2103618 436880
2107280 486168
2109008 655741
2115227 944861
2115228 120254
2134996 148974
2135941 2135942
2136798 200863
2136799 195464
2149467 147131
2163529 1417703
2167609 276005
2188228 513887
2189192 653234
2198594 435837
2249004 1225081
2249515 660371
2250264 501452
2255564 482078
2262175 490799
2297556 433561
2307967 249172
2309149 1116500
2311025 381102
2312187 887741
2323853 704222
2327624 1039900
2329123 283507
2329143 1207021
2332934 236
2334442 246628
2336163 109572
2358797 1093530
2372418 574159
2382938 7583
2399516 64851
2399662 36090
2428011 504798
2432037 201074
2452429 283157
2458629 561875
2459198 181312
2462732 436507
2497157 361280
2523804 255017
2523956 225140
2543929 326830
2548743 583666
2568743 1956752
2589118 90588
2631649 1042211
2636748 329611
2647727 2647730
2676402 245019
2683845 36671
2685882 541758
2685946 175367
2687003 332860
2687879 527702
2702736 342023
2704058 1531835
2704570 1058935
2707065 1594179
2707344 112015
2707476 162409
2709055 22619
2713199 740562
2713528 408167
2728604 124052
2756217 42785
2756578 386227
2762721 934842
2768172 2625877
2789733 22888
2792830 813671
2793385 506420
2796727 34114
2825592 522896
2825598 264972
2827304 117814
2832424 405719
2841030 430717
2856047 427353
2861084 251175
2863522 338750
2870094 659984
2873893 48400
2893911 1031507
2894260 523347
2907961 1355668
2912571 1969929
2933108 389126
2933445 393660
2943918 1449840
2954546 1293834
2963412 436714
2968179 368572
3015837 511851
3032778 193311
3032794 11127
3048210 235120
3061767 1929325
3061827 383006
3062290 859250
824832 79452
3117685 324138
3131878 56187
3219255 1285657
3226842 1155329
3265088 623401
3266703 52518
3319229 914542
3407577 1244547
3416206 211976
3432110 1031818
3432450 114229
3432593 2811838
3433746 423482
3435596 354176
3436868 642438
3465547 67532
3467167 286353
3470046 3470049
3518483 404980
3518594 664563
3518663 428482
3518665 411274
3518721 3518722
3518739 135141
3518747 582715
3518749 635540
3518754 1377684
3518779 2688
3518782 728108
3518784 794661
3518787 1239728
3518824 93219
3518851 132649
3518853 218348
3518877 1231869
3518887 267348
3518914 389204
3518916 129228
3518917 1151700
3518919 350766
3518920 294529
3518923 603780
3518926 1780255
3518928 806296
3537148 39385
3785849 1566999
3855578 67081
4024304 83898
4040113 1956757
4041464 800568
4076765 1992658
4077354 22586
4112967 218341
4124911 82507
4136390 91183
4144594 486061
4144595 984325
4144600 824149
4144625 4471
4144636 596019
4144642 130332
4144657 157027
4144660 290958
4144668 312643
4144703 758490
4144714 216127
4144717 56525
4144732 4144734
4144741 919450
4144746 1031694
4144747 298367
4144753 1745425
4144756 672673
4144761 1366411
4144793 50274
4145796 187829
4152692 573476
4152845 1494310
4153015 141573
4155864 175712
4155984 657284
4156489 1266454
4157547 1806173
4157556 89829
4158205 268421
4158383 56423
4160832 331756
4160871 428910
4161206 1889071
4167873 307377
4167918 25816
4167946 884595
4176878 519116
4178211 659981
4180095 72409
4180403 228834
4188413 95104
4191165 409339
4194969 521338
4205078 512830
4217582 94644
4231371 552825
4258771 433417
4267083 122471
4272260 209227
4282511 214841
4282516 1971419
4305417 915355
4310603 2992758
4371012 1879255
4440931 1268806
4452998 263020
4559660 745846
4565556 167891
4585656 1404577
4585796 512700
4651723 658405
4701143 173063
4702249 768896
4826708 1214638
4833791 1229839
4898289 688392
4908239 777125
4913531 747654
4928820 3937571
5179148 135920
5225754 713312
5593537 328172
5683875 233648
5814222 659782
5874186 1624322
5876716 1598110
5971463 3223776
5999008 965688
6001206 120669
6259589 54123
6293605 458324
6305869 6305871
6309203 1055158
6363221 551228
6364890 18523
6413769 142406
6424672 915254
6508935 1803245
6748326 177967
6783952 1232237
6831460 1669041
6862958 1540553
6862966 264239
7033851 2961572
7489519 1904049
8053360 1074603
3183741 1368560
8175985 258008
8192030 6428
8198926 1049222
8216337 330581
8216741 1285648
8216798 62625
8240949 127924
8248337 71845
8249438 576520
8251228 1440254
8253615 1757699
8275432 212152
8277403 765719
734800 284886
8307420 392542
8315711 342110
8323013 245171
8323802 757076
8325586 2369785
2718718 655614
3440831 248112
8344513 735455
8337540 589167
8367030 1670279
8367797 410636
8368186 115849
8370248 1171719
8373252 61068
8388892 161206
8389079 1475358
8389177 1306182
710908 451673
8390469 475921
8391931 3852118
8397026 306498
8401001 268542
8401272 478409
5594095 708069
8412345 902065
8415593 1912913
8417572 1244579
8417880 1062040
8425549 122365
8426247 1016165
8427391 6528252
8427441 23836
8428640 942523
8431946 1239823
8433971 148519
8434429 224237
8435319 432375
8436364 3820215
2994690 646641
8438186 143141
8443120 1876771
8443610 3001
8444989 1384950
8445543 288618
8448186 305309
8449521 994152
8449859 367871
8462790 560643
8466217 66168
8467666 1150888
8469957 77813
8470445 1943268
8470988 2867055
8471162 947228
8472367 499007
8473617 218316
8481822 1306243
8481964 1523543
8486258 1340180
8486783 1239646
8488301 2150053
8491112 845849
8492225 217564
8494010 317774
8511949 671958
8514478 317780
8516475 934484
8517949 1038420
8522264 2724584
8522599 680554
8525638 1224323
8527337 480151
8528284 251665
8528306 387132
8533825 69833
8534900 689774
8536285 380898
8538103 26199
969382 194938
8540318 56839
8543382 185113
8547237 216907
8548481 445092
8550631 437448
8551726 224705
8551854 734494
8552006 439453
8564172 813743
8566231 531100
6716021 1205909
8584245 502790
8584260 1005307
8585303 768137
8587210 202430
8593669 1012124
8595636 686834
8595675 266998
259055 2026825
8597558 16614
8600331 334441
8603929 315
8604312 163642
8378172 26515
8610685 132671
8612898 314015
8614384 112747
8616737 515865
8617844 327313
8618785 25708
8622320 241574
8624230 1891998
8625674 527758
8626004 1421289
8626618 506174
8628456 121477
8631315 1042092
8634346 487430
8636405 826728
8640838 508790
8640980 242885
8642256 197685
8644935 2768
8645366 744035
8645437 283925
8647205 724854
8652448 319877
8657928 951499
8661807 358744
8664810 350506
8667916 161534
8670869 734788
8678942 22570
8679126 1206244
8679597 782349
8679660 79501
8679745 745848
8685541 285141
8686572 1602998
8686628 542458
8688663 156461
8690323 592712
8691967 1379825
8693231 965235
8695920 182226
8699737 373255
8700094 107232
8700765 1136908
8702954 394938
8703989 815513
8707158 1961939
8710006 348193
8710584 224932
8712854 1718383
8714600 228457
8715019 66662
8717713 1203480
8718746 735232
8719036 245790
8719042 1235072
8719940 328229
8722244 961527
8724746 857115
8726530 830848
8729348 457401
1644779 429824
8739386 2086540
8741698 671853
8743511 2711255
8743514 515539
8745553 2087118
8746871 425261
8747487 956713
8749750 712247
8750054 286592
8750709 198958
8760248 1592764
8767061 246472
8769133 253804
8770139 445853
8770183 22983
8770610 217197
8785303 730895
8786120 254532
8786228 1001034
8787127 808366
8787634 104260
8791832 556834
8794094 768140
8797565 119408
8800475 324677
8801307 328736
8803772 571593
8805745 1656913
1183489 260362
8808109 730283
8810196 1297281
1701747 1824961
8814459 254522
8814476 178452
8818912 512773
8819800 238831
8820298 1109213
8820688 46836
8821831 244131
8822116 1875605
8827601 67570
8829525 532419
8832750 979899
8834036 478274
8837978 135290
8841246 618202
8842166 75611
8844116 629372
8846651 86759
8854594 133704
8864690 2394637
8867480 227064
8867631 754107
8881436 2186320
8890606 219151
8895075 1065510
8897500 45896
8897540 1487934
8904027 295150
8905603 577249
8922268 384463
8933910 35520
8944135 1133459
8945952 231375
8947611 292197
8948800 535780
8950199 2574374
8987783 48284
8989576 315976
8991787 620018
8992190 89990
8992295 224309
8996219 774503
9000687 423755
9002876 4003537
9007934 214554
9008208 111989
9008398 665543
9008902 270360
9010572 1010389
9012645 280895
9013076 61127
9014352 207225
9014381 580856
9014414 294961
9014711 1756160
9015073 88492
9015414 60370
9015979 463175
9016415 325281
9017490 594666
9018054 3698539
9019904 352756
9021795 197149
9024491 1015750
9033515 9814
9034324 685342
9034342 1283728
9036297 705954
9039483 295568
9042925 182640
9047296 616748
9051093 289561
9051927 494053
9056753 136367
9068683 382986
9069067 202504
9072810 306983
9086474 62802
9090687 25608
9094794 1827810
9101724 322594
9103336 269433
9111522 781695
8936375 202005
9129188 275434
9150311 243643
9153139 66459
9160037 162914
9162334 118110
9170895 979627
9171056 608619
9171137 835911
9178075 969933
9181186 488838
9184227 584136
9193427 354838
9203338 1250344
9203844 522278
9206533 2619481
9210587 115930
9213497 253901
9214718 470285
9221420 660213
9233093 211543
9235828 389344
9237031 275134
9237034 179629
9239622 246200
9242657 686829
9242760 266793
9244142 940290
9245114 151649
9245246 433797
9245757 158138
9247494 133545
9249035 783716
9256423 74287
9257304 2860163
9258050 272252
9258934 1335733
9259372 224702
9261158 321652
9261424 244878
9261507 285098
9261562 185673
9261599 1114047
9261616 1481459
9261866 254624
9262144 1160698
9268360 2858905
9269449 817580
9272370 173694
9273247 405761
9273249 1096128
9284545 524671
9301515 479554
9302128 1074207
9305564 227341
9325297 328241
9350593 1031094
9357661 974560
9367873 354267
9368376 297445
9371731 291145
9374213 351827
9374560 228214
9374691 193538
9374830 1406009
9378434 647178
9378904 388509
9379040 82093
9379953 285531
9380872 1035474
9381017 356188
9383544 50000
9384501 630904
8372648 381640
9384696 355203
9384728 589019
9384759 63089
9386945 106572
9389153 843400
9391342 867219
9397282 397588
9400095 45757
9400353 597479
9404423 352088
9407589 101304
9408493 899087
9412282 189528
9413282 751241
9417153 48273
9428422 1167795
9429179 322730
9430316 175609
9430545 802744
9432033 995345
9432683 123709
9434348 359405
9437386 512116
9437951 544414
9438411 161853
9438769 493211
9439501 320863
9439676 3544360
8247854 1540981
9447519 666166
9447568 439662
9449793 959808
9450823 3187382
9451268 49851
9452794 436113
9455959 111430
9458334 974923
9459947 350530
9463789 1034455
9480255 61969
9485608 82639
9491836 498307
9501577 669975
9516608 60619
9517122 2613838
9524299 557222
9532292 248581
9533205 83444
9534091 4656
9541711 163291
9545694 336041
9552870 339318
9553487 638956
9557126 556504
9565865 556555
9570626 27718
9588273 525830
9618002 367998
9624624 554496
9649326 491259
9654916 167482
9662111 308571
9667085 124771
9671210 229627
9676541 374529
9681512 2958964
9682484 195910
9682611 127506
9683521 1210510
9684756 238369
9692947 170157
9698120 255461
9705220 465933
9705512 1080122
9706280 274220
9713226 872101
9714530 1235540
9714538 791327
9714553 1082238
9715382 865805
4123012 180906
9722514 118596
9722788 473495
9733783 1443122
9735022 306090
9735684 446258
9738734 45966
9750372 833059
9757136 183922
9760365 239077
9762208 455401
9763626 1000854
9763975 68298
9764219 90402
9764222 228164
9764399 1537382
9768003 56421
9768951 140431
9772519 22012
9774335 1058726
9775066 1361573
9776241 756287
9776261 282980
9776264 120320
9777108 345427
9779562 1050729
9782472 50165
9784915 382363
9786091 826181
9786698 747951
9792954 263616
9794409 736116
9796357 298147
9798855 1910823
9799543 63100
9802388 304626
9805590 57722
9808746 307179
9809302 350954
9810401 2614975
9810589 470301
9810590 420649
9812042 460645
9836141 2509512
9839444 166385
9845109 1110032
9850127 1070889
9857848 478631
9871377 731388
9872748 1427166
9897600 60210
9902712 1063222
9906240 1892576
9917401 1297424
9952840 319251
9959697 1567472
9973958 374586
9978489 337388
9980080 576755
9980227 916500
9985743 2083723
9994879 755777
10012014 2730026
10021111 790606
10034439 218751
10035131 678469
10036777 253181
10054512 254356
10078609 1424916
10094416 434487
10096902 1058734
10104339 324550
10114153 2852934
10131676 126907
10131685 7186
10132433 467683
10176316 223948
10177802 691175
10188675 147125
10210247 1368615
10247664 483478
10253835 525310
10256271 803686
10258630 863275
10260470 494046
10260635 930042
10266853 1518763
10281645 615826
10282343 5721
10284423 214958
10288508 126785
10299291 564730
10300073 2285
10302579 2412847
10302625 166844
10307216 380955
10323089 353638
10324772 46819
10325232 1681258
10344713 223438
10352706 790461
10382992 873684
10387432 141731
10394219 1670874
10396103 3219092
10406616 715740
10407977 95078
10417054 2820568
10417909 1691713
10424146 191765
10424168 542160
10429766 266027
10431075 867782
10431243 555301
10433901 542496
10443594 97697
10445386 941008
10463427 67427
10466769 1032369
10467279 135401
10482445 412119
2704571 997599
10488194 1022826
10501774 180382
8604318 252435
10570359 124278
10590580 261185
10590582 88530
10618872 208552
10620882 923430
10649273 120663
10679271 143465
10691160 58872
10691763 101459
10694236 186410
10737551 441630
8479014 364562
10747212 11096
10748114 68323
10752245 99242
10752258 202933
10754838 729197
10757044 651111
10757898 841328
10782657 209550
10790433 527019
10815241 162613
10900014 178808
10918428 260616
10922873 953974
10923310 945685
10923316 32029
10923341 172806
10924492 43182
10935264 165717
10935386 375608
10936567 1563381
10936749 554807
10936878 686862
6892739 813307
10937220 108436
10937355 711179
10937551 419381
10938261 96322
10938268 88926
10940727 611954
10941006 130698
10941795 484398
10941801 163697
10941866 5199099
10967480 18779
11013288 263408
11015124 864350
11015140 283985
11015147 3399065
5611147 1745386
11015243 250137
11015257 4539850
11015290 524971
11015294 122442
11015310 886007
11015338 131597
11015339 419882
11015354 618579
11015366 210035
11015399 887190
11015413 468623
11015426 1089981
11015437 8611172
11015457 403659
11015466 504982
11015469 32065
11015481 526262
11015484 876598
11015511 1710284
11015524 309147
11161982 1382752
11187892 916630
11214924 1073319
11226180 1419205
11232717 1779785
11254323 2203265
11257055 125520
11258397 427122
11271405 1353413
11341475 780360
11483839 11044
11519170 952698
11526242 113276
11560746 64729
11588908 148732
11588943 353148
11588950 1093356
11588952 1202665
11589002 1278990
11589036 22811
11589038 1492040
11589058 316191
11589119 190674
11589123 525045
11589144 3939164
11589169 364347
11589173 779452
11590489 608901
11590959 337148
11596667 1094849
11596869 305773
11600299 314707
11601940 163931
11603819 26661
11603881 260366
11603899 581255
11604613 8440
11605831 388007
11606226 216107
11617244 221813
11618501 322011
11619666 935029
11620181 956096
11620950 237739
11621427 463112
11622482 148423
11622542 233516
11633391 738377
11637014 283282
11638547 39276
11638562 2321785
11643686 129892
11729673 330138
11796298 1079462
12009629 540319
12119526 1840159
12130966 920271
12161385 828417
12179261 1485123
12186962 1642507
12186982 1626360
12288527 685789
12398040 721831
12413239 2255591
12895862 2669174
12997898 344895
13043384 85622
13140911 2777303
13253505 1041234
13262354 366621
13491322 72141
13641644 1174859
13695325 1885247
14052291 350797
14072636 601061
4898292 640330
14228109 582533
14846629 8758174
15135466 18741
15173175 748008
4704039 334491
12462576 84283
15245835 268603
15311751 1397682
15314455 266861
15321838 169180
15328393 491475
15331761 387899
15335355 32778
15338453 1256011
15346228 628323
15367022 1606216
15380204 709903
15380468 878810
15382106 1095537
15382352 191665
15395366 48442
15400128 330786
15419480 256061
15422472 68983
15422474 254430
15430861 612589
15432389 109588
1550201 483117
15444432 1072559
15444885 317582
15445625 1787166
15449651 1545901
15454535 269009
15456290 213571
15457326 2115873
15467426 126048
15469409 525286
15479214 302127
15504553 3462743
15510128 2013756
15511547 240995
15515945 543417
15519476 477311
15520403 526963
15520417 355240
15523728 248720
15526253 859374
12462616 128587
15530450 710199
15532050 134055
15533331 686857
15535833 101901
15537269 2071883
15539196 711843
15539208 74461
15539857 380397
15542872 269544
15545880 289635
15546978 807821
15557771 279428
15559608 45528
15562920 918847
15564492 157104
15565104 274155
15565396 373973
15574168 210994
15577512 688457
15581723 213069
15584679 57410
15588458 196738
15590048 227607
15590602 468508
15607479 621964
15608704 153709
15612198 707053
15619150 252407
15619453 97429
15621454 260860
15630875 552204
15634755 308757
15635420 569142
15637486 873613
15641016 581310
15643069 16914
15644338 345555
15645502 557280
15645727 331363
15660389 1229189
15666212 1143319
15667441 57962
15667649 1559169
15672413 1120894
15673045 378841
15676363 542515
15677538 936125
15677671 1672897
15679864 869513
814079 2412681
15685291 212133
15685782 342940
15688435 202099
15689607 1925373
15690691 1515909
15691477 257351
15695339 103978
15700016 959327
15700447 86918
15707029 669958
15713896 1036096
15715954 795381
15715968 251993
15719454 293122
15720826 176657
15722603 440552
15722715 1622146
15724949 190587
15727580 2596235
15729240 213669
15729862 175898
15729883 1435108
15732576 1258801
15733059 30969
15735375 1587486
15741543 253074
15745876 85765
15747306 22238
15752643 1471757
15753348 926996
15755530 929637
15757924 249629
15760967 771853
15761758 340407
15762875 31302
15763967 29291
15765052 1049043
15767470 1010571
15767970 212534
15768772 966232
15770421 1069159
15772650 328724
15775885 76728
15776625 2003408
15787141 98392
15789826 3725319
15790140 333702
15790830 312193
15793700 178556
15794069 1055545
15794356 1442875
15794603 273631
15795729 135480
15804126 45752
15804455 577558
15807044 309784
15807159 675019
15811347 177965
15811475 1238924
15813972 1022574
15814212 2621953
15817615 850050
15821232 201654
15832976 957
15839779 407248
15842310 472122
15842579 675711
15842668 442752
15846259 837088
15852963 1048061
15853105 482201
15855774 41901
15856031 298753
15856964 709770
15857339 146266
15857364 666108
15860044 478969
15868246 839219
15868494 951626
15868532 689688
15868577 321598
15868622 605054
15870014 826491
15870140 193268
15872684 169845
15877546 121888
15878443 372770
15881423 902703
15886103 195238
15887262 423652
15887369 627962
15888628 54476
15889606 569963
15890468 616250
15892491 1494096
15892546 711373
15894402 177258
15894704 611999
15895962 266787
15904907 398
15907044 278967
15907720 1071683
15907827 376057
15909791 962385
15911051 759800
15912857 204325
15917874 117120
15926058 979731
15928859 362393
15930356 792772
15934311 1846786
15935182 269105
15939111 334785
15942390 1049916
15943293 127046
15955743 59317
15962006 4406807
15964836 516366
15966930 833745
15978121 325982
15980913 229404
15987570 358552
15988949 1281483
15990029 1575077
15990265 813585
16008714 652239
16020035 507513
16025246 252709
16026811 1104987
16032024 313893
16039967 541635
16046088 987646
16052719 401444
16053102 2141447
16056810 547277
16058257 401673
16060915 253422
16061899 431769
16062646 453055
16063556 133271
16066341 614118
16067395 1891606
16067773 380583
16067778 603539
16070683 362392
16075576 467394
16076051 206452
16076142 494600
2611751 97539
16078800 316310
16080939 344126
16081057 443907
16082772 439265
16100113 750481
16108525 74682
16119892 927747
16132723 6387
16136474 108220
16159153 127781
16166192 214533
16166690 628305
16169130 282500
16175102 422528
16175162 905569
16183067 93549
16187892 336793
16188645 1502176
16204568 195985
16204814 281406
16206995 1339255
16208597 563015
16218235 623046
16219661 60240
16225174 674061
16226134 314472
16229318 236020
16229428 491526
16243210 453678
16244236 120298
16247842 1305883
16257757 4036998
16258658 62890
16266425 776371
16270210 138148
16272785 1086988
16274078 646506
16275671 92101
16275904 244861
16276004 1657940
16276309 481464
16277495 744341
16277735 1290337
16277981 413303
16280634 492102
16280896 210538
16282427 92840
16282792 1009434
16284569 933388
16285795 305131
16285965 138945
16286469 558805
16291247 1031159
16292906 2964127
16295961 1086116
16296210 634907
16296419 141688
16296543 494014
16296547 435178
16296624 490657
16296627 252043
16296706 57922
16296770 479008
16296786 255897
16298969 8925
16300655 423725
16304815 1297354
16306015 4635033
16306256 211949
16306408 289990
16307824 262356
16308991 511260
16311341 600353
16328383 223157
16329941 443002
16336415 79513
16339430 723908
16349870 200820
9267496 1420414
16358676 172140
16361333 38646
16365349 1369700
16368954 1009720
16369826 413253
16370651 236744
16371636 191848
16375575 467591
16379286 22448
16382950 326611
16388714 58474
16389942 261856
16395517 293318
16395624 999123
16395836 354274
16400359 856256
16401094 610544
16404043 926015
16405421 318537
16405627 1827376
16406105 262857
16407235 390467
16408854 901577
16410598 11157
16410635 447950
16410652 478702
16410681 33653
16411078 969759
16413996 422092
16417641 568083
16422363 41530
16422397 862224
16423820 115926
16429555 206002
16430278 1026944
16432254 246207
16432665 2458251
16433972 531075
16446533 928364
16449937 625391
16452781 432299
16452966 397836
16454027 73700
16457528 544662
16458839 622628
16459467 48548
16460053 823880
16464171 214081
16464398 106930
16464473 277980
16467402 1201059
16472482 429062
16474727 60611
16476724 269094
16483088 49890
16483344 246259
16483457 167789
16485511 250796
16489548 553732
16498278 255221
16514827 1094076
16518163 1093141
16519951 187145
16549312 757014
16555627 562559
16558333 832571
16570309 610896
16572084 371920
16572839 45877
16577763 1113695
16579252 172066
16601176 278681
16602236 135484
16603645 187059
16605804 155021
16610639 548193
16623737 227293
16632224 1458682
16636714 353489
16644568 5202
16652926 753933
16655290 368163
16659215 125035
16662758 97319
16671049 1037417
16673750 626114
16673767 565223
16675302 1012086
16676603 260633
16679960 2468977
16686446 18471
16688750 1593121
16689360 469883
16698735 627578
16704488 666013
16709620 1716971
16713729 1198193
16718214 755570
16718295 245928
16718902 320643
16718903 35135
16719533 31769
16720625 686644
16722281 262337
16726365 1287674
16729760 382827
16732735 223677
16745011 186135
16748939 240423
16749138 460482
16749489 10597
16750089 1055150
5082856 1666302
16762943 1869496
16763584 68837
16763674 112192
16763950 3219408
16763958 294638
16764089 500950
16764578 529163
16765106 35413
16765133 647744
16766385 83651
16766662 1864569
16772289 1068269
16772667 1473695
16780062 495453
16780758 2336306
16782195 82262
16789377 226205
16792507 118559
16792842 810544
16795042 225455
16795735 558700
16799698 89095
16804797 378693
16805486 295152
16807021 602119
16807378 1329489
16807631 117107
16807644 480906
16807654 67405
16813895 114690
16819364 141481
16819466 136377
16828086 2617784
16833718 2388443
16835981 118011
16845605 1540207
16865244 718218
16883957 150693
16892888 317675
16919306 878840
16929868 442413
16933355 315668
16933807 2458869
16939957 172141
16940695 763082
16940810 1122715
16941858 60385
16942409 159035
16944727 60009
16950692 731311
16950764 2013761
16950785 43715
16956822 241003
16956831 799807
16979258 4274386
16985717 585784
16991069 1244885
17019965 374884
17022286 353490
17029443 2687091
17046645 679979
17049991 637231
17053195 50312
17056461 262607
17079090 318897
17084238 565859
17087458 1980360
17087715 228775
17088473 245629
17092762 114290
17103470 1925484
17104060 718802
17106212 295140
17112674 217013
17112709 365107
17113983 246822
17133178 1103795
17230223 103568
17236834 534777
17258675 769143
17262889 370578
17263049 1675168
17265650 131794
17265652 752309
17286056 733095
17304349 480031
17334351 1950700
17349030 928548
17359178 1553473
17364950 941337
17393574 467243
17397510 294277
17428246 1459885
17428561 255301
17431690 395635
17447794 1955355
17451749 388668
17528689 241742
17528777 666287
17559991 8851698
349349 277055
17562581 456151
17632347 592868
17667775 36297
17668628 49425
17670275 651291
17670350 115741
17672905 484621
17682080 428279
17683597 335524
17709164 350994
17716714 131017
17716749 584647
17733123 1083620
17835336 107742
17840160 271273
17852000 1915846
17853036 94441
17853225 515900
17853782 67252
17853888 1324841
17854077 413196
17854078 429337
17854165 968776
17854528 937605
17854680 1964678
17854943 1543662
17855687 1797894
17855708 189375
17856400 315054
17856402 360455
17856736 363565
17857474 1507231
17859009 566026
17859807 9470
17880341 97080
17916919 687707
17917795 400775
17927936 614467
17927994 545261
17928015 1093622
17928016 985792
17928020 231701
17928021 779962
17928025 588798
17928023 580854
17928029 275078
17928031 273117
17928038 517009
17928041 470829
17928054 125927
17928056 428500
17928077 62200
17928084 761797
17928085 726808
17928097 690192
17928136 231671
17928142 1144527
17928146 862579
17928192 1552567
17928209 377165
17928222 430960
17928246 342722
17928259 375553
17958594 280458
18168336 323977
18181182 564335
18381274 63075
18387944 544137
18400375 142618
18406185 1514271
18415958 1031099
18423732 1998321
18454502 257149
18457637 1431832
18458231 537942
18468728 1989302
18474050 449313
18474052 2440
18474088 175880
18474101 1790629
18474138 108131
18474149 291648
18474165 4291903
18474173 605785
18474177 114223
18474189 3889139
18475885 432760
18480494 1291985
18484835 68335
18485229 462915
18485385 110987
18485400 779242
18485544 1264582
18486395 775501
18487941 264197
18488256 15394
18489616 280964
18489769 47072
18490114 1099174
18490160 49128
18490188 689406
18494216 341748
18501767 211622
18502796 1716612
18502797 727287
18503183 61425
18503262 462702
18504861 899231
18505437 21309
18518026 1126172
18542603 329745
18547430 1208437
18550453 283913
18573839 330122
18574019 494192
18584195 250790
18584497 4054310
18587547 55893
18594310 804712
18594333 863252
18703654 437051
18747117 1502407
18754353 80264
18754585 452576
18754587 495088
18760876 616955
18763942 5969
18850053 120362
18858594 99326
18866759 610608
18922402 129055
19062680 273382
19064779 353316
19127016 2131250
19190127 374055
19252755 2948917
19252769 187128
19253125 1055074
19382769 493496
19702641 106047
19702708 876786
19923339 25456
20265099 2310212
20267072 421964
20306695 590714
20321843 1552012
20336840 46252
20406431 429021
20428742 875780
20535841 440423
20748289 934131
20800712 647244
20806321 719661
20817423 624516
20872433 1378674
20921240 303973
21013973 201585
21214066 887982
21409927 8434624
21944166 875225
21977061 1163505
8338388 214036
22009157 846380
22009306 570464
22013127 266610
22014086 302945
22016087 348607
22021980 729383
22023585 449798
22046371 182213
22047160 227595
22050173 679446
22054700 1728659
22056316 179820
22064158 199333
22068772 663787
8119614 458296
22078536 212931
22088997 97315
22090049 1291148
22114727 200833
22116302 172314
22120286 700674
22121293 1072726
22123989 33783
22128431 290560
22128978 224070
22136609 307915
22136791 261993
22137736 60178
22141472 280463
22148401 224221
22154239 18748
22156771 408911
1112225 2008336
22159239 602069
22177088 210420
22185665 240193
22188694 743328
22189946 15648
9611400 441435
22208133 1093264
22208142 571388
8338770 148429
22209514 404216
22210370 588794
22216889 1025914
6716019 45971
22220433 13394
22222546 1093511
22223174 427926
22223303 483063
22223369 661425
22225715 48350
22231430 1966286
22233292 639506
22236429 633031
22241116 75859
22241816 549663
16866221 133491
22242815 2972
22246388 386444
22246584 82240
22250467 299776
22252126 48408
22252460 455623
22255989 271780
22256379 1278412
22257658 738862
22257666 40726
22259958 1237078
22262512 1961853
22262874 57266
22264663 107340
22265000 478279
22266655 160067
17149610 1057016
22268842 284447
22271099 43855
22272091 1158010
500491 474705
22288026 644877
22288482 767840
22296047 284127
22297712 272548
22297784 347384
22299915 85853
22303120 794994
15255649 226911
22308173 514175
22312711 42295
22312884 1388387
22314719 387233
22314999 71985
22318580 34897
22319436 505258
22320193 333064
22320224 469399
22320703 4920
22325523 837619
22329116 411116
22330391 379305
22331112 669921
22337439 1203002
22338544 151114
22341942 970177
22343015 3524751
22343554 156453
22343765 815185
22344552 50645
22346087 24540
22346283 1599123
22347198 152256
22349405 110616
22356827 1567418
22358470 400354
22360218 456721
22361457 883
22367195 854057
22369630 217297
22370760 388803
22370824 547755
22370888 413176
22372406 389648
22373065 542076
22374441 734038
22379288 842220
22380729 352089
22382853 544829
22383736 251824
22383804 1107851
22390666 987641
22392780 238277
7632695 410265
22395436 307181
22396350 1524428
22396623 179816
22403021 435917
22409512 857839
22409746 157301
22413737 83212
22415477 582345
22423561 748760
22424446 44758
22427627 250535
22428776 703488
22429469 942731
22430448 159672
8862481 213000
22437812 49435
22439374 212503
22440421 1679813
22449449 811902
22450436 881787
22455020 792695
22455435 1074076
22455763 4050480
22456825 453389
22457043 701102
22457226 821404
22458140 632785
22458149 105204
22459474 169921
22460418 1437499
22462328 10948
22463143 429870
22465885 36664
22466801 611736
22466893 1056570
22469868 608710
22470054 48455
22478979 407666
22479780 401614
22480804 797519
22481907 1167568
22487427 1278532
22487851 86895
22487955 337069
22489457 190076
22502975 199623
15341636 1946334
22503783 1424123
22504920 576880
22505296 548290
22506631 171345
22507141 920075
22507640 832651
22508268 621377
22514988 924018
22517771 1020677
22519080 599975
22519272 295534
22519591 1225235
22520141 517680
22526064 422058
22526610 401419
22526869 1029692
15872626 447815
22531007 195790
22531313 1718111
22534193 229062
22535796 625464
22536107 138816
22536463 888100
22538351 59122
22543381 749641
22545205 574260
22546973 317966
22547613 268657
22548608 129838
22549915 379474
22551388 1488954
22551924 269886
22552086 1774965
22552767 150609
22553390 354355
22555527 710907
22559652 7464
22559907 93582
22414047 469971
22561020 1251994
22565100 390185
22565407 1113344
22565839 381065
22566236 34195
22567122 489955
22568735 400691
22569115 276639
22569349 2965624
10899499 1385079
22571485 572299
22574779 402487
22577120 331216
22589569 740636
22591386 728592
22611504 235485
22617497 632902
22621020 370086
22623644 32750
2689181 584167
22628906 356546
22631215 461912
9310755 786340
22638647 711527
22647889 38360
22664687 932657
22665990 216055
22667133 382378
22673023 254683
22676190 103536
22681119 355113
22681544 554572
22684995 547370
15469677 362159
22702280 428734
22710526 171670
22715258 1287961
22717052 265805
22718100 585219
22718404 651674
22721610 592626
22722042 591057
22724182 571094
22725054 3524
22725415 900851
22725431 2731034
22725515 165897
22727684 601845
22727949 2586302
22728186 479208
22746213 131356
22746560 225146
22752066 586498
4378776 135540
22760054 45381
22765367 223197
22770424 1769657
22776835 106584
22779658 78615
15292748 876972
22784280 579508
22787173 584587
22788106 4344308
22788308 261669
22804171 232766
22807015 385188
22818996 705792
22822784 554481
22831736 552305
22842885 52844
22843241 499227
22846916 315360
22851415 8459
22852687 785966
22855043 7872
22860233 283751
22861694 872630
22869955 233341
22874114 340640
22874452 250166
22877495 329951
22897195 685012
16467917 146843
22902796 866203
22908247 204957
22911333 587694
22921886 803133
9903278 3737
22924191 386482
22925316 398294
22926039 472136
22927847 3545018
22927849 1542923
22928938 333438
22929071 701342
22929804 40473
22932110 324917
12462626 1540666
22939581 68111
22941201 374005
22942759 199654
22943499 165581
22945790 12016
22945819 922685
22947967 1198062
22948033 3627611
22948310 944213
22951880 473216
22952029 445552
22952842 2516168
22953017 640229
22965961 457824
22967451 123505
22993430 2156326
22993839 1578470
22994072 795607
22994984 694872
22996487 643268
22998782 520789
23000078 578234
23000538 700913
9126467 1547124
23002222 215702
23003615 515424
23008583 1351197
23011894 454876
23013448 217312
19728609 1527157
23022803 1358866
23026265 600813
23026368 445189
23032813 957465
23037151 2128555
23041284 74611
23041423 229400
23041968 453409
23043689 897866
23043793 740295
23045293 108499
23046515 238168
23046740 362067
23047770 1364544
23048761 829955
23050065 35825
23050074 140297
23052334 711838
1629563 459019
23053834 659293
23058400 824174
23058880 732814
23060236 814783
23069590 744360
23076837 242319
23081612 2575621
23082467 438872
23084247 275980
23085892 407907
23087610 2613724
23088767 246635
23089224 671912
23090132 1136566
23090815 579220
23091223 381028
23092832 238160
23093473 423698
23097233 1460689
23099590 24915
23106180 241612
23107675 39273
23108304 848649
23108652 826623
23110515 440699
23111868 3410734
23114229 93545
23120269 151651
23135966 1548
23138765 246151
23139587 398792
23141772 468994
23158336 356366
23158753 1176819
23159452 183522
23167887 564514
23186280 228459
23189869 411563
23193229 435682
23207301 43871
23209237 700877
23212692 608319
23230836 1904943
15692769 2387983
23233511 330484
23235416 430692
23235743 74435
23254405 331627
23265379 520966
15670179 741913
23268429 390414
23269132 547907
8337537 607782
23279663 248753
23286391 804280
23297450 2613893
1335004 75157
23302394 329923
23303485 47741
23303792 12095
23304184 1096230
23304226 21498
23315515 206048
23317395 392088
23326452 74304
23329088 75154
23337960 157866
23338080 48451
23339257 714805
23339269 71429
23341400 1255759
23342544 4040385
23342545 1451904
23342552 49357
23343333 675004
23345762 139587
23347458 517241
23354908 388465
23361559 430342
23363738 2124757
23363919 94581
23364365 329018
23369240 850346
23378032 350378
23380465 3040775
23380931 18654
23381193 23433
23381295 973028
23381481 149107
23381850 562208
23382821 594968
23385172 1034596
23385790 775750
23386072 239784
23386145 333647
23386314 62475
23386635 424860
23386637 507593
23387042 96175
23387186 1046371
23387339 380626
23388507 502969
23396894 896575
23400744 494130
23400746 599935
23402752 1742653
23404985 528518
23409941 940319
23411916 358050
23412290 251386
23415126 359872
23421178 210052
23423169 293846
23423828 550412
23423834 429331
23424467 370174
23424742 686042
23425454 25821
23426133 129590
23435010 92088
23446608 92894
23448394 1335506
23451945 25386
23468454 154148
23476842 608594
23477778 1204372
23489782 660551
23495381 134906
23518327 211576
23545365 504673
23549437 2637681
23553310 318912
23555969 623734
23565556 349244
23569389 431055
23569391 369657
23569404 2060037
23594808 508453
23599005 378216
23631316 1027178
23637989 3446814
23660671 384274
23667827 744917
23669183 483122
1955351 632786
23694229 539788
23696741 520252
23708827 19963
23716707 102772
23719390 1293766
23721601 697091
23723785 94645
23738487 60591
23751931 270051
23756792 516164
23766123 135801
23769205 947033
23780413 1688526
23789472 365070
23804559 828275
23818707 1450477
23822971 74900
23825326 146009
23841048 295290
23855635 1234715
23859153 214138
23864196 200092
23865364 203245
23878481 370775
23899913 619770
23910199 130997
23918183 2890910
23919052 5017459
23926949 260795
23926990 125258
23943370 287947
23979090 4179
2535271 534090
23984740 492860
15907845 1351089
23989867 1224982
24024033 227394
24024662 1823498
24029694 349473
24041967 929610
24047795 108132
24060643 7271
24061124 963683
24070969 566977
24071887 298668
24099743 681954
24115942 1520585
24118138 127892
24127743 1039930
24144815 643962
24145166 440150
24145247 247146
24146144 499366
24149306 2529855
24181933 727155
24242901 833748
24251084 507632
24251469 8784
24252021 1561065
24252071 720650
24252163 419196
24283544 279854
24305403 723412
24380845 1753951
24400161 234900
24403239 349064
24412507 263956
24412546 159542
24415513 505043
24415516 254069
24415658 473341
24416876 34844
24417469 531442
24417488 795418
24417743 680950
24417778 75150
24418212 56095
24418302 513839
24422667 158859
24440119 365089
24445801 45165
24471577 837046
24478854 925664
24489390 1129924
24489409 1305467
24489445 16049
24489493 163586
24489520 80592
24489524 2467126
24489561 1232530
24489562 23555
24489565 106859
24489568 498037
24489575 34948
24489584 470250
24489595 31875
24489637 2103202
24489645 1276521
24489674 758645
24489676 116914
24489688 211438
24489694 242213
24489712 767351
24489719 62169
24489721 69096
24489727 310673
24489736 489885
24489746 724795
24489749 199682
24515105 2633946
24617057 1447386
24702122 1869435
24704524 440598
24726466 1198888
24918047 198040
24959163 2703597
24959546 1580510
24964224 901847
24985738 322755
24990191 1080192
24995455 372929
24996701 2039146
24999494 548232
24999941 873719
25000400 2683716
25005287 199449
25014407 4854182
20669380 480133
25016265 1248987
25016287 38179
25016312 129125
25016339 351982
25016341 330811
25016347 1300048
25016367 266644
25016368 409864
25016380 720763
25016429 1779292
25016438 370614
25016440 520764
25016460 968362
25016461 1220822
25016467 644766
25016483 467347
25016485 807452
25016499 626676
25018315 37801
25023830 820122
25025927 1228889
25026372 2096
25027356 123966
25027417 402484
25027418 242271
25028481 217322
25028769 115534
25031413 98959
25032268 196700
25041684 29858
25043328 597084
25043329 571729
25044335 77313
25044378 124379
25044877 526136
25045889 1320498
25046297 1457982
25046363 257134
25046870 40787
25054416 2300
25056281 1054391
25057455 276522
25059959 1387467
25061305 1800333
25061564 408811
25069374 661595
25084939 830152
25085211 2405496
25088511 3665170
25107284 295547
25111877 113606
25111981 2883
25127504 956094
25134740 287896
25191394 4466800
25260419 498605
25280954 9765
25294251 232716
19728613 459659
25294634 420429
25357061 2317674
25389362 63149
25391399 1239182
25485231 591342
25487861 718486
25493542 1509160
25534707 1449083
25535834 645491
25542555 374725
25619915 61408
25655449 239256
25660744 2130612
25760759 46834
25879461 245910
26514699 389799
26515500 358827
26520518 1168426
26761576 464185
26775468 156559
26776226 1483900
26782658 323215
26789340 1093289
26866512 726391
26869316 327841
27238470 194110
27253858 1086172
28276663 1132437
28344953 142277
28372558 450094
28375454 1181920
28380674 70264
28388045 549848
28391988 553291
28393316 829822
28399324 230362
28408354 1838686
27213807 410345
28412871 66615
28418887 911178
28460463 606734
28465409 2724617
28475382 84048
28476809 746103
933387 439188
28481245 122110
738573 350626
610916 162250
28507976 689438
28508102 336548
28510258 928656
22114255 241892
28516424 154486
28521499 305636
28529080 769631
28531445 513061
28532613 1092093
28534732 573534
28537006 80294
28541217 21138
28553776 1085062
28555844 254404
22114250 591303
28568362 433574
28568490 240021
28568514 915474
6982668 213220
28570944 142197
28576545 243403
28577391 71788
28596457 453470
28598898 4429197
28598989 83190
28603732 573393
28604830 59409
28607288 434541
28609448 216662
28610293 547083
28610796 190757
28611649 249720
28614841 978901
28616745 510608
28617740 833487
28622626 28721
28630356 445792
28631708 1808998
28631816 598655
5971469 417399
28634410 516367
28634486 675693
28635388 34142
28635594 127419
28635771 680848
28636685 386408
28637079 108217
28638003 574994
28639680 1687750
28640825 248861
28648369 98251
28648926 849993
28649781 332376
12462638 1970053
11002810 359899
28658436 128188
28659054 2707783
28659702 4530571
28663486 359841
28663737 525938
28677260 829833
28677606 130815
28677850 179207
28678218 247603
28682503 21151
28685185 1505318
28685291 7591071
23106682 499584
28691700 659482
28696844 115422
28700615 563848
28702888 299474
28703207 1341221
28705514 500660
15866787 146150
28716287 64005
28720562 616883
28724274 634474
28724816 106552
28725095 384655
28729800 957133
28730484 718820
28731264 919002
28731772 117833
28733191 846105
28734559 324020
28734923 450562
25810022 164894
28740091 167543
28742560 1026552
28744846 4056212
28745271 1066686
28745463 785398
28745559 156451
28745729 374006
28746463 512027
19728621 359957
28751749 765437
28755194 593715
28756479 48449
28756486 277889
28759200 69755
28761699 710909
8636413 471638
28779326 91297
28779770 1363981
28780423 296129
28780924 87132
28782267 62789
28789293 336547
28792567 33776
28793639 1630717
28794107 1711395
28799025 266776
28804510 789546
28804707 1616588
28805709 1180828
28805864 218694
28806973 297970
28809358 870065
28812928 785484
28625157 5722
28814175 431486
28814333 1002561
28815593 247165
28818481 131168
28819422 1020610
28819704 10758
28819717 471637
28821994 525488
358349 821318
28823847 1009575
28826059 208174
28829029 1730556
28829245 671122
28830201 872098
28835012 239462
28835101 368968
28835934 614078
28836605 865229
420497 63291
28840116 531362
28841484 55881
28843497 354545
28845960 932808
28846447 1054084
28850226 301180
28851429 350291
28853111 48088
28854692 592859
28855546 58132
348331 245637
4898294 61506
28869108 517971
28870399 477698
28871627 505220
28872894 252254
28879728 5600361
28881153 1775958
28884048 3902308
28886635 300709
28888309 225532
28888659 461154
28889705 1584814
28890200 108409
28894600 268695
28895114 277238
5082860 589785
28900443 556
28900572 443376
8399239 210341
28903058 953542
28911117 865473
28911306 2674324
28916623 33525
28920853 365942
28925941 125471
28930382 802539
28930563 421782
28931021 628901
1128764 239641
16070293 1431605
28937103 304819
28938550 309191
28939920 340322
28942685 1472504
28944044 789215
28960219 166387
28971671 608416
297608 1030423
28981123 119034
28985580 200002
28989745 267827
28992873 291073
28996415 358959
28998169 208190
29000388 463746
29001407 82715
29012002 4334926
29018799 2387998
29023905 358458
29024165 337061
29036285 567713
29037239 205788
29043596 448141
29045258 334212
29045863 324206
29046975 833709
29059069 641583
29069412 677260
29070718 92897
29072527 247237
29072955 1247738
29074187 684279
29079663 385881
29080554 867370
29083958 25863
29087788 369670
29088359 205123
29088364 761624
29091854 48411
29092239 709773
29092494 1438009
29093987 538058
15469970 57786
29097529 306502
29102059 136269
29105346 136770
29113838 756720
29121250 729024
29132113 227372
29138074 1982174
29140904 588240
29143169 1588717
29143391 1422200
29150673 1183720
29151707 100153
29161121 453755
29166481 96663
29167245 32584
29169422 887689
29177054 66242
29177287 186158
29183487 59572
29184277 504595
29193259 195213
29194234 212104
29195890 454103
29196860 61045
29205488 1189688
29208412 687523
29208988 978785
29210174 978852
29214996 244379
29221665 138475
29221667 239017
29229894 116917
29231214 291330
29232324 630240
29235492 384659
29238364 44413
29238625 80281
29238702 517243
29239234 329878
29242079 364284
29243264 666382
29252415 1222850
29256293 1524844
29258114 676290
29268020 483070
29268705 13729
29270813 570099
29271552 817856
29277592 366411
29280257 312194
29284138 580887
29284549 198575
29284552 681274
29285253 225339
29285314 29373
29287785 2358636
29287963 290808
29288343 638306
29288372 175386
29289049 635385
29289529 614455
29289769 396524
29289784 375246
29289862 272258
29289871 480710
29289894 566894
29291566 141337
29292216 501808
715633 1564400
29298770 382652
24998192 255628
29299337 777982
29300157 49602
12462644 1752559
29300680 1219769
29303249 222008
29306039 124548
29306778 983434
29306793 1086321
29307737 807995
29308190 1279201
29309210 1127348
29312259 222312
29312556 828053
29312911 9354
29314239 1988415
29315667 1263443
29316206 7584
29320862 125621
29324258 560945
29326597 688080
29328719 169811
29334249 131976
29337735 670732
29338003 200294
29341294 2905777
29344935 606940
29345618 69252
29354000 447027
29355014 87464
29356807 27690
29358223 1762363
29358588 8689023
2391642 819169
29364670 629065
29365591 276657
29368712 664801
29369072 498004
29369936 235949
29373718 1578175
29382750 520001
29390222 335949
29393723 254632
29396026 267104
29396910 30947
29397602 831292
29399655 1416222
29400440 905050
29404810 267157
29404811 1487513
29404834 308600
29405295 804694
29405686 5320
29406687 75572
29408150 814509
29410142 503790
29418498 570377
29420424 916119
29427994 789627
29429231 119387
29436214 949382
29438674 1008163
29441200 290814
29443018 151866
29443367 209759
29443621 658893
29447319 1062888
29449527 909358
29450601 1139643
29452188 290340
29455381 1073986
29457524 282573
29457597 934785
29458882 1181911
29459543 249057
29460002 354804
29461176 50412
29461181 1000074
29461408 204562
29461785 243904
29465269 213205
29471168 126108
29471950 1561399
29478160 1863065
29483540 325365
29483799 1685981
29489133 487490
29494154 331366
29500734 3682226
29506129 1228494
29511600 280415
29523883 3019665
29533611 149952
29535523 1002946
29543401 100223
29544752 1188528
29556298 669265
29571111 161911
29580145 325481
29580909 330600
29581731 562371
29598433 2066600
29598482 562104
29608093 48491
29608605 202888
29609061 800502
29617970 396533
29628141 59202
687734 34110
29633147 540696
29641555 970974
29644202 89880
29650529 333056
29650949 313713
29651565 431675
24419953 2291979
29661608 151717
29661744 27131
29669855 34200
29675546 367195
29676341 250728
29676625 2618428
29680507 708998
29684347 939623
29688678 4616136
29688831 258532
29689913 323903
29691730 24290
29691743 1364587
29691744 704207
29692216 268171
29693597 589363
29695919 238904
18258160 179588
334621 1300708
29709634 1042423
29710358 1309169
29711717 871579
29712786 1212218
29712924 405014
29713620 566170
29716606 683484
29719680 39722
29720170 1731823
29726223 52016
29728911 177942
29728941 410329
29728942 528069
29729041 267075
29729042 1114581
29729312 255836
17210505 1102800
29730037 64861
29730088 681829
29730315 1356248
29730532 775165
29731254 740845
29731462 2208677
29731595 40764
29731635 866112
29734223 758461
29736139 775706
29737248 248782
29737928 1041016
29738483 1922927
29738893 1969983
29739506 98960
29740615 293356
29740744 611894
29740772 16692
29740774 680768
29746400 34057
29754413 228329
29755942 567999
29757330 4338704
29763661 213662
29765096 3654653
29765649 2057485
29765661 102148
29766482 327531
29766483 193310
29766509 499025
29766562 991671
29766762 258977
29768035 1653500
29772664 128375
29776548 142576
29782393 1288699
29787212 861335
29796478 470549
29810732 3176
29811364 185982
29813045 1742336
29830093 1921642
29833278 243579
29887557 1438921
29887816 110960
29889142 729360
29889937 668837
29889970 1203229
29894752 737117
29896366 65253
29896679 1071336
29896680 350354
29898808 580846
29905643 572737
29906184 1358211
29907916 1539170
29908843 2573355
29911413 750558
29954922 313611
29964973 225433
29969270 230724
29969309 1144277
29982701 660346
29985161 492100
29999795 82653
29999966 301819
30017657 1183319
30022336 942658
30025684 1962865
30027506 189725
30040284 666255
30048955 1442839
30049019 34841
30053681 1028707
30060797 71499
30098710 232788
30122344 295044
30127455 877696
30137845 697436
30142449 193541
30149761 1067637
30168184 427223
30169619 256102
30174462 1126163
30180857 222745
30189721 271266
30191364 604805
30205052 934899
30212702 879761
30242212 296017
30243122 782327
30244723 466104
30253642 346893
30266876 2883484
30268792 541490
30273517 65750
30279587 231374
30293840 890672
30311644 433866
30319356 95827
30319358 362349
30319360 189289
30328778 16379
30331216 508085
30360322 625339
30373593 381055
30382881 577561
30385647 496888
30414904 176783
30431641 432948
30432259 463143
30455747 2077588
9447985 698948
30458428 544827
30459932 1028751
30515319 3672
30557073 87588
30563528 1843325
30579664 79176
30588141 958030
30588155 286232
30617123 250542
30714599 37392
30716375 646117
30718905 154485
30719202 118506
30719951 2732794
30720147 270304
30720409 604011
30720456 22830
30722732 788485
30723060 1184444
30723413 123689
30723624 1206354
30723647 1061522
30741521 33285
30742297 589924
22070741 221679
30788096 728071
30788141 1154484
30788154 301554
30788162 1579670
30788186 150612
30788188 126235
30788189 49649
30788193 1196237
30788196 51990
30788199 552362
30788221 1361518
30788251 395973
30788267 634520
30788282 907263
30788284 950243
12462634 340768
30959777 514265
30985315 564796
31010693 724777
31012158 790401
31185656 8218398
31211874 642169
31250157 4269371
31261537 110633
31272629 534603
31280026 78483
31290204 267524
31290391 673470
31298666 328304
31305334 183986
31305393 421021
1160329 497037
31305420 788572
31305421 118490
31305422 197936
31305434 698464
31305438 32122
31305439 581605
31305468 219490
31305477 442137
31305482 231704
31305552 3014323
31312112 21367
31312208 112536
31312518 466086
31314920 504615
31315214 828540
31315283 60179
31316363 300570
31316397 401252
31316407 69335
31316875 386361
31317446 751386
31318112 144306
31320530 470249
31321480 2765312
31324235 429608
31324241 971329
31330858 223766
31331686 799029
31331755 238302
31331805 1718378
31334178 725440
31348066 423104
31350499 612771
31352187 268472
31357216 1896040
28291939 1807758
31397924 21743
31459310 243139
31664843 999972
25810016 1428363
31674945 655901
31677541 388368
31719506 610886
31757214 1032629
31811771 140520
31833560 588499
31872197 194931
15909813 269650
31922868 967530
31975878 2393464
32077994 1895544
32155740 1935929
32422661 1483638
32422988 356901
32450194 393110
32609725 228325
32652658 769842
32744740 79789
32744744 256964
32963230 1015983
32985212 1621
32991473 261345
32996095 60814
33044699 273749
33075262 91165
33122673 832798
33448544 312200
33620047 906592
33654784 490750
33655006 450601
33669881 2962671
33836971 967875
34543581 742098
699438 801138
22453889 1115230
8369313 563032
18589279 335915
5594100 261087
34574795 558194
34575014 1075617
34590360 438101
34602999 449043
34609627 29501
34612330 330948
15862252 1982640
34617201 131732
34628249 1434585
34641514 1895735
34647225 215921
34658656 1635207
34659766 2575578
5082861 1115994
640560 5850336
34666476 1139863
34686379 33930
34688264 236762
34688298 296011
34689300 337262
34690541 391246
34692745 493880
27796396 754678
34702253 1215929
22136794 355257
34709754 1067633
34709769 2623114
24448261 532193
34710816 880275
34712399 1037412
34713199 122080
34717453 745370
34717484 1685014
34721005 110482
12462619 76001
34724077 202205
29782395 1254855
34730839 2006060
15854466 137025
34758314 2979088
34764166 441748
34764426 1443921
34766754 114230
34767525 433962
34767739 240167
775115 251368
34775017 2104823
34776176 1012614
34781619 2739380
34782507 49540
22114251 265795
22588374 351463
34787134 690563
34787781 889910
34794415 22932
34794511 335441
34795063 480724
34801244 185455
34805756 1880523
34806938 2066125
22128614 605201
34810102 343244
34810411 1182615
34812504 832399
34813305 153185
34813919 1078545
34813995 782721
34814234 225135
34815078 414624
34815641 21089
34818824 104178
34824738 410473
34824742 864941
34826668 7672
34831851 943380
28579310 316306
34833505 138202
34834443 1056649
34835333 444242
34838712 3719
34851640 39870
34852306 341760
34854162 18030
34855334 1077664
34858660 3702086
34863270 80549
34863734 126333
34865403 52529
34866504 604242
24489646 434984
34871535 118695
34879788 291463
34883177 72460
34883593 155273
34884565 455880
34884844 568757
34887816 143417
34888343 1337528
30913528 178555
34891765 692262
34893623 759741
34899149 717396
34901746 78162
34903946 1211898
34904238 616191
34904772 949598
34905308 1483886
15355581 661512
34908430 2706657
34911297 732289
22210374 1022271
34911975 359373
34913794 2153089
34917209 56974
34920754 687699
34923080 26928
34925780 131669
34926284 17059
34927863 562806
34928833 108422
8147959 251219
34936634 663134
34936686 458061
29390991 1340384
34942515 261804
34945169 1649964
34945973 1884456
34946157 457823
34949115 246670
22696242 112950
26800304 48068
34952450 69919
34952954 319623
34954768 290968
34954772 2225987
34955226 129436
34955286 771929
330075 121286
34957811 94632
34958261 51846
4760580 995608
34962909 1941464
34968313 749110
34968322 161194
34970123 750571
2676467 71158
34981286 396664
34982354 380886
34983444 722309
34984562 139005
34986035 59486
34987905 266731
34988712 49651
34988882 243756
34990696 407952
16340401 108078
34995505 13590
14339966 50278
8492424 150143
35000602 1715273
9259915 612403
27477792 156398
9389158 98135
35012823 740070
35012872 762816
35014697 760400
35016199 293221
35016217 904670
35016704 72191
35030162 1752421
35034181 1506166
35035392 40729
35036781 310428
35040170 430229
35041642 191357
35042189 780553
35047106 524903
21496657 92893
35060287 305214
35069181 1990174
35070804 515019
35073190 54939
35073293 232518
35073736 799996
35074180 120381
35074509 328771
35079566 1312181
35083031 63219
35086515 357242
35089157 756852
35089165 362123
35092486 230201
35093972 574402
35094151 206741
35094517 386658
35095127 295802
35095208 1621326
35097310 797517
35099512 595058
35099642 1485599
35100004 328673
35101578 766792
35102460 728075
35104687 261819
35104707 1840035
35108888 155671
35109850 227070
35113115 272752
35114042 289973
35114203 1253071
35115241 77307
35115286 134829
12462625 1925561
35116232 44852
35116536 591912
35116638 293828
35116922 382120
35123086 145396
35123191 1361524
22187439 709749
35124689 649989
35125401 247400
35133009 136110
35146805 5905
35160878 1480108
35162088 89882
35098384 87474
35167763 598656
35169345 108339
35178606 388085
35190711 438169
35190808 2116759
35193033 1259753
35197561 773687
35203693 536839
35206415 1386497
35210817 763596
35213885 87722
35219763 292631
35222530 586973
35234432 1962863
35234813 637340
35237513 98453
35238911 646456
35246019 220626
35246034 859426
35247646 431038
35251041 62463
35252492 732686
2059879 598289
35256034 2387163
35256979 751630
35257859 977411
35258667 281305
35259229 1726120
35261525 247030
35263921 1229796
35265056 63492
35267422 649803
35279321 387237
35280283 171136
35280691 853168
35281560 691587
35313254 483844
35317610 489381
35318662 94643
35334578 8747
35335351 137285
35336819 280031
35353898 268512
35354085 607975
35355008 414621
35358528 599646
35359569 441977
35361673 1138161
35363172 134053
35363923 236025
35372450 74934
35372944 694048
35377480 267590
35381648 846252
35387286 572108
35388854 71737
35397117 1123830
3309129 900977
35402836 1397857
35408146 642317
35411686 771982
35414501 174982
35414695 508748
35415818 229645
9381656 332106
23824198 822616
35437186 942626
35440490 354162
35442465 333843
35443414 598849
35444767 428063
35445440 972611
35446426 449050
35448988 354232
35449187 156374
35449512 1334632
35449591 167209
23735039 29242
35450879 4142622
35452137 131074
35453061 269547
35453771 52847
35453929 415541
35454200 365413
35456662 667116
35461317 606203
35463116 821221
35464223 440833
35464311 817421
35466537 2571070
35466686 1201064
35469685 228068
35469726 298569
28656888 244722
35470703 1552458
35471698 3219195
16788095 187573
35473235 323368
35473329 1967934
35473397 1021677
35473646 28358
35474261 63498
35474987 16597
12462583 959698
35479921 216051
35485555 499581
35485665 481437
35489436 1105775
35493654 1024150
35500051 933724
35503715 224327
35504309 1181441
35509477 1051930
35513845 879899
35515206 345788
35516094 1115687
35518740 997692
35519965 103559
35521728 485185
35524045 126342
35524404 221183
35531898 1339531
35070806 924227
35543035 388081
948730 226869
827573 1845721
35548635 1619855
35553222 981918
35553778 227679
31642460 1361235
35558419 120672
35561215 200119
35561955 16467
35565902 592008
35565948 1488300
35566350 700766
35567298 1835369
35569203 709580
35569338 101379
35570662 270570
35576891 48477
35585786 531190
35586874 50809
35568645 593066
35594314 1442880
35599794 1483423
35601114 896388
35602538 32133
35603051 1151051
35603239 352449
35605281 7341
35607453 254099
590647 65813
35609278 202927
35612447 366392
35617553 466410
35618008 348599
35619059 698951
35619273 2022089
2260267 1546448
35621660 1420280
35625015 58529
35626051 2078871
35629335 2988
35629519 241079
35633593 16007
12462648 289573
12462618 455939
35661925 2435311
35679243 1088463
35681166 1149785
35698075 251481
35702339 26449
35703064 365932
35711347 294889
22111848 763830
35721337 577100
35728265 662043
35730038 18073
35739435 407847
35744390 472788
35744429 252727
35745432 172089
35754489 569995
35754490 171542
35756493 381068
35769273 1003548
35777177 488163
35782262 263022
35787638 505314
35787839 118434
35794389 285147
35800523 576776
35800561 559405
35803697 29652
35812205 425816
35815860 1588775
35815925 2621299
35816086 503861
35817009 331698
35820117 425300
35842542 1160399
35842774 3599764
35844010 2379046
35120637 1146018
35844495 813782
35845916 1574055
35845924 787829
35846820 233624
35848339 485442
35848541 351089
35852195 549767
35855606 325411
8928197 401414
35863192 393519
35864451 608937
35868121 1798605
35868197 241353
35870380 1080126
35870516 721544
35870545 860838
35870939 41784
35872670 110722
35877114 498124
35882324 481741
35882418 86628
35882727 478440
35883145 227292
35883154 924548
35883513 82853
35885307 705214
28728447 129195
35890568 738937
35890738 519170
35893984 376245
2845851 307483
35907516 481429
35908594 1162399
35909909 288647
35912040 368979
35913106 8988
35913195 635121
35915293 1488511
35915402 224103
35917208 380358
35917210 497656
35918399 1910185
35918718 205492
35918736 407132
35918737 87183
35918740 893364
35919819 206167
35925477 2085345
35935262 271447
35939211 428428
35965999 151419
35967503 804602
35971516 63239
20723033 121479
35975190 10028
35975786 105599
35985548 1242302
35992207 176478
36008256 4289151
36035975 38671
36042264 61106
36049189 224340
36053964 258583
36063427 409670
36065744 1247193
36073358 389841
36100001 42639
36114956 1674650
36125252 19634
36125268 501323
36128402 194534
36133423 1775621
1536838 394547
36142558 86512
36144193 226202
36149286 537761
36149428 203951
36153431 677660
36163718 193454
36192433 984998
36194627 201204
36195736 120032
36198173 229064
22369039 57530
36211092 967383
36211124 86539
1448528 916738
36269408 1887178
36285368 754379
36289511 504091
36293499 1134249
36309248 182880
36311857 1128750
36323588 1893271
36324806 361406
36324985 121059
36327001 276080
36327186 247621
36328284 476796
36330883 262493
36342688 673185
36343597 1566041
36357014 58901
36385896 21501
36385897 432478
28895851 61223
36391307 1532511
36393105 2057750
36410889 293463
35500052 2027230
36437474 2119201
36439915 356764
36455345 719043
36456103 38480
36463089 154987
36521607 15857
36543323 1272266
36554147 267134
36559257 57272
36585311 49411
36601157 3920054
36608926 126899
36631230 153188
36637138 691071
36661628 489589
36666157 539854
36666444 2407031
36673615 1842419
36674909 640846
36674942 694880
36677147 942884
36678313 9523
19299243 1248783
36708681 18652
36718901 235844
36804402 679083
36818715 167737
36824347 471464
36827463 51211
36828543 575777
36829649 300348
36831821 295546
36832509 120763
36853380 127547
36854945 485158
36896421 135747
36896428 470254
36896443 329940
36896502 275213
36896606 122758
36896639 1430976
36896642 359249
36896647 1661089
36896652 249069
36896664 633792
36896676 376073
36896678 2265799
36896687 767720
36896689 142730
9015982 463174
36896749 693067
36896769 67575
36896770 2034852
36896782 130920
36896784 331042
36896801 160465
29387304 697371
37027331 1308229
37035707 412375
37075674 1466654
37098043 1358765
37124929 2403790
37128993 772327
37207344 3433679
37309517 208237
37338664 277192
37339407 3399174
4651724 308436
37368424 1036777
37375762 1093
37384196 551087
37384975 401417
37395378 698264
37399633 169542
37399636 277897
37399663 213563
37399666 66866
37399667 233331
37399708 632375
37399723 155630
37399726 630796
37399732 1285295
37399748 225403
37399752 815500
37399754 241620
37399761 808371
37399765 402363
37399780 1149832
37399782 1889749
37399786 1564246
37399789 384135
37401132 254134
2310571 2613803
37406779 263398
37407704 419526
37408529 411665
37408684 152714
37409279 431853
37409793 36978
37410197 538769
1409039 298576
37411390 254181
37411915 632702
37412317 231264
37412573 130001
37414807 77198
37418273 898697
37423385 74673
37425829 623735
37426910 11109
37427346 1024948
37427796 23097
37427834 406749
37427836 17235
37432961 58154
37434369 82904
37439616 1659309
1922825 942589
37444488 5365
37444495 2616047
22044183 195455
37492348 2843250
37507491 604252
37571069 2198554
37576196 276390
37660295 4826969
32077450 1931134
37664761 602156
37758684 1173895
37764320 1062038
37781567 339901
37892829 456311
37999153 4106283
38010374 265053
38104171 23065
38104373 231984
34464213 428469
38201635 734492
38471601 626093
38471604 500138
38680178 1618941
38689076 1098765
39031535 866188
39038381 190377
39099811 113605
39101200 609933
39101201 380586
39120756 264098
39144666 4344602
39220371 453801
39220385 574441
39220665 105910
39387063 342214
39469080 474751
39477722 1577747
39666967 861103
40233583 1233775
40449832 2087932
40451543 2686858
12462578 407633
40519254 101397
15743727 2332427
28368633 2592374
40556442 1560896
22444746 257609
28406278 181253
40577663 564176
28400177 119455
40594803 409997
40595588 1197001
40604809 843152
40605366 443544
40605428 709233
22192204 677346
16182724 606926
40611646 1475502
34464208 139377
40646997 595829
40651969 689698
814066 524265
40653857 1413380
40655006 312198
40655968 1691836
40673853 220992
40676607 60673
40679867 115474
40682025 1029201
40683868 488848
28708144 195208
235631 445116
40694707 2727900
40700976 1818191
40702693 1151682
40705510 706424
40726906 802536
40727962 282681
40731907 1566530
40748397 809524
40748923 388121
40750397 1141926
40756101 146581
40760747 879988
40762084 461268
40762377 1243363
40765836 1174201
40765865 912546
40769911 1683861
40770721 524547
40770823 114385
32077448 936156
40771468 967853
40772104 354923
40774954 723980
40777379 1009582
40778134 292900
40778555 585742
40778802 132467
40779890 1177352
40780058 1227048
40782579 100074
40783669 1824547
40784088 205350
40791968 132880
40792366 431905
40793115 420303
40795686 1342029
40800207 161030
40800265 20038
40801922 213831
40803834 746648
40804787 151107
40807160 115023
40807177 205288
30311001 417797
8538109 748352
40810390 353395
40813056 223418
40815170 660520
40815820 915921
40817085 139896
40819720 928375
40833422 811150
40836903 639852
29767915 289511
40843093 3787988
40844500 3407351
19728616 509693
28812764 270297
40857577 4127075
20864701 48806
40858832 425259
40859993 68972
40859994 1296659
40860781 1426325
40863055 667120
28846337 316997
40865489 412046
32960070 271490
12462639 379549
40872900 2325035
40878019 35532
40879363 433734
40880102 425415
40880154 207714
2832777 311239
40882537 2716391
40884134 88153
40887396 247889
40887782 304881
40890822 164052
40892612 2614786
40896065 417407
2869528 1368570
40899521 2146726
40899543 135355
40900417 39268
40901111 6439722
40901790 376527
40903053 148327
40907103 203137
40918615 60655
40920014 166087
40924120 512001
40924390 502982
40927047 449858
40927473 935737
40929656 182416
40930480 1401405
40931313 282747
34709543 247091
40934337 429688
40936399 1316221
40936910 1115887
40939469 568366
40940127 222558
40940381 283402
40943943 18562
40950428 713436
28025247 4125808
40955498 1020205
40959681 360851
40961161 323958
40962023 127348
40964077 59590
40964460 725923
40964523 346420
40965532 302969
40965679 228263
40966173 843702
40968622 126866
40970784 247780
40970840 289209
40971286 422068
40972570 653161
40973804 709902
40979374 1335989
40980354 1267166
40983920 630896
40986576 424713
40987726 629208
40991977 48319
40994122 91541
40994936 861106
40995411 1882515
40996688 532997
40997134 463926
40997757 59939
40998662 724381
41001621 750568
41003651 22915
41006717 392411
41008175 120510
41008920 169837
41009701 267787
41012426 5604
41012558 403197
41014855 420056
41015289 752009
41019317 194612
40587408 1711659
41029410 394522
41031695 115019
41031968 91240
41032519 611882
34791131 715507
41039104 61778
41044062 481782
40868543 1027336
41053457 1083161
41053523 277557
41056097 1162440
41056874 239592
41057416 205534
41057720 26537
41058455 515423
41065986 261242
41066066 200662
41066462 100116
41069320 505183
41071542 1637598
41071684 1114267
41072428 449981
41073979 128815
41074850 2289
41076509 520270
41076824 214553
41076915 240902
41077450 118584
41078584 443236
41078632 45902
15969473 244390
41081939 362042
41084286 1407532
41084961 474040
41085440 251066
41085817 38387
26904746 346499
41086765 70561
41088539 1074299
41090644 478992
41092407 198960
41092618 1383911
41093670 354912
41094869 142030
41095787 227491
41104626 1358416
41108889 748138
41112220 43181
41113733 209379
41114006 515781
41114056 200118
41124927 724097
41153515 238293
41160230 907012
41170141 569263
41170531 772225
41174039 1108085
41176266 4826556
41183297 206943
41183431 227285
41188115 536010
41193604 1638608
41211029 134100
41213587 522580
41213709 1162404
41217206 68326
41218599 414328
41218659 281062
41220846 73511
41222683 117411
41223567 763713
41223955 1580097
41224564 1890811
41226594 252003
41226719 898135
41226767 76462
41228237 15908
41229167 870334
41229794 981216
41230090 37460
41230124 83239
41230326 330330
41232168 620856
41233431 382368
41233457 1893273
41238959 1488112
41239768 638067
41244273 1499054
41247023 204889
41252087 78324
41254974 2114998
41256858 893395
41268879 270971
41269494 672325
41272159 362148
41278923 36971
41289942 331967
28487119 936465
41298955 352392
41301730 772334
41303459 16745
41314873 1335725
41317518 1010564
20716749 90876
41322687 323402
41325952 936806
41326392 1196804
41327544 551130
41328138 1375907
41341211 154019
41349717 154957
41350456 213822
41350776 65878
41351982 232854
41353729 351099
41357514 899526
41360796 472904
41363577 589486
41365299 484356
41368437 794867
41374706 773993
41381773 314082
41382898 1444498
41385191 255603
41390519 1606127
41395012 230731
41415033 262235
41415264 260349
41415564 1475777
41416751 806743
41418505 97208
41419322 251969
41419688 13213
28771878 510684
41420448 316301
41421106 273249
41428202 2095602
41428382 540081
41432899 20422
41432931 120863
41433078 85009
41441681 549592
41441803 1510713
41443736 145910
41447473 1702158
41452967 1448993
41460184 4555
41460603 1673550
35263800 2067861
41472234 644147
41490364 88202
41490630 843690
41492807 162606
41499894 301549
41501511 1084964
41504443 370762
41514214 409977
41516187 1473256
41520188 375595
41523348 169375
41523585 1243214
41525018 1155336
41525473 1229265
41525717 723827
41527695 133797
41529120 49242
41529326 96408
41533038 74238
41534720 147168
41538036 11477
41539259 671856
41544228 608329
41553525 43134
41555818 582748
41556821 1154716
41561412 34138
41564352 191784
41564703 454695
41564893 493286
41565891 3016792
41565989 63250
41566209 16188
41566659 243588
41566734 309472
41567781 282789
41572592 83216
41573708 527061
41574634 995894
41577710 108210
41579094 212154
41580358 775351
41580866 157042
41580965 447984
41581268 585376
41581600 35605
41582193 728357
41584904 585517
41585929 85613
41586234 88365
41586515 217918
41587530 1014495
29208991 1234508
41591411 353627
41595926 244126
41596222 658191
41597067 278145
41599766 523509
41604652 1336307
41609465 1641987
41611818 931120
41612910 848981
41616335 195905
41632418 202915
41640069 1892703
12462615 814840
41655600 828457
19728618 1461394
41667129 316305
35070567 443399
8548483 148960
41676163 1229081
41679278 566366
41687930 207983
41688194 864486
41690468 67630
41692802 272460
41692859 735390
41698827 47410
41702273 425496
41719942 331569
41723136 351000
41727129 879905
41733434 249932
41736712 564567
41745743 969031
41747017 571129
41759492 367974
41773034 129513
41773068 463294
41773216 149947
41776666 483816
41780947 197009
41781052 89377
41798836 46048
35885309 562120
41799027 464438
41800022 20952
41800024 859469
41802193 218568
41802771 883167
41807993 146601
41814171 607286
41817388 839859
41820191 205085
41820822 2478987
41821279 774308
41824749 921185
41825033 726801
41827957 450790
41832011 1618931
41833093 322331
41834610 70265
41834682 349911
41836511 2619752
9701365 225533
41837464 346024
41837499 1034560
41837812 243339
41838215 115832
41838278 757548
41838283 50106
41838476 809956
41838520 1492932
41838810 229122
41841172 292232
41841987 262847
41842174 435589
41844911 795392
41845126 428438
41845671 2321273
41845705 1576312
41846264 845394
41847653 1107087
41847735 262868
41847969 1399508
1129095 217973
41848159 862357
41848370 3289422
41853923 1408894
41859022 492557
41859186 995187
41860185 1065337
41861065 605772
41862384 684568
41868363 309107
41870407 171633
41870543 1628834
41870545 506492
41871692 1262117
41871694 816773
41872344 80579
41872852 435840
41879685 358751
41886054 772611
41892383 579149
41910329 668447
41946171 1364724
41956328 274261
41957119 1562000
41982795 271401
41983319 316879
41985640 54477
41985697 222532
41988896 63265
41993069 2419584
244221 327391
42002428 1033796
42006080 66613
42014305 585777
42027465 1845272
42029932 226966
42046753 1694254
15404231 570036
42046855 931426
42055988 1778093
42080488 109573
42109335 1334277
24445079 1328524
42112219 148345
42135131 1113186
42135187 2020703
8890746 350531
42150178 998739
42152805 67173
42153407 453067
42153410 506013
42153418 1042422
42161763 152734
42176627 535994
42179412 406714
42195960 52003
42197823 530882
42223907 61706
42235067 464091
42238752 634963
42244424 570015
42254840 464459
42255245 380149
42255247 177962
42255639 514810
42256699 221512
42262355 71794
42269084 1357674
42272721 488721
42296904 4420247
8398105 362975
42330655 65771
42330837 1799268
42340596 1073210
42341040 326603
42342319 753561
8781295 229380
42379762 294408
42400945 747787
42414919 906084
42417897 149076
42424725 160673
42426050 227071
42427995 1708559
42428236 275371
42433570 1018004
9806072 326618
42497366 1229880
42502686 997875
42504056 820483
42514602 1640288
42538675 66693
42548361 475210
42564698 230033
42591164 92544
42593881 430791
42602740 663478
42603460 289571
42603851 624592
42626159 349852
42630034 2591280
42654263 335478
42723343 97341
42737640 297339
42751319 48304
42752463 33310
42752995 1193912
42753162 344311
42753489 565202
42753587 1190510
42755671 345040
42756002 385189
42756140 659742
35362142 852
42778803 324282
42778984 34728
42781509 237311
42782123 1571293
42799504 235336
42804764 72766
42819499 366003
42819551 12737
42819565 539862
42819583 1267809
42819585 145390
42819599 355467
42819601 860828
42819604 1335731
42819606 1054589
42819624 587866
42819626 811721
42819674 1085454
42819677 804116
42819679 429884
42819695 1328391
42819726 61214
42819732 507164
42819743 723610
42819768 382895
42819777 633950
42819811 635176
41584596 1478601
42943920 600319
43032453 394095
43043385 899501
43234376 485752
43234885 1207127
43237082 649856
43265866 316421
43267547 1164755
43285096 332170
43287359 506147
43294486 148689
43303817 155449
43303985 114401
43303995 572297
43308907 118496
43312664 246152
43316390 1480224
33480922 243470
43318452 351856
43318473 693814
43318477 3009988
43318502 340466
43318513 557255
43318515 23313
43318516 255463
43318525 148209
43318536 216380
43318608 781137
43318642 812443
43318658 233334
43328939 603318
43329559 363541
43330125 110911
43331545 252732
43331600 135899
43331759 262521
43332707 65152
43333243 1153041
43343906 432102
43344798 254071
43345119 561157
43345849 2101470
43346045 726407
43346047 89881
43346320 833484
12055919 211050
43381334 2390461
38104173 2366777
43383701 1095824
43399567 514036
43404280 131595
43405617 920466
11626290 295776
43405743 826606
43405771 845276
43414970 608412
43414977 762582
43439769 204175
43439972 411908
43440207 412467
43440450 1440645
43548442 57619
43560949 750273
43813586 892298
44367817 856068
44568103 1659669
44932549 171088
44962657 22023
45005134 623371
45328477 65892
45328481 129746
45507414 900610
45683926 940646
45989002 3033939
46358529 146231
7930152 386155
46360212 1322710
46360234 1486289
46375669 118114
46381430 3721
28057702 103370
46409778 108392
46410750 224322
46411987 255627
46419125 362252
46425808 5926
46427419 91980
46427421 83829
46429064 796793
46436299 618178
217604 2972956
46460437 951038
46462375 949592
46463103 304916
46463107 516284
46465570 267411
46471411 684865
46476163 419161
46478542 1266306
46482001 78446
46500285 138257
36855369 30648
46501715 600401
638583 1575979
19299251 2922933
12462604 445019
46518085 934491
22136793 141692
46520247 577746
46521351 136336
64106 2387833
46524897 219069
46526166 2619954
46526985 1532439
46530438 5039978
46534573 1617709
35885308 140177
28878487 35254
46540687 2350459
46543131 96627
46547138 556322
46552802 926281
46572865 191133
46576925 2179241
46582215 476383
800489 69157
46589798 1073260
46591608 492559
8367008 200723
46594263 1704023
46595506 426966
46597946 199631
28487123 857205
40962161 550608
46600821 302929
46604290 553294
46605676 83660
46605861 860824
46606299 12349
46612411 792946
46612419 1489675
46614471 361619
345312 679632
46615907 2854729
15724604 186843
46616969 944211
46622707 1358053
46623158 273067
46624504 531043
46624674 336198
46626770 965937
46630029 312119
46630754 130157
46633358 303741
46636523 505172
46636558 1056142
22309369 420308
46639745 78099
46654814 1248249
46654997 500098
46655882 1006703
46656018 276513
46663089 91946
46663916 254972
46663921 323398
46664786 527390
32686643 173411
46669753 406013
10969038 662506
23108484 459005
46681248 1359188
46681382 831242
46684014 1256167
46684641 20302
34787135 1131753
46687014 1011956
46694619 411865
46694859 100536
46699835 223578
46699979 265188
46705769 623139
46706185 573667
46707674 418208
46708663 448895
46713528 75147
46714081 615838
46716655 794891
46717507 1162038
46717850 1540646
46718523 695700
36695041 160079
46719276 3567448
46719670 402694
46720289 1086348
46724613 315049
22359456 585323
46734546 805293
46735417 300620
46736543 268206
46737296 1298385
46740713 1367379
46742049 12628
46745930 267924
46747801 361369
46749107 67831
46749302 546121
34709539 629181
46754685 297188
23925602 223919
46756655 988102
46762045 2127463
10941192 142407
155981 1863995
46764967 296298
46766417 252633
46769158 1883877
46770236 342001
46770712 305369
15135468 28453
46780043 257073
46780352 635256
46780424 257210
35062053 39946
46782033 366400
46782088 755822
46782930 550046
46787699 1383598
3429569 91181
46789093 24987
29001725 97107
46795165 1036552
46798589 81834
39143547 1066703
46802117 229774
46802337 269869
46803365 510734
39143548 3735
46804902 973156
46805580 125293
46806403 734131
46808730 147751
46811076 394114
46812176 2364464
46813871 472072
8733201 211480
46819402 579112
46820356 137222
46820689 331067
46821834 665049
46822103 253148
46826210 569723
46826925 2551925
46827172 1338831
46829736 16390
46831601 4497859
46837859 866864
46841546 158735
46841930 1102437
46842010 355169
29120975 2612423
22136990 889861
46854543 263890
46855094 613399
46857142 654567
46861163 688589
46866798 268769
46869280 227806
46872875 83343
46873196 913348
46875490 757994
46876083 2352210
46878018 881905
46883850 914964
46884132 39917
46884574 886165
46884650 320381
28833321 115717
46886825 232546
46886857 61356
46894064 1180152
46894113 61800
46897447 726126
46899068 452305
46899464 325157
23516019 320957
21670858 541416
46900146 743794
46900253 407769
46900336 63909
46902206 182609
46919469 1373405
46939264 243700
46940660 314467
46942970 4281582
46951116 1969046
46951768 326164
46958054 1249086
46960852 254507
46964936 133517
46967771 768051
46978281 114261
9549800 1507849
46978948 764311
46985631 1439328
46990039 265791
46997923 1324252
46999302 1443820
47001170 781807
47002296 572853
47003585 2385773
47004505 626838
47008284 269315
47012348 598026
47012937 293790
22028301 307884
47019776 131488
47019778 116616
47020234 741738
47020764 288031
47022574 49160
2971141 317778
47025072 707490
47026779 2446528
47028093 486413
47028302 283982
47028567 1094278
47031023 48271
47031943 708332
47035163 162090
47035506 444449
47037337 18621
47040461 579596
47051762 602216
47053034 515602
47055662 76829
47055951 642170
47056017 1441435
47057838 939074
47068652 100203
47075245 779497
47076757 1697149
47089114 2066863
47100736 259417
47102792 1356208
47106521 828271
47112912 783208
47115697 764389
32496290 552946
47123106 435039
47123768 210671
47126477 4573953
47127177 93792
47128845 741642
47133992 1366820
47143928 264854
47144250 813796
47144344 210128
47150969 853574
47157051 1113165
47157455 2593093
47164723 600501
47166881 581725
47167123 1016187
47169259 86281
47171012 591308
47171894 708992
19728615 269173
47187052 49650
47190681 1020377
47192297 575338
29295844 48476
47200221 240081
47203428 198696
47205795 310175
34963489 646508
47209983 440904
47210959 254527
47211815 215688
47214449 1041696
47215114 1201682
47215773 520595
47215879 59843
47216160 325683
35788473 829301
47217494 961326
47217603 58622
322167 254226
47222220 13908
47225287 538688
47227231 281707
47228110 2801267
47228358 135535
47228545 209067
47228785 640320
47228834 101234
47228852 575457
47228954 83120
40897474 110309
47230182 1448551
47230314 818818
47231324 703521
47232468 704738
47232676 271655
47233070 7162
47235493 1857275
47237148 66429
47237307 1055569
47239514 1487589
47240573 269289
47244173 457437
47244897 286578
47257086 1087175
47258831 192197
47262597 259796
47276380 934694
25080468 344558
47278901 940414
1701510 267004
47293535 92045
47304284 980109
47306248 256517
47306982 446277
47308829 653345
47309372 117745
47310617 306447
47312131 313481
47315711 141279
47315779 586056
47318853 1676146
47319658 241863
47319727 506273
47320147 833793
47320149 308041
47320430 986321
47320609 440744
47320877 121878
47321206 825574
47323644 701207
47323666 720678
47323672 1092825
47323675 957117
47324412 583834
595492 2611582
47327420 634462
47327549 499001
47329541 579001
47331593 1095367
47331720 1642328
47333494 136553
47335089 227968
47335462 923486
30603109 136343
47336927 4495855
47340074 168785
47341179 240515
47341620 421128
47344251 244479
47346359 1692267
47346766 276008
47353965 1320499
47354547 1819360
47354767 148856
47355880 736950
47355973 544358
47357570 583363
47357967 342769
47358527 53031
47358638 43768
26398323 1710036
47359647 402295
47360538 105502
47362391 218659
47364426 694907
47365967 209426
47366391 227524
47366490 251931
17078793 330007
36442405 489108
8147769 66260
47376895 101027
47377347 123567
47377637 62219
47380428 584625
41410658 229652
47382596 1742641
47386816 66696
47395192 136928
47395363 243757
47400632 80419
47413318 684951
47413641 375905
47414568 1165037
47420811 326149
47429224 237736
47438221 306855
47443758 223038
47445515 48473
47449039 98103
47450473 937373
47459010 757739
47488508 1625211
47490555 1267378
47491698 312499
47499423 1135597
47528708 1026755
47531339 132848
47532497 63240
47543407 4524129
47544909 1704242
47549299 119191
47551004 31147
47560391 4290680
47560975 1074989
47562130 55455
34772956 6926
47566692 62364
47571741 863771
46977668 477968
47573334 1042815
47581123 721290
47583568 664497
47584039 54533
47584043 465520
47584047 88950
47584875 487270
47585284 218766
47585322 592225
47585611 131998
47587117 1144529
47587582 311489
47588417 72083
47588418 604770
17498648 292778
47590557 1522265
35918741 1860923
47590680 326600
47591229 1022694
47591582 266960
47592573 581015
47592760 13914
47602654 141075
47605640 613948
47608913 48489
47610077 1062445
47610938 166032
47611399 1593381
9098946 82210
47617985 655342
47620892 26533
47621516 174052
47622317 498581
47622544 711345
47627632 414074
47627956 446280
47631434 311365
47632794 643721
47633796 824902
47634460 9451255
47634687 207039
47635208 107948
47636023 28705
47638345 618899
47639771 334360
47641840 211885
47642599 148018
47642698 1590
47643473 625462
47643873 1939252
47644057 295789
47646842 163874
47647048 117795
47647791 1135766
47649445 1658329
47649787 769622
47651927 322332
47654267 1386474
22712636 1388993
47655115 111493
47655152 287923
47656414 83649
1057458 2170834
47674794 791357
47678921 954220
47681533 381067
47687429 346405
47699793 256918
47718720 78553
47758134 869027
47765066 214778
47765126 71591
47765139 1012673
47765446 725313
47776969 793044
47777574 433094
47777643 151147
47777644 25110
47779606 228207
47779954 11562
47782532 1185364
47782548 886916
47787261 41907
47788465 314827
47800803 129237
47831458 81334
11733895 95505
47844013 2096491
47851226 175693
47869773 998183
47871609 925449
47888926 465367
47888953 1913175
47903058 1630676
47923780 942588
47924449 419192
47927004 251191
47927637 967486
47942990 245948
47944928 949807
47946731 1565437
47953404 176584
47953759 1067682
48008537 751573
48013530 299945
48013834 1560273
48026058 1126696
48028105 394034
48028173 95120
48029076 364427
48030496 494035
22028573 832965
48041828 437292
48043944 2162309
48044267 780117
48045416 316391
29988629 83882
48062064 447138
48071146 3025
48075796 49483
48086790 470090
48099850 1056546
48113932 236583
48123525 516216
41165793 2593207
48127816 1765992
48130694 813286
48136297 62927
48143248 20867
48158443 208363
48186936 88713
48190914 580559
48198569 1447373
48207639 1355555
48215505 918161
48226978 164581
48248476 57920
48248673 764685
48258988 386313
48264495 126810
48277999 242438
17472889 343230
48326635 241460
48351060 989025
48351755 447731
48353451 39594
48356883 656873
48360132 37265
48360783 203200
48360844 157465
48364408 2624732
48386144 276434
48386211 549162
48413598 1416899
10936568 731288
48496777 1924843
48503624 179534
48505333 200655
48506684 222080
48506702 88638
48507772 2570217
48508823 657564
48509163 1751622
48509189 233329
48509845 113760
48511426 129136
48511438 975411
48531313 414988
3491885 454096
48566275 1294394
48573008 350128
48573012 477429
48573013 206852
48573061 1507283
48573073 305972
48573096 1473564
48573101 4102680
48573110 664900
48573113 331663
48573116 20174
48573149 255147
48573151 1685388
48573172 1962667
48573180 311056
48573183 78146
48573185 478943
48573201 86917
48573225 632724
48573232 46206
48573241 185026
48573250 207994
48573255 558673
48573276 1569835
48573307 278624
48573318 283398
48584721 7367
48585722 567512
48790354 3172039
48973194 155301
22073854 737402
49003722 892353
49018814 143826
49031584 312491
16599077 418991
49037342 1566418
49047520 14754
49047677 62718
49047967 1204395
49048052 1617249
49052570 98420
49056891 1065070
49061606 18645
49061649 16031
49061652 69973
49061653 132058
49061663 1679796
49061692 447969
49061694 324679
49061696 1385039
49061698 437546
49061699 332138
49061700 391773
49061701 762007
49061703 206554
49061710 1138871
49061711 2617064
49061715 427289
49061716 996491
49061721 1113731
49061723 433093
49061725 2361218
49061727 218650
49061740 621248
49061742 1371570
49061744 377488
49061753 877001
49061755 1144274
49061763 733495
49068151 1498763
49068205 216850
49068316 1215357
19299244 257385
49070224 134077
49070409 34264
49071662 21856
49071719 412434
49072827 481785
49074297 468794
49074338 344556
49075068 185462
49077545 279531
31372007 400338
49079198 437763
49079199 153351
49085625 165144
49085626 430924
49085627 215835
49085628 212970
49085629 226712
49086261 82720
49086286 664958
49086404 1597095
49086424 422441
49086466 811471
49087988 125514
49088223 2105968
49088224 823468
49088291 49033
49088691 5310
2707081 165411
49095411 264105
49104317 285906
49146440 1035243
49146452 266045
34464211 635378
49312986 160007
49404426 1468909
49404541 1308580
49414724 18258
49494985 690133
21788505 1877134
34464210 371865
49524905 1015577
37412575 360868
49611291 1075039
49639206 512114
49648743 240120
49735070 18992
12462647 2323717
4898291 1166907
50050299 635194
50329577 988143
50347549 1018177
50499985 648715
50610495 2618696
50620821 2346828
50648826 699370
50671495 1869687
50920761 1607186
50999380 34324
51007756 60768
51200310 396879
51514484 763145
51878304 530077
