28570 28610
28570 28611
28570 28612
28570 28613
28570 28614
28570 28615
28570 28616
28570 28617
28570 28618
28570 28619
28570 28620
28570 28621
28570 28622
28570 28623
28570 28624
28570 28625
27358 38064
27358 38065
27358 38066
27358 38067
63699 63737
63699 63738
74320 74354
74320 74355
74320 74356
74320 74357
74320 74358
97939 97963
110566 110569
142688 147004
158123 158136
162346 162368
19914 270442
115216 273020
8720 288891
297327 297331
336329 336342
336329 336343
121729 347319
374374 374400
374374 374401
374374 374402
105579 378350
389879 389888
398205 398213
398205 398214
403591 403622
415275 415280
415607 415616
425727 425731
74331 427724
452094 452097
452094 452098
452094 452099
459593 459598
351063 464875
563701 563707
573712 573738
580010 580016
392130 589666
592420 592433
426839 598000
614292 614296
242050 624927
242050 624928
242050 624929
660387 660391
662842 662855
239569 681579
700514 700519
703868 703880
715065 715067
715512 715518
160527 725732
160527 725733
398187 727233
749281 749299
751209 751216
756105 767277
763030 775529
7527 837525
842374 842379
184840 870925
175152 882468
175152 882469
175152 882470
175152 882471
175152 882472
175152 882473
175152 882474
11695 885054
763034 899504
463363 907467
552636 918608
738628 919362
919955 919958
919955 919959
923880 923883
923880 923884
973463 973466
282823 1033136
1052654 1052672
595159 1055681
595159 1055682
595159 1055683
595159 1055684
1083847 1083852
459893 1121885
1121937 1121939
361061 1156792
361061 1156793
188279 1184258
27354 1187711
381546 1199898
548144 1200854
548144 1200855
812045 1201785
812045 1201786
360392 1206734
360392 1206735
360392 1206736
360392 1206737
1209410 1209417
1215341 1215343
1223274 1223277
1226645 1226647
421551 1234371
421551 1234372
421551 1234373
421551 1234374
421551 1234375
421551 1234376
421551 1234377
1065685 1252570
1253907 1253921
1253907 1253922
1253907 1253923
1253907 1253924
1265377 1265383
1273392 1273399
1302529 1302535
1327986 1327989
1343386 1343395
1343386 1343396
1345129 1345133
261529 1350949
361062 1362605
1375273 1375276
1375273 1375277
1380096 1380098
386937 1398467
386937 1398468
354366 1408581
354366 1408582
1420947 1420949
1420947 1420950
1420947 1420951
1420947 1420952
1420947 1420953
1420947 1420954
1420947 1420955
730436 1456906
1458395 1458400
1458395 1458401
1458395 1458402
1493007 1493014
1496703 1496707
1641164 1641166
1684371 1684374
1729792 1729794
1790276 1790277
1790289 1790292
1790289 1790293
1790289 1790294
1790289 1790295
1790289 1790296
1790289 1790297
1813966 1813970
475077 1820285
1852522 1852524
1857188 1857191
83585 1858780
1858829 1858833
1899526 1899529
1899526 1899530
1929159 1929161
2003898 2003901
2003898 2003902
2003898 2003903
2003969 2003973
2004025 2004030
2004025 2004031
2042184 2042187
2085288 2085295
2085288 2085296
2085288 2085297
2151759 2151762
2151759 2151763
2151759 2151764
2151759 2151765
2156286 2156290
2164245 2164248
2224703 2224719
51942 2234545
2252889 2252894
2271388 2271390
2271388 2271391
2277106 2277107
669359 2342438
669359 2342439
1534732 2435710
2737396 2737400
2737396 2737401
2737396 2737402
2757164 2757168
2824425 2824428
2877074 2877078
2877074 2877079
2877074 2877080
2877096 2877099
2877096 2877100
2916250 2916253
2916250 2916254
2916250 2916255
2916250 2916256
3065951 3065952
3065968 3065970
3500768 3500771
3500768 3500772
3500768 3500773
3822565 3822568
4025613 4025615
4799811 4799821
6345841 6345844
6345841 6345845
6345841 6345846
6345841 6345847
6345841 6345848
6345841 6345849
6345841 6345850
6345841 6345851
6345841 6345852
6345841 6345853
6345841 6345854
6345841 6345855
6345841 6345856
6345841 6345857
6345841 6345858
6345841 6345859
6345841 6345860
6345841 6345861
6345841 6345862
6345841 6345863
6345841 6345864
6345841 6345865
6345841 6345866
6345841 6345867
6345841 6345868
6345841 6345869
6345841 6345870
27214 8113290
27214 8113291
33345 8121468
33345 8121469
33345 8121470
33345 8121471
33345 8121472
33345 8121473
33345 8121474
33345 8121475
172598 8135172
1742844 8153406
232288 8157858
232288 8157859
23680 8164485
23680 8164486
23680 8164487
23680 8164488
23680 8164489
23680 8164490
786555 8164683
35455 8166167
414754 8224856
414754 8224857
414754 8224858
414754 8224859
414754 8224860
414754 8224861
420507 8225351
1668 8226658
135494 8303997
260593 8313385
607460 8323555
607460 8323556
391408 8329425
391408 8329426
188308 8342417
331238 8351595
7102351 8359841
771396 8360141
771396 8360142
771396 8360143
771396 8360144
771396 8360145
771396 8360146
771396 8360147
771396 8360148
771396 8360149
771396 8360150
8373192 8373194
8373192 8373195
8373192 8373196
8373192 8373197
8395614 8395622
2656746 8409146
356652 8409914
27283 8410015
8416739 8416741
8416739 8416742
8416739 8416743
8416739 8416744
8416739 8416745
8416739 8416746
8416739 8416747
8416739 8416748
8416739 8416749
8416739 8416750
8416739 8416751
8416739 8416752
8416739 8416753
8416739 8416754
8416739 8416755
8416739 8416756
8416739 8416757
8416739 8416758
8416739 8416759
8416739 8416760
8416739 8416761
8416739 8416762
8416739 8416763
8416739 8416764
8416739 8416765
8416739 8416766
8416739 8416767
8416739 8416768
8416739 8416769
8416739 8416770
8416739 8416771
8416739 8416772
8416739 8416773
8416739 8416774
8416739 8416775
8416739 8416776
63274 8420030
63274 8420031
63274 8420032
63274 8420033
63274 8420034
63274 8420035
63274 8420036
63274 8420037
63274 8420038
63274 8420039
63274 8420040
322227 8428796
8441364 8441369
2650935 8448017
2650935 8448018
96864 8567634
96864 8567635
366267 8571484
8586320 8586324
8586320 8586325
282821 8590729
1629902 8648264
682068 8648454
682068 8648455
682068 8648456
682068 8648457
682068 8648458
682068 8648459
682068 8648460
8653251 8653252
574184 8657342
574184 8657343
574184 8657344
574184 8657345
574184 8657346
393954 8663396
4117402 8666185
4117402 8666186
8317759 8679673
1461173 8684971
1461173 8684972
87952 8689931
1849632 8692906
8716853 8716858
8716853 8716859
8716853 8716860
8716853 8716861
8716853 8716862
8716853 8716863
203053 8727838
203053 8727839
450037 8732864
1645250 8736676
81786 8741723
81786 8741724
81786 8741725
235570 8749524
112439 8770496
714215 8775941
3537931 8779237
3537931 8779238
1109821 8787199
114274 8787959
3189171 8838136
2919980 8840896
40111 8853346
1367098 8900130
2128622 8905503
484111 8915612
344949 8931825
344949 8931826
344949 8931827
628871 8949833
628871 8949834
628871 8949835
628871 8949836
628871 8949837
628871 8949838
628871 8949839
2643932 8973689
8978452 8978454
8978452 8978455
8978452 8978456
8978452 8978457
8978452 8978458
8978452 8978459
8978452 8978460
8978452 8978461
8978452 8978462
2844979 8996312
9019494 9019495
175068 9030838
1946638 9037340
3410768 9046576
3410768 9046577
3410768 9046578
2921331 9067823
341119 9073132
1565760 9073969
1565760 9073970
1565760 9073971
1565760 9073972
1565760 9073973
1565760 9073974
9075350 9075353
8272633 9076164
9092778 9092780
9092778 9092781
9092778 9092782
904218 9108605
568741 9110883
307335 9125374
307335 9125375
307335 9125376
307335 9125377
335828 9130332
426013 9132640
426013 9132641
426013 9132642
2422881 9147656
2422881 9147657
9155511 9155513
7685835 9158132
7685835 9158133
7685835 9158134
3165163 9174783
3165163 9174784
3165163 9174785
746633 9185913
746633 9185914
1482303 9235604
675494 9244171
675494 9244172
675494 9244173
298381 9246011
298381 9246012
2455038 9246117
2455038 9246118
2455038 9246119
2679324 9254245
2679324 9254246
2157041 9265843
9204987 9343382
4475225 9409740
9539908 9539913
9539908 9539914
9543346 9543349
402330 9545568
402330 9545569
402330 9545570
9574257 9574260
7615900 9577978
9628129 9628133
9628129 9628134
9628129 9628135
9628129 9628136
9628129 9628137
9628129 9628138
9628129 9628139
9628129 9628140
9628129 9628141
9628129 9628142
9628129 9628143
9628129 9628144
9628129 9628145
9644162 9644168
9645240 9645243
9645240 9645244
9645240 9645245
9645240 9645246
8841324 9660653
9697569 9697571
7616615 9705881
7616615 9705882
7524787 9735864
9831189 9831191
9831649 9831652
2196646 9838247
1013805 9844475
1013805 9844476
1013805 9844477
9860381 9895304
2146230 9895312
2196489 9896692
6843323 9902963
9926968 9926971
9926968 9926972
9975335 9975336
10004095 10004097
10004095 10004098
10004095 10004099
10102131 10102132
10159671 10159674
10180488 10180490
10180488 10180491
10193683 10193684
10204234 10204237
10232957 10232959
10235303 10235305
10257423 10257427
10274354 10274357
10446389 10446391
10446389 10446392
7524657 10501724
8166142 10515811
8166142 10515812
8166142 10515813
4903657 10536739
2639675 10538056
2639675 10538057
2582960 10540332
2582960 10540333
10596635 10596638
10616050 10616052
10749306 10749307
1023101 10863334
5824806 10898368
10954352 10954357
624909 13678270
624909 13678271
624909 13678272
14026027 14026030
612 15237726
612 15237727
612 15237728
404146 15249355
1469388 15249436
1469388 15249437
712771 15260138
712771 15260139
712771 15260140
712771 15260141
712771 15260142
712771 15260143
712771 15260144
712771 15260145
712771 15260146
712771 15260147
712771 15260148
712771 15260149
46076 15262647
40825 15269724
40825 15269725
40825 15269726
33987 15273635
33987 15273636
33987 15273637
33987 15273638
316927 15277945
316927 15277946
316927 15277947
316927 15277948
172345 15309512
4560393 15340955
9701329 15390502
1125685 15392316
1125685 15392317
60573 15410794
60573 15410795
701117 15411594
701117 15411595
110809 15412387
12250829 15422363
421 15424299
972936 15428413
175291 15441372
175291 15441373
915427 15460106
915427 15460107
15474417 15474423
150707 15486057
55695 15493290
259655 15510495
259655 15510496
122222 15537392
15539974 15539976
15539974 15539977
15539974 15539978
15539974 15539979
1342583 15577071
3108250 15578389
362759 15580508
15637946 15637948
15654469 15654474
15655333 15655335
15656370 15656373
15656370 15656374
15656370 15656375
548142 15659303
15660309 15660317
424117 15724685
424117 15724686
3737259 15726871
23194 15727472
6465376 15759816
113238 15759842
3389745 15762020
434635 15763017
1750068 15792678
1750068 15792679
15824733 15824735
1858728 15838213
1858728 15838214
15838519 15838523
762435 15852772
762435 15852773
762435 15852774
152819 15856769
152819 15856770
152819 15856771
152819 15856772
15864032 15864041
914920 15906769
162447 15928641
185132 15931627
410316 15946227
1179094 15958396
4802438 15967686
1767145 15967732
1767145 15967733
1767145 15967734
1767145 15967735
1767145 15967736
1864293 15969194
1864293 15969195
563309 15973651
563309 15973652
563309 15973653
563309 15973654
563309 15973655
563309 15973656
563309 15973657
563309 15973658
563309 15973659
563309 15973660
563309 15973661
563309 15973662
563309 15973663
563309 15973664
563309 15973665
1051338 15977604
156942 15994938
156942 15994939
156942 15994940
156942 15994941
1718213 16006511
1763547 16042219
1763547 16042220
16058557 16058560
16095860 16095863
559701 16100782
890151 16103669
4793146 16136894
16138732 16138735
16156807 16156812
16156822 16156825
16156830 16156832
1077402 16158736
2157031 16171606
2157031 16171607
16172667 16172671
16172667 16172672
109025 16206513
16209411 16209413
1749240 16217363
16220670 16220674
944797 16225523
2221632 16227953
2828610 16235387
2320954 16237617
2320954 16237618
5115844 16244547
5115844 16244548
5115844 16244549
44624 16248401
44624 16248402
416634 16281370
416634 16281371
2608101 16281754
16357642 16357646
683777 16363553
16371837 16371840
175545 16392405
175545 16392406
175545 16392407
16414327 16414330
16414327 16414331
16414327 16414332
16414327 16414333
349812 16442615
5088014 16475750
8272649 16575692
8272649 16575693
8272649 16575694
8272649 16575695
8272649 16575696
8272649 16575697
8272649 16575698
8272649 16575699
8272649 16575700
8272649 16575701
7521960 16677145
2446292 16703173
2446292 16703174
2446292 16703175
16710471 16710474
1308832 16735897
2166315 16833928
1326591 16847833
1326591 16847834
16815686 16875234
16881203 16881205
2155620 16893353
16932721 16932723
16932721 16932724
3063226 16967302
3063226 16967303
3063226 16967304
17044118 17044119
17147555 17147558
17148475 17148478
17200087 17200089
17222583 17222584
17222583 17222585
17222583 17222586
17222583 17222587
17222583 17222588
17224148 17224150
17226348 17226350
17351988 17351991
17447113 17447116
17379 17466183
17379 17466184
17488932 17488934
246029 17520218
18136847 18136849
18509765 18509767
18531368 18531370
18531368 18531371
18973314 18973316
28600 20377304
28600 20377305
28600 20377306
50811 21937527
319853 21942695
86480 21973405
86480 21973406
113840 21980773
1739290 21983751
1526161 21997999
1526161 21998000
313737 22033086
20770837 22087325
12791 22096824
12791 22096825
12791 22096826
12791 22096827
12791 22096828
17877899 22101011
17877899 22101012
17877899 22101013
63358 22102424
564355 22104094
130566 22107545
1926878 22113839
29792 22125356
42114 22128471
42114 22128472
42114 22128473
42114 22128474
44653 22131537
44653 22131538
44653 22131539
44653 22131540
33793 22135697
33793 22135698
33793 22135699
33793 22135700
33793 22135701
33793 22135702
33793 22135703
33793 22135704
33793 22135705
546688 22135908
13700183 22149445
13700183 22149446
39734 22154379
74341 22155548
216863 22156483
139935 22157261
23930 22159028
23930 22159029
23930 22159030
23930 22159031
23930 22159032
23930 22159033
23930 22159034
23930 22159035
23930 22159036
23930 22159037
60574 22159065
864260 22173683
781465 22182109
781465 22182110
781465 22182111
781465 22182112
781465 22182113
781465 22182114
781465 22182115
781465 22182116
781465 22182117
781465 22182118
781465 22182119
781465 22182120
781465 22182121
781465 22182122
4819126 22184822
4819126 22184823
4819126 22184824
4819126 22184825
4819126 22184826
4819126 22184827
4819126 22184828
22188172 22188174
6768068 22192424
9571516 22192589
3026980 22196047
3026980 22196048
134996 22212341
930403 22212390
341423 22242578
341423 22242579
558474 22258169
112845 22286167
112845 22286168
112845 22286169
17611711 22306951
28598 22308503
28598 22308504
22317610 22317614
5120347 22333143
2004422 22341109
2004422 22341110
2004422 22341111
2004422 22341112
2004422 22341113
2004422 22341114
2004422 22341115
2699842 22348051
2699842 22348052
316011 22361644
316011 22361645
316011 22361646
316011 22361647
316011 22361648
316011 22361649
2404064 22365686
6880873 22378905
6880873 22378906
821863 22392615
317475 22411465
317475 22411466
317475 22411467
22426242 22426245
405991 22427193
748493 22435411
15880074 22435997
15880074 22435998
15880074 22435999
15880074 22436000
15880074 22436001
15880074 22436002
15880074 22436003
15880074 22436004
2592654 22462409
2303826 22475548
2303826 22475549
22476000 22476002
446473 22480508
1787787 22505357
165705 22506354
165705 22506355
2646631 22512810
17035164 22513085
6783495 22531369
22531552 22531556
5233958 22551644
5233958 22551645
1823055 22553213
1823055 22553214
1823055 22553215
1823055 22553216
458485 22571818
458485 22571819
22580805 22580831
704411 22588296
1479578 22594456
3785222 22598724
467701 22609310
440317 22631469
228937 22641819
39733 22654914
39733 22654915
821919 22669025
76582 22669147
2310316 22682188
592438 22694638
1253589 22709032
48551 22711591
22713421 22713433
22713421 22713434
22713421 22713435
705049 22742689
705049 22742690
705049 22742691
705049 22742692
705049 22742693
705049 22742694
705049 22742695
705049 22742696
705049 22742697
705049 22742698
705049 22742699
705049 22742700
705049 22742701
705049 22742702
705049 22742703
705049 22742704
6421519 22744246
1864294 22765611
1864294 22765612
1864294 22765613
1864294 22765614
1864294 22765615
13982724 22777844
13982724 22777845
13982724 22777846
13982724 22777847
13982724 22777848
13982724 22777849
13982724 22777850
13982724 22777851
22779091 22779097
22779091 22779098
22779091 22779099
22779091 22779100
22779091 22779101
22779091 22779102
2972979 22780795
1909569 22781599
22782611 22782616
467797 22811712
642804 22816489
9204128 22849290
263731 22880571
263731 22880572
22893491 22893493
16812166 22895976
16812166 22895977
22918256 22918259
22918256 22918260
2549793 22920289
2549793 22920290
1438594 22930354
3786484 22931117
618615 22937855
618615 22937856
4920307 22969532
23014668 23014669
1183475 23035500
18481411 23046648
18481411 23046649
18481411 23046650
18481411 23046651
18481411 23046652
938426 23051905
8603631 23105579
18865804 23188704
2313180 23202239
16007734 23272760
16869073 23442696
16869073 23442697
16869073 23442698
1626755 23482418
1626755 23482419
1626755 23482420
2239031 23493612
2241934 23501829
2241934 23501830
2184685 23503808
2171939 23509364
23614984 23614986
23614984 23614987
17155920 23678416
17155920 23678417
17225424 23756311
17075297 23763982
23822552 23822553
23822552 23822554
23822552 23822555
23825647 23825649
6473667 23825707
6473667 23825708
6473667 23825709
6473667 23825710
212276 23830069
11562872 23886222
11538502 23921086
23923039 23923041
7522589 23948970
22537671 24078576
24106472 24106474
24106472 24106475
24108756 24108760
2618686 24109874
1307699 24109887
1307699 24109888
10658113 8164487
959108 24110004
19705747 24145519
19705747 24145520
12172159 24382291
24520512 24520514
14059666 25062084
14059666 25062085
25069856 25069857
25069856 25069858
25700729 25700730
25700729 25700731
25700729 25700732
25700729 25700733
25700729 25700734
25700729 25700735
25700729 25700736
25700729 25700737
25700729 25700738
25700729 25700739
25700729 25700740
25700729 25700741
10947145 26782729
27179805 27179808
493 28355073
779794 28356123
253408 28369218
218414 28371988
218414 28371989
111704 28374822
111704 28374823
2264565 28392418
6153 28392472
5685 28392540
88992 28395210
646824 28419348
571128 28478400
248148 28489146
34666 28511325
34666 28511326
12905738 28515532
594717 28518662
239442 28528537
2218560 28534315
2218560 28534316
2218560 28534317
39950 28558721
2277873 28587908
119757 28603254
227637 28609315
645687 28614660
645687 28614661
645687 28614662
645687 28614663
645687 28614664
645687 28614665
23827995 28621498
28640813 28640817
145452 28666566
11622048 28669490
11622048 28669491
11622048 28669492
11622048 28669493
391406 28696566
391406 28696567
391406 28696568
391406 28696569
88672 28714060
4219660 28739256
4219660 28739257
4219660 28739258
4219660 28739259
4219660 28739260
4219660 28739261
4219660 28739262
192259 28766340
192259 28766341
192259 28766342
192259 28766343
192259 28766344
192259 28766345
192259 28766346
192259 28766347
192259 28766348
192259 28766349
288907 28778041
118053 28788598
14288092 28801766
14288092 28801767
14288092 28801768
2464204 28802102
2464204 28802103
171588 28818138
469915 28868343
6783470 28876893
3422800 28881181
1263824 28891896
1263824 28891897
1263824 28891898
1263824 28891899
1263824 28891900
1263824 28891901
1263824 28891902
1263824 28891903
4905377 28892364
4905377 28892365
9199760 28894195
9199760 28894196
9199760 28894197
9199760 28894198
4738841 28894977
815051 28897520
39727 28899094
39727 28899095
2517063 28900375
2517063 28900376
2517063 28900377
2517063 28900378
2517063 28900379
2517063 28900380
109893 28902829
330348 28910350
330348 28910351
1360687 28915388
28933504 28933506
385677 28935901
196413 28981474
2389004 28991727
2389004 28991728
2389004 28991729
2389004 28991730
3009750 29007312
9677888 29012412
9677888 29012413
691868 29024008
691868 29024009
1188791 29037059
2571139 29040750
1116941 29041689
1116941 29041690
1116941 29041691
1116941 29041692
1116941 29041693
1116941 29041694
1116941 29041695
1116941 29041696
1116941 29041697
1116941 29041698
1116941 29041699
29052078 29052081
29052078 29052082
421224 29057298
194296 29101993
392276 29122277
1964215 29123436
145453 29124459
145453 29124460
29125023 29125028
29125466 29125471
16153343 29133891
2849003 29144504
2156572 29149459
13642647 29166832
13642647 29166833
13642647 29166834
13642647 29166835
13642647 29166836
13642647 29166837
13642647 29166838
13642647 29166839
13642647 29166840
13642647 29166841
469554 29170711
29175021 29175028
29175021 29175029
29175021 29175030
29175021 29175031
1644906 29176673
638658 29177033
510636 29197664
1881739 29217218
47050 29219142
473423 29221241
1988684 29231771
1988684 29231772
1988684 29231773
1988684 29231774
1988684 29231775
28891887 29235536
28891887 29235537
28891887 29235538
2259831 29247346
490052 29249895
2315956 29288296
1452257 29289234
16885136 29307599
9512191 29362315
673197 29363144
673197 29363145
2177815 29369539
499412 29380335
28602 29385354
28602 29385355
28602 29385356
28602 29385357
4751547 29386574
916591 29408414
961484 29425987
476743 29433877
476743 29433878
476743 29433879
627232 29450475
627232 29450476
627232 29450477
1915992 29462751
1915992 29462752
7523961 29466953
7523961 29466954
7523961 29466955
303058 29487194
13987908 29513073
292582 29551635
29568940 29568941
29614914 29614916
29614914 29614917
29614914 29614918
22742669 29629001
22742669 29629002
22742669 29629003
22742669 29629004
29653302 29653304
29653302 29653305
29653302 29653306
29653302 29653307
29653302 29653308
10568251 29669827
96588 29673016
14281061 29674208
14281061 29674209
14281061 29674210
14281061 29674211
14281061 29674212
14281061 29674213
14281061 29674214
8272644 29676689
8272644 29676690
29701413 29701414
2182745 29774044
4953540 29792267
4602205 29822031
5614810 29828992
1822384 29837903
1822384 29837904
29884575 29884576
5173966 29910746
19730243 29913378
7522673 29916832
29951058 29951060
29977746 29977750
29977746 29977751
29977746 29977752
25042390 30003642
1913435 30039431
2725027 30091088
7522667 30122916
30150522 30150523
17585935 30206746
6271838 30228605
6271838 30228606
10577215 30288983
24169031 30295490
3019460 30301336
9502231 30350027
30359599 30359602
1057219 30378279
26836440 30425769
30427032 30427034
30427032 30427035
27244793 30427488
10660401 30458324
10660401 30458325
30555162 30555165
30704937 30704941
30704937 30704942
30773386 30773389
31335566 31335569
14682624 31345646
31372565 31372566
28327071 31829371
32588320 32588321
33390755 33390758
286620 34538825
286620 34538826
286620 34538827
2680461 34560067
1750116 34576186
4200025 34576267
12697 34577728
25529024 34579713
469085 34611855
111097 34611886
282007 34665690
34675527 34675529
376501 34683035
1361566 34683198
1361566 34683199
1361566 34683200
1361566 34683201
53933 34683323
61557 34708866
10916597 34713169
28603 34717134
28603 34717135
28603 34717136
28603 34717137
28603 34717138
28603 34717139
198377 34724381
1890312 34729534
1890312 34729535
1890312 34729536
66375 34732623
8040 34734741
8040 34734742
8040 34734743
8040 34734744
8040 34734745
8040 34734746
2817922 34761793
37206 34762583
14299525 34768431
14299525 34768432
849768 34777692
1870841 34779212
1870841 34779213
3408709 34799923
1841795 34807007
1085281 34824005
500000 34834132
34834490 34834491
34834490 34834492
34834490 34834493
34834490 34834494
198378 34837881
13677325 34854327
4268464 34881712
5189547 34891420
763031 34920879
763031 34920880
19935700 34935089
577 34943149
274735 34945625
274735 34945626
158324 34960958
34970561 34970564
34970561 34970565
34970561 34970566
34970561 34970567
34970561 34970568
34970561 34970569
34970561 34970570
34986120 34986124
34986120 34986125
34986120 34986126
34986120 34986127
2758022 34990473
14280978 34991882
14280978 34991883
120831 34992319
120831 34992320
39995 34993705
122505 34996969
35016119 35016122
35016119 35016123
35016119 35016124
35016119 35016125
35016119 35016126
35016119 35016127
35016119 35016128
35016119 35016129
35016119 35016130
35016119 35016131
35016119 35016132
35016119 35016133
35016119 35016134
35016119 35016135
35016119 35016136
35016119 35016137
35016119 35016138
35016119 35016139
35016119 35016140
35016119 35016141
35016119 35016142
35016119 35016143
35016119 35016144
35016119 35016145
35016119 35016146
35016119 35016147
35016119 35016148
35016119 35016149
35016119 35016150
35016119 35016151
35016119 35016152
35016119 35016153
35016119 35016154
35016119 35016155
35016119 35016156
35016119 35016157
35016119 35016158
35016119 35016159
35016119 35016160
35016119 35016161
35016119 35016162
35016119 35016163
35016119 35016164
35016119 35016165
35016119 35016166
93557 35026615
22184820 35043381
22184820 35043382
35046310 35046313
1927248 35060159
1298053 35063276
3197863 35081433
8351721 35096804
8351721 35096805
1149691 35107728
423561 35109835
423561 35109836
28271075 35151694
2810270 35170286
2810270 35170287
2810270 35170288
2810270 35170289
2826366 35182119
3106384 35209247
1063092 35217301
1116703 35219145
1116703 35219146
1116703 35219147
31393447 35231305
286488 35259779
286488 35259780
1866477 35264752
106754 35272340
106754 35272341
106754 35272342
35275019 35275021
35277447 35277454
4168510 35290531
952311 35291164
952311 35291165
952311 35291166
952311 35291167
35293664 35293666
8272647 35319739
16612260 35356144
16612260 35356145
16612260 35356146
35378005 35378007
3404333 35382646
6465199 35388850
673483 35390555
10647458 35391149
19827 35396803
5875408 35396942
35398830 35398832
2299657 35416989
2211136 35450149
2720164 35469993
2720164 35469994
322225 35016152
327639 35526622
2156912 35530798
388148 35545202
35566676 35566677
629166 35571393
8272631 35577296
8272631 35577297
8272631 35577298
8272631 35577299
8272631 35577300
8272631 35577301
8272631 35577302
8272631 35577303
35632349 35632350
8984144 35662338
35692054 35692056
2656652 35722003
2656652 35722004
35726311 35726313
35796876 35796878
393672 35827977
6867650 35828048
35835249 35835251
8890833 35850851
35857266 35857268
35917069 35917071
35957575 35957576
35957575 35957577
35957575 35957578
35957575 35957579
35957575 35957580
1442965 35970755
1340657 35974498
1340657 35974499
31674241 35995051
2253423 35997726
28595195 36134722
27824491 36335872
7762921 36338278
7522403 36340597
2545792 36356072
36356381 36356383
36404509 36404512
36432551 36432553
5174231 36443412
5174231 36443413
24120553 36453480
25727891 36492190
25727891 36492191
36518095 36518098
36522186 36522187
36522186 36522188
36522186 36522189
36522186 36522190
36393386 36522255
682071 36550117
3109873 36553202
3109873 36553203
36553484 36553486
34022355 36581157
24501472 36635302
7522168 36654286
7522168 36654287
16040873 36689104
21406385 36726614
16059691 36737683
36851612 36851613
8272 40510121
277625 40511200
1469387 40527085
1469387 40527086
639469 40541935
639469 40541936
40542623 40542628
413352 40556893
413352 40556894
413352 40556895
413352 40556896
413352 40556897
145244 40565869
346682 40598095
16988 40598165
16988 40598166
174995 40599535
392046 40599575
12008 40600063
43456 40664240
942632 40746046
2013982 40750639
9639199 40754337
9639199 40754338
520342 40764448
121787 40765078
121787 40765079
121787 40765080
117660 40765952
9451423 40772190
9451423 40772191
9451423 40772192
1342726 40774019
256521 40818804
8578936 40842622
2871549 40846814
2402478 40855452
62160 40860972
6823297 40861094
113910 40863002
2149872 40866639
2850105 40871110
2850105 40871111
2850105 40871112
2850105 40871113
2850105 40871114
2850105 40871115
2850105 40871116
645688 40872827
12157550 40875041
274761 40878241
274761 40878242
175817 40878854
7531255 40884121
7531255 40884122
7531255 40884123
1744729 40885932
1744729 40885933
14299855 40896257
412233 40901285
1745628 40917578
1745628 40917579
35688264 40924812
35688264 40924813
35688264 40924814
35688264 40924815
35688264 40924816
35688264 40924817
35688264 40924818
35688264 40924819
35688264 40924820
35688264 40924821
35688264 40924822
35688264 40924823
35688264 40924824
2487277 40929979
559078 40934909
559078 40934910
371019 40937212
371019 40937213
6272592 40947916
6272592 40947917
6272592 40947918
1205985 40950762
4176409 40955341
40971639 40971643
3227765 41017400
659564 41018802
3121634 41021062
12925 41023444
7535789 41031558
1916297 41032051
1916297 41032052
1916297 41032053
1916297 41032054
2304508 41041062
491967 41057814
491967 41057815
491967 41057816
491967 41057817
8592217 41071954
36057434 41085574
36057434 41085575
36057434 41085576
36057434 41085577
36057434 41085578
36057434 41085579
36057434 41085580
309338 41086657
309338 41086658
885382 41110184
885382 41110185
885382 41110186
885382 41110187
885382 41110188
885382 41110189
1988689 41116598
283841 41121023
582987 41145149
582987 41145150
582987 41145151
582987 41145152
4579500 41145433
4579500 41145434
4579500 41145435
461822 41150083
461822 41150084
138904 41150103
138904 41150104
138904 41150105
138904 41150106
682074 41166926
41189526 41189529
9413768 41197517
9413768 41197518
9413768 41197519
6859500 41209901
6859500 41209902
30074929 41211195
454403 41249928
22742670 41261878
22742670 41261879
22742670 41261880
22742670 41261881
22742670 41261882
22742670 41261883
22742670 41261884
22742670 41261885
22742670 41261886
22742670 41261887
10717892 41264096
1787760 41264738
1787760 41264739
175818 41266347
175818 41266348
175818 41266349
282825 41266404
2188955 41268817
2188955 41268818
70397 41272194
70397 41272195
70397 41272196
70397 41272197
70397 41272198
70397 41272199
70397 41272200
70397 41272201
70397 41272202
70397 41272203
70397 41272204
70397 41272205
70397 41272206
70397 41272207
70397 41272208
70397 41272209
70397 41272210
70397 41272211
70397 41272212
70397 41272213
70397 41272214
70397 41272215
70397 41272216
70397 41272217
70397 41272218
70397 41272219
70397 41272220
70397 41272221
70397 41272222
70397 41272223
70397 41272224
70397 41272225
70397 41272226
70397 41272227
70397 41272228
1966324 41292002
495057 41367437
1428471 41375753
5187121 41420616
914042 41427377
914042 41427378
914042 41427379
914042 41427380
914042 41427381
914042 41427382
914042 41427383
914042 41427384
914042 41427385
914042 41427386
914042 41427387
914042 41427388
914042 41427389
553654 41445588
4851513 41450157
1263827 41485536
41491953 41491956
2450387 41530797
801884 41532576
801884 41532577
801884 41532578
63454 41536791
63454 41536792
63454 41536793
383750 41541943
383750 41541944
369193 41572728
369193 41572729
369193 41572730
369193 41572731
369193 41572732
41622709 41622712
41622709 41622713
483289 41624226
483289 41624227
483289 41624228
483289 41624229
41641148 41641152
41641148 41641153
2450354 41655259
2450354 41655260
32590693 41684495
41684651 41684653
947968 41697411
4848352 41850282
2185609 41903576
16828328 41922280
17654243 41930007
41998784 41998785
7520349 41998883
42044490 42044493
18953753 42100705
42101013 42101017
4293559 42167871
4293559 42167872
10664920 42171026
10664920 42171027
10664920 42171028
10664920 42171029
10664920 42171030
10664920 42171031
39717551 42215020
27244781 42230607
42233706 42233709
42236056 42236058
1378842 42364586
42430465 42430467
42430465 42430468
42430465 42430469
42433591 42433593
4482143 42444379
4482143 42444380
28595 42455513
28595 42455514
7521741 42491197
42491474 42491477
8272646 42497567
8272646 42497568
42809500 42809503
8272630 43369314
43906078 43906080
46354915 46354919
29796 46355746
29796 46355747
46359107 46359108
46359107 46359109
46359107 46359110
2701287 46360711
112514 46375687
112514 46375688
12926 46377544
12926 46377545
12926 46377546
12926 46377547
12926 46377548
12926 46377549
3714264 46381510
3714264 46381511
4787 46385240
139079 46390321
398060 46416416
189332 46426427
200177 46426490
8905500 46481957
8905500 46481958
8905500 46481959
8905500 46481960
2532776 46486639
2532776 46486640
2532776 46486641
1842455 46487862
1842455 46487863
1842455 46487864
274333 46488580
85590 46495160
85590 46495161
1787847 46513272
1787847 46513273
145564 46518660
213613 46518960
213613 46518961
213613 46518962
88617 46519342
88617 46519343
88617 46519344
88617 46519345
39732 46520700
39732 46520701
236021 46536583
236021 46536584
236021 46536585
236021 46536586
236021 46536587
278299 46537586
278299 46537587
91293 46537717
6692487 46552993
2791340 46558790
17585530 46560464
609629 46569147
609629 46569148
609629 46569149
609629 46569150
1721696 46582284
1721696 46582285
252273 46584060
547129 46585463
747403 46606474
117829 46628092
1299580 46637363
178315 46664707
842352 46673092
842352 46673093
192279 46674665
68115 46689821
1932974 46690633
1932974 46690634
1932974 46690635
1932974 46690636
1932974 46690637
1490790 46693327
1490790 46693328
112099 46698556
112099 46698557
16408546 46706483
297016 46710962
297016 46710963
31973848 46720103
3019463 46721167
3019463 46721168
3019463 46721169
3019463 46721170
3019463 46721171
1011256 46750340
461861 46755213
28898741 46771907
1357594 46776652
124426 46784926
7710272 46789424
33454318 46837368
33454318 46837369
33454318 46837370
33454318 46837371
66376 46839040
1016237 46848542
2471556 46850278
14281010 46853089
2404633 46857620
1850568 46866098
1850568 46866099
22742671 46870582
22742671 46870583
22742671 46870584
16994295 46871978
16994295 46871979
97453 46920417
2863425 46925981
586562 46927043
586562 46927044
586562 46927045
10363374 46976947
402118 46984295
14745 47010831
66131 47031635
47052130 47052134
21245538 47053594
388627 47065797
388627 47065798
4146272 47067403
4146272 47067404
27910279 47072203
983519 47078277
983519 47078278
983519 47078279
983519 47078280
983519 47078281
983519 47078282
983519 47078283
549857 47087167
1939400 47106130
21025631 47112684
22880877 47112961
4912756 47117315
1132293 47118249
160612 47120058
160612 47120059
160612 47120060
47147517 47147520
47147517 47147521
695112 47163880
695112 47163881
2793976 47166680
2793976 47166681
3526572 47178854
805338 47180497
805338 47180498
1820004 47186253
27398052 47193891
34768425 47200459
4851370 47224278
194521 47232325
194521 47232326
194521 47232327
22742672 47283446
47283759 47283760
705848 47284095
2187650 47287963
2187650 47287964
2187650 47287965
2792296 47304868
2792296 47304869
2792296 47304870
682079 47326405
4479066 47326556
2498774 47374131
362825 47374139
403611 47378476
545717 47380324
545717 47380325
545717 47380326
1303883 47405182
43863215 47405273
20686256 47419026
3006087 47426020
3006087 47426021
3006087 47426022
22537673 47445967
22537673 47445968
22537673 47445969
16962898 47467684
7144099 47487402
7144099 47487403
7144099 47487404
7144099 47487405
7144099 47487406
7144099 47487407
7144099 47487408
7144099 47487409
7144099 47487410
7144099 47487411
7144099 47487412
7144099 47487413
22655054 47540496
22655054 47540497
26790163 47556511
15505391 47570498
47588787 47588789
47588787 47588790
47588787 47588791
30730185 47653558
30730185 47653559
30730185 47653560
7807931 47655118
7807931 47655119
7807931 47655120
7807931 47655121
7807931 47655122
7807931 47655123
7807931 47655124
7807931 47655125
16839999 47661905
47665073 47665075
47665073 47665076
47665073 47665077
47665073 47665078
47665073 47665079
47671445 47671448
10539339 47673130
3287794 47694472
3287794 47694473
14059575 47699880
1373161 47706532
992545 47711784
47755561 47755564
47755561 47755565
2379650 47823981
23445719 47835421
23445719 47835422
4992196 47894485
18387853 47899802
39469347 48007347
39469347 48007348
48009048 48009050
48009442 48009445
147001 48040675
2977847 48054940
48057880 48057883
39658107 48087617
48134291 48134292
10420778 48149926
10210459 48186118
2916258 48186144
4991252 48198885
4991252 48198886
48203359 48203363
15744113 48218979
48257386 48257387
48257485 48257488
11022704 48257566
42544519 48280968
48283629 48283633
6271690 48386191
48474472 48474474
48521357 48521359
48521357 48521360
1258888 48584756
2197711 48584916
27824480 49028871
8462525 50693125
