3206612 7341
3226162 260519
3818156 22502
4195350 236762
4195352 23811
4822456 23102
4822461 115980
4822465 34694
4822473 7621
4822483 23953
4822488 226849
4822494 83216
4822504 51986
4822509 131243
4822512 34281
4822516 23433
4822525 467146
4822529 129243
4822539 295150
4822543 95414
4822550 29189
4822557 240976
4822564 61159
4822566 216258
4822571 129032
4822577 218362
4822605 759610
4822618 128111
4822626 128375
4822634 2732
4822648 58840
4822654 71788
4822675 15501
4822684 5187
4822687 62204
4822705 158233
4822718 184539
4822721 63262
4822741 7668
4822751 54386
4822754 9506
4822758 269815
4822762 122365
4822770 274220
4822781 343984
4822786 134279
4822796 54199
4822799 13394
4822810 255301
4822814 267669
4822816 519301
4822821 18771
4822823 48402
4822830 209640
4822833 35135
4822837 209549
4822841 483007
4822852 337388
4822858 62920
4822864 70324
4822871 229072
4822874 78739
4822878 343258
4822911 59408
4822926 136407
4822932 133893
4822983 48274
4822993 303461
4823001 5722
4823009 817470
4823013 274017
4823015 159447
4823031 241138
4823034 177966
4823037 266912
4823042 40774
4823045 355257
4823047 310053
4823055 645000
4823058 181729
4823068 20846
4823074 205321
4823079 80686
4823091 254058
4823112 191764
4823116 229249
4823119 493421
4823133 512116
4823165 62248
4823168 95474
4823193 110309
4823197 831232
4823203 144783
4823210 59573
4823213 132311
4823218 147427
4823222 510591
4823225 80507
4823230 50295
4823232 380985
4823237 28692
4823242 18665
4823268 28532
4823271 318615
4823274 86824
4823277 254404
4823280 56943
4823282 26155
4823292 86279
4823298 150250
4823306 201223
4823309 365065
4823328 95081
4823342 127506
4823349 21501
4823360 194612
4823364 98891
4823367 23057
4823371 40394
4823400 232766
4823405 209550
4823409 95505
4838238 20572
4838242 17632
4847373 37501
4847386 224364
4847455 13908
4847488 97294
4847496 329880
4847499 786239
4847518 40762
4847561 126786
4847564 864956
4847571 64771
4847582 239504
4847593 5747
4847630 3167
4847639 130537
4847642 435741
4847662 144837
4847702 106644
4847740 382723
4847761 128551
4847779 271788
4847815 71098
4847836 45743
4847836 64823
4847861 37460
4847889 150337
4847897 59319
4847904 336180
4851037 119191
4851041 49238
4851043 40785
4851046 235336
4851055 250728
4851132 260349
4851135 237942
4853750 60787
4853770 64193
4853802 130288
4853871 135129
4853875 607403
4853887 16511
4853892 18741
4853921 36536
4854137 200868
6347728 82710
6458403 240167
6459231 48490
6459754 59413
6460013 447813
6885210 113733
6885214 22661
6885667 221679
6885870 39894
8814326 215302
8877150 97430
8934480 110520
9037287 20103
10024319 39918
10199228 121101
10323978 61697
10737713 5182
10742888 5365
10743673 61445
10747581 243513
10930265 280241
10965467 81737
11254151 3864
11600452 117228
11633787 44396
11634739 5971
11634743 10768
11634747 5926
11634753 76451
11634755 26408
11634770 37908
11634774 134815
11890407 200674
12139677 60177
12147139 34607
12167147 122471
12206795 176783
12206802 129854
12206813 35413
12206817 162613
12206825 103037
12206833 254071
12206846 103568
12206851 265632
12206858 6054
12206867 232487
12206870 64851
12206878 193350
12206891 71675
12206895 117223
12206901 100206
12206903 390303
12206907 183986
12206912 126108
12206920 866496
12206929 29154
12206934 100199
12206943 123040
12206949 116843
12206967 9574
12206969 64238
12206975 26936
12206979 558801
12206983 11708
12206991 2822
12206996 110298
12207009 492957
12207018 202301
12207022 267515
12207033 561887
12207045 218638
12207049 59867
12207061 140297
12207065 241133
12207068 362526
12207076 121973
12207078 128506
12207081 295809
12207083 262235
12207087 18651
12207090 300028
12207099 4660
12207102 7685
12207104 304829
12207107 87803
12207110 42884
12207114 160674
12207116 134521
12207128 40776
12207130 20770
12207140 95571
12207146 148423
12207149 47399
12207154 140097
12207158 62887
12207161 60287
12207167 207928
12207172 33668
12207174 93620
12207177 251191
12207185 82625
12207187 697091
12207192 322698
12207199 298610
12207215 20051
12207220 39107
12207225 18850
12207235 9476
12207239 131757
12207242 105570
12207262 18754
12207264 86289
12207268 380807
12207279 9484
12207288 391417
12207292 128166
12207295 72500
12207312 391546
12207319 75883
12207322 82241
12207333 155301
12207342 224966
12207346 2170
12207350 395348
12207353 87801
12207364 144484
12207371 138257
12207375 549287
12207391 78755
12207400 118114
12207404 222387
12207427 368615
12207430 118694
12220661 223038
12220670 21568
12220676 398106
12228944 55881
12228947 46839
12228962 141279
12228966 451630
12228986 56485
12228992 49470
12228995 188190
12229003 3897
12229008 85063
12229025 66126
12229037 73979
12229044 40729
12229047 113348
12229050 287861
12229061 280031
12229079 424878
12229082 52543
12229087 564031
12229095 269836
12229100 120663
12229102 74224
12229105 11562
12229107 209379
12229110 128648
12229116 33286
12229149 262144
12229163 149551
12229218 34422
12229249 62802
12229257 24457
12229263 59452
12229265 232157
12229267 198328
12229270 62740
12229283 13491
12229319 281742
12229346 33910
12229349 157431
12229365 262115
12229368 113746
12232181 11243
12232191 426381
12234554 766969
12234557 64870
12234636 58150
12234693 39032
12234756 314358
12234768 78110
13695297 63975
13695920 10541
14086657 245601
14090743 130118
14090757 65741
14090968 358781
14091392 21151
15407751 10028
16210015 155540
16737906 18258
17035078 94654
17206004 135480
17717709 13483
17879460 146266
17881972 162727
17882390 81680
17883372 84089
18159163 128949
18473350 251953
18483502 16336
18483891 567672
18490899 244386
18517327 19069
18517352 80646
18517361 11477
18610611 97529
18760463 288618
18996306 255653
19058599 353792
19058603 84641
19058609 86924
19058617 83206
19058621 541063
19058628 77262
19058634 65188
19058644 127997
19058655 205492
19058660 138521
19058663 57722
19058686 548804
19058693 23541
19058697 37361
19058709 62927
19058712 84016
19058718 66331
19058734 2988
19058735 55425
19058737 148689
19058752 304913
19058756 39594
19058762 71137
19058768 349402
19058776 121732
19058778 68323
19058794 120659
19058801 122099
19058804 77993
19058806 12424
19058813 52732
19058823 257735
19058826 76606
19058836 42822
19058841 480280
19058849 121185
19058854 176015
19058856 267484
19058858 9679
19058863 179423
19058865 131011
19058872 549751
19058881 74715
19058884 353638
19058886 11022
19058897 70589
19058901 239389
19058906 64005
19058909 8812
19058912 221886
19058918 294406
19058923 17489
19058926 257243
19058928 20077
19058930 95113
19058932 77813
19058935 133662
19058939 90876
19058942 262892
19058944 3111
19058947 16188
19058949 498248
19058952 74472
19058958 446543
19058962 918562
19058967 304822
19058970 142576
19058974 97539
19058980 11648
19058989 357
19058992 184089
19058994 65765
19058998 177382
19059006 243032
19059011 92153
19059018 5920
19059026 72773
19059034 67908
19059038 134608
19059050 61977
19059054 5735
19059057 147383
19059059 59228
19059067 139705
19059070 236223
19059073 728047
19059075 10758
19059087 1068587
19059090 263579
19059094 173263
19059101 113620
19059103 14797
19059116 102189
19059122 21309
19059125 49209
19059143 72186
19059145 20038
19059148 199449
19059151 137477
19059155 22570
19059157 71729
19059166 328516
19059170 80475
19059179 202927
19059183 423755
19059188 48352
19059190 61950
19059192 29858
19059201 91980
19059207 1101
19059231 147011
19072062 78240
19072081 213844
19072120 76696
19079672 268695
19079682 36297
19079688 50279
19079729 35141
19079733 68326
19079736 127315
19079742 73422
19079760 5368
19079770 195984
19079777 109573
19079787 325579
19079791 286353
19079824 18738
19079828 340860
19079840 782666
19079873 520966
19079880 265082
19079935 118112
19079948 92509
19079959 167340
19079976 48441
19079979 21139
19080009 203427
19080073 161858
19080078 93792
19082585 22568
19082587 8505
19082589 66419
19082707 8969
19085091 66429
19085100 22601
19085144 33287
19085201 224705
19085235 20095
20458042 2962
20837140 78099
20837232 78483
20837420 469859
20837510 37102
20837513 44833
20837592 127611
20837937 58855
22551020 189524
23705625 95092
23885522 15648
23998912 33941
24257122 275091
24284789 423320
24409920 14193
24437134 69914
24704447 77537
24710775 199637
25024054 403076
25034202 40744
25057483 14796
25057486 25083
25085000 19327
25085006 10469
25290784 222054
25290798 61068
25365908 43303
25488120 402463
25575477 58830
25575479 373141
25575484 222411
25575488 369349
25575492 240902
25575495 58119
25575499 164505
25575501 65236
25575504 200882
25575507 343790
25575510 166891
25575513 100195
25575516 643962
25575523 76456
25575532 106859
25575534 265795
25575540 61911
25575547 171670
25575553 3107
25575568 78674
25575572 17659
25575574 275734
25575587 59315
25575593 62127
25575601 31302
25575604 135734
25575612 650037
25575616 274135
25575633 17095
25575638 128569
25575649 77906
25575652 185673
25575656 57964
25575661 135535
25575663 223511
25575667 118123
25575674 260855
25575678 334991
25575681 268657
25575687 83236
25575689 224932
25575694 14640
25575703 18958
25575705 18170
25575707 22619
25575709 109437
25575712 181120
25575716 293809
25575722 11863
25575727 125514
25575732 236025
25575735 130754
25575745 10744
25575749 755777
25575757 189938
25575759 5972
25575761 22792
25575763 74304
25575765 183200
25575768 77643
25575771 227806
25575775 161386
25575780 178564
25575788 175797
25575793 60603
25575797 39268
25575799 29168
25575801 62401
25575803 76527
25575807 22603
25575810 132649
25575814 235949
25575816 236612
25575820 34925
25575823 368484
25575825 346659
25575830 61223
25575833 114690
25575835 92698
25575838 164302
25575840 285531
25575850 268373
25575855 2767
25575878 58138
25575881 75564
25575883 39201
25575885 249115
25575887 40742
25575908 31113
25575911 293011
25575914 102719
25575927 172795
25575931 65892
25575933 269693
25575936 378485
25575939 126344
25575943 584715
25575949 10647
25575957 408334
25575964 330157
25575968 44394
25575973 128389
25575975 38962
25575979 48283
25575983 125486
25575988 41691
25575998 71985
25576008 69400
25576010 49033
25576022 26525
25576024 231490
25576026 493286
25576028 292610
25576032 18134
25588047 20648
25588058 52839
25590798 89123
25595454 5264
25595493 130191
25595507 148594
25595507 289986
25595510 290039
25595516 3182
25595538 97762
25595540 293061
25595542 200665
25595547 52020
25595554 213573
25595564 37980
25595581 382224
25595582 84048
25595605 42941
25595612 247978
25595615 83120
25595621 52685
25595623 215695
25595627 551805
25595638 19054
25595649 112745
25595665 214764
25595677 23967
25595686 201169
25595718 5969
25595732 160998
25595734 298624
25595765 4667
25595788 249720
25595790 906797
25598473 92190
25598476 220109
25598478 45125
25600597 318410
25600638 251928
25600653 40787
25600726 28453
25600728 38987
25600737 129268
25600739 246656
25600741 210416
25600749 224810
25600771 246670
25600865 68556
25600881 84783
25600887 22905
25787551 125980
26903111 62456
26904461 15967
27272894 216294
27272921 15519
27272934 78652
27272936 392811
27273119 67570
27273128 150603
27273133 120672
27273358 11157
29589321 11087
29680087 149516
29724721 133545
29735024 144734
30026686 84608
30375096 3437
30430799 39857
30554372 8813
30565309 13326
30744250 240204
30745366 237681
30997615 215994
31002941 182150
31117926 568766
31305084 60235
31317207 81629
31344403 15540
31344405 204362
31344411 18664
31344418 66094
31344421 149656
31344427 72636
31371315 25075
31574435 62730
31818350 744412
31818354 165595
31853709 66453
31853711 176508
31853715 69023
31853717 325871
5618005 178351
31853731 38048
31853737 17235
31853741 212155
31853748 66465
31853757 100194
31853762 273108
31853764 195525
31853766 10597
31853777 23067
31853780 249552
31853785 289
31853793 45192
31853796 34142
31853803 231743
31853827 388533
31853836 34156
31853839 28790
31853842 114246
31853852 127625
31853857 207552
31853866 59572
31853872 118559
31853874 68963
31853876 76689
31853878 29652
31853885 248413
31853888 242953
31853895 164214
31853907 122515
31853909 18820
31853916 277889
31853921 218341
31853930 74296
31853943 75423
31853948 110609
31853950 542458
31853953 23037
31853958 756852
31853972 40463
31853975 510648
31853977 64004
31853990 275110
31853993 131133
31853998 318598
31854003 84657
31854005 2768
31854010 229924
31854013 231214
31854018 390188
31854020 447355
31854022 59608
31854027 327531
31854039 19758
31854047 304801
31854049 163675
31854051 21856
31854053 160838
31854056 134707
31854059 125608
31854061 133765
31854066 735460
31854070 60834
31854087 28342
31854090 3152
31854097 62926
31854106 164575
31854111 381055
31854113 90326
31854117 296111
31854119 73316
31854124 223213
31854128 17119
31854130 92009
31854132 190076
31854139 131597
31854141 61013
31854147 57786
31854149 207212
31854152 11044
31854158 71753
31854168 381808
31854174 62374
31854181 131800
31854183 74682
31854185 179831
31854188 226126
31854198 16621
31854201 66417
31854216 34911
31854221 83972
31854223 100740
31854227 9855
31854231 75611
31854234 60668
31854243 195633
31854245 29158
31854250 453371
31854257 38240
31854260 167860
31854262 20708
31854265 33285
31854268 272659
31854273 237008
31854279 45469
31854281 230362
31854285 8503
31854288 252002
31854290 72409
31854294 190981
31854298 160007
31854301 57265
31854314 331542
31854324 36779
31854326 470838
31854338 97315
31854341 88529
31854345 5394
31854351 84864
31854365 319251
31854385 271265
31854389 78964
31854391 125991
31854397 42064
31854398 82627
31866872 23368
31866878 230995
31866880 50299
31866891 292229
31866906 163874
31873987 23836
31873991 135745
31873994 56187
31873998 19604
31874002 296278
31874017 34506
31874037 57719
31874045 58157
31874049 34567
31874077 610896
31874079 198498
31874095 137853
31874100 246628
31874170 348695
31874186 129513
31874213 635385
31874216 9285
31874256 245435
31874258 135141
31874261 499214
31874301 13295
31874309 73511
31876682 221315
31876685 12509
31876692 46265
31876694 524774
31876698 22666
31878806 45902
31878821 95827
31878920 58895
31878922 10646
31878949 25821
31878969 133192
31878995 434487
31879037 386199
31879048 27823
31879076 318537
33478214 45782
33481908 3365
33482118 307554
33482193 39917
33482206 258791
33482222 42853
33482586 245174
33482787 62522
33482820 238168
33482935 87342
35834348 148570
35859800 181959
36502173 428921
36687106 1154071
36703093 14184
36851769 253561
36854814 114303
36854957 359926
37099212 24376
37167857 4179
37414504 49889
37436340 50202
37437259 132910
37437265 5701
37661061 161568
37867320 16597
37898042 331431
37932961 346005
37932971 455623
37932975 41711
37932977 110514
37932981 7872
37932986 159672
37933001 145954
37933007 105204
37933010 4541
37933027 58474
37933039 257819
37933044 12440
37933056 37801
37933063 28380
37933065 150271
37933071 432146
37933087 64912
37933092 70965
37933095 131556
37933103 227517
37933107 71253
37933111 67630
37933116 66613
37933122 237285
37933125 75760
37933128 129353
37933131 216040
37933135 156749
37933139 83651
37933141 209759
37933145 194136
37933154 134446
37933158 42035
37933168 101435
37933178 315360
37933182 78313
37933184 88007
37933188 143248
37933197 72083
37933202 86297
37933206 173077
37933210 64729
37933221 114260
37933229 93117
37933233 282937
37933245 185126
37933247 98247
37933249 382575
37933251 131758
37933253 70149
37933259 769874
37933263 65152
37933268 239939
37933274 171175
37933279 25034
37933286 167259
37933289 200002
37933291 202912
37933293 105573
37933295 34110
37933300 105565
37933305 62475
37933310 3608
37933314 8504
37933316 20952
37933319 26661
8683908 37503
37933328 72141
37933331 75272
37933335 10635
37933337 62462
37933341 288711
37933348 87368
37933350 134349
37933352 19499
37933355 428266
37933361 26012
37933366 230836
37933383 119184
37933385 132538
37933391 211597
37933394 62466
37933396 238831
37933400 82707
37933402 16390
37933405 58152
37933410 236881
37933415 309024
37933417 44042
37933419 348101
37933424 77827
37933428 60608
37933438 18580
37933441 4656
37933447 50519
37933456 77982
37933458 469526
37933462 41307
37933465 131961
37933469 22586
37933472 130687
37933474 64046
37933476 237492
37933480 155487
37933482 100185
37933484 239784
37933489 29397
37933496 34100
37933503 36447
37933514 15908
37933527 199701
37933530 263437
37933532 52844
37933559 34352
37933562 307449
37933565 2008084
37933567 252254
37933576 281716
37944940 73853
37944954 199652
37944958 132034
37944970 237736
37944972 29570
37951684 45126
37951689 64553
37951710 49890
37951726 23071
37951730 128382
37951736 201107
37951738 12447
37951747 93618
37951765 119725
37951769 71007
37951781 60424
37951785 191848
37951789 876346
37951791 151107
37951799 83906
37951809 259311
37951827 231714
37951850 260662
37951870 45381
37951872 295154
37951899 218385
37951907 167426
37951917 238216
37951920 4317
37951926 36224
37951928 18030
37951930 275915
37951981 22584
37951987 274265
37952009 32790
37952017 161063
37952020 58319
37952027 297532
37954425 792792
37954428 100219
37954431 40797
37954433 80298
37954472 75599
37956580 104862
37956632 60165
37956642 254406
37956642 871054
37956730 2978
37956836 213831
39145279 18626
39492440 59308
39496083 129831
39496206 294889
39496259 193306
39496580 29447
39496751 242649
39496785 23064
39496794 236439
39496821 12547
39496899 25033
40661544 59919
41359041 24946
41467409 144838
41816820 130883
42086141 261984
42291833 353069
42771051 97345
42814435 161963
43345872 19334
43355685 233570
43380797 21292
43439843 76273
43841804 677253
43841807 302358
43841817 26515
43841819 437154
43841821 119585
43841826 264309
43841828 260089
43841835 37969
43841839 78435
43841850 126598
43841852 349476
43841860 77729
43841862 261078
43841864 110110
43841869 34440
43841872 243836
43841874 386455
43841881 75497
43841885 18452
43841888 19098
43841890 620973
43841892 48269
43841901 275092
43841905 29552
43841908 122485
43841911 193311
43841914 131171
43841917 433903
43841930 619641
43841942 92088
43841953 171722
43841960 135060
43841962 78837
43841968 34897
43841977 320517
43841999 158626
43842002 123925
43842010 57907
43842019 26386
43842022 318278
43842025 29242
43842029 11564
43842033 80850
43842036 58133
43842045 406749
43842047 123819
43842054 753933
43842056 131524
43842058 133750
43842060 12421
43842062 10100
43842064 263108
43842067 48299
43842081 161901
43842084 219271
43842089 224290
43842094 16614
43842104 298092
43842126 211634
43842129 239614
43842137 178087
43842140 259747
43842148 77167
43842155 314023
43842167 415315
43842169 11086
43842171 261993
43842173 39262
43842177 10483
43842185 71873
43842188 34688
43842191 101027
43842194 11130
43842196 228328
43842199 129228
43842201 44762
43842204 54477
43842211 403222
43842228 495
43842242 271266
43842245 582634
43842258 4620
43842269 96561
43842286 44744
43842288 48271
43842292 344571
43842296 66696
43842309 261238
43842312 156453
10009559 73623
43842321 84383
43842328 508453
43842332 179544
43842337 161039
43842339 64794
43842341 34149
43842346 233405
43842350 4554
43842363 59590
43842377 60006
43842379 240247
43842383 83856
43842387 249813
43842389 38387
43842393 89881
43842421 8921
43853966 103628
43856592 207735
43860636 4344
43860651 5927
43860658 61431
43860660 135299
43860693 98823
43860695 757762
43860696 476383
43860701 24547
43860708 34947
43860710 267353
43860718 76502
43860720 77719
43860722 21192
43860730 13332
43860734 18792
43860737 245969
43860739 125940
43860745 105380
43860750 80264
43860783 110526
43860792 2185
43860804 49845
43860819 173063
43860841 54939
43860878 40764
43860915 240967
43860931 250142
43863230 318894
43863232 267163
43865367 75875
43865380 35520
43865395 232583
43865398 21548
43865410 155907
43865473 73590
43865490 78662
43865533 96953
43865555 224090
45003253 74673
45004482 130579
45343060 195465
45346743 362089
45346767 15705
45346805 81433
45346826 83669
45346900 216260
45346906 77119
45346989 443376
45347058 54447
45347106 13659
45347240 11563
45347438 27834
45347466 128701
46366210 529
6441615 200006
46833210 227983
47498043 455810
47591655 29501
47866104 376
48501434 348660
48505574 771575
48532483 94344
48774285 34517
49080793 469806
49097885 199612
49097971 17658
49097975 92221
49097979 76200
49097981 223616
49097987 158857
49097991 146349
49105751 155364
49113315 33901
49310128 183422
49570204 237329
49570209 58139
49570212 134455
49570222 132354
49570227 5310
49570236 30969
49570238 7343
49570244 27893
49570253 289570
49570256 295140
49570258 223214
49570263 126175
49570266 936407
49570280 367140
49570283 183985
49570289 3025
49570298 247834
49570300 193706
49570304 1093
49570312 18156
49570314 867
49570317 129818
49570319 598402
49570325 240193
49570334 231496
49570339 637789
49570345 43097
49570348 21745
49570353 213571
49570355 18472
49570357 20028
49570359 265272
49570362 249958
49570365 161584
49570367 85005
49570371 202920
49570373 217601
49570384 257570
49570388 110152
49570391 283803
49570394 48548
49570398 121286
49570405 224957
49570409 184040
49570415 394094
49570430 73421
49570432 114896
49570435 109998
49570438 123566
49570441 151045
49570444 312196
49570446 180363
49570449 141692
49570460 147227
49570467 66323
49570484 214267
49570489 11109
49570491 52037
49570498 60178
49570500 22359
49570510 147131
49570513 251744
49570516 134693
49570530 24535
49570535 312611
49570538 136269
49570551 178541
49570556 133810
49570558 340061
49570564 113605
49570566 29291
49570569 74461
49570572 135401
49570576 20571
49570581 18099
10009560 730739
49570586 149879
49570592 71119
49570596 681382
49570605 72160
49570607 220205
49570615 104913
49570620 553711
49570623 51239
49570635 82262
49570641 126901
49570651 109572
49570661 364005
49570668 208796
49570670 260439
49570676 66459
49570678 228346
49570682 189512
49570690 106890
49570692 66863
49570698 28885
49570700 251219
49570704 26381
49570708 110075
49570710 344563
49570717 129892
49570719 266041
49570721 362349
49570723 290295
49570729 129469
49570737 76205
49570743 84185
49570750 231722
49570752 852
49570760 433963
49570765 361727
49582270 19102
49582272 11177
49582276 110561
49582280 434266
49588485 329892
49588496 45699
49588504 152498
49588509 284127
49588512 238141
49588531 14798
49588541 46836
49588553 294647
49588557 72018
49588571 67361
49588587 309953
49588600 283896
49588602 404004
49588602 155671
49588604 94624
49588606 239392
49588608 41901
49588629 100076
49588631 108485
49588641 47343
49588649 10313
49588651 150612
49588653 134350
49588655 284470
49588663 568722
49588669 154440
49588683 214984
49588724 328771
49588727 15600
49588734 20833
49588746 91766
49588748 411274
49588788 35849
49591133 40726
49591135 480133
49591137 265739
49591139 140663
49591141 206846
49591143 48546
49591145 57266
49591170 249135
49591173 365624
49593015 225398
49593031 405744
49593035 576744
49593049 26099
50689397 253652
50689459 298569
51022017 323402
51022022 90999
51025810 32183
51025882 19027
51026049 6149
51026277 197740
51026334 33890
51026360 183931
