32835 32851
255662 255667
64516 259222
295111 295122
743546 743563
750148 750155
909232 909243
910558 910565
1383698 1383705
2234504 2234509
2333069 2333082
2333183 2333190
2362466 2362471
2454199 2454200
2459281 2459282
2468876 2468892
2483986 2483987
2718805 2718813
2753536 2753537
2759425 2759427
2796045 2796047
2860855 2860856
2869140 2869141
2871360 2871363
2906114 2906116
3005422 3005437
3789796 3789797
4065897 4065908
4236816 4236817
4640685 4640686
4692786 4692787
4968314 4968315
6433362 6433363
6549544 6549563
6555944 6555945
6555946 6555947
6555948 6555949
6555954 6555955
6555956 6555957
6555964 6555965
6555966 6555967
6555969 6555970
6555971 6555972
6555976 6555977
6555980 6555981
6555982 6555983
6555984 6555985
6555986 6555987
6555998 6555999
6556000 6556001
6556006 6556007
6556008 6556009
6556010 6556011
6556018 6556019
6556020 6556021
6556022 6556023
6556024 6556025
6556026 6556027
6556028 6556029
6556039 6556040
6556041 6556042
6556050 6556051
6556052 6556053
6556054 6556055
6556056 6556057
6556061 6556062
6556065 6556066
6556067 6556068
6556069 6556070
6556071 6556072
6556092 6556093
6556094 6556095
6556098 6556099
6556103 6556104
6556105 6556106
3421179 6556116
6556138 6556139
6556144 6556145
6556146 6556147
6556148 6556149
6556150 6556151
6556154 6556155
6556158 6556159
6556160 6556161
6556181 6556182
6556191 6556192
6556193 6556194
6556195 6556196
6556219 6556220
6556221 6556222
6556223 6556224
6556225 6556226
6556227 6556228
6556229 6556230
6556231 6556232
6556233 6556234
6556235 6556236
6556237 6556238
6556239 6556240
6556241 6556242
6556243 6556244
6556245 6556246
6556247 6556248
6556258 6556259
6556260 6556261
6556266 6556267
6556277 6556278
6556279 6556280
6556281 6556282
6556283 6556284
6556287 6556288
6556289 6556290
6556291 6556292
6556293 6556294
6556295 6556296
6556302 6556303
6556304 6556305
6556307 6556308
6556309 6556310
6556311 6556312
6556313 6556314
6556323 6556324
6556325 6556326
6556327 6556328
6556336 6556337
6556354 6556355
6556356 6556357
6556367 6556368
6556371 6556372
6556373 6556374
6556379 6556380
6556381 6556382
6556383 6556384
6556385 6556386
6556387 6556388
6556389 6556390
6556391 6556392
6556397 6556398
6556399 6556400
6556405 6556406
6556407 6556408
6556410 6556411
6556414 6556415
6556416 6556417
6556418 6556419
6556420 6556421
6556422 6556423
6556424 6556425
6556437 6556438
6556439 6556440
6556441 6556442
6556447 6556448
6556449 6556450
200526 8284659
108666 8338805
8506862 8506891
10016436 10016439
10192999 10193003
10219935 10219936
10256573 10256576
10315549 10315550
10316725 10316730
10341288 10341290
10380599 10380600
10426328 10426330
10478162 10478163
10997532 10997533
76595 11540073
11603711 11603713
11720022 11720023
12010853 12010861
12041104 12041105
12085216 12085217
12175490 12175491
12181736 12181737
12282866 12282871
12336816 12336817
12336932 12336934
12567627 12567628
13785721 13785722
13785723 13785724
13785728 13785729
13785732 13785733
13785734 13785735
13785740 13785741
13785748 13785749
13785750 13785751
13785752 13785753
13785756 13785757
13785758 13785759
13785760 13785761
13785762 13785763
13785775 13785776
13785777 13785778
13785789 13785790
13785791 13785792
13785793 13785794
13785795 13785796
13785797 13785798
13785799 13785800
13785801 13785802
13785803 13785804
13785813 13785814
13785815 13785816
13785817 13785818
13785819 13785820
13785821 13785822
13785823 13785824
13785825 13785826
13785828 13785829
13785843 13785844
13785845 13785846
13785865 13785866
13785867 13785868
13785869 13785870
13785873 13785874
13785875 13785876
8988861 13785877
13785905 13785906
13785907 13785908
13785909 13785910
13785913 13785914
13785929 13785930
13785931 13785932
13785933 13785934
13785935 13785936
13785937 13785938
13785944 13785945
13785949 13785950
13785951 13785952
13785953 13785954
13785961 13785962
13785981 13785982
13785989 13785990
13785991 13785992
13785998 13785999
13786002 13786003
13786004 13786005
13786006 13786007
13786008 13786009
13786010 13786011
13786016 13786017
13786018 13786019
13786020 13786021
13786022 13786023
13786024 13786025
13786026 13786027
13786028 13786029
13786030 13786031
13786032 13786033
13786038 13786039
13786042 13786043
13786044 13786045
13786065 2635778
13786066 13786067
13786070 13786071
13786089 13786090
13786091 13786092
13786093 13786094
13786095 13786096
13786102 13786103
13786104 13786105
13786109 13786110
13786123 13786124
13786125 13786126
13786130 13786131
13786132 13786133
13786134 13786135
13786136 13786137
13786138 13786139
13786140 13786141
13786154 13786155
13786156 13786157
13786158 13786159
13786160 13786161
13786162 13786163
13786164 13786165
13786166 13786167
13786168 13786169
13786170 13786171
13786172 13786173
13786174 13786175
13786176 13786177
13786178 13786179
13786196 9294568
13786197 13786198
13786199 13786200
13786201 13786202
13786203 13786204
13786205 13786206
13786207 13786208
13786209 13786210
13786211 13786212
13786213 13786214
13786215 13786216
13786219 13786220
13786221 13786222
13786223 13786224
13786225 13786226
13786228 13786229
13786230 13786231
13786232 13786233
13786234 1089342
13786235 13786236
13786237 13786238
13786239 13786240
13786244 13786245
13786555 13786556
6556211 15025471
15397008 15397021
573046 15664906
15801353 15801375
16126663 16126666
16188491 16188499
16303220 16303224
16323682 16323687
16953525 16953528
16953553 16953557
17015846 17015849
17080911 17080912
17206683 17206684
17250228 17250229
17256517 17256528
17437338 17437339
17509058 17509059
17267839 17537819
18422041 18422042
18846235 18846236
18846528 18846529
18873485 18873486
19144437 19144442
19647408 19647409
20038930 20038931
20372404 20372405
20539348 20539365
20544952 20544953
20544971 20544972
20544979 20544980
20544981 20544982
20544986 20544987
20544988 20544989
20544990 20544991
20544992 20544993
20544994 20544995
20545000 20545001
6538529 20545006
20545011 20545012
20545017 20545018
20545019 20545020
20545021 20545022
20545023 20545024
20545025 20545026
20545027 20545028
20545029 20545030
20545033 20545034
20545037 20545038
20545039 20545040
20545041 20545042
20545043 20545044
20545050 20545051
20545057 20545058
20545059 20545060
20545061 20545062
20545065 20545066
20545067 20545068
20545070 20545071
20545076 20545077
20545078 20545079
20545087 20545088
20545089 20545090
20545091 20545092
20545093 12395901
20545094 20545095
20545096 20545097
20545100 20545101
20545112 20545113
20545116 20545117
20545118 20545119
11502686 20545126
20545129 20545130
20545131 20545132
20545137 20545138
20545139 20545140
20545141 20545142
20545143 20545144
20545145 20545146
20545147 20545148
20545149 20545150
20545160 20545161
20545162 20545163
20545164 20545165
20545166 20545167
20545168 20545169
20545170 20545171
20545175 20545176
20545177 20545178
20545179 20545180
20545181 20545182
20545194 20545195
20545196 548570
20545199 20545200
20545201 20545202
20545203 20545204
20545206 20545207
20545211 20545212
20545213 20545214
20545215 20545216
20545219 2808955
20545220 20545221
20545222 20545223
20545224 20545225
20545228 20545229
20545230 20545231
14950759 20545234
20545235 20545236
20545237 20545238
20545244 20545245
20545248 20545249
20545250 20545251
20545257 20545258
20545259 20545260
20545261 20545262
20545267 20545268
20545269 20545270
20545271 20545272
20545273 20545274
20545275 20545276
20545277 20545278
20545279 20545280
20545281 20545282
20545283 20545284
20545285 20545286
20545289 20545290
20545291 20545292
20545293 20545294
20545295 20545296
20545297 20545298
20545299 20545300
20545301 20545302
20545303 20545304
20545308 20545309
20545315 20545316
20545317 20545318
20545319 20545320
20545321 20545322
20545323 20545324
20545325 20545326
20545678 20545679
3097179 22079908
22148236 22148255
22192707 22192713
22200071 22200075
22238629 22238636
13781261 22420332
22598667 22598674
23277699 23277713
23551152 23551161
23566898 23566899
23572341 23572344
23584195 23584196
23642347 23642348
23662762 23662764
23679829 23679834
6538528 23688968
23743227 23743240
22621695 23806685
23851276 23851290
23897866 23897869
23928118 23928119
23933427 23933428
23988527 23988529
23989021 23989024
24005325 24005326
24021688 24021691
24023249 24023251
24969678 24969684
24985397 24985410
25005903 25005906
25696649 25696651
25696853 25696854
25733740 25733742
9985937 25761551
2473219 25896574
25896594 25896595
26765406 26765409
26984649 26984656
26989711 26989712
26989716 26989717
26989718 26989719
26989738 26989739
26989740 26989741
26989748 26989749
26989750 26989751
26989752 26989753
26989754 26989755
26989756 26989757
26989760 26989761
26989762 26989763
26989778 26989779
26989780 26989781
26989782 26989783
26989786 26989787
26989790 26989791
26989792 26989793
26989794 26989795
26989796 26989797
26989806 26989807
26989808 26989809
26989810 26989811
26989830 26989831
26989832 26989833
26989834 26989835
26989836 26989837
26989839 26989840
26989841 26989842
26989844 26989845
26989859 26989860
26989861 26989862
26989863 26989864
26989865 26989866
26989867 26989868
26989874 26989875
26989876 26989877
26989888 26989889
26989890 26989891
26989892 26989893
26989894 26989895
26989900 26989901
26989902 26989903
26989904 26989905
26989906 26989907
26989921 26989922
26989923 26989924
26989925 26989926
26989927 26989928
26989929 26989930
26989945 26989946
26989953 26989954
26989955 26989956
26989957 26989958
26989959 26989960
26989961 2960403
26989965 26989966
26989967 26989968
26989969 26989970
26989971 26989972
26989975 26989976
26989977 26989978
26989979 26989980
26989981 26989982
26989983 26989984
26989985 8437041
26989986 26989987
26989988 26989989
26989991 26989992
26989993 26989994
26989996 26989997
26990013 26990014
26990024 13677733
26990025 26990026
26990027 26990028
26990029 26990030
26990043 26990044
26990045 26990046
26990047 26990048
26990049 26990050
26990051 26990052
26990053 26990054
26990055 26990056
26990057 26990058
26990059 26990060
26990073 26990074
26990075 1173624
26990078 26990079
26990082 26990083
26990084 1239859
26990089 26990090
26990091 26990092
26990093 26990094
26990097 26990098
26990099 15552391
26990104 26990105
26990106 26990107
26990115 26990116
26990120 26990121
26990124 26990125
26990126 26990127
26990128 26990129
26990142 26990143
26990144 26990145
26990155 26990156
26990157 7501658
26990158 26990159
26990160 26990161
26990162 26990163
26990164 26990165
26990166 26990167
26990168 26990169
26990172 26990173
26990180 26990181
26990182 26990183
26990184 26990185
26990195 26990196
26990197 26990198
26990199 26990200
26990201 26990202
26990203 26990204
26990205 26990206
26990211 26990212
26990213 26990214
26990216 26990217
26990220 26990221
26990231 26990232
26990235 22647594
26990236 26990237
26990240 26990241
26990242 26990243
26990244 26990245
26990246 26990247
26990248 26990249
26990546 26990547
26990593 26990594
26990683 26990688
28712314 28712319
29301744 29301747
29320396 29320400
29419046 29419052
29938938 29938939
30063349 30063352
30177691 22927574
30182541 30182542
30203440 30203441
30254698 30254707
30265841 30265842
30254706 30310542
30345597 30345600
30377152 30377153
30382812 30382813
30446467 30446478
30478091 30478092
6712213 31089460
31219329 31219336
31259941 31259945
32003704 32003706
32421967 32421968
33018545 33018546
33021555 33021560
33207802 33207803
33207807 33207808
33207812 33207813
33207814 33207815
33207816 33207817
33207818 33207819
33207820 28646208
33207821 33207822
33207827 33207828
33207832 33207833
33207834 33207835
33207836 2690591
33207837 33207838
33207839 33207840
33207850 33207851
33207852 33207853
33207854 33207855
33207856 33207857
33207858 33207859
33207874 33207875
33207876 33207877
33207879 33207880
33207883 33207884
33207885 33207886
33207887 33207888
33207894 12437578
33207895 33207896
33207897 33207898
33207899 33207900
33207901 33207902
33207903 33207904
33207905 33207906
33207907 33207908
33207909 33207910
33207911 33207912
33207924 33207925
33207926 33207927
33207928 33207929
33207930 33207931
33207932 33207933
33207934 33207935
33207936 33207937
33207938 33207939
33207940 33207941
33207942 33207943
33207947 33207948
33207951 33207952
33207953 22840466
33207954 33207955
33207956 33207957
33207958 33207959
33207960 33207961
33207962 33207963
33207974 33207975
33207976 33207977
33207982 33207983
33207987 33207988
33207993 33207994
33208001 33208002
33208010 33208011
33208014 33208015
33208016 33208017
33208018 33208019
33208020 33208021
33208022 33208023
33208024 33208025
33208028 33208029
33208030 33208031
33208032 33208033
33208034 33208035
33208036 33208037
33208038 33208039
33208040 33208041
33208042 33208043
33208051 33208052
33208053 33208054
33208055 33208056
33208057 33208058
33208059 33208060
33208061 33208062
33208073 33208074
33208079 33208080
33208081 33208082
33208091 33208092
33208093 33208094
33208097 29581752
33208098 33208099
33208105 33208106
33208107 33208108
33208109 33208110
33208111 33208112
33208122 33208123
26768306 33208142
33208145 33208146
33208147 33208148
33208149 33208150
33208154 33208155
33208156 33208157
33208160 33208161
33208165 33208166
33208167 33208168
33208173 33208174
33208175 33208176
33208177 33208178
33208181 33208182
33208183 33208184
33208185 33208186
33208187 33208188
33208189 33208190
33208191 33208192
33208193 33208194
33208195 27951721
33208196 33208197
33208199 22971892
33208200 33208201
33208202 33208203
33208204 33208205
33208206 33208207
33208208 33208209
33208210 33208211
33208214 33208215
33208216 33208217
33208218 33208219
33208222 33208223
33208228 33208229
33208230 7740659
33208231 16705101
33208233 33208234
33208235 33208236
33208237 33208238
15435409 34745858
34745879 34745889
34924814 34924825
359834 35193163
16721434 25735811
15662442 35306133
1240565 35318391
28182365 35357345
35369796 35369814
35424268 35424270
36084032 36084044
34875337 36087998
36113991 36113992
20510070 36114292
36137012 36137015
36217854 36217857
36275082 22600849
23743335 36282765
36314502 36314503
36373932 36373933
36512441 36512444
37351678 37351679
37355163 10293581
37356256 37356257
37373794 37373795
37668508 37668512
37740925 37740926
37830216 37830222
38045925 38045926
38046082 38046085
38634252 9650962
5972142 38763660
39228696 39228697
39228702 37915901
39228703 39228704
39228705 39228706
39228707 39228708
39228709 39228710
39228724 39228725
39228730 39228731
39228732 39228733
39228734 39228735
39228736 39228737
39228743 39228744
39228745 39228746
39228747 39228748
39228751 39228752
39228755 39228756
39228757 39228758
39228759 39228760
39228761 39228762
39228763 39228764
39228768 39228769
39228770 39228771
39228772 39228773
39228780 39228781
39228782 39228783
39228786 39228787
39228788 39228789
39228791 39228792
39228793 39228794
39228800 39228801
39228802 39228803
39228807 39228808
39228809 39228810
39228811 39228812
39228813 39228814
39228815 39228816
39228824 39228825
39228826 39228827
39228828 39228829
39228832 39228833
39228834 39228835
39228842 39228843
39228847 39228848
39228849 39228850
39228851 39228852
39228853 39228854
6538530 39228855
39228856 39228857
39228858 39228859
39228860 39228861
39228862 39228863
23759356 39228864
39228870 39228871
39228874 39228875
39228876 39228877
39228880 39228881
39228893 10081290
39228898 39228899
39228912 39228913
39228914 39228915
39228916 39228917
39228918 39228919
39228920 39228921
39228932 39228933
39228934 39228935
39228936 39228937
39228938 39228939
39228940 39228941
39228944 39228945
39228948 39228949
39228950 39228951
39228955 39228956
39228961 39228962
39228963 39228964
39228965 39228966
39228971 39228972
39228975 39228976
39228977 39228978
39228980 39228981
39228982 39228983
39228984 39228985
39228986 39228987
39228988 39228989
39228990 39228991
39228998 39228999
39229000 39229001
39229002 39229003
39229004 39229005
39229006 39229007
39229010 39229011
39229012 39229013
39229016 39229017
39229020 39229021
39229022 39229023
39229034 39229035
39229036 495464
39229038 39229039
39229042 39229043
39229044 39229045
39229049 39229050
39229051 39229052
39229055 39229056
39229057 39229058
39229059 39229060
39229061 31332574
39229062 39229063
39229064 39229065
39229066 39229067
39229068 39229069
39229070 39229071
39229073 39229074
39229075 39229076
39229091 39229092
39229093 39229094
39229095 39229096
39229097 39229098
39229099 39229100
39229101 39229102
39229103 39229104
39229109 39229110
39229111 39229112
39229113 39229114
39229115 39229116
39229117 39229118
39229119 39229120
39229121 17261297
4910793 40630926
206284 40646480
2698246 40647240
244333 40692663
40756457 40756482
30342864 40776063
1650368 40781173
40888079 40888086
4211818 41068845
41157984 31404172
41433593 41433603
42063277 42063278
42096979 42096985
42159372 42159376
42162867 42162868
42233499 42233500
42264668 42264671
4212649 42326189
42339283 40640368
42353973 42353974
42358531 42358532
34665357 42415406
40506609 42494872
28769593 42495423
42505139 42505140
43275329 43275330
941747 43275615
43289896 43289898
43789150 43789152
43916401 43916402
44355971 44355972
44475221 44475222
6550983 45055200
45087636 45087637
45087638 45087639
45087640 45087641
45087657 45087658
45087659 45087660
45087661 45087662
45087666 45087667
45087669 45087670
45087671 45087672
45087673 45087674
45087687 45087688
45087692 45087693
45087695 45087696
45087699 45087700
45087719 45087720
45087721 45087722
45087725 45087726
45087727 45087728
45087729 45087730
45087731 45087732
45087733 45087734
45087735 45087736
45087737 45087738
45087739 45087740
45087741 45087742
45087756 45087757
45087766 45087767
45087769 45087770
45087772 45087773
45087786 45087787
45087788 21890115
45087789 45087790
45087791 45087792
45087793 45087794
45087795 45087796
45087797 45087798
45087799 45087800
45087802 45087803
45087804 45087805
45087809 45087810
45087811 45087812
45087822 45087823
45087824 45087825
45087830 45087831
45087839 45087840
45087864 45087865
45087867 45087868
45087869 45087870
45087873 16225124
45087874 45087875
448973 45087878
45087882 45087883
45087884 35390495
45087885 45087886
45087887 45087888
45087889 45087890
45087896 45087897
45087900 45087901
45087902 45087903
45087904 45087905
45087907 45087908
45087909 45087910
45087913 27923509
45087914 45087915
45087916 45087917
45087920 45087921
45087922 15469690
45087923 45087924
45087925 45087926
45087931 45087932
45087935 45087936
45087938 45087939
45087942 45087943
45087948 45087949
45087950 45087951
45087956 45087957
45087958 45087959
45087960 45087961
45087964 45087965
45087966 45087967
45087968 45087969
45087970 45087971
45087972 45087973
45087975 45087976
45087977 45087978
45087981 45087982
45087983 45087984
45087985 45087986
45087989 45087990
45087991 45087992
45087995 45087996
45087997 45087998
45088000 45088001
45088003 45088004
45088005 45088006
45088007 45088008
45088009 45088010
45088011 45088012
45088013 45088014
45088015 45088016
45088017 45088018
45088019 45088020
45088022 45088023
45088024 45088025
45088026 45088027
45088028 9018415
45088029 45088030
45088031 45088032
10621571 46460448
5583054 46475008
46598814 46598820
46610186 46610196
36557233 46738549
9430890 46870300
15662455 47140100
47174507 47174512
47439903 47439904
47810307 47810308
47845293 47845304
48025802 48025806
35231114 48039846
48046626 48046630
48098581 48098582
48102229 17337335
48160882 48160883
34665363 48169410
48169920 48169923
48182959 48182960
48279495 48279496
49015125 49015126
49019010 49019011
49386235 49386236
49387282 49387285
49497513 49497530
49512308 49512309
49635814 49635820
49644762 49644763
50339062 50339075
50769740 17122621
50771576 50771577
50771578 50771579
50771580 50771581
50771582 50771583
50771584 50771585
50771589 50771590
50771594 50771595
50771598 50771599
50771600 50771601
50771602 50771603
50771618 50771619
50771620 50771621
50771622 50771623
50771624 50771625
50771626 50771627
50771628 50771629
50771633 50771634
50771635 50771636
50771637 50771638
50771639 50771640
50771641 50771642
50771643 50771644
50771645 50771646
50771649 50771650
50771651 50771652
50771653 43986770
50771655 50771656
50771657 50771658
50771659 50771660
50771665 50771666
50771667 27503784
50771668 50771669
50771670 30057702
50771671 2451125
50771672 439849
50771673 50771674
50771675 50771676
50771677 50771678
50771679 50771680
50771681 50771682
50771686 50771687
50771688 50771689
50771691 50771692
50771695 50771696
50771697 50771698
50771708 50771709
50771710 50771711
50771712 50771713
50771714 23725860
50771727 50771728
50771736 50771737
50771738 50771739
50771751 50771752
50771753 50771754
50771757 50771758
50771759 50771760
50771766 50771767
50771770 19000906
50771771 50771772
50771777 50771778
50771779 50771780
50771781 50771782
50771783 50771784
50771796 15560386
50771826 50771827
50771836 50771837
50771838 50771839
50771844 50771845
50771846 50771847
50771848 50771849
50771850 50771851
50771855 50771856
50771857 50771858
50771859 50771860
50771865 50771866
50771867 42382690
50771868 50771869
50771870 50771871
50771872 50771873
50771874 50771875
50771876 50771877
50771890 50771891
50771892 50771893
50771894 50771895
50771896 50771897
50771898 50771899
50771900 50771901
50771902 50771903
50771904 50771905
50771906 50771907
50771915 50771916
50771924 50771925
50771938 50771939
50771940 50771941
50771942 50771943
50771944 50771945
50771946 50771947
50771948 50771949
50771950 50771951
50771954 50771955
50771956 50771957
50771958 50771959
50771960 50771961
50771962 50771963
50771966 50771967
50771968 50771969
50771970 50771971
50771972 50771973
50771974 50771975
50771989 50771990
50771991 50771992
50771993 50771994
50771997 50771998
50771999 50772000
50772021 50772022
50772023 50772024
50772027 50772028
50772037 50772038
50772040 50772041
50772043 50772044
50772059 50772060
50772063 50772064
50772067 50772068
50772071 50772072
50772073 50772074
50772075 50772076
50772077 50772078
50772079 50772080
50772081 50772082
50772083 50772084
50772085 50772086
50772099 50772100
50772101 50772102
50772103 50772104
50772105 50772106
50772107 50772108
50772109 50772110
50772111 50772112
50772117 953876
50772118 50772119
50772120 50772121
50772122 50772123
50772124 50772125
50772126 50772127
50772141 50772142
50772143 50772144
50772145 50772146
50772148 50772149
50772150 50772151
50772152 50772153
50772154 50772155
50772156 50772157
50772158 50772159
50772160 50772161
