66703 66712
68970 68972
68815 83120
84856 48491
127161 127169
151974 151978
164334 164340
172762 161911
174048 174052
176448 176451
68817 1886
68823 131757
68792 298064
68816 134350
68806 171162
401067 131171
403206 403222
430436 1039
445898 358781
447054 69914
83101 447162
484112 132354
492905 358744
496437 496441
506050 251219
68799 509121
520600 184539
548320 548324
556641 3437
557665 204362
617921 168971
626340 129708
638163 265632
639358 444449
659565 659569
68798 662581
687674 49197
693390 252376
695792 347118
697499 542663
704184 704188
706257 121441
745070 178555
758716 59328
758948 12421
765785 318410
782226 782260
787035 223214
68808 796717
822397 280591
830474 423755
837823 144838
841551 469165
845681 50299
889807 736116
924293 230995
925220 295154
925250 228325
926563 627291
939802 325678
946101 218650
949394 333938
953260 253148
953768 735652
956300 956304
960912 691674
961728 491455
1036827 1036831
1046532 36536
1048863 667469
1052026 588834
1106011 63975
1120582 89854
1169439 65305
1169595 81680
1208955 59201
1209166 267157
1212313 1212319
1215236 1215241
1216653 651500
1216661 1093353
1221560 107584
1249565 1249567
1259708 155172
1273571 1273574
1284582 1082
1284641 1138441
1284737 1284740
1286619 1286622
1287086 509157
1292333 81737
1297425 236251
1298967 906555
1299770 1299773
1300414 483434
1309310 171665
1355031 314358
1355524 237285
1355736 262115
1370057 248782
1377902 60663
1387830 196588
1394296 45699
1395595 639882
1449607 188649
1461603 114145
1475950 433968
1550459 413816
1554133 18343
1558068 556
1567996 439655
1570741 815028
1570865 1524120
1571291 4762
1574278 883835
1575259 1184004
1576824 1576827
1578965 1578969
1579424 10635
1579714 1579716
1604900 837046
1607327 155977
1608848 289973
1611410 1611411
1640535 10744
1650361 64870
1652046 1652050
1652449 1652453
1652552 407666
1653003 1653013
1653155 1173158
1666926 866496
1674739 71109
1674792 1442700
1681788 554504
1692072 296757
1699338 17153
1709708 251269
1713473 132706
1726873 1726875
1735853 967173
1737026 281744
1741158 259716
1763891 393353
1774218 343328
1774517 434839
1778934 58127
1807004 131240
1808024 128364
1817892 895548
1820044 346946
1837691 354627
1840785 409239
1859158 463493
1922581 1658102
1929521 1803084
1941459 110103
1967922 548804
1971332 887268
1981314 542665
1993595 133
1995806 16104
2022076 271153
2023187 484396
2023287 2023291
2026291 1788406
2028481 276760
2029900 142762
2033319 2033321
2033921 2033923
2034338 92100
2035087 455623
2035093 359176
2036599 59781
2040777 472477
2047841 1234870
2049059 126899
2049267 60150
2052725 2052729
2056728 193311
2061813 104175
2063146 172057
2066353 2066356
2072408 421472
2075097 2075099
2075753 977805
2078005 822454
2081638 251045
2082412 2082418
2082634 184108
2082684 15995
2082812 235588
2082821 869668
2083254 792083
2084877 261993
2085042 867856
2085053 406714
2088756 344847
2091237 389801
2098068 268580
2107819 607808
2109359 673892
2111678 1887101
2111708 2111710
2119156 798058
2122279 2088711
2123004 387891
2123347 811344
2127047 1002949
2131572 1029758
2135548 133752
2137247 547596
2138396 2138398
2163056 1310235
2202510 2202514
2202594 731659
2257444 1960280
2299187 96343
2312488 612834
2321599 254351
2336920 261669
2354089 2354090
2366209 1919203
2369627 268568
2459711 216107
2461102 60332
2465251 643988
2497365 219368
2525765 2525768
2527570 2070265
2533341 1477685
2537041 864300
2640535 818022
2649909 178263
2649988 1298586
2670786 88007
2673015 1790467
2678232 1697149
2710939 606372
2716767 264868
2724972 757223
2725469 1379616
2728635 923570
2812795 171671
2817407 484618
2838183 959327
2851862 1448934
2858687 32750
2882127 46048
2960180 959941
3009989 221662
3011092 227779
3017357 58872
3058975 1531584
3059901 632461
3060081 767155
3413033 59115
3487169 63868
3505096 228323
3569683 3719
3672031 927195
3682863 1893500
3683178 167789
3683228 1300909
3686339 68554
3686714 878476
3686998 547083
3760624 266951
3776794 756357
3784881 434789
1607329 49281
4030219 514036
4068529 874992
4074344 619606
4076097 1006856
4119977 512574
4121242 984785
4123059 407383
4123067 76728
4123081 802647
4123123 3014323
4123245 1025431
4123827 3420878
4125262 1846833
1478610 406709
4140062 1547287
4141586 2379046
4146851 2068323
4153857 967332
4158576 197166
4158951 3568173
4159039 61297
4162607 232696
4163161 1569918
4179445 1011956
4234551 4234553
4266733 254929
4302859 1092120
4303094 1198858
4306503 96300
4307034 439144
4308655 635196
4310333 4033602
4321251 643989
4336741 103974
4338168 4338169
4338670 1121385
4348384 2502656
4366330 843400
4413080 478969
4437580 614808
4477252 732684
4478305 654297
4521834 226376
4557277 1079856
4558133 935529
4558472 101311
4559145 1471757
4559774 326602
4560671 655597
4562518 220478
4599425 1137904
4599550 2331688
4609957 1543268
4615322 4004233
4615353 1427328
4682436 189539
4701127 245031
4701165 1451172
4702847 51684
4712679 117885
4718277 708919
4718330 194280
4723202 516977
4732207 370578
4732828 692580
4739653 57506
4739655 4739657
4748391 543713
4752563 134543
4755222 3540891
4756069 40400
4756079 2883
4767907 489955
4769368 663266
4769487 266793
4772186 587727
4772253 614423
4775758 330007
4783149 1502020
4783154 1162062
4786005 451703
4786116 206222
4792811 345272
4792921 2308684
4792937 1873988
4792990 1484593
4793033 1217551
4825837 1464513
4836314 233463
4838097 1234792
4845563 2153089
4851306 1670874
4851348 864921
4851386 1734420
4851409 1812233
4851428 2119335
4851443 1064659
4872851 398949
4878026 1386398
4905627 857603
4905732 273643
4905798 956143
4907096 240345
4912980 1276808
4913029 706707
4913661 291381
4913713 210398
4976374 454094
4990259 1705700
4990291 652043
5055651 2288536
5055723 1882393
5087044 546844
5109192 4215762
5118357 5118358
5150644 441072
5216060 646043
5382239 1328733
5382269 781944
5585058 878532
5590486 5590488
5595547 55433
5610119 434339
5620166 221429
5626037 228897
5751712 1320497
5798445 402307
5817024 467683
5835745 382139
5854810 55422
5858821 3474
5861630 136084
5874308 362149
5874481 656344
5905932 1640079
5929446 804313
5988107 647178
5988377 1982373
5989788 1936615
6181540 456680
6284759 1202427
6291315 216001
6291337 1326738
6308292 1195333
6308399 80097
6321475 4478326
6321484 893277
6321486 544856
6343610 559581
6382479 429223
6408397 567877
6426148 824765
6507566 3003199
6518856 872126
6548099 2194268
6555433 1190219
6696961 142266
6698860 93181
6729248 2518338
6761358 6623730
6765062 841400
6805844 1790082
6815256 1195317
6824371 530088
6862976 134764
6863727 1502407
6936458 68157
6944962 2813018
6981701 3248530
7012521 7012522
7093778 3608327
3498824 2950796
7120122 770816
7167468 810945
7173071 1813260
7180272 939144
7279093 2939062
7311717 289288
7324722 1591203
7326839 2810288
7345498 3032795
7347062 159393
7369542 1431149
7490208 770707
7490216 18595
7639329 67793
7639622 62482
7639827 122521
7640030 813049
7641765 441431
7641800 66265
7689002 333817
7689719 813671
7692792 909858
7697243 142030
7904866 317379
7974552 415807
8045794 2315437
8046807 1378784
8057963 171935
68830 18664
8169089 161372
8173071 793718
8199826 115991
8207950 252686
8212612 396243
8219417 54477
8236124 2068752
8253527 250732
8285899 651826
1559074 375595
8336642 112745
68827 403076
68818 123925
8350534 129243
8354788 703471
8389272 62451
8391819 85005
8406626 75423
8426159 60287
68812 317066
8434291 289986
2111681 5090100
1239250 1551029
8445230 39857
68804 2555923
68809 328304
8472422 704710
8475417 235314
68790 2113620
1303442 12547
1482945 80281
68821 50295
8485864 107232
8486774 524673
8490129 78483
8509179 1294569
8516972 359423
8521388 2094061
8536724 3673133
8540460 896764
8541111 23097
8543334 549767
8567609 1147922
8576258 11971
458044 1515153
8580788 237041
8582773 21192
8593262 265143
8600674 320480
8601011 165997
8601011 1370282
8610803 2247620
8612595 78313
8614357 40785
8618279 510648
8626608 26826
8629349 450601
8641855 1294754
8641921 823306
8666396 506404
8672334 188246
8677580 105565
8705086 802979
8709704 129697
8715512 102235
8718742 863017
281815 71253
8725137 90876
8746415 191682
8754235 1058265
547949 136269
8808115 1078603
8813829 249314
8823053 358552
8827518 2732
8836210 52732
8838004 1158596
827090 425825
8839368 3465393
8846982 210437
8866209 911501
8906457 726921
8931702 1151366
8933474 60178
8973599 635540
8979789 386922
8998688 1260363
9004515 20613
9032439 5735
9043937 492684
9048315 600131
9070552 245563
9073456 34542
9102269 9102271
9102278 1843144
9102313 1357911
9102332 1252914
9107808 815000
9108186 362349
9108485 303434
9108990 475793
9111608 39918
9114088 134693
9115292 4785728
9117891 125258
9121566 134538
9136930 3547141
9146029 2036577
9160203 437422
9166008 109215
9195337 204577
9198514 587977
9206513 85853
9244217 374912
9254107 587866
9254432 4102680
9276833 353148
9340956 6857198
9358174 155688
9361794 231843
9372018 477429
9376399 283896
9385190 290340
9400244 272942
9405654 2116918
9408549 252101
9422786 682710
9427029 119662
9427890 217996
9429499 1248987
9429673 323527
9429916 254788
9454847 274017
9457774 75976
9457809 240193
9479974 894138
9482937 994528
9487534 23313
9488967 573671
8492605 44413
9499709 129831
9501767 30969
9507493 60668
9533675 734492
9541119 498867
9542367 267076
9543496 1355220
9546239 228201
9589980 364423
9590592 1817742
9590727 683812
9615807 392542
9636004 275556
9663863 325871
9673626 225117
9688928 235844
9692194 216260
9693960 840666
9700764 263408
9702337 724610
9713428 251333
9716632 88486
9717222 1158444
9721245 1899
9722203 412929
9722216 5180290
9722481 2160892
9722494 1711056
9722507 2047078
9722524 3799355
9722527 776929
9723037 48281
9729711 1551368
9729771 469859
9729892 1893665
9730448 1542611
9734319 433645
9734472 1886121
9734656 1139485
9734989 1087022
9735522 929642
9736019 941790
9738434 2023629
9738519 273424
9749619 1379819
9757003 155291
1274610 7189000
9758143 935353
9758295 739906
9762165 345632
9762183 272240
9762369 1402167
9762618 186736
9762954 168381
9763128 432597
9763350 9763352
9763487 1969422
9763577 2235631
9763919 199682
9764474 278719
9765109 327839
9765392 2711085
9775127 65765
9775174 704700
9777321 941119
9781171 4574198
9782300 2854972
9785563 315901
9786169 157302
9793139 795262
9793230 1441454
9801026 270432
9802242 224090
9803724 1987834
9803988 1822513
9812278 334355
9812396 1151061
9867262 1381755
9945116 1361622
9956877 102763
9982171 108222
10008469 297318
10027804 653402
10034929 412644
10064443 928736
10075450 1150888
10094498 1201417
10094645 2240349
10100319 303990
10142570 653234
10159966 625756
10160656 1704255
10196724 640519
10203045 198212
10225192 526771
10263832 135722
10273068 1591953
9148984 2254493
10325388 864486
10366105 172360
10374289 2936755
10375863 141481
10379721 2730452
2824279 27342
10409464 248516
10417920 854082
10419103 231666
10461752 100122
10482480 1973132
10490591 9341314
10569688 1823497
10645041 1707051
10662792 206888
10675033 1602810
10730949 62743
10791312 710668
10829992 639853
10896848 61116
10912422 3172209
10942969 1460468
10959241 1676505
11007504 558802
11037375 39946
11058490 699955
11058502 267332
11154245 230835
11154650 413196
11167636 188938
11255716 618899
11521104 125977
11558535 101261
11564589 1336880
11567240 2401299
11569215 558889
11570330 1652795
11570351 305313
11570364 4529988
11570381 281933
11570560 161030
11570564 755684
11571549 289266
11571828 834951
11590897 7306737
11600900 1060784
11606213 210236
11606231 105309
11610986 899231
11612508 3545018
11617776 218120
11563822 207709
11630737 430280
11667064 2880037
11668232 2522669
11670599 161624
11698573 566563
11698578 277155
11700727 2463348
11700755 1823498
11735446 762274
11736004 1039913
11739457 415219
11765184 1057414
11783312 811644
11831168 987072
11831412 355204
11857056 901847
11894837 432655
11964531 1020177
11965620 8283315
11966467 484029
11990485 417877
12004505 266709
12010758 852728
12092600 154184
12097383 71560
12097458 420218
12098098 227841
12112381 263577
12115611 8325332
12115687 993253
1303456 547778
12124431 1134249
12124915 658788
12142841 1260752
12143404 336491
12143950 152704
12150804 2744
12157157 4828008
12163203 387231
12171056 2489359
12172429 4451144
12172432 108132
12172433 458976
12172482 778543
12181633 265775
12212518 1692691
12218118 833835
12218421 89979
12218559 231041
12226546 820194
12232430 1811189
12255436 632672
12280968 482779
12289580 1137033
12289629 1321177
12290313 1229780
12290322 188404
12347830 1417844
12359442 10481
12413224 3794889
12413277 2850014
12413474 248960
12413498 633792
12441805 338202
12471387 1246168
12499848 1677583
12500110 863252
12550141 1158242
12559613 297709
12560055 160439
12571304 1441019
12585706 1226867
12838021 3173257
12896966 4029465
12896974 1555705
12898727 555513
12905662 2556988
12908337 1877883
12973713 1182238
12982992 1471201
13055121 29709
13082301 401549
13114141 1587043
13125515 241775
13160607 1165185
13189034 423593
13195079 58231
13298205 1091382
13491334 76660
13535672 2509764
13568439 479264
13579929 80638
13582112 325596
13592104 247701
13596670 687658
13609991 1014011
13636880 631873
13638501 793347
13662823 911995
13663820 4032308
13664960 210453
13666295 2395531
13673315 66144
13697406 2120532
13757658 835483
13947306 565279
13959921 214809
14041360 1317301
14069778 382641
14122754 1073851
14197962 142436
14219775 584258
14304855 1676804
14498255 395345
14783976 135959
14791672 478274
14791863 1057858
14791911 930509
14791919 856642
14791938 1585660
14796568 62479
14831391 5988418
14831449 677105
15039565 229694
15078494 711444
15088814 1617709
15131812 1443217
15173333 67830
15288459 1762349
15291436 531442
15298851 68372
15321547 875274
15325586 510178
15370049 319186
15373718 239887
15377419 74304
15388738 348529
15399170 223213
15399882 539122
15447654 195133
15451006 34100
15451886 118574
15459385 468055
68819 140297
15470260 94049
15494040 1705717
15511581 1181153
1303423 82627
8773549 73511
1303445 59601
8773547 47399
15536448 128765
234296 123373
15569799 434487
15571529 48283
68795 420296
15576342 226878
15587062 3025726
15587549 1920893
15608107 41403
15608987 257819
15627846 24946
15631473 17659
15642112 343984
15654162 268171
15654182 179207
15656619 155671
15658654 99123
68789 1518681
15669937 630796
15673538 59319
15687184 246628
15692807 137999
15697318 10313
15697320 391546
15697925 109966
15713123 128166
9590710 6343328
15725490 644766
15733475 495137
15743356 161802
15750714 36279
15783765 133770
15787462 1531781
1303453 1582346
15803965 182613
15863973 2163632
15866851 458972
15879969 340466
15879993 558801
15880718 18759
15881983 251280
15885611 6554925
15910031 2117106
15940535 216127
15961272 42828
15968603 109589
15975639 25690
15982542 76205
15982718 723249
15988755 245637
15995508 302487
16008740 504366
16023875 2371582
16061056 43303
16063185 464434
16067052 259431
16096875 18099
16097970 2872284
16104352 687162
16151157 1604583
16151192 3456058
16151406 1709476
16151460 3258171
16155120 471230
16156376 90454
16158098 134553
16158380 1604094
8158730 59575
16160715 363559
16161733 6083672
16163652 281488
16167501 92098
16168745 44452
16169457 2289072
16170365 283398
16178798 92036
16205448 562212
16234709 466739
16290212 2998331
16290958 7668
16301053 320
16304537 63291
16307257 249629
16307507 964674
16320835 1028612
16353319 2136816
16357086 261329
16367101 288711
16368110 105329
16368347 115507
16369547 69341
16371595 20571
16372482 889798
16373369 1570888
16374985 165595
16376612 1976848
16377139 936156
16377831 18156
16381807 319086
16391435 1074593
16394315 72186
15707533 1846786
16401311 126969
16403948 639573
16404481 164302
16414891 1601920
16418231 653132
16422069 384461
16422240 550439
16428869 732071
16428960 18820
16429225 130754
16431882 792772
16445000 3496560
16458895 1567726
16459468 753914
16467966 271709
16467994 309448
16468293 761628
9338482 23953
16476743 1444460
16492690 346021
16515225 59308
16548138 218656
16554438 63781
16585402 9506
16602213 238300
16603357 251263
16606750 7988
16634905 142204
16642013 10839
16646116 2446672
4125458 261319
16698834 354122
16715122 279554
16719208 1594952
16719214 201880
16719904 131033
16720729 6610781
16720750 4127881
16724941 3799798
16725416 40774
16725505 341737
16726002 3206289
16726293 164481
16726297 1423901
16726979 34119
16727448 55781
16727771 161963
16728252 194938
16729906 67447
16729924 58840
16729966 129007
16732743 3393270
16733777 270930
16735962 44532
16736473 2205503
16736873 2714212
16736971 60227
16737068 2250773
16738090 153978
16738999 12734
16746071 2300292
16760193 63860
16763077 916453
16763383 794170
16763932 586487
16763936 1574448
16764737 63094
16764820 67349
16768741 342123
16769452 1077735
16769788 72460
16770583 23067
16770823 761575
16773819 2323041
16774886 827094
16775299 3569245
16776049 109938
16778661 748241
16780056 316331
16780408 507666
16780825 69445
2109287 1323758
16789625 574159
16789764 646628
16790221 2140115
16792385 1459196
16792536 2301339
16676712 845277
16793305 232766
16794735 768137
16796146 459953
16799775 318598
16801671 633345
16801955 243924
16804317 608937
16806039 1133958
3402841 1697185
16833485 453390
16864544 2215022
16941155 127160
16943392 679508
16965796 108237
16986978 821665
17000865 1353873
17006382 116313
17010633 1864833
17013185 3893993
17040600 49527
17050995 815896
17137590 740845
17227606 825759
17230110 1408375
17230882 1998951
17239285 721879
17243923 65741
17246695 993603
17344419 511739
17355108 325683
17360118 260808
17368260 448894
17381285 382816
17385941 291750
17405356 661188
15690798 88510
11796797 371135
17486804 1158556
17560143 304539
17600846 1531345
17601008 569967
17608616 622361
17617991 358867
17625538 1009071
17626854 966458
17654756 4574858
17753468 274192
17820681 1489186
17905389 438137
17906490 786562
17906567 569794
18000959 641221
18061157 297409
18073236 125947
18153168 44121
18158193 1667132
18167984 100198
18168243 456311
18372225 1022743
18416717 126742
18445148 336381
18445843 668896
18447266 157803
18447576 131660
18452969 1283728
18453076 398183
18453560 7340145
18453621 1988415
18453625 211543
18455718 814196
18456336 12361
18456343 705184
18456431 277206
15624321 331569
18456479 400612
10602397 576095
18456730 193510
18456963 389066
18457264 492246
9719475 931322
18457734 374711
18462421 754992
18467505 3204095
18474607 983309
18483856 2226423
18485871 83227
18486317 10530023
18486408 804031
18496418 2066428
18504342 1658124
18509209 2764892
18509407 555033
18527504 685390
18550353 237739
18550686 22761
18572525 902636
18580109 1093287
18597579 802798
18612322 355690
18612329 48516
18633457 1094270
18653517 252675
18656187 1002305
18670045 900273
18702781 2403790
4070308 432417
18747395 125171
18752443 249224
18752557 251191
18752806 24702
18829392 1009719
18831014 603482
18831118 1714002
18834491 172083
18865537 177765
18866383 512802
18866453 235244
18873303 347055
18873310 582222
4555291 194593
18902784 1185364
18950075 3288670
18959351 1624322
18966071 1920371
18969336 886
18982241 17899
18998963 1180518
18998977 526258
18999073 1224932
18999165 135784
19001497 699542
19010463 464616
19015365 427298
19018252 430573
19018260 182050
19024721 249031
19025997 236922
19026001 1529033
19026003 4824456
19032235 3854
19054080 100201
19059835 2181153
19077317 888408
19077470 425300
19077503 227524
19082130 6351055
19082835 214801
19082867 564516
19082873 434120
19103184 491476
19114521 834211
19117849 550982
19118242 1729495
19127609 1160451
19130359 392165
19135894 741642
19137949 660305
8808122 464148
19138251 204867
19138453 23442
19187385 616772
19190622 1015551
19197234 318304
19197503 1872794
19200308 1133629
19200599 786565
19200612 1843508
19200615 1356237
19200632 2058361
19232718 1734881
19252921 2724617
19276375 593242
19278525 261749
19279517 952714
19299406 1169145
19299772 395793
19314919 4322089
19334876 246167
19335043 1063463
19381392 1135359
19390364 560306
19390365 209786
19390386 73680
19391480 10156590
19392287 1528676
19525722 10688
19525825 1043846
19584258 1017336
19585132 1431890
19702589 238224
19702673 4325950
19728044 677253
19797037 2482357
19851398 2683816
19886395 617980
19904297 2312629
19911347 749950
19935673 114304
19940073 194812
19944162 261827
19946778 2107465
19946783 144839
19980004 1540646
20034433 456464
20034453 1511005
20034739 1069971
20045782 745171
20049526 182888
20049558 3419747
20058404 482559
20105111 436122
20282387 1810888
20306652 289990
20312061 855403
20324779 8200434
20332724 530889
20342821 161687
20346522 8621022
20347858 472857
20348508 596209
20383375 1765932
20386486 118496
20402383 1076857
20412124 212597
15171142 476595
20441728 367996
20672077 2301574
20685739 1839100
20697886 305168
20702126 3760261
20719289 1890899
20745826 98320
20746862 1171641
20762337 485338
20826456 1135518
20850451 238969
20901356 56901
20907738 1264582
20938274 45013
20938296 675009
20970395 305519
20970400 160238
20992552 2756517
21041580 579311
21054919 902023
21229640 1515069
21232067 1543791
21239549 745781
21375126 1073789
21375129 2361838
21401290 169837
21501526 1678472
21506115 135747
21512874 16007
21512890 1010684
21512900 397036
21513399 1900756
20060139 450883
21517583 367370
21549925 34334
21550288 540260
21557956 911635
21635267 1026636
21661381 979532
21808630 108566
21993956 691572
22010217 786827
22019593 720573
22022974 359327
22024285 37996
22028791 300680
22043509 927064
22071349 18718
22096738 476386
13108427 177245
22114697 110065
68820 178351
8773545 19758
13661821 602821
22155710 209923
22195489 402269
22195538 149028
22201297 202588
22202499 457850
22210870 15967
1303433 34352
22213771 35825
22219222 57719
22233366 1062445
22239907 529
22246509 115013
68791 1624659
1303434 134521
22252747 5920
12098099 51239
22259131 353443
16064402 162015
22261292 240967
22267890 1901250
68797 525353
22294864 1055040
22296942 121101
9339410 4556506
22309176 4398
22309216 281721
22319671 218646
22347808 29762
22352153 630646
22354193 11022
22354989 1704160
22363974 627578
22367762 202592
22370091 38987
22371281 133545
8294563 1831
22387799 1119234
22388007 57907
22388564 763144
68813 1016445
22394164 344412
22397892 329612
22399362 542273
1219066 423221
22418675 140663
22446886 102855
1158562 357
22469578 987875
22473783 574903
22483070 109978
22488056 1156209
22526277 495421
22526636 77813
22543278 595362
11032202 888080
22550263 445485
3761579 480001
22561427 62730
22563620 456734
22564206 1337027
22565279 20051
22568330 39201
22574557 136407
22580155 23706
16111130 8734720
2687461 22023
9542369 131130
22647995 193350
22654406 118123
22665969 543856
2441848 1039886
22682475 345584
22702173 221315
8495002 316406
22709320 1159699
22716114 68039
22738043 672562
22746947 1869904
22752397 369294
22754896 825117
22755677 69603
22790700 438169
22804457 1774646
22804547 933354
22804994 1520973
22808831 3025
22809046 29242
22810412 5182600
22810837 3943685
22814004 226564
7339595 922827
22821222 950581
22821266 902876
22821363 17971162
22858341 45381
22861856 675693
22867135 7801805
22874079 244386
22887880 177382
1303419 49014
22906779 1860923
22917249 684086
22926652 269544
22950453 1594301
22950453 812443
22968455 22584
22994591 163586
22995216 159992
22996778 297848
23009514 265739
23011133 4509351
15660953 1753379
23021908 490376
23028201 608901
23028367 246146
23035346 307767
23043578 353792
23043678 72376
23068147 241620
23069301 1704066
23070813 4031974
23071512 19334
23072230 9802992
23074355 52037
23077784 1416481
23082935 127060
23084529 1414006
22995220 171639
2021339 207873
23114596 1698946
23114686 244104
23115620 1803601
23116023 72027
23130080 33531
23131147 1026552
23147692 2362534
23151023 24392
23153665 1103378
23154435 307990
23159102 46298
23162651 93403
23181195 1517637
23187067 241637
23187633 79788
23190830 564335
23193097 60949
23200781 1755064
23211214 298260
23227667 3412991
23232117 365552
23234469 117091
23237785 306157
23284596 200863
23291955 1904696
23309359 329429
23319068 815500
23331125 593217
23331543 350522
11381214 443871
23342901 241468
23349074 136327
23349681 3799097
23349734 514957
23353949 2414462
23356393 2000021
23358013 616191
23360216 1291176
23360856 2067381
23361204 59228
23362937 988610
23364334 1599122
23368526 1028625
23370057 61886
23371711 430709
23385527 1278603
23386178 263896
23386859 740825
23387684 680848
23387712 622059
23387756 522035
23391166 1444382
23393554 3798965
23397144 22456
23397155 153450
23397412 978002
23397505 929312
23400745 1365821
23404497 4756689
23404907 255589
23410047 1869166
11718378 810303
4903527 243872
23410303 202877
23413454 1454332
23418626 62501
23424031 2976873
23425047 2947650
23425187 527022
23481242 2342226
23542433 244983
23556195 735325
23562802 126785
555468 619464
23567855 652953
9809299 1904998
23581097 468031
23599297 1333497
23606450 985792
23648903 3117830
23649741 435677
23668715 1683384
23671332 6083137
23674417 3557352
23690059 439414
23714709 1817026
23736079 137689
23753610 15857
23758664 910931
23800768 360987
23809723 1801408
23838151 2547993
23841708 763082
15615920 409845
23853012 9064526
23867991 185462
23886698 1996248
1463610 32122
23924880 5372
23941417 1713217
23941743 829480
23952340 788858
23961338 5979039
22391628 214794
24007600 182372
24113029 2655103
24128901 541651
24178784 1010735
24397146 758398
24451483 118000
24464229 185450
24487927 2447786
24617330 338854
24617899 4562
24627008 594023
24630324 330166
24630326 501113
24659947 1224982
24684431 6381
24945185 354920
15461265 1589923
24989075 293491
24996303 603960
24999078 139194
24999211 555177
24999212 1297139
24999879 273470
25017009 630941
25025623 556553
25027480 225433
25030600 5210
25043083 404236
25053880 4061516
25067279 1232316
25090893 605568
25131937 564887
25135073 1515514
25161975 103978
25174214 430210
25175536 840856
25191374 1162578
18453202 1430082
25196690 341129
25200328 2539761
25277257 838724
25292057 206743
25292086 653605
25293152 372107
25357940 148562
25364409 1021912
25459254 372986
25461407 285646
25475150 235259
25477689 210052
25484951 1611922
25487727 2892728
25501732 949593
25501833 1313081
1704693 379501
25519771 1552261
25521205 4112881
25521475 782139
25521557 2593471
25532091 736946
25532208 1125653
25549905 406285
25562097 2369422
25593498 1391774
25594871 252427
25597979 186503
25617749 134055
25618391 306557
25627169 296507
25627235 162745
25645333 18166
25645371 2405496
25646615 3202804
25646629 1225342
25647619 247571
25652651 3243594
25653292 146762
25714838 711447
25766365 275105
25798974 376818
25815155 1564919
25818212 315146
25818411 861335
25866745 4208831
25896532 1117566
20894387 828473
26016856 272509
26175092 869822
26191894 552996
26201273 548016
26201377 2181081
26208823 83566
26320010 4749289
26364343 3812
26370641 1364580
26412191 749117
26415394 164190
26421320 1085370
26421386 638240
26421392 1209702
26463007 190000
26463019 619791
26463040 440749
26497768 1880173
26505072 196341
12219555 458296
26508555 1612165
26512184 516436
26514465 328238
26630875 433574
26761000 691587
26767324 610037
26801264 624202
26813473 2727464
26838299 619651
26853260 1635099
26862426 8386007
26867076 3839196
26884400 869036
27106292 34457
27157217 967846
27186942 627354
27207262 651657
27254922 315770
27295608 337601
27312822 2647101
27340547 1899300
27358174 1912912
27369025 461981
27369083 247027
27374676 48509
27400698 600522
27500161 1181298
27524951 1819342
27627346 927775
27661635 351860
27826486 961078
27922059 253259
27928809 246428
27928923 146327
27928955 4068755
27929188 9148468
27929208 516438
27933447 586253
27967249 729534
27969431 167949
27971268 277071
28046809 543024
28134224 56000
68831 331542
28411257 100203
28411669 27690
28415887 182401
28420586 2298139
28433497 1753596
28449512 739922
28455410 664015
28476629 382936
28483758 972904
28485658 689406
28488794 375553
28491635 24547
28507821 137010
7040133 19027
23709663 74673
28540039 669364
28540059 774967
28566492 1276593
28568379 109585
28589477 105169
3042089 240902
16765492 236612
28598468 118559
28599825 11157
28601031 18134
68801 1923091
9267342 293061
8773546 200006
68787 1661215
68800 318625
28614078 120672
8495008 1187273
28631001 699364
28634212 89973
15737557 54063
28647696 22666
28650618 113605
28650914 3182
28660389 70264
28694779 709202
68786 754205
28697247 64794
28724334 133937
28733201 274166
28742441 207725
8600677 46839
6730600 75611
28751016 101531
28756133 84657
28760125 7903
28760644 181959
28771411 445487
28778849 242213
28788728 73193
28791536 284446
28795555 930729
28801165 54386
22138097 232157
28840222 40787
28846194 26386
28848671 20648
28852665 63694
28860344 1252339
9680410 80684
28868185 405744
28870904 143854
28882102 979640
28899478 125547
28909003 100219
2359264 617581
28923706 152696
28924513 65188
8638737 1563676
28937470 727373
28938051 951340
28938790 354035
15536458 211081
28943276 582225
28944608 243836
28944703 139275
28946472 309305
28946567 263494
28948378 117090
28980303 125534
28997708 480133
28998571 76929
29000165 2242
29005271 275110
29016957 3937571
29038869 412793
29075450 455469
15421876 123238
29107147 129436
11032201 1566594
29110615 646641
22256850 133750
29143508 257724
29170725 146349
29170841 1065526
29173480 765682
29178820 20793
29179044 1704365
29179362 1396760
29179404 5978368
29181130 3983459
29182032 1120922
29205458 133738
29229445 115534
29270783 1135005
15433195 249840
29297458 586473
29310564 693814
29310583 247236
29310586 807452
29311983 245912
29321670 218771
29349908 860828
29357198 132078
29365626 930610
29372601 2008084
29374966 132649
29385087 434991
29387245 288042
29395068 207115
29398569 110925
29399308 118079
29408931 119711
29410725 228905
29411474 305636
29415950 134077
29424381 367427
29425699 19098
15527213 347946
29437924 60671
29439469 2999
29442527 17892
29448194 6945977
29449726 1981358
29461706 169542
29462465 23541
29463703 110309
29464346 698464
29467207 110340
29471486 3963005
29474378 1581264
29482742 330421
29488327 311791
29508194 191784
29511942 252969
29530633 197685
29532637 78317
29537563 176160
29555555 383007
29568069 761759
29584849 155273
9542370 335525
29594295 356686
29606749 18611
29613683 96412
18593635 2300
29621100 3384502
29623513 2678710
16656501 606627
29635501 733133
29637333 2495611
29639403 23713
29670240 354437
29687618 1208437
23114602 1655037
29689917 1360419
29690818 128781
29693197 3234796
29693600 66465
29695232 2930775
29695477 427657
29696968 3116209
29697177 982164
29699597 263419
29700081 822387
29700202 1698334
29700285 52685
29705247 2241179
29705754 407911
29706370 752662
29706474 3248763
29706594 3206270
29711706 1401
29715710 928646
29716524 249267
29718007 376088
29718224 147260
29723042 2716927
29723637 179175
29724756 1202273
29728464 589785
29728610 2780625
29728618 1524288
29728621 232442
29728625 2346319
29728792 1965583
29729306 1870294
29729405 2714470
29729699 780527
29729817 2352667
29731615 5600361
29734794 664900
8668506 20708
2109286 581083
29739672 248965
29739793 1726981
29740280 7415312
29740773 19196
29742999 1742949
29743253 110557
29745024 41029
29748038 1475409
29752602 167053
29752724 1095357
23410200 18716
29754191 587747
29754664 1567940
29754715 9001
1318379 2976245
29755904 255325
29756859 929011
29760768 231034
23323956 7189025
29762930 97318
29763312 121977
29766058 237572
29766738 1339161
29767935 131597
29782876 827438
29892679 705954
29931719 3496557
29990642 940131
30012386 2159235
30058147 1026394
30058389 2176896
30135668 154148
30147449 377345
30149244 600398
30158437 385188
30170533 116381
9123333 454690
30244142 265550
30251760 1626510
30283705 707937
30284540 1140784
30284555 652305
30290131 3111897
30309491 2015119
30334998 481900
30344899 1824
30350019 312511
30355533 49891
30388374 524971
30450910 1101480
30463307 1969277
30489804 136727
20910898 245423
30501632 637169
30518414 211225
30588138 1651326
30623480 799996
30646681 687561
30677073 231101
30697712 191860
30699676 12017
30764978 380818
30823905 341435
30885958 226013
30914283 500677
30914532 572044
817130 2023660
30926817 1069848
30962555 397287
30965980 375597
31025631 5972437
31201291 818816
1295469 471636
31259274 522101
31262986 2385766
31273128 3072296
31273939 853930
31284911 216395
31286240 509596
31288985 326707
1303454 600951
31289018 855336
31289770 1230442
31290166 1058261
31290696 597078
31319663 1685931
31324689 54202
31341600 1961817
31346081 1058842
31353031 68318
31397001 1500516
31397964 1201312
31403118 414721
31403492 828572
31417735 1020415
31420765 285928
31459119 8626017
31556900 1135447
31575831 251481
31576822 772145
31643168 45117
31643173 661623
31645129 31645130
31648218 673459
31658060 1422212
15461264 80294
31684060 1324623
31686008 2745767
31698651 248174
31740766 437740
31740771 173450
31743053 26530
31753940 2002067
31770812 325804
31777280 2574488
31782689 1504550
31788851 469341
31799157 510891
31815391 162251
15527267 1384285
31816457 254337
31816534 390184
31819742 1496025
31822687 361130
17517457 534777
31828540 258529
31848886 311098
31865805 935686
31871745 409758
31871929 519750
25749760 453068
31918275 552112
31919798 694188
31922763 297625
31922786 545534
31922790 676349
31922794 371348
31925077 558707
31928685 1457002
31928797 1473396
31929253 452893
31929284 875706
31929287 329179
31929299 674485
31929378 472322
31929438 33604
31964939 384596
31967820 89273
31968783 919991
31983594 2419741
31988246 1552012
32021020 4203156
32035067 410991
7551064 11648580
32035155 1752828
32035191 534837
32035414 499193
32059265 137082
32076147 330279
32082380 7563829
32144728 26881
32147925 525286
32151299 53999
32151316 636703
32151357 55885
32159525 2256405
32161131 944725
32165459 130901
26888195 394333
32415457 2619954
32423076 1810655
32432760 43684
32434716 550666
32443038 3763283
32502610 26608
32593179 1334942
32647810 1826145
32647821 819554
32679480 81451
32695763 265791
32727849 434556
32736350 2198554
32751671 2052261
22391629 438407
32916061 150247
32988717 3543371
33000052 731936
33000094 43241
33011435 589407
33012439 5055926
33022040 360970
33029913 1207790
33080786 1297445
26888196 1087084
33101287 8488800
33102715 1993295
33103821 832289
33107619 1622678
33170311 156805
33182731 870683
33193160 50290
33204324 491139
33319964 117080
33331810 1542666
33374318 1313174
33418341 506746
33427979 782428
33462997 1050388
33463384 3597423
33543949 816063
33572190 956020
33577574 507075
33661248 934322
33825117 545095
33829106 1043442
33855266 380286
33855269 750330
33860878 874415
33879984 491387
33992189 371945
34112140 313172
34125582 75572
34125609 135901
34125842 188193
34125989 724381
34125994 609346
34126017 1869091
34157405 80550
34170279 3218406
34377474 1836341
34426814 12678474
34556929 831232
34559845 1081642
68829 66429
8385696 50202
28891391 16597
34602083 194424
34603723 535251
1063991 52543
34617823 107200
34636032 248601
34648791 241825
2109362 180034
29500258 25034
34688163 129661
68824 257243
18440453 1468378
34731481 12460
68794 3033965
34747149 960438
15997748 49229
34765703 41711
34786784 63960
29001938 10100
34790585 41901
34790826 227983
2017599 97315
34793525 8504
34795397 1278567
2498588 428707
34828322 5264
8441615 1899454
1523906 10558251
34834518 2910813
34835395 1376821
34835671 108126
34837484 547759
28189447 194110
17302272 21151
34876580 155364
34878777 249552
34900928 242649
34913307 121878
34913989 395348
34920808 61295
34922526 207846
34924403 3019532
34931564 297970
9383161 8505
34932616 35141
29760773 5971
8539600 268657
34937202 75564
34939957 11088344
34942693 4667
34947099 733714
34951941 608843
4905945 34392
34961528 368615
20257062 310335
13691476 67630
34974412 565867
34995342 1833078
35010125 1093
35027957 229702
35036364 83649
35036542 653641
29985185 889860
35038420 1702514
35038825 217095
35077847 1514893
68803 709783
35086429 387591
35089243 1661089
35095119 1072983
35095121 848204
35096021 542458
35096287 30281
35096579 533272
35098779 595141
35103973 376
15171141 65892
35112467 6053648
35118186 907263
35152830 686627
9156335 222474
35168495 766969
35180705 267731
35201892 138090
35232074 788451
35241039 412079
35241530 8475
35252678 691854
35256184 95387
35260436 92153
35265268 3035718
35285031 297553
3008217 768072
35292106 2598134
35317789 1435757
28199332 484352
35338566 270153
35341829 250728
35342288 148717
35342291 262892
35342345 133765
35344255 34149
35346274 411880
234295 70149
35348962 1194451
35350146 278910
35350892 71136
35351274 1231715
35352502 288255
4026639 664294
35422087 401550
8406640 73979
1290160 618579
35475307 17658
28189446 126175
35517818 254058
35527826 443021
35529881 1436910
35529884 899378
35530128 2490213
35540332 181557
35541375 15908
35546215 33903
35555104 108210
35561585 6387
35563720 64851
16727014 133810
35583856 77729
35583929 81499
24073025 2545779
1303430 260439
35601125 15001
35602511 34682
35608131 114420
35609547 410149
35617407 1217488
35625393 2646031
35625579 647632
35638270 1105775
35645610 775502
35658784 327313
35659877 156453
35662414 4101671
23012537 402463
35675775 222746
35683780 6250
35691670 942355
35719428 255463
35727020 322594
35739141 365643
35745669 1384509
35748357 92560
35772475 350366
35773182 825307
35775405 116907
35780460 292610
35787814 2523550
23990783 784993
35791370 1406053
35793944 37801
35794185 206923
35803355 16952
35807858 178549
35808367 3210007
35810598 912313
35822232 1602920
35825930 458054
35831207 965234
35833257 99069
19390369 422214
35840795 16336
35844157 289570
35844558 440744
35846149 789298
22515951 6830815
35849486 1173856
35849499 3520772
35849500 7804008
35849502 231981
35849504 3686557
22321354 2401407
35859414 914542
35859729 4036616
35860223 203570
35860637 836479
35648187 52000
35862040 2037009
29038392 1974904
35862851 774771
35862855 1203476
35862857 22786
35865573 488060
35867874 1334632
35871549 56636
35872466 821036
35874119 295829
35878743 568623
35878767 3391029
35880369 195525
35882436 363925
35882910 1641074
15615918 430018
35882978 93049
35883327 322746
35883549 700077
29173944 128136
35883716 604770
2285211 2972
35887748 2464369
35889934 161839
35890571 51141
35893876 792792
35893890 121829
35893998 1852703
35894244 80984
35900890 153221
35907691 465703
35907713 828337
35908102 1723349
35908602 709487
35911515 674171
35913754 23057
35916149 2083698
35917601 543883
35918943 22830
35919103 527816
17541440 292174
35991938 383249
36036214 3208
36048705 342099
36050655 355372
36093683 3698539
36110348 380475
36133183 125621
36134990 262636
36145126 398140
36170851 1202689
925222 2703597
36276228 271887
36279736 264125
36282149 190442
36291155 79414
36305959 241650
36329809 575038
36338905 127007
36340250 93618
36348061 548193
36348865 241741
36357492 2668216
36400618 429015
36400779 362436
36403916 831945
36403933 707169
36404755 634520
36404790 436818
36412142 934021
29670243 253095
36437448 1857629
2285890 2997576
36458487 310438
36459947 336300
36501945 2144077
9934288 1156942
36546144 431038
36567094 1892931
36581365 2438442
36583211 1353407
10662947 1650256
36715528 3066739
36780100 306161
36926446 1582254
36941316 1867497
36952047 3605658
37019970 2745918
37020491 629668
37021009 1522923
37021031 809698
37021174 1086418
37021217 6477522
3686343 1022826
37048023 749574
37071029 274280
37094094 1278131
37102837 48330
37237308 578181
37346346 907013
37347386 147969
37353862 212173
37372664 338988
37374348 1708398
37379799 210509
37383931 1094824
37383988 1208295
37383995 1050880
37384077 1038458
37384082 896335
37384100 24887
37384140 1179909
37384875 240016
37385235 4434540
37392021 599939
37407257 829822
37407755 113276
37410127 1752320
37410246 179301
37414622 358592
10526399 326590
37438460 231171
2847198 969629
37460528 73449
37468204 1886670
37493301 271670
37499257 148606
37501583 129569
37513034 624126
37518803 489532
37525566 96317
37564121 1828758
37575011 2000679
37608543 566141
37609121 462835
37652492 814929
37664120 315348
37726723 301619
37730227 901658
37732920 1012614
37753906 1489674
37769399 628601
37792148 306226
37838505 950579
37839706 443791
37847697 1135761
37850419 708016
37852498 244131
37855829 198418
37863645 475264
37863701 2320831
37877349 621709
37880234 196157
37880754 3782299
37884886 2512140
37894775 79361
37896801 279358
37902259 899296
37908291 430342
37910067 788547
37914743 27889
37916544 87722
37921425 572787
37934105 1725120
37942056 1028533
37942824 512173
37945735 4441851
37946068 1303137
37949189 665063
37949631 1222862
37954627 1838688
37954691 1010021
37954697 2314609
37954760 1553300
37981988 110201
37996311 1458890
38000498 893135
38007224 463674
31836166 336286
38061541 252955
35893869 515427
38084658 740907
38109275 34577
38109488 9666769
38132500 1560790
38133832 223439
38218441 426420
38219874 576037
38221450 2333399
38221583 4509724
38229300 476802
38229338 253220
38238355 293312
38371274 444813
38469159 101443
38477269 841184
38488218 353078
38488554 457078
38529494 5179625
38589474 557810
38633273 546921
38696225 1548030
38771687 2834660
38774181 854056
38776815 104028
38784771 276033
38784865 1290086
38785771 791955
38785902 738163
39012650 4050020
39013181 2388991
39017227 582711
39026629 504394
39030832 1123403
39037797 236889
39038387 1417433
39046412 916738
39062387 403105
39072466 351723
39097136 4172082
26888197 2232116
39122973 1912787
39130837 1641346
39131132 1034588
39218252 1956039
39358744 457888
39370410 576036
39382868 199683
39383312 3553455
39434563 888083
39436899 2715048
39437198 1087175
39446150 959484
39447044 154491
39477819 654899
39584261 336734
39588432 1045162
39588474 2496547
39605900 657564
39830304 48007
39857635 6093629
39859465 1469789
39880774 1174675
40121650 5601
40121915 1022033
40122025 78598
40126605 436820
40151051 1889071
40153813 147904
40229523 1308901
40438100 952118
40481962 804249
40540523 117396
40545749 148689
40582796 72212
40583058 125230
40623609 43903
40670505 243032
68833 58119
22694404 134446
40705199 741849
1303425 72083
16111141 129268
40754071 99125
11032199 584715
29001941 282937
8567618 35520
40771265 1276521
23071749 62462
40775723 71873
29001942 94783
40776041 20095
40779759 328516
40781244 94624
29867838 127506
40793478 803316
40799353 45192
40802724 238168
40803896 103944
40805507 822212
40806021 1614285
40806609 31302
40807223 38962
40808270 34219
40808346 5323653
508424 134337
40815858 1498027
40835056 231956
40855990 108279
68785 833735
40887789 3268163
40891116 128025
40892041 37503
40892182 352007
40893422 267680
40898049 4966
40902584 1539199
40906833 1369768
40909805 935243
1303449 166341
40912152 91178
8768915 8313344
40914297 531922
40923174 11708
40928762 1083526
40931623 13102
40940186 61906
40952861 2013564
40972939 455401
40978630 566494
40988520 236220
40995144 280133
35701458 264549
40998630 1244141
40998912 400350
16111134 694472
41001308 397212
41015763 971890
41017589 92544
41060960 82625
41063118 1438356
41065043 346823
41067821 5000
41068712 348158
41070533 142769
41074270 1958840
41079082 87342
41079279 681382
35087944 2774252
10173970 381122
41089089 690325
8154763 11917214
29001943 724749
41091170 81985
41092369 354289
41092515 609379
16370250 1595580
41099889 374005
41110522 677254
41110528 267718
41130962 290797
41136453 92045
41138751 411274
41140250 638435
41169519 2298187
41190497 943739
41193587 330384
41223563 101366
41239228 172820
41256638 186550
41257926 5315
41261525 1285802
41261529 3236171
22996150 149482
41281862 349476
41306236 7331274
41306401 2321056
41306568 62522
41306721 232583
12172485 327598
41311047 294647
9555950 148737
41312825 3864
41313081 140097
41317387 560944
41318276 519283
22387800 6846
41327590 221028
41343435 833349
41356009 239614
41357153 162210
41357608 734514
41365094 18735
34829206 655661
41397637 2521682
41409889 506660
41434307 294286
41437105 335708
8716730 1591026
36340220 1299706
41485870 11086
9341816 2115965
41490515 306502
41491905 593715
41493511 21139
41494655 516128
29178821 403045
41515627 239186
41522756 54447
28913170 5187
41538550 323402
8494995 334953
41548193 271156
41561491 650490
41562014 664563
41563726 442341
41567467 56752
36017659 146855
41587942 900949
41614035 849993
41615825 1924493
41620013 326088
41627290 249040
41652094 900124
35860659 1473184
41657858 1427369
41663587 3064348
41663656 1771511
41688280 97319
41695601 4291903
41700121 949223
41700618 1433606
41721578 1300091
41723503 726993
41728546 192289
41731704 207043
41738260 371122
41739898 322758
41742418 349511
1620602 1542
41773436 135290
31671092 950243
41786140 5195
41786910 9535842
41790761 1702158
41797669 952470
41799255 48546
41800595 14368
41801500 474144
41802057 52664
41802060 1358740
28907747 1576895
41804806 1292224
41805117 92066
41805353 609995
8524081 924298
41805710 229193
41808785 19054
41813245 93792
41814606 483816
41814680 318537
41814703 582634
41814792 1604079
41815214 130414
41815387 1787961
31775730 3834502
41815393 816687
41817572 1099532
41823279 800874
41824688 8900027
41824851 593313
41825080 2573046
41826754 1859938
41826804 10843
41828111 2516656
41834040 37079
41835765 1623898
41836816 162833
41837113 1183720
29119478 1857475
41837432 1106296
41837648 268373
10230522 1531713
41838087 326630
41838139 206766
41838788 134115
41838880 687681
41843622 174320
41845210 1402829
41846359 107340
41847438 342551
10391472 1068995
41848017 69837
9632531 1710444
41855483 292848
41860687 212710
29652835 774423
41861716 900149
41861716 2764667
41862381 494035
41864572 671957
35122676 862224
41866615 983644
41868389 251359
41868400 1220085
41873091 276693
41930961 754134
41937822 1349176
41945805 1146955
41987167 306160
42007706 210853
42046923 548290
42090574 956329
42077601 48302
42108773 2308912
42114936 2738150
42127179 544587
42161628 100627
42181926 918212
42234992 306496
42236572 476196
42237320 57272
42247335 634462
42256547 230957
30976110 250885
42282465 88534
42284252 49555
42300858 1319868
42333473 216679
42336109 131842
42336992 506174
9455580 1464468
647914 2057883
42350133 405401
42362116 743705
42389303 831153
42399638 1325875
42399962 303343
42400381 1644306
42417029 1000832
25063132 1073210
42419092 246152
15989960 382708
42438405 784916
42450910 498087
42487821 278722
42495582 929636
42520955 769631
42545865 1530922
1303451 220135
18975801 78324
42684444 484381
42722505 232561
4310330 652766
2283720 227067
42799259 399169
42805472 706144
42853252 144717
42914103 395584
42955144 611771
42955174 923044
42955411 100193
42968186 2065805
23387188 636201
43163570 2115362
43257516 931868
43267408 156416
43267619 349645
43293599 1022669
43296032 2249275
43298568 1133785
43299156 231129
43300064 189528
43302682 618263
34928729 1933956
43302703 153267
43302752 173059
43302775 177947
43302832 135146
43303863 1295958
43304026 1093973
43304572 591047
43308127 229420
43325680 409273
43326459 532284
43328657 2403830
43331023 1059589
9111542 788109
43333726 311028
43352837 634637
43357337 790957
43384089 693119
43384095 424280
41861004 2204626
25042889 1083687
43427255 1074075
43440346 1248975
43440835 37863
43443576 218694
43461549 225450
43479800 3041730
43479801 1891929
43479810 2124003
43487012 654615
43522893 233774
43522946 658346
43561264 129827
43565742 1358730
43576740 1513942
43287941 808272
43668702 1147057
43671288 1205916
43679407 339835
43680831 884595
15615919 435157
43758062 1752421
43760688 61971
43760907 139377
9108955 208818
43774149 1511764
43780725 48400
43789290 1894408
43789382 1096555
43789447 1611514
43789907 2295094
43791237 1042146
43791546 720511
43791833 67112
43800365 273410
43800370 268472
43801559 207585
43801736 1423388
43805107 160741
43808174 1465037
43810872 444666
43817331 3239701
43845531 1671172
43851234 515353
43856446 91645
29179914 1693996
43858863 262477
43858867 765537
43860606 291774
43862121 1103485
43862162 495885
43863435 80143
43863441 121976
43863534 472399
43863543 2029468
43890197 259458
43913003 1233190
43913441 805525
43913442 440869
43913638 266478
43960069 434400
44014177 458968
1411004 428919
44017124 2899919
44036397 428435
44054238 597662
44061545 352423
44122082 67523
44129495 390426
44163843 1033076
44348840 4629852
44350272 337772
35884527 258583
44357848 61697
44367611 252854
44419827 942651
44464295 499445
44474593 1142909
44522826 1328379
44524246 1833425
44557224 737406
44568142 406131
44632542 4398687
44632759 279056
44632987 250715
44637594 195061
44641148 2121645
44641256 1800650
44647435 118761
44654093 416600
44655901 39722
44856185 778791
44856189 870759
44876403 722851
44876739 521304
44876822 1030935
44881122 993093
44881125 2268485
44891050 300315
44899920 1176512
44919687 386155
44944300 594073
44946354 800585
44968308 1562000
44980221 119000
45003285 141014
45004883 2354803
45076956 2086625
45080635 68297
45237205 1367185
45237254 628347
45268657 604016
45306368 585777
45325801 491526
45328301 49873
45431285 2764771
45431289 1461061
45431304 1811092
45442288 401024
45446674 522281
45505687 9009879
45524294 970976
45701906 1023983
45723583 2379805
45723642 521203
45725330 1486115
45964222 331115
45964248 528087
45965543 390887
45965583 582495
45967765 88943
45991384 1482051
45992202 84283
45992203 910921
45992221 417074
46002224 3213819
46003423 1283439
46008953 556617
46168118 2065895
46200661 558193
46268384 173470
46284730 564773
68793 1894216
46370781 457725
46371048 586475
46372088 160888
68828 378485
29729166 503646
46401954 84089
46407888 252361
46410502 1117380
46422364 94581
46422367 1456279
46422410 510268
46428823 433201
46468416 118506
46506690 55443
68825 381055
68811 26216
16111140 86824
46528695 564750
2524213 76101
46536703 3654653
46553059 1186302
68802 2726862
5186854 14797
46570977 60160
8773548 26155
31692809 982588
46586596 221679
68788 3799030
46589739 10647
35834952 498248
46609824 224933
8495003 324281
1303432 101027
15989959 262856
46616509 353091
46616578 34925
46630331 138257
46636937 62374
46659983 24457
68805 3263011
68810 5860804
46675857 216294
68099 72636
46705063 638528
1303444 124988
16923358 24376
21829183 2163624
46709362 1093356
46712233 6158214
46726892 192154
46728311 59452
46728345 133849
46736109 87857
46738956 314178
46739215 353616
46739538 148446
46753694 298560
46760457 2478700
23406789 29570
46764951 696641
46767811 2082
1046273 164890
46774306 643962
46777165 200095
35117377 172160
46794352 5368
46797699 415127
46798705 74900
10082693 280241
40951023 281882
46816556 348101
46824629 353972
46845880 11734
46862186 47324
46864794 438064
46871886 127078
46872856 118434
46874898 5867797
46877313 264874
46879368 73923
46881956 592409
46891433 2731124
2089769 359873
46906005 348695
46906210 1787544
46923609 310129
46951409 363307
46954459 624949
46956268 320517
46961497 323071
46987771 95505
46989722 228346
47014738 19617
41220434 708926
47033466 610259
47049242 86895
47053254 67503
47062759 131133
47062839 1792312
47098881 25814
47101182 36297
47107316 2106583
47107365 2447292
30241300 307202
47108288 587407
47108495 223400
47112919 4317044
47114439 298610
16412778 561887
47118300 3824572
47120572 1000800
47136336 11109
47143453 182640
47156075 654253
47157249 49649
47159293 3019
47159370 333647
47162074 893395
47162094 274265
47174786 249033
47212205 545256
47213897 126870
47223436 622699
47230522 643682
47243871 659658
47279721 1357782
47280856 149551
47285046 365065
47285605 1101
47288850 1308531
47288961 419124
47289102 58319
47289105 677044
47289586 2146342
47289874 64912
47292796 1052354
47298402 2471001
47304244 769874
47306640 423725
68796 791565
47316904 278982
46947418 288256
47327066 245184
47328835 181729
16919983 428470
47340325 233489
47341969 1278209
47342338 20038
47350649 133861
47353559 2147801
47353578 249564
22111121 771582
47358310 47418
47363558 881032
47366102 444144
47370486 6084829
47379179 1995989
47379220 363331
25652800 110551
29605722 863996
47380500 286949
14350237 704005
47399302 116916
47409483 1530569
47455402 2566039
47459679 697315
19309084 34950
47465811 1438856
47472594 175578
47490149 96627
47491156 576465
47509552 219271
47515690 4223853
47516757 401796
47523981 1489849
47525734 2761138
47531252 966207
47556402 267031
47568681 318876
47583454 243224
47583461 2402039
47584027 509614
47585326 48452
47585412 3046650
41021254 951759
47588481 301927
47589236 88518
47589734 1340368
47589811 83111
47589950 2478671
47590289 3546994
47590520 667293
47590523 1692530
47590902 148345
47594234 819004
47599247 3911025
47599758 16189030
47601883 454905
47602347 3837997
8580794 551247
47603256 1058457
47610799 2822358
35712441 3922961
47611109 1064881
47615908 588629
47617801 1655038
47620463 92107
47620854 27834
47620862 250435
47620864 199612
47621168 146781
47621372 618124
9936894 210341
10280692 2015054
47621413 266929
47621462 363672
47621466 1206459
47621468 9060956
47621548 5003268
47621896 433738
47622086 354038
47622324 61106
47622422 2073053
47625930 148960
47626220 551214
47630968 582566
4775853 170984
47631686 330522
47632025 1138041
47632277 48449
47633537 1324599
47637745 424860
20709615 1297461
47638567 540601
47642473 545718
47642634 3413745
47643461 1243950
47643483 1709983
13112454 8609626
47648594 49057
2103323 1243284
47651790 2015109
47654118 38048
47655199 460081
47655299 1775441
47655447 187358
47656160 104270
47766019 495307
47768694 14287
47809499 166600
47825739 298633
38491207 1357503
40796253 48408
47877548 1440482
47898226 616117
47899823 1151843
47918433 95665
47926287 480418
18954510 517971
47944245 127254
47981573 697371
48001347 870743
48006668 2415421
41312648 361612
48011466 212152
48021210 99298
48024351 425111
48043736 213669
12092662 610802
48064688 1180898
48071891 282925
48092124 2561184
48105822 647886
48118227 255897
48189643 1898831
48191199 315976
48263332 95838
48269247 185713
28910543 785043
48330745 540677
31708451 97302
48437608 230696
48605625 1671379
48605633 924122
48694013 525828
41967704 772974
48742023 578371
22492225 1368615
22492225 1232389
48767791 74413
48768744 3026254
48791320 1084805
48793359 739738
49032364 306014
49036159 1893133
49044100 79526
25063068 435471
49045365 191616
49046507 295061
49046544 1894394
49046563 351796
49046665 219256
49046673 19832
49048045 312119
35872470 161133
49062260 1013446
49073986 52010
18487420 400928
33087966 334490
49151354 1761726
49152608 1657742
23925719 867524
1990869 133987
49181624 563346
49218335 1297319
49259127 1512559
49303047 188612
49312703 2614975
49376389 1029333
49377086 77097
49404449 961593
49409929 726389
49412028 1343106
49436046 1277858
49452355 2507056
49490793 1200318
6712133 1552806
49494980 2269029
22712243 492171
49499637 924230
49499740 493812
49505390 325386
49505557 722494
17093156 1480145
49520016 379474
49521455 685015
49521957 630996
49534216 828210
49534222 1259458
46285932 205536
49535410 705408
49535420 767565
49552056 354782
49554079 264464
49580713 448888
49582540 401566
49586858 776696
49591404 3859956
49618787 108626
49619659 273272
49623329 582636
49633521 1309796
49636015 565589
49637772 1898642
49639642 1799399
49641641 906674
49641665 62210
49642104 567511
49642118 643857
49670155 895956
49679361 2228
49693861 36643
49723923 153982
49739448 113582
49739532 1111314
49739632 1727692
49760648 1976445
49777081 1392021
49777388 718814
49784268 940654
49784283 3003201
49841560 769670
49841730 632029
49849108 228211
49961406 116195
50047182 245145
50054874 1468044
50055426 1365388
50066994 4591121
50071336 489694
50243348 1856829
50246393 356035
50257078 117841
50262459 527441
50262935 2456359
50286860 263739
50325465 67540
50332723 644201
50335350 391154
50338047 123817
50345841 1439389
50346114 504105
50545743 348683
50567847 1731782
50577577 4835931
50578236 942079
50607782 1542667
50620180 4097183
50645032 1121819
50648357 2393395
50654093 2817727
50666996 248292
50667302 417503
50688635 131047
50693677 772670
50752370 3224297
50770971 65893
50849208 663585
50894458 3065616
50918957 252334
29729407 835604
50961513 361022
9248861 290118
51007589 263026
51007649 790664
51019963 454139
51030133 640632
51046479 4411361
51106486 162962
51106501 573785
51111336 849348
51111554 9759297
51111698 1701639
51124237 1074589
51198346 124748
51228580 9742837
51373003 381237
51390375 2473551
51502920 2691005
51611680 884882
51630334 577934
51630401 1465434
51630435 308044
51632046 1556408
51632102 244848
51634630 1187080
51660524 176697
51721443 3535202
51780966 1132521
51998646 10941364
