3888 3914
27010 27026
27010 27027
74974 74979
162320 162317
162320 162325
223009 223010
252687 252693
258148 258153
260233 260241
260886 260892
325499 325505
349751 349752
382408 382412
518539 518541
518539 518542
518539 518543
523303 523304
523303 523305
543482 543481
712121 712124
842026 842031
872029 872030
948360 948362
955194 955195
999523 999525
1000977 1000979
1000977 1000980
1022822 1022825
1023073 1023077
1031373 1031377
1031373 1031378
837848 837847
1043614 1043617
1043614 1043618
1058181 1058183
1058430 1058431
1061546 1061547
1065130 1065133
1065252 1065253
1084727 1084728
1084894 1084895
1085116 1085119
1085255 1085259
1085255 1085260
1085255 1085261
1145640 1145642
1153530 1153531
1184130 1184132
1199034 1199035
1242973 1242977
1245513 1245518
1245513 1245519
1246246 1246247
1246246 1246248
1246250 1246251
1263954 1263955
1263983 1263985
1263983 1263986
1263987 1263990
1264005 1264007
1264008 1264009
1300131 1300137
1300131 1300138
1384383 1384385
1464577 1464578
1483098 1483100
1483107 1483109
1491253 1491255
1667150 1667153
1667150 1667154
1680235 1680238
1680235 1680239
1680235 1680240
1680235 1680241
1680235 1680242
1731327 1731330
1039741 1760066
1039741 1760067
1039741 1760068
1039741 1760069
1039741 1760070
1039741 1760071
1039741 1760072
1039741 1760073
1039741 837848
1039741 1760074
1039741 1760075
1881584 1881585
2141918 2141919
2141922 2141926
2142473 2142474
2142477 2142480
2142477 2142481
2142477 2142482
2142477 2142483
2142485 2142486
2142485 2142487
2142490 2142492
2142490 2142493
2142490 2142494
2145024 2145025
2145026 2145027
2567960 2567961
3741046 3741047
3754294 3754297
3754294 3754298
3754294 3754299
3779162 3779163
3779575 3779576
3779588 3779589
3779725 3779726
3779853 3779854
3780925 3780926
3780950 3780951
3790269 3790270
3790269 3790271
3790269 3790272
3790269 3790273
3790269 3790274
3790269 3790275
3790269 3790276
3790269 3790277
3797277 3797279
4279430 4279431
4306084 4306086
4306084 4306087
4306098 4306101
4306098 4306102
4306098 4306103
4306098 4306104
4306105 4306107
4306105 4306108
4306105 4306109
4306105 4306110
4306115 4306117
4306115 4306118
4306122 4306125
4306122 4306126
4306122 4306127
4306130 4306132
4306130 4306133
4306130 4306134
4306138 4306139
4306138 4306140
4306138 4306141
4306142 4306144
4306145 4306148
4306145 4306149
4306154 4306157
4306171 4306174
4697702 4697703
4888786 4888787
5062568 5062569
6321374 6321377
6378336 6378334
47079 91219
47079 8113478
47079 8113479
47079 8113480
47079 8113481
47079 8113482
47079 47078
47079 5858603
47079 47085
47079 1202691
47079 47140
47079 8113483
47079 8113484
47079 1190968
47079 5844893
47079 8113485
47079 8113486
47079 8113487
47079 8113488
47079 2046634
47079 8113489
47079 1943962
47079 5062879
47079 2206368
47079 8113490
47079 5858638
47079 8113491
47079 8113492
47079 8113493
47079 8113494
47079 8113495
47079 8113496
47079 8113497
47079 8113498
47079 8113499
47079 8113500
47079 47709
47079 8113501
47079 47954
47079 47958
47079 8113502
47079 8113503
47079 8113504
47079 8113505
47079 8113506
47079 8113507
47079 8113508
47079 8113509
47079 8113510
47079 8113511
47079 8113512
47079 8113513
47079 8113514
47079 8113515
47079 8113516
47079 8113517
47079 48012
47079 8113518
47079 8113519
47079 8113520
47079 8113521
47079 8113522
47079 8113523
47079 8113524
47079 8113525
47079 8113526
47079 8113527
47079 8113528
47079 8113529
47079 8113530
47079 8113531
47079 8113532
47079 48122
47079 8113533
47079 8113534
47079 8113535
48602 8114624
48602 8114625
48602 8114626
48602 8114627
48602 8114628
48602 8114629
48602 8114630
48602 8114631
48602 8114632
48602 8114633
48602 8114634
48602 5858645
48602 8114635
48602 5851385
48602 3157868
48602 1983149
48602 2033262
48602 5858634
48602 8114636
48602 48598
48602 8114637
48602 48624
48602 8114638
48602 8114639
48602 8114640
48602 8114641
48602 8114642
48602 8114643
48602 8114644
48602 8114645
48602 8114646
48602 8114647
48602 8114648
48602 8114649
48602 8114650
48602 8114651
48602 8114652
48602 1749955
48602 8114653
48602 8114654
48602 8114655
21667 4875037
21667 8114690
21667 189918
21667 8114691
21667 195005
8115847 8115848
8115847 8115849
607513 3491042
607513 8121653
607513 8121654
607513 8121655
607513 8121656
607513 607512
607513 8121657
607513 8121658
607513 8121659
607513 8121660
607513 8121661
607513 8121662
607513 8121663
607513 8121664
607513 8121665
607513 8121666
607513 8121667
607513 8121668
607513 8121669
607513 8121670
607513 8121671
607513 8121672
607513 8121673
607513 8121674
607513 8121675
607513 8121676
8136819 8136820
8140189 8140190
7800659 8140199
8142029 8142031
8143424 8143429
2834239 8143456
2834239 8143457
2834239 8143458
3172 2754
3172 8161534
3172 39340
3172 8161535
3172 33185
3172 8140983
3172 8161536
3172 8141419
3172 39390
3172 8161537
3172 8141501
3172 8161538
3172 8141557
3836805 8213964
3836805 8213965
8225217 8225218
8225217 8225219
8225217 8225220
8225367 8225368
8225367 8225369
8225851 8225853
8257752 8294908
2046636 8295608
8300571 8300575
259999 8302245
8302779 8302781
8357099 8357102
8357099 8357103
8416648 8416649
8416648 8416650
8499820 8499821
8518453 8518454
8518453 8518455
8530216 8530217
8713178 8713181
8713178 8713182
8713178 8713183
8713178 8713184
8715995 8715996
8715995 8715997
8772951 8772952
8774483 8774484
8809856 8809858
8818282 3818359
8840907 8840908
8850126 8850127
8850126 8850128
8866392 8866397
3142378 3142377
3142378 8869130
8884017 8884018
8779861 8779859
8899799 8899800
8917344 8917345
8920228 8920230
8920228 8920231
8920349 8920350
8920351 8920353
8920607 8920610
8920689 8920691
8934673 8934674
3086663 3086662
1020540 1020539
8966406 8966407
8983815 8983816
8983815 8983817
8984405 8984406
8984405 8984407
8983924 8983923
8983924 8984541
9007272 9007274
9007285 9007287
9024079 9024080
9026970 9026971
9056435 9056437
9068590 9068591
9068829 9068830
9070106 9070108
9074743 9074746
9084137 9084138
9084140 9084142
3837523 9084158
9084175 9084176
9084256 9084257
9084258 9084259
8885169 8885168
8663197 8663196
9084324 9084325
9084324 9084326
9084324 9084327
8885800 8885799
9253908 9253909
2434821 2434820
1020569 1020567
9274071 9274073
9291305 9291306
9330897 9330901
9330897 9330902
9330897 9330903
1881593 9331362
1881593 9331363
1881593 1881589
9369243 9369247
9408265 9408266
9408265 9408267
9409992 9409994
9424779 9424780
9440408 9440410
9524073 9524074
9549582 9549584
9635887 9635892
9813671 9813673
2590170 2590169
9814563 9814565
9814935 9814936
9814973 9814976
9814973 9814977
9814973 9814978
9814973 9814979
9814973 9814980
10048756 10048758
10048777 10048779
10183950 10183952
10674889 10674890
3790333 3790330
3790333 10860154
11027723 11027724
11175802 11175805
4569105 4569104
5847854 5847853
11249683 11249684
4569108 4569107
11250891 11250893
9008493 9008492
11627152 11627153
4306074 11721110
4306074 11721111
4306074 4306072
11728399 11728400
11735760 11735762
11735775 11735777
11735775 11735778
11735775 11735779
4306137 4306135
4306137 7331397
4306147 11735790
4306147 4306145
4306147 4306153
4306147 11735791
11735800 11735803
11735800 11735804
11735800 11735805
11735826 11735828
11735832 11735834
11735832 11735835
12030663 12030665
13132700 13132701
13132700 13132702
13132700 13132703
13132700 13132704
13132700 13132705
13148320 13148321
13148320 13148322
13148320 13148323
13148320 13148324
13596046 13596047
14458999 14459000
14458999 14459001
86814 374790
86814 691482
86814 11953
86814 58316
86814 11184
86814 47079
86814 48602
86814 14223
86814 15238772
86814 13133194
86814 8745006
86814 13078
86814 223009
86814 5858605
86814 256586
86814 836790
86814 2238842
86814 1538341
86814 15238773
86814 15238774
86814 1031405
86814 9933239
86814 995612
86814 15238775
86814 15238776
86814 15238777
86814 15238778
86814 3535917
86814 11029777
86814 4086606
86814 15238779
86814 15238780
86814 4786590
86814 12280081
86814 15238781
86814 15238782
86814 15238783
86814 12332151
86814 15238784
86814 15238785
86814 15238786
86814 15238787
86814 15238788
86814 15238789
86814 12585830
86814 15238790
86814 15238791
86814 15238792
86814 15238793
86814 5700772
86814 15238794
86814 15238795
86814 5751661
86814 5755328
86814 15238796
86814 15238797
86814 15238798
86814 13133184
86814 5844413
86814 15238799
86814 15238800
86814 5844414
86814 13133188
86814 15238801
86814 15238802
86814 13133191
86814 13133249
86814 5844561
86814 15238803
86814 15238804
86814 15238805
86814 15238806
86814 15238807
86814 5844707
86814 15238808
86814 15238809
86814 15238810
86814 15238811
86814 15238812
86814 5084993
86814 8115847
86814 189813
86814 2466393
86814 8131581
86814 8137308
86814 21667
86814 15238813
86814 261879
86814 15238814
86814 9921168
86814 13132371
86814 8271726
86814 15238815
86814 15238816
86814 15238817
86814 15238818
86814 15238819
86814 15238820
86814 15238821
86814 919882
86814 8739007
86814 15238822
86814 15238823
86814 9384100
86814 15238824
86814 15238825
86814 2266798
86814 10368121
86814 3077712
86814 15238826
86814 15238827
86814 15238828
86814 15238829
86814 15238830
86814 9471781
15238867 15238868
15238867 15238869
15238867 15238870
15238867 15238871
15249237 33160
15338209 15338210
12012055 15368433
12012055 15368434
15369964 15369966
15376569 15376570
3086676 3086675
8279348 8279347
236841 236840
1123820 1123819
15409006 15409010
15409332 15409336
2238842 15410901
15438260 15438261
364305 15479812
364305 364304
364305 15479813
15481306 15481307
9814813 9814812
15513173 15513175
15709700 15709701
15719808 15719809
957436 957435
15845197 15845198
15851937 15851942
10114931 10114930
15896961 15896962
15933538 15933539
8776056 8776055
15963040 15963041
15978576 14459002
15978576 14459001
15980495 15980496
8869453 15980537
8869453 8869452
15990354 15990355
1012437 1012436
15993588 15993587
1051095 1051094
1051095 8667022
15718284 15718281
16061010 16061011
16079985 16079986
16098329 16098330
1087519 1087518
1263951 1263950
16133676 16133677
16133756 16133757
15847783 15847782
16133851 16133852
16133855 16133856
16133873 16133875
8225458 8225457
3703598 3703597
3703598 16201843
3703598 16201844
3118465 3118464
3118465 16201848
16226706 16226707
9263221 9263219
696048 696047
16304679 16304681
13132371 13132370
16373143 16373144
16419874 16419878
16444665 16444667
16444665 16444668
16459852 16459854
16461049 16461050
16479225 16479226
16490021 16490023
10179694 16514456
10179694 10179693
431575 431574
16607272 16607273
16607272 16607274
16607272 16607275
16666993 16666994
16734362 16734363
4310836 4310835
16808964 16808966
16808967 16808969
16808970 16808972
16808973 16808975
16809812 16809813
16809816 16809817
6372834 6372833
16810142 16810143
16810152 16810155
16810152 16810156
16810152 16810157
16810152 16810158
16810152 16810159
16810192 16810195
16810196 16810197
16810196 16810198
12061672 16810202
12061672 12061670
12061672 16810203
12061672 16810204
16810206 16810208
16810206 16810209
17025817 17025818
17026090 17026091
17217680 17217681
17217680 17217682
17217680 17217683
375655 375654
18148181 18148182
4569102 4569101
18148296 18148297
18148298 18148299
18148328 18148329
18148401 18148402
18149625 18149627
18149625 18149628
18517645 18517646
4306068 4306066
4306068 18598721
4306100 11735768
4306100 18600847
4306100 18600848
4306100 18600849
4306100 18600850
4306100 4306094
4306100 18600851
4306100 4306098
4306100 4306105
4306100 4306114
4306100 11735775
4306100 4306115
4306100 18600852
4306100 18600853
4306173 4306171
4306173 11735818
4306173 11735821
4306173 4306178
4306173 18600856
4306173 11735826
4306173 11735831
4306173 11735832
4306173 18600857
18600850 18612036
18600850 18612037
4306121 18612042
4306121 11735781
4306121 18612043
4306121 4306119
18612045 18612047
18612045 18612048
18612045 18612049
18612052 18612053
7324035 18612074
19079474 19079476
12287879 19131527
12287879 12287877
12287879 19131528
12509310 12509309
19916124 19916125
19916124 19916126
19926672 19926673
4913802 4913800
4913802 20774621
33160 21938148
33160 21938149
33160 33152
33160 8136819
33160 7800642
33160 33245
33160 21938150
33160 21938151
33160 8136983
33160 33434
33160 33439
33160 33477
33160 8137040
33160 33942
33160 14937274
33160 21648059
33160 8141404
33160 7800665
33160 21938152
33160 8141488
33160 21938153
33160 21938154
33160 21938155
33160 14937282
33160 21938156
33160 15263740
33160 14937284
33160 21938157
33160 8141550
33160 21938158
33160 21938159
33160 15263946
33160 21938160
33160 40425
33160 8161328
33160 21938161
33160 21938162
33160 21938163
33160 21938164
33160 3100629
33160 21938165
33160 70406
33160 15281499
33160 70563
33160 3172
33160 70870
33160 21938166
33160 3525651
33160 15284450
33160 74883
33160 21938167
33160 21938168
33160 74974
33160 21938169
33160 8177575
33160 15295734
33160 15295735
33160 692365
33160 3103640
33160 19225779
33160 19225934
33160 21938170
33160 19225928
33160 21938171
33160 12384548
33160 21938172
33160 21938173
33160 21938174
33160 21938175
33160 8734868
33160 21938176
33160 8770876
33160 21938177
33160 8796992
33160 19225889
33160 930100
33160 21938178
33160 15936984
33160 21938179
33160 1061455
33160 21938180
33160 21938181
33160 21938182
33160 1597967
33160 21938183
33160 16411556
33160 16619199
33160 9712024
33160 21938184
33160 21938185
33160 21938186
33160 21938187
33160 17622480
33160 21938188
33160 21938189
33160 7800661
33160 21938190
33160 39545
33160 21938191
33160 14937278
33160 21648061
33160 21938192
33160 15906014
33160 21938193
33160 21938194
33160 8141486
33160 8136919
33160 33454
33160 15720319
33160 21938195
33160 21938196
33160 21938197
33160 15872762
33160 21938198
33160 16168057
33160 21938199
33160 21938200
33160 14937271
33160 9458689
33160 5023180
33160 21938201
33160 1062388
33160 21938202
33160 5023208
33160 19225926
33160 12384538
33160 19225757
33160 12384562
33160 5023218
33160 12384770
33160 8917416
33160 21938203
33160 21938204
33160 21938205
33160 21938206
33160 39723
33160 7800663
33160 21938207
33160 21938208
33160 951375
33160 7800667
33160 15936381
33160 21938209
33160 21938210
33160 21938211
18185565 21957229
18185565 21957230
18185565 21957231
18185565 21957232
18185565 21957233
21960124 21960125
21992730 21992731
3103640 21995118
3103640 21995119
3103640 21995120
3103640 12384533
3103640 5023190
22035290 22035291
8660833 8660832
11612605 11612604
22087863 22087866
22087889 22087891
4569092 4569091
4569092 22088213
4569092 22088214
10123972 22099935
10123972 10123971
836790 22101322
262592 22103252
4797966 4797965
15442242 22133763
15442242 15442241
3823180 8918157
638608 15850897
638608 638606
16059028 16059027
22203875 22203876
8136820 22401604
1064244 1064243
22479247 22479248
9549432 22484136
9549432 9549429
22509495 22509496
7162025 7162024
10048703 10048702
100109 100108
100109 22599149
22607902 22607904
22633240 3085985
22633240 18924614
22634953 22634955
22636689 22636690
12468668 22653517
12468668 12468667
12468668 22653518
8920244 8920243
1084459 1084458
12437541 19082571
12437541 22696458
12437541 12437540
12437541 22696459
12437541 22696460
12437541 22696461
12437541 22696462
22718483 22718484
22773218 22773219
22788038 22788039
22788040 22788042
8771688 8771687
22788058 22788059
22788058 22788060
999278 22035238
999278 999277
8919578 8919577
8741719 8741718
8869036 8869035
15867411 22491895
15867411 15867410
22861445 22861446
18840662 18840661
22607122 22607120
22953709 22953710
22953956 22953958
1145817 1145815
23057195 23057196
933243 933240
8893060 8893059
22630247 22630246
149598 149592
149598 23094981
23097579 23097580
23098835 23098836
23099546 23099547
23099546 23099548
23099844 23099845
9471997 23127564
8766471 8766469
9597325 9597322
23255873 23255874
23340230 23340231
14987637 14987636
17622782 17622781
23428122 23428123
23428126 23428127
23428126 23428128
23428492 23428493
23428492 23428494
18157114 18157111
18157114 23428499
18157114 23428500
18157114 23428501
4733829 23428504
4733829 4733827
1061261 1061259
23430622 23430623
23524344 23524346
18638762 23617682
18638762 23617683
18638762 23617684
18638762 18638760
23649101 23649102
23750401 23750403
8935320 8935317
3639074 3639073
1670652 24475656
11975620 11975619
24699862 24699863
24699895 24699896
18840664 18840663
24701028 24701029
25023821 25023823
12130374 25050993
12130374 25050994
12130374 25050995
12130374 12130373
12130374 18987253
11735759 25136244
11735759 11735757
25149031 25149034
4306114 4306112
4306114 11735773
4306114 25149041
11735791 25149048
4306156 4306154
4306156 11735794
4306156 25149049
4306156 25149050
25149050 25149054
25149062 25149064
25149062 25149065
25149070 25149072
25366447 25366448
25589670 25589672
12041389 25598021
12041389 12041385
5022946 12383501
26398255 26398256
237151 877291
237151 28338800
237151 22633240
237151 28338801
237151 28338802
237151 25905981
237151 28338803
14223 21962760
14223 7800696
14223 18844224
14223 14937327
14223 21648078
14223 9150993
14223 14221
14223 28057528
14223 28339848
14223 15269218
14223 21966110
14223 28339849
14223 21966168
14223 24568985
14223 10665019
14223 9476777
14223 28339850
14223 23204833
14223 1889651
14223 28339851
14223 28339852
14223 28339853
14223 28339854
14223 9716667
14223 2026814
14223 28339855
8745006 26195737
18412588 22463012
18412588 28359943
18412588 18412587
8228509 8228508
15948905 22593899
15948905 15948904
15948905 28372006
15948905 28372007
15948905 28372008
15948905 28372009
4158084 16581086
4158084 28372278
4158084 28372279
4158084 9568820
4158084 28372280
4158084 28372281
4158084 28372282
4158084 28372283
4158084 4158083
692365 21518083
692365 25696431
692365 22398433
692365 28393556
692365 28393557
692365 28393558
692365 8518454
692365 28393559
692365 8518455
692365 16014230
232505 28481909
22092681 28488434
8296410 28491462
28495013 28495014
1975371 1975370
4170033 4170032
262131 12183913
8304992 25554060
8408022 8408021
890314 890313
890314 8774214
28540017 28540018
28539661 28539659
28580150 28580151
408601 408600
28587928 28587929
15158439 15158438
28657568 28657569
28772999 28773000
15766358 15766357
15980191 15980190
28873868 28873869
28891446 28891447
15844328 15844327
874728 874727
15931648 15931647
28945078 28945079
28984836 28984837
1145895 1145894
1760071 28996186
29009240 29009241
8883030 8883029
29025095 29025096
15494541 15494540
28359967 28359966
29012480 29012478
29050226 29050227
22593810 22593809
29076994 29076995
29076994 29076996
28573433 28573432
28573433 29121947
880205 29138070
880205 29138071
880205 880204
15933396 15933395
10114936 10114935
22593879 22593878
29153138 29153139
22508364 22508363
10048632 15843944
10048632 10048631
22508281 22508280
22508281 22591411
29153244 29153246
15933374 15933373
28984862 28984861
22638561 22638560
29153263 29153264
22110647 22110646
15948813 15948812
15847664 29184710
15847664 15847663
29275703 29275705
23649085 23649084
29419895 29419896
29438152 29438153
1020535 1020533
29451231 29451232
8938558 8938557
18840656 18840655
29522146 29522147
29604503 29604504
3134491 3134489
22593735 22593734
29770188 29770189
23428121 23428120
11764529 29770210
11764529 11764528
29770211 29770212
4739798 4739796
4739798 12131095
4739798 25508363
29770492 29770494
29770492 29770495
15977665 15977664
23649805 23649803
17622784 17622783
10844901 30636158
10844901 30636159
10844901 10899106
10844901 10844900
10844901 30635158
12254383 12254382
25367452 25367451
30992889 30992890
18840666 18840665
30993068 30993069
31001397 31001398
12131470 31082758
12131470 12131468
24735144 24735143
4306083 4306068
4306083 11735759
4306083 4306074
4306083 4306077
4306083 4306080
4306083 4306081
4306083 4306084
4306083 11735760
4306083 11735765
4306083 4306091
4306083 31421805
4306083 31421806
4306083 25149033
4306083 25149035
4306083 4306100
4306083 4306124
4306083 25149055
4306083 4306167
4306083 18612075
4306083 4306173
4306083 31421807
4306083 31421808
4306083 31421809
4306083 25149056
4306083 31421810
4306083 31421811
4306083 31421812
4306083 31421813
4306083 25149078
4306083 25149079
4306083 31421814
4306083 31421815
4306083 4306169
4306083 25149080
4306083 31421816
4306083 771095
4306083 31421817
4306167 25149059
4306167 4306160
4306167 18612059
4306167 18612062
4306167 25149062
4306167 11735797
4306167 25149066
4306167 31423796
4306167 18612065
4306167 25149068
4306167 25149070
4306167 11735802
4306167 31423797
4306167 11735810
4306167 11735814
4306167 7324035
4306167 4306164
4306167 4306165
11735768 11735766
11735768 14497721
18600852 21230253
18600852 4306121
18600852 18612045
11735790 31434577
11735790 18612055
11735790 31434578
25149049 31434582
25149059 25149057
25149059 25149060
11735818 11735816
11735818 31434592
11735831 31434594
11735831 31434595
11735831 11735829
11735831 31434596
11735831 31434597
31484787 31484788
25491499 25491498
31976349 31976351
6426343 6426341
6426343 13664352
32018039 32018040
61989 3914
934408 17026069
934408 934407
768184 4699984
768184 7853437
768184 21960900
768184 8778725
768184 32035093
8161534 28541878
8121654 15663600
8121654 8731857
8121654 22574949
8121654 8121668
1234961 1234959
34547920 34547921
22172741 22172740
6811875 8641000
1791064 15689190
1791064 15304160
1791064 1791063
1791064 15893055
1791064 16562655
1791064 29544794
5999005 23238372
5999005 34578520
5999005 34578521
5999005 29387292
5999005 9185139
5999005 5999003
232645 12183912
4070701 4070700
2021214 31325843
223698 1036544
223698 223696
22097669 25554061
3506946 3506945
3506946 31832701
15458026 25367446
28997836 28997835
9347208 15249237
9347208 24175430
9347208 3096015
9347208 3096017
9347208 24002059
34707755 34707757
11975618 11975617
16491499 16491498
8838915 34797782
8838915 8838914
18157108 18157104
18157108 34943945
28486210 28486209
3906 3888
34960415 34960414
8812948 22650466
8812948 8812947
8812948 22608170
8812948 34927419
5023499 32749875
35062537 35062538
29153207 29153206
875556 875555
8609951 22608019
8609951 16061408
8609951 8609950
8609951 35064052
18003894 18003893
15391992 15391991
8032150 8032149
29012375 29012374
28732310 28732309
10327911 10327909
35166567 35166569
22512077 22512076
22512077 35181171
35181893 35181896
24147000 24146999
3486350 22509690
3486350 8773294
3486350 3486349
8885494 35261034
8885494 8885493
10066105 10066104
8648647 8648646
209729 209728
35320817 35320818
35320817 35320819
35154596 35154595
4569089 4569088
29176692 29176691
35476984 35476985
35532496 35532497
35571949 35571950
23612213 23612212
32734755 35573041
32734755 32734754
32734755 35573042
15977914 15977912
18840658 18840657
35636557 35636558
4996460 4996459
35743329 35743332
8775065 8775064
35921262 35921263
23427428 23427426
1052089 1052086
16301057 16301056
5999001 5999000
4628450 4628448
25648659 35922422
25648659 25648657
25648659 25648662
31782014 35922425
31782014 35922426
31782014 31782012
35924183 35924184
16440608 16440607
9473884 9473883
16809819 16809818
18495917 18495916
36459736 698293
8659275 35142365
8659275 8659274
8659275 36927227
8659275 36927228
8659275 36927229
8659275 18068205
8659275 36927230
37038970 37038973
37083752 37083753
15389654 15389653
11975622 11975621
25367455 25367454
37096090 37096091
37111605 37111608
4140811 11588368
4140811 37396809
4140811 11588398
4140811 4143873
4140811 4140810
37416389 37416391
4306080 4306078
11735765 11735763
11735765 31434560
18600847 37524100
4306094 11735769
4306094 4306092
4306094 4306096
4306094 11735771
21230253 31434572
21230253 37524106
4306153 25149043
4306153 25149045
4306153 4306151
11735794 25149051
11735794 11735792
18612062 18612060
31423797 37524125
31423797 37524126
4306164 37524129
4306164 37524130
4306164 11735815
4306164 4306162
4306164 37524131
4306164 25149077
11735821 11735819
11735821 11735822
26835530 26835529
26835530 38007312
12290479 12290477
12290479 38661565
25491142 25491140
33671536 33671535
35811385 35811384
11953 91781
11953 40509858
11953 40509859
11953 46359
11953 8180853
11953 189920
11184 45543
11184 40511726
11184 8652055
11184 3535233
11184 1502616
11184 2100757
11184 3500489
11184 5858547
11184 34550102
11184 45630
11184 45638
11184 45646
11184 8145072
11184 34705741
11184 40511727
11184 8343668
11184 45830
11184 40511728
11184 28539091
11184 22753213
11184 28926850
11184 28363610
11184 34550141
11184 29109915
11184 21963788
11184 15266702
11184 22154101
11184 28363624
11184 8145113
11184 28363641
11184 40511729
11184 8145146
11184 8145152
11184 28363727
11184 40511730
11184 15266782
11184 15266785
11184 34727070
11184 46111
11184 8366998
11184 15462447
11184 344232
11184 8145258
11184 15266877
11184 8145279
11184 46159
11184 21963965
11184 21964166
11184 8145634
11184 29119684
11184 21964178
11184 35034065
11184 28364114
11184 8145638
11184 46706
11184 40511731
11184 8145642
11184 21964181
11184 21964186
11184 40511732
11184 15462450
11184 34723906
11184 40511733
11184 28364107
11184 8145652
11184 21964205
11184 22151623
11184 15247709
11184 254943
11184 28652989
11184 40511734
11184 35856150
11184 39381740
11184 40511735
11184 11178
11184 8304638
11184 40252549
11184 7818520
11184 14953303
11184 34262146
11184 15369966
11184 40511736
11184 21663996
11184 40511737
11184 40511738
11184 40511739
2914725 2914724
189813 189812
40521469 40521471
1020568 24966695
1020568 15262926
1020568 40527509
1020568 868008
1020568 40527510
1020568 9838782
1020568 9420237
1020568 29981598
1020568 23266891
1020568 29155456
31257791 31257790
37817463 40531357
5215652 40532175
5846426 40533609
5846426 40533610
5846426 32159072
5846426 5846425
5846426 32634429
8161538 31423362
3085985 16452445
34707756 34707755
22653751 35180930
22653751 29026193
22653751 22653750
40665547 40665548
3306772 3306771
15495949 15495948
29090135 29090134
40752889 40752890
8909761 8909760
8909761 40893226
8909761 40893227
8909761 40893228
18197764 22366039
18197764 40893703
18197764 35252772
36125300 36125299
1150283 29069563
1150283 1150281
1150283 22485019
1150283 9430001
691616 28978402
691616 41000994
691616 35071132
691616 691614
864081 864079
30733138 3466239
41039880 41039881
10065446 10065445
10065446 11693849
874843 874842
874843 1796336
25082461 25082460
25082461 41115954
15934350 15934349
15934350 28658640
41127003 41127004
4843855 22541730
41151266 41151267
28807747 28807746
2143266 2143265
41152992 41152991
22565288 22565286
15946774 15946773
35181149 35181147
33091078 33091077
874726 874725
22023274 22023273
28984256 28984255
8351453 8351452
18156744 18156743
9412400 9412398
8939766 8939762
18840660 18840659
17034702 17034700
17949314 17949313
36623777 36623775
10686154 10686153
41875181 41875182
2415202 2415201
2435046 2435045
4628411 4628409
41875445 41875448
25404576 41875465
25404576 41875466
25404576 25404574
37781571 37781569
12285245 19133859
12285245 12285243
12285245 41875471
31783777 37865332
31783777 31783775
31783777 41875475
12125511 41875477
12125511 37865238
12125511 12125509
41877177 41877178
24205588 24205586
24926701 24926700
23877833 23877830
23877833 42281400
23877833 42281401
771094 25149081
1002531 1002530
4196676 4196675
4196676 42949533
37735681 37735680
43014374 43014375
32635567 32635566
11258426 11258425
13133550 18602299
13133550 13133548
31421805 43440533
31421805 43440534
31421805 43440535
31421806 37524097
7323823 43440538
7323823 43440539
18600848 43440543
18600848 25149036
11735797 37524117
11735797 11735795
11735797 43440551
11735797 11735798
18612065 43440554
18612065 18612063
18612065 37524119
4306178 43440557
4306178 11735824
4306178 4306176
18600857 771094
28338803 9347208
28338803 10642352
28338803 41558370
4565459 4565458
4565459 4565460
12183372 12183370
37735674 37735673
12141937 43702789
12141937 43702790
12141937 18990293
12141937 12141936
12141937 43702791
19374503 38215079
19374503 25880522
19374503 19374502
18879461 18879457
33001196 43960640
33001196 33001194
5851494 5851493
44981566 44981569
33186496 33186495
39688675 39688673
21354361 635472
58316 5858636
58316 9019997
58316 42431580
58316 28538054
3468051 19138623
7853437 7853436
46364048 8140199
24217121 28338803
24217121 10642352
3100629 8141488
3100629 9132975
3100629 35525042
4733837 31783753
4733837 31783751
4733837 4733835
4733837 31783757
4733837 14723689
46473791 46473790
28971674 46535395
28971674 28971673
3183 15488765
3183 16117363
3183 35984958
3183 2754
34685853 34685852
8885090 8885089
880030 880029
880030 9498264
880030 2435043
40437288 40437287
15238845 86814
20416287 20416286
17025774 17025773
8552835 8552834
34885144 34885143
5023190 22591150
8774539 8774538
8774539 41677429
41637783 41637782
18197157 22714260
41136514 41136513
1479016 46760210
1479016 22703507
1479016 1479015
22595910 22595909
1146336 46930127
1146336 1146335
46686184 46686183
875208 875207
846224 846223
846224 15948473
46989234 46989232
8626640 8626639
41124333 41124332
22610142 22610141
41206727 3818358
35181369 35181366
46749560 46749558
35009525 35009524
42560032 42560031
41113417 41113416
35181082 35181081
22418683 22418682
41036747 41036746
28936625 28936624
3075237 31651092
46918843 46918842
23428115 23428114
8919582 8919580
42057796 42057795
24002059 21648232
29770209 29770208
47373525 47373526
11975624 11975623
872307 872306
15449218 15449217
23356961 23356960
41875179 41875178
11764525 37547839
11764525 11764524
10065530 10065529
47658468 3818360
3882509 37771333
3882509 31687629
3882509 37771336
25404592 31687632
25404592 47658491
25404592 43683777
25404592 25404590
4617682 31001315
4617682 24708631
4617682 4617680
12123503 18157115
12123503 47658497
12123503 43773125
12123503 12123501
12123503 44531730
3151297 3151295
23430625 23430624
3790336 3790334
40940008 40940006
9608098 9608097
22514406 22514405
13273673 13273672
25653445 25653444
43648445 43648444
25367458 25367457
4140816 4140815
48762075 48762076
48763078 48763080
37735679 37735678
37870213 37870212
37870213 37870215
37870213 43779576
4191158 4191157
4306124 4306122
4306124 11735785
4306124 11735786
4306124 4306137
4306124 18612052
4306124 4306138
4306124 4306142
4306124 4306147
4306124 4306156
4306124 4306130
4306124 49170547
4306077 4306075
4306077 18612030
11735762 18612032
11735762 49180451
4306091 43440531
4306091 31434562
4306091 4306089
25149033 7323823
25149033 25149031
18600853 31434565
18600851 25149038
11735785 18612051
11735785 11735783
4306160 43440548
4306160 4306158
18612059 18612057
18612059 31434585
11735802 11735800
11735802 11735809
11735802 18612068
11735809 25149073
11735809 11735807
11735809 31434587
18612068 49180472
18612068 25149075
18612068 18612066
11735814 18612069
11735814 49180475
11735814 11735812
11735814 49180476
11735814 18612071
11735814 31434589
20385446 32034586
20385446 33056753
20385446 20385444
26194835 38482255
26194835 26194833
12920581 12920580
12920581 50066200
12920581 32447429
12920581 33093888
12920581 44978819
12920581 26874086
12920581 20425585
38049668 38049667
13111895 13111894
35814349 312878
4731742 4731740
4731742 37863264
4731742 25501188
4731742 18981056
44981568 44981566
14459002 14458999
14459002 21191469
33008220 44943583
33008220 39082127
33008220 44943585
33008220 44943587
33008220 33008218
51752016 51752015
41818858 17042034
