2881 2894
23533 23556
28520 28541
29389 29415
29437 29455
29494 29517
29544 23556
29411 29587
71584 71603
77062 77076
82492 82498
93994 94001
96564 96574
162742 162749
190698 190717
192525 192540
229170 229178
192535 243965
261854 261869
282653 23556
286155 286169
288962 288966
291319 291328
299796 299799
300616 300627
301941 301944
304288 304298
308590 308601
309142 308601
314986 314999
323462 323468
336522 336536
351669 351680
71599 354018
365132 365152
380725 380729
388236 388239
409059 409062
410620 388239
417492 417497
419819 380729
430305 388239
450676 308601
476732 476735
484067 484071
354016 508162
511999 388239
513017 513019
555820 555822
599711 599713
603180 603182
604361 603182
611372 301944
611391 301944
611980 301944
615954 615962
624651 624656
626290 555822
650776 388239
659114 603182
672918 555822
679797 679799
701545 701548
710686 710701
712892 712894
717322 717327
717489 717494
731041 731043
732823 732826
740538 261869
747492 388239
752577 752579
756947 388239
771404 771408
784862 603182
784864 301944
785220 301944
791249 791259
795973 388239
796654 796656
797074 797076
801931 801933
803056 803059
804967 797076
815964 555822
819773 819785
821911 388239
822886 822901
825036 388239
832604 832607
838064 838070
838849 731043
838969 838976
845742 838976
872628 872631
873860 388239
875117 875121
875228 388239
878064 388239
884342 884345
890514 890516
895018 895026
908257 872631
908954 388239
916568 916571
919176 308601
921467 921469
923770 771408
926667 926669
929546 388239
930161 388239
933727 933730
933917 555822
938719 388239
948607 388239
964085 964098
981695 832607
1006414 388239
1008428 388239
1012084 1012087
1013925 1013938
1019156 388239
1019182 388239
1022290 388239
1024236 717327
1031769 388239
1050476 380729
1055000 1055003
1075218 380729
1078252 388239
1091949 1091953
1099995 1100000
1100008 1100010
1103716 1103718
1105316 1105318
1108230 1108233
1113004 801933
1116364 1116372
1129599 1129601
1153910 1153922
1153969 1153971
1170563 555822
1173997 29517
1183249 388239
1187427 872631
1189364 701548
1202466 1202468
1202631 388239
1207583 832607
1207586 832607
1218602 1218607
1233115 838976
1236008 388239
1257539 1257544
1268149 380729
1276976 1276978
1281481 1281484
1292284 752579
1293496 1293498
1298926 388239
1299968 1299971
1306744 921469
1312339 1312342
1314663 388239
1345066 603182
1352937 1352939
1356927 752579
1357996 1357999
1359865 388239
1359880 1359883
1361308 1361314
1369681 1369685
1385724 752579
1389975 380729
1419990 872631
1446645 1357999
1446662 555822
1446702 555822
1448237 1448240
1457085 752579
1483467 1483470
1486113 1486116
1487961 301944
1517305 1108233
1579667 1579675
1582153 872631
1593600 1593605
1599137 1599146
1601093 752579
1613155 717327
1635559 819785
1674529 1105318
1722305 1722309
1729436 380729
1755168 301944
1762012 679799
1773076 1773079
1833481 555822
1847423 1847426
1850847 1850849
1906969 603182
1922180 1922183
1926608 1926610
1928478 1281484
1928918 1281484
1930121 603182
1930173 299799
1933483 555822
1985263 771408
964093 1985399
1990546 301944
1993332 1993334
2006597 2006600
2028715 301944
2029756 2029758
2055924 2055926
2059464 1091953
2063282 2063286
2065167 2065170
2087978 2087981
2097363 2097366
2161084 796656
2161238 1281484
2161745 1926610
2161927 1926610
2161945 603182
2162348 819785
2163125 351680
2163210 351680
2216370 2216372
2230754 301944
2233044 1926610
2233050 801933
2241962 2241965
2248031 884345
2297186 2297188
2298119 308601
2299623 1100010
2316535 2316538
2317050 1218607
2326883 2326885
2326886 2326889
2326890 717327
2326894 2326896
2326897 380729
2326900 2326902
2326905 717327
2326917 801933
2331792 380729
2338281 2338285
2341478 1773079
2350891 304298
2350894 801933
2370001 351680
2381328 2381330
2393522 380729
2398385 803059
2404716 2404718
2423804 299799
2423806 1108233
2428300 916571
2429742 2338285
2429832 1293498
2434792 380729
2437075 1361314
2439137 1361314
2457611 1773079
2457619 380729
2470469 380729
2470471 1926610
2470473 916571
2470475 2404718
2470477 301944
2472504 1281484
2494527 2494529
2502365 2502369
2507761 2507763
2509821 299799
2531077 1926610
2536336 380729
2549821 2404718
2558854 308601
2558861 2558863
2564262 2564267
2640329 380729
2643411 796656
2645948 838976
2645960 1218607
2645965 752579
2646405 1257544
2649043 752579
2649129 2649131
2651068 603182
2651270 513019
2651872 2651875
2656142 380729
2713097 351680
2745765 717327
2753836 2558863
2758988 2404718
2771240 1281484
2775313 1847426
2780804 2381330
2780884 801933
2799158 2799163
2801852 2801854
2803516 2803518
2803523 1281484
2803532 752579
2803535 752579
2805421 2805422
2811027 2811029
2828383 1281484
2845564 2845566
2848147 717327
2850916 2850919
2856586 2856588
2858268 351680
2858320 2858322
2866607 2805422
2866699 2404718
2866701 2866703
2870666 2870670
2876215 380729
2876218 916571
2876223 916571
2879678 2879681
2880693 555822
2880695 801933
2880700 1293498
2880702 2880704
2885715 380729
2885959 380729
2895541 299799
2904253 2904255
2916609 717327
2920878 555822
2920931 2920934
2920935 1293498
2932446 388239
2942679 2942681
2949252 2949254
2953381 2953384
2953808 2953810
2954577 2954579
2964901 380729
2965059 1103718
2965065 2858322
2966836 1773079
2966838 1281484
2966870 1293498
2966872 380729
2966874 1926610
2966956 796656
2966956 796656
2966993 2966995
2971769 2971771
2976550 2976553
3004664 832607
3012055 380729
3012057 380729
3015596 797076
3023688 3023691
3027227 933730
3028148 3028150
3032020 3032022
3054438 3054440
3296570 791259
3310360 872631
3346504 2811029
3362115 3362117
1084412 3390546
3453535 3453537
4128775 299799
4195169 1129601
4195892 1103718
4198560 2404718
4204255 2811029
4204820 380729
4204883 2803518
4204921 1281484
4205197 2381330
4209337 2326902
4215950 679799
4216160 838976
4225215 1013938
4225269 2953810
4228348 4228353
4230380 4230383
6605724 884345
964097 1116372
6618479 6618483
6782090 4228353
6971148 301944
6971151 301944
7326791 301944
1092470 8115294
2174667 8115691
701727 8129670
304453 8130380
2860325 23556
317533 8131451
4581906 8133165
8133820 8133832
8144286 771408
8144302 771408
8144327 771408
4582046 8147437
29513 8152510
8190784 388239
8269950 933730
8276619 301944
8281197 388239
1055482 2055926
3419156 234432
1205973 771408
8327042 8327054
4582009 8329949
8332768 8332774
8334444 8334454
1759277 308601
8316864 2055926
2907659 8342071
8360059 261869
8396868 8396873
8400545 8400550
8403032 1129601
8403046 388239
3525502 308601
8431817 555822
8443085 8443092
8446269 365152
6812163 351680
3737596 8463632
8492620 388239
8494935 2404718
8514274 8514277
8514556 832607
8515129 8515132
8515428 388239
8516344 301944
8557044 8557049
8560397 599713
8568484 351680
8575300 388239
8579430 8579432
8584416 380729
8584468 2381330
8587805 388239
8589320 388239
4583428 8595777
8603651 388239
4582093 555822
350834 1599146
8608307 8608310
8609644 304298
8621763 388239
8625312 388239
8627938 388239
8628262 388239
2866670 8630830
8633435 388239
8634542 819785
8637518 388239
8655448 299799
8656112 603182
8657614 1773079
8659998 1357999
8660896 1361314
8671424 771408
8673787 895026
8673990 603182
8674551 8674554
8677616 8677618
8689878 2850919
8701182 301944
8701238 301944
8701453 301944
8701462 301944
8701511 301944
8701580 603182
8701584 301944
3003844 301944
8710086 8710088
8710401 1105318
8710409 2953384
8715786 832607
8717045 417497
8719513 731043
8719563 1281484
8729320 731043
8729686 388239
8735752 8735757
8736454 8736456
8737078 8737081
8737660 388239
8745598 884345
8745680 308601
8747708 884345
8748309 2845566
4583110 261869
8757894 8757900
8758428 822901
8758677 8758689
8767100 832607
8768227 1105318
8769053 890516
8771532 8771534
8771536 8771551
8772674 1116372
8773463 1105318
6461289 8775074
8781315 8781327
8784211 2845566
8803602 388239
8809135 2326902
8810246 2404718
8811436 1257544
8813655 388239
8824094 1926610
8837143 388239
8850767 8850771
8853205 2381330
8854767 832607
8865202 1257544
8884238 388239
8885125 388239
8885133 388239
8885150 388239
8892950 388239
8893993 388239
8894961 351680
8903943 8903947
8909822 1257544
8914003 801933
8921285 752579
8924095 8924100
8924423 3362117
8925344 513019
8928385 8928387
8930019 388239
8942166 8557049
8942915 308601
8949226 752579
8953834 1773079
8975399 1361314
8981680 8981684
8988085 388239
8995320 2651875
9022303 701548
9032839 8850771
9032887 9032889
9036530 832607
9050213 1129601
9050848 752579
9060273 9060277
9076904 884345
9079264 388239
9079581 388239
4582839 9080062
9086618 9086623
9101014 9101016
9114104 9114106
9114735 9114738
9116218 9116226
9126859 1281484
9145519 9145521
9155049 388239
9165592 4228353
9171317 9171319
9173910 555822
9176559 9176561
9185779 301944
9188497 380729
9197831 380729
9206043 555822
9221873 9221875
9171918 9236566
9244919 933730
9244944 752579
9253344 9253348
9288587 9288589
9289560 308601
9343665 819785
9370244 1100010
9373743 9373745
9429173 9429175
1006897 8130380
9453351 801933
9461932 380729
9463911 717327
9468228 1926610
9468975 2850919
9491541 9491544
9491578 2805422
9505879 2326896
9512145 3032022
9513019 9513021
9513023 9513025
9541311 926669
9547894 2502369
9575731 819785
9603271 9603274
9609802 380729
9609954 2326896
9610348 1926610
9610375 1926610
9612961 2894
9634752 1281484
9634877 9634879
9635343 301944
9635569 1359883
9636472 2966995
9636924 2241965
9637728 2942681
9639107 1293498
9671863 1926610
9679440 3032022
9698609 819785
9713302 9713304
9718828 1361314
9769003 380729
9778946 388239
9792635 1357999
9808732 9808734
9830763 9830765
9831168 1105318
9831221 2953810
9831280 599713
9831627 3054440
9831741 599713
9831744 2953810
9831781 301944
9832043 9832045
9857539 308601
9890656 1105318
9947287 380729
9948939 9948942
9949277 2799163
9972073 1773079
9972075 4228353
9972078 1773079
9972081 380729
9972083 1108233
9972085 380729
9972087 8903947
9972090 801933
9974285 3028150
9974568 832607
9983400 2805422
9983412 2326889
10004523 1105318
10006381 10006383
10008830 351680
10030596 801933
10059679 2811029
10060334 603182
10061636 822901
10062322 1281484
10063520 10063522
10065091 2649131
10084810 1281484
10084812 2811029
10084814 603182
10085070 1926610
10121326 8850771
10126940 1926610
10129826 9830765
10152729 2953810
10154094 1773079
10154259 77076
10174657 10174659
10217653 1218607
10243567 10243570
10243679 476735
10243681 1281484
10248455 838976
10248823 308601
10251304 380729
10251342 380729
10251362 1293498
10251634 1773079
10251644 2953810
10258836 409062
10307247 301944
10335732 1773079
10335734 380729
10335755 1357999
10335761 717327
10335768 752579
4581038 1218607
10345128 380729
10346856 10346860
498660 10350857
10386885 1293498
10386887 2326896
10404978 2404718
10406212 1773079
10423725 2326896
10423788 1926610
10428001 10428003
10428586 10428588
10428589 2326889
10431050 2953810
10431052 2811029
10433472 1773079
10433478 380729
10433925 2880704
10434961 2502369
10436330 1359883
10442084 9429175
10442478 2866703
10445387 10445389
10445390 304298
10445891 2953810
10445893 476735
10450157 1361314
10450896 380729
10450898 916571
10454089 933730
10454093 752579
10454096 10454098
10454108 2649131
10455071 2326889
10455073 10455078
10455092 380729
10455094 752579
10455097 1108233
10457839 1218607
10459239 884345
10467930 10467933
10468631 380729
10470422 717327
10475466 1281484
10500844 2866703
10520034 1218607
10526945 916571
10532284 2811029
10532286 731043
10532321 2404718
10532323 838976
10532327 2811029
10532331 2953810
10532452 1103718
10532455 2866703
10532457 2953810
10532505 1773079
10534900 9086623
10539830 717327
10570143 10570148
10572656 801933
10579144 884345
10582601 10582602
10585422 752579
10585425 752579
10585438 752579
10588798 2866703
10626653 603182
11232535 11232537
588732 11260242
11595231 11595233
11624196 2870670
11635420 916571
11647640 732826
11648910 11648912
11651066 10445389
11653920 1103718
11656269 555822
11657610 380729
11660593 731043
1616129 380729
11662179 1361314
11666292 2326885
12132800 1105318
12146217 2953384
13645308 752579
13645312 752579
13841785 6618483
13843867 6618483
13878063 555822
13961569 819785
14500758 14500761
14500765 301944
29413 15242089
2897927 15254710
337127 15257491
3095663 15257506
876740 15260024
15262614 771408
15266031 1105318
4325866 351680
15275774 15275787
803899 15287742
3086744 15291312
305045 15291862
202817 23556
15304877 771408
4581862 15317225
1795300 23556
2053365 15339497
470209 8324578
15390347 388239
3003843 555822
4582587 15420519
620380 15424691
15427596 15427614
3023739 23556
539064 15438779
15440519 323468
15441934 884345
15445099 15445104
1013932 710701
15460451 771408
2370003 771408
15480662 771408
4557969 261869
15490951 388239
15498301 771408
4583486 15500653
12267924 388239
15509266 771408
15509544 15509555
1360756 624656
4581628 308601
15540108 308601
15573663 301944
15581176 388239
3073980 2065170
15584735 15509555
15608780 10428003
15622279 1105318
15651700 599713
15651851 603182
15655862 3028150
15658459 15658461
15658466 301944
15658636 2326889
710700 710701
29585 15659388
7091435 15664217
15665600 301944
15687716 301944
15690618 15690622
15707574 15707577
304452 2866703
15712428 832607
4580880 261869
8479395 15718512
387593 6618483
15722219 603182
15722287 2949254
15725305 1926610
15728260 380729
15728786 388239
15736284 1926610
6462053 388239
15741028 3032022
15741419 803059
15748156 15748159
15750852 599713
15755363 599713
15764178 15764180
15778400 301944
15778440 301944
15778533 599713
15778595 301944
15778746 2879681
15786232 10243570
15788171 1105318
4580147 15788827
15790655 803059
15791495 388239
15793731 15793738
11022038 771408
15797115 1293498
11987140 822901
15807608 15807610
15807842 4228353
15810990 388239
15817294 1129601
15834686 4228353
15837730 15837736
15841865 796656
15843793 388239
470213 15844744
15846565 771408
15846574 388239
4583826 822901
15851125 3453537
15854630 15854633
632199 15858653
15874572 388239
15883355 388239
15883379 388239
15885622 388239
15889049 1129601
15897860 1116372
15907668 388239
15909911 388239
15920983 10428003
15930754 388239
15936252 15936254
15937396 388239
15938245 15938250
15938405 388239
15946439 15946444
15949395 15949398
1419993 15949745
15955013 388239
15956077 388239
15956683 15956685
15969866 9253348
15974107 701548
15984756 819785
15986078 2953810
15988976 388239
16005096 1281484
16009993 1773079
16009995 2404718
16032735 388239
16023668 9080062
2237544 771408
16065788 15764180
16073123 16073125
16082583 2326902
16085083 388239
16085219 388239
16086287 16086294
16087929 832607
16091979 388239
16098680 555822
16103706 1361314
16125432 308601
16127647 3032022
16132180 16132182
16135220 10063522
16160128 1281484
16162626 351680
16163395 1361314
16179244 1773079
16181433 388239
16208459 388239
10500295 2065170
16209845 16209848
16210059 3362117
16210861 8850771
16235745 599713
16244474 771408
16281512 16281514
16281826 752579
16282599 1773079
16293770 1116372
16302042 16302050
16392787 801933
16393531 9688934
16404016 16404018
16405504 9171319
16419292 16419296
1459971 15509555
16443985 417497
16449058 351680
16477372 1281484
16480153 1281484
16491072 752579
16506082 16506087
16513045 1926610
16521167 301944
16564862 16564865
16625148 380729
16644628 299799
16644642 380729
16644694 2326885
16664409 16664415
16677314 301944
16688809 15690622
16703896 838976
16756570 2845566
16756669 1281484
16769332 380729
16769401 16769403
16770026 801933
16777909 388239
16781606 2870670
16824869 9830765
16825124 884345
16825179 1281484
16825185 599713
16825237 1281484
16825240 1926610
16825684 1926610
16825719 1926610
16825730 1926610
4583015 3028150
16839489 796656
16839491 16839493
16886923 16886925
16929769 299799
16931416 16931421
16931553 796656
16931556 803059
16955085 2326885
16955102 380729
16955104 1293498
16955106 2805422
16955107 2805422
16955111 380729
16956934 380729
16962673 2880704
16962676 16962678
16963275 1773079
16963277 10445389
16967721 2065170
16989368 304298
17014224 513019
17017966 4228353
17018452 17018454
17031149 17031151
17031153 10445389
17031305 17031307
17036444 916571
17037941 1293498
17043250 380729
17043252 380729
17043255 380729
17043257 1773079
17043423 2845566
17059413 301944
17070061 1359883
17070063 916571
17070065 1926610
17093614 2404718
17094720 1299971
17096205 2087981
17099008 2651875
17099017 2870670
17101579 299799
17101581 17101583
17103000 712894
17103731 803059
17135562 797076
17141185 301944
17141188 803059
17152634 2879681
17190786 2651875
17201865 1108233
17204127 1926610
15440096 17206552
17209162 2811029
17209294 513019
17213965 1293498
17213987 2811029
17214294 17214296
17216608 796656
17216687 380729
17218587 380729
17221825 9101016
17230179 603182
17230268 2404718
17235734 801933
17277450 2811029
7849214 8903947
17294995 1257544
17295001 9948942
17295677 796656
17295680 2326889
17295682 1105318
17299498 2811029
17299500 1281484
17300344 701548
17302143 17302145
17305325 17305327
17310755 380729
17311558 17311563
17323655 1108233
17324203 190717
17329720 701548
17343112 380729
17343114 752579
17343118 2651875
17343120 717327
17344784 1773079
17344855 9634879
17349550 17349553
17360264 417497
17360286 2404718
17364083 308601
4580651 890516
17377412 17377414
17377415 752579
17378505 380729
17378563 299799
17378573 2805422
17378575 701548
17380752 513019
17381086 717327
17382911 752579
17384308 2651875
17384365 2870670
17395827 2651875
17399113 1773079
17399116 2404718
17399118 308601
17407105 1105318
17407110 2805422
17407112 380729
17407114 9634879
17407117 801933
17408217 732826
17408933 752579
17409895 1293498
17413218 2866703
17415177 916571
17420640 10582602
17427005 2870670
17427120 2904255
17451353 1357999
17454688 2954579
17457716 1293498
17464513 2326896
17468060 17468062
17468063 1105318
17468260 2651875
17468262 9634879
17468276 717327
17468281 717327
17476805 1218607
17478238 2953810
17478261 701548
17479865 299799
17479867 1281484
17479871 1281484
17479873 2953810
17479876 2953384
17479879 1218607
17479881 1357999
17479942 9634879
17480682 380729
17480716 17480718
17482376 1357999
17482605 9288589
17484110 1105318
17484852 1361314
17486991 752579
17488075 304298
17514394 10445389
17514396 1218607
17516095 17516100
17516103 17516100
17516777 351680
17518599 513019
17526676 8850771
17527962 17527964
17529172 17529174
17529817 2953810
17562100 2063286
17568306 2879681
17608316 2805422
17610366 1926610
17623605 1218607
17811682 304298
17821359 752579
17821362 752579
17963285 2953810
18035821 18035827
18068346 351680
18370944 1116372
18383463 388239
18513663 8735757
18517040 717327
18518968 9171319
18521005 380729
18525614 10455078
18534756 1202468
18536124 797076
18536260 1105318
18538217 17214296
18538599 2866703
18541647 2845566
18541977 801933
18543788 18543791
18544229 513019
18993556 16086294
19070966 15254710
19218387 19218389
20419449 1361314
20535473 10346860
20535775 8850771
20712633 819785
21011248 8903947
21202810 17302145
21232229 14500761
21232238 301944
21495746 2326896
304456 21941496
434276 21955061
9321891 23556
2187698 21955101
4367752 21961968
292884 21962540
21963192 771408
21963228 21963236
21963256 351680
1845931 21963272
21965687 388239
21970051 599713
306268 21974165
21982078 771408
544406 17184777
377516 2055926
22087874 2651875
22091173 388239
22091974 22091979
22092151 22092159
22093509 8315175
16774381 22108658
22121425 8850771
2835504 2381330
1004240 261869
22139496 22139509
22147344 308601
22158843 1105318
22159332 513019
22167448 22167454
22170200 513019
22175803 388239
22176377 22176379
17523085 555822
22185787 2326902
22187791 17214296
4583325 22190666
22192508 323468
22198502 301944
1023132 22209651
4581273 8850771
22255389 22255393
22257919 388239
22268687 933730
22289250 1926610
22310171 803059
22326915 603182
22327817 603182
22328004 301944
22330983 752579
22331103 301944
22331703 380729
22334099 301944
22336784 301944
22337616 22337622
22346425 832607
22353618 388239
22355063 388239
22359505 388239
22366952 599713
17619918 2953810
22383807 2858322
22384641 22384646
22386021 555822
22393709 603182
22393974 388239
22394714 388239
22397330 22397332
22398128 832607
22398128 10428003
22400027 2953810
22401414 22401416
22401666 304298
16664414 16664415
22415920 388239
22418970 22418972
22419980 8850771
22420225 22420231
11024460 22428442
22439982 884345
22446172 301944
22446181 301944
22446183 301944
22446192 301944
22446195 301944
22446202 301944
22446264 301944
22446271 603182
22446311 301944
22446324 301944
22446495 301944
22446517 301944
22446640 599713
22446831 2966995
22446842 2879681
22454894 1105318
22454924 832607
22455622 1105318
22455624 803059
22459392 801933
22461377 872631
22462920 388239
22463229 388239
22470349 388239
4170578 22472034
22473008 351680
22473348 22473353
22473697 819785
22479844 832607
22485681 796656
22488604 22488606
22489493 22489495
22502040 1361314
22504695 796656
22504864 832607
22505325 796656
22505345 884345
22506690 796656
3138961 2953810
22511009 884345
22536271 388239
22536659 8903947
18853905 1218607
22539608 2953810
22541588 388239
22545098 388239
22546611 2502369
22554246 22554248
22556906 22556915
22569801 388239
901051 190717
22576937 22576939
22581241 752579
22592240 1100010
22593470 2502369
18852601 351680
821914 18543791
22604196 388239
22605092 388239
22628390 388239
22628858 555822
22629310 22629315
22629362 380729
6398626 22631246
22648079 388239
22648098 388239
4580003 22664459
22665701 2953810
1827582 832607
22684439 1129601
895019 895026
22695503 797076
22701564 22701566
22709776 717327
22731566 299799
22739679 822901
22745242 796656
22755500 2502369
22763266 838976
22763269 838976
22763279 838976
22771757 388239
22774833 555822
22775255 2856588
22782400 2502369
22782530 2381330
22790275 9830765
22792414 701548
22821244 9634879
22843142 2029758
22843441 380729
22849008 388239
22853893 1108233
22855645 555822
22855918 15509555
22862005 555822
22880022 308601
22881975 380729
22932200 2404718
22935783 22935785
22942305 22942307
22947756 22947760
22957125 2953810
22957151 2953810
22987915 1361314
22401672 304298
23012904 555822
23013503 10174659
23018053 9830765
23018165 23018167
8630826 2858322
23024128 388239
23041879 717327
23057867 895026
23074370 555822
23078124 2850919
23084273 872631
23091402 23091404
23107257 2649131
4557790 2651875
23112560 23112563
23124517 2879681
23125442 884345
23144603 1361314
23144610 23144612
23144663 603182
18850926 2850919
23163399 2029758
23184614 9830765
23194914 801933
23195320 2502369
23231942 1281484
23249306 2326896
23249512 380729
23261849 2879681
23269767 23269770
23272411 301944
23274084 380729
23274367 23274370
23291787 301944
23318584 23318590
23318859 1926610
23346428 1361314
23390166 1116372
23423110 304298
23442805 9830765
23443110 1281484
23443167 1281484
23443788 2879681
23455669 8595777
23485203 301944
23496867 603182
23496874 603182
23506841 23506844
23511582 23511584
23562084 10582602
23567649 10455078
23567654 801933
23567660 717327
23567663 9634879
23567667 603182
23569628 23569630
23569631 1100010
23571212 2880704
23582115 23582117
23593357 380729
23625535 2953810
23627503 8595777
23644469 916571
23649222 2029758
23649225 916571
23650449 838976
23650452 304298
23651032 1361314
23652510 23652512
23653162 1773079
23667031 2404718
23667033 712894
23667035 1281484
23676634 1773079
23676644 752579
23680061 23680063
23693218 1281484
23703810 2870670
23709850 603182
23712960 832607
23722921 10445389
23726784 15690622
23736720 801933
23751896 23751898
23798663 1361314
23805684 801933
23813919 1202468
23813921 1281484
23813927 819785
23813936 23813938
23816711 388239
23880582 1850849
23890844 2651875
23892586 822901
23892592 822901
23892944 1773079
23892946 555822
23892948 752579
23892962 23892964
23892968 2879681
23892972 701548
23892982 1926610
23902366 23902368
9266221 2326896
23903333 2404718
23906655 2241965
23920426 1293498
23925790 23925792
4583834 3028150
23938057 23938059
23938062 380729
23938064 752579
23938163 2651875
23938168 23938170
23939680 2811029
23939682 308601
23939682 2811029
23944372 1281484
23949458 8850771
23954811 2326896
23966845 2799163
23971125 1281484
23971127 801933
23979576 1105318
23981181 2811029
23981207 796656
23990486 2850919
23994283 299799
23994920 380729
23994922 1926610
23998350 2404718
23998352 9634879
23998354 1926610
23998358 801933
23998360 1773079
23998363 1926610
23998368 2381330
23998372 1926610
23998375 717327
24000664 2338285
24002357 24002359
24002397 2845566
24002687 2404718
24005735 380729
24007755 2811029
24011090 24011092
24011095 10582602
24026408 24026410
24046364 2966995
24056244 832607
24056350 1357999
24060028 2811029
24065765 3362117
24066405 801933
24067176 1773079
24067178 2858322
24067208 17349553
24067215 838976
24067218 301944
24067220 8396873
24067222 1281484
24067289 24067291
24067294 796656
24067326 1281484
24091256 2055926
24094873 2920934
24094876 15764180
24095671 603182
24095874 16404018
24108406 1105318
24113539 2953810
24140056 9086623
24145061 832607
24153615 1922183
24177045 2811029
15685814 190717
20808015 822901
24325972 2811029
24449535 2811029
24467596 2866703
24654336 2029758
24672067 890516
24726909 1105318
24942814 2055926
25057249 916571
25057889 380729
25059429 2920934
25060041 301944
25061764 10428588
25065502 1293498
25080212 10455078
25080231 9634879
25080829 25080831
25082397 752579
25085295 752579
25148734 921469
25649129 388239
25655377 25655383
26989637 304298
27188133 27188138
27655837 14500761
534905 28354847
12341404 28354868
470210 28355164
1092502 28355171
4584001 28355185
884459 15718512
28363067 771408
4180782 28363092
28365433 388239
28365887 323468
28373718 1926610
3245347 508162
1292279 28421947
28432426 388239
28456580 28456587
28479731 388239
28481496 1926610
246300 28482282
632200 28494888
10643807 28506620
28511807 3032022
28514033 28514043
8354451 28514279
28515043 701548
11987592 8566230
28518346 9373745
10651200 304298
8710403 771408
28525942 28525945
28542073 10582602
28553231 388239
3527009 771408
28565260 28565263
28565907 28565909
28572844 28572846
17311560 17311563
27442847 28578629
23567666 380729
28594184 28594191
17934387 308601
28614635 28614644
24391180 308601
28629926 388239
25376860 1281484
28648024 872631
28652875 1486116
28656982 2856588
29412 28659394
28662896 28662898
28676567 28676569
28686368 752579
28701380 819785
28712062 555822
28714687 599713
28715831 301944
28716463 301944
28717484 301944
28717533 15509555
8139022 28421947
28719473 819785
28614639 28721622
28722393 555822
28722430 301944
28722741 301944
25378144 796656
28726336 388239
28734374 28734376
28735709 301944
28738612 388239
4583840 417497
28750165 1281484
28750235 603182
28752363 28752365
1302468 9373745
28774614 1281484
28776489 1926610
28779375 701548
28779643 2953810
28786207 304298
28787017 1116372
28787947 884345
28791908 299799
28796965 731043
28800968 17349553
28808303 555822
28809632 1116372
28830884 301944
28831016 301944
28831033 599713
28831166 603182
28831267 301944
28831299 301944
28831344 603182
28831379 301944
28835013 1361314
28843176 555822
28846141 417497
28849947 1129601
819783 819785
28851955 2953810
28852848 2866703
28855761 351680
28857588 771408
28868980 884345
28872702 2803518
15446462 28872713
529354 2651875
28885010 388239
28886759 1129601
28887099 2845566
28887608 872631
28889492 323468
28897193 28897195
28898876 24002359
28900362 28900367
4581521 28901801
28911070 2801854
28911627 832607
28916467 1293498
28916683 884345
28917019 388239
28917401 388239
28917621 1105318
28919206 28919208
28920062 388239
28923543 771408
28931406 10582602
16747367 28936709
28937424 388239
28938134 1218607
28940932 28940934
28946111 801933
28959189 832607
28959195 832607
876739 28967240
28981889 895026
28984320 388239
28988358 2651875
28989146 388239
28990818 388239
28990863 388239
28992255 28992257
29005155 555822
29005354 1012087
29005688 29005695
29064867 1218607
29068578 1850849
29097090 29097097
29097177 872631
10393757 16073125
29100768 304298
28946113 2326902
29106170 29106173
29108340 388239
29108769 388239
29110936 832607
29123720 803059
29125939 555822
29127677 15509555
29130431 8850771
29131162 29131165
29134608 1361314
25379491 29143570
29146841 1361314
29151620 2502369
2834185 771408
8575303 1257544
29158254 1926610
29163122 388239
29172574 308601
29179439 6618483
8781326 304298
819784 29184848
29196062 388239
22139502 2866703
10716952 1257544
1450232 555822
21015329 29221585
1579679 29236770
29242794 916571
29243274 801933
29247136 388239
29257505 388239
3526502 308601
29269130 895026
29275791 388239
29282455 555822
29289728 752579
29298535 1116372
29305045 933730
526403 1116372
3245348 801933
29349169 555822
29355264 752579
29361882 29361884
25850622 29364161
29364168 10063522
29372827 9830765
29386209 29386211
22093532 29387350
29397548 717327
22371699 29417942
29423306 29423309
29425323 29425325
29427860 351680
29434643 388239
29442597 29442599
29443281 555822
2834180 771408
29464189 10582602
29489760 17214296
29498885 1281484
29533321 9830765
29543381 803059
29543568 2502369
29550641 555822
29552638 838976
29591255 2651875
29596976 380729
29603677 304298
29605804 603182
964089 29606069
29618933 796656
29619523 1926610
29619537 29619540
29620183 599713
29623585 308601
3526417 771408
29629651 2087981
29642270 304298
29652069 1926610
29658587 801933
29658590 801933
29660605 301944
29665658 2858322
29671594 832607
29689056 801933
22857851 17214296
29692480 2029758
29703900 10455078
29703950 351680
29704541 2845566
29707930 29707932
29713349 299799
29714765 29714767
29715038 29715040
29723549 29723551
29728263 409062
29728265 409062
29734122 380729
29739896 1599146
29749105 2953810
29760646 29760648
29783899 9830765
29784133 2326896
16952609 1218607
29784175 2801854
29784181 15956685
29097384 2845566
29784216 1281484
29784226 1281484
29784556 24002359
29784624 3054440
29784674 1281484
29785221 351680
29788011 29788013
29803051 10243570
29818612 701548
29835728 1361314
29842598 9830765
29880889 388239
29895135 29895137
29900752 712894
29901097 2866703
29901099 2880704
29901101 2966995
29901103 752579
29901106 2404718
29901108 1926610
29901110 603182
29901112 822901
29901114 933730
29901117 2966995
29901119 717327
29901122 10445389
29902787 380729
29902985 2920934
29903132 29903134
29903135 29903134
29903197 380729
29903836 17516100
29911650 10445389
29915137 890516
29918588 2953810
29923538 2858322
29932537 351680
29936314 299799
1985397 1116372
29953578 8514277
29953864 2953810
29959519 29959521
29959526 8595777
29971738 2966995
29976875 916571
29983899 29983901
29998751 1281484
29999578 2811029
30005696 30005701
30009169 752579
30009172 2241965
30009174 916571
30009176 752579
2799160 30024790
30028097 17527964
9740808 2651875
30036428 2866703
30045021 832607
30059545 30059548
30075329 2651875
30077840 801933
30082344 1108233
30090839 23274370
30127987 1361314
30129439 1926610
30138508 717327
30140883 1361314
30142618 2953810
30142621 299799
30142623 2966995
30142625 838976
30142634 2326896
30142638 2953810
30142641 2404718
30142643 1357999
30146497 380729
30146506 380729
30161275 555822
30201980 2811029
30214760 30214762
30218431 752579
30224560 2879681
30239890 17302145
30244292 17302145
30247129 22472034
30258044 803059
30260016 1100010
30261201 2404718
30261203 2326885
30261206 15956685
30261210 752579
30267254 1361314
30272120 30272122
803905 23556
30292816 599713
30301480 884345
30302034 803059
30302970 30302972
30303466 304298
30307195 380729
30308834 2858322
30309020 2651875
30311648 1218607
30311949 1926610
30313561 380729
30315925 731043
30319184 2805422
30319186 801933
30319188 380729
30320364 2326902
30322724 2326902
28591235 513019
30322902 380729
30324197 380729
30325965 380729
30325974 380729
30331530 2404718
30350224 17302145
30350230 797076
30356175 2326896
30356242 838976
30367578 2811029
30369310 8850771
29184847 1926610
30374247 1926610
30383158 1773079
30383261 732826
30384636 1926610
30384638 555822
30384725 2651875
30384728 1281484
30384731 1281484
30384733 299799
30391420 10428588
30392004 801933
30393071 603182
30408011 555822
30411759 17302145
30417905 17516100
30417931 2404718
30418431 380729
30419452 752579
30420777 2811029
30421098 15509555
30424217 712894
30427344 30427346
30427347 30427349
30427822 2805422
30429230 30429232
30429760 10467933
30436445 299799
30497701 1108233
30544380 1218607
30635664 11595233
29902789 1361314
30670186 30670188
30706466 1773079
30732959 2326885
30735910 2811029
30772931 308601
30822000 701548
31003497 9373745
31344623 380729
31344851 513019
31346505 2404718
31347150 31347152
31349519 916571
31350671 2326896
31355509 31355511
31355541 555822
31358428 752579
10951377 351680
31363678 351680
31364978 752579
31366665 1218607
31367465 752579
31743394 30302972
31743396 30302972
31790298 1276978
33199152 8850771
33199210 8850771
33199225 8850771
33400658 15509555
33469456 304298
33653154 33653158
17135565 1091953
11987095 34537393
4582516 34541443
4582530 34541832
4770842 34541848
202818 23556
25376528 34541880
11986060 15260024
34546267 2966995
34546856 34546862
34546874 34546881
58030 34571134
34571592 872631
9281818 34605183
9281818 29364161
715321 34633695
34641853 34641857
1582143 34663275
4650743 34664478
34670875 388239
3098232 34681062
31660733 304298
11988493 2866703
17919432 22119194
4695775 2055926
10475940 1599146
20419349 388239
15559520 1993334
11988404 308601
8341666 2055926
8324577 34734827
34742403 388239
34744329 301944
34744802 555822
34749872 752579
34750818 388239
11986796 2799163
34752153 388239
34767590 34767592
34768352 388239
34778422 388239
34779373 301944
34807529 9253348
2204025 34808138
34809797 30302972
21011249 2507763
10398492 9080062
34829689 555822
34834833 599713
3526498 308601
34836440 2803518
22384651 22384646
34853868 801933
34853886 301944
34853994 1281484
34865907 1202468
34885714 34885716
34887328 388239
34890187 599713
34890498 301944
34891186 603182
34891557 603182
34892096 301944
31661775 301944
34895401 301944
34900066 22428442
4582545 34901810
7850133 603182
34917800 872631
34923415 819785
34926947 2502369
34935006 3054440
34946303 513019
34947841 301944
34949666 1281484
34952855 701548
34956655 8514277
34965263 4228353
4580475 380729
34970022 388239
34973261 388239
34982565 388239
34983243 34983254
34984602 380729
34990217 819785
15257484 1257544
11989407 261869
35002754 603182
35002774 301944
35002776 603182
35002840 599713
35002874 301944
35002904 2879681
35002951 1773079
35002955 603182
35003003 603182
35003052 301944
35003127 301944
2300516 261869
4580242 23556
35011087 35011089
35014694 796656
35015489 801933
35016024 35016029
35021150 380729
35023691 388239
35027065 1773079
35028837 388239
508158 21963272
35031908 8850771
35033305 2055926
33088114 35037956
35039461 35039463
35041280 190717
35058278 513019
35058687 35058689
35059397 796656
5991348 388239
17329105 23556
35063418 23892964
16902584 35063985
35065378 380729
35066872 1013938
35070918 351680
35070952 1357999
35080950 513019
35082139 388239
35082332 388239
35093121 388239
35095584 388239
35099824 916571
35102940 838976
35108250 2502369
28771175 771408
35112811 555822
35117767 388239
8130375 1257544
35129521 796656
35129682 752579
35137925 1013938
35144858 388239
8446274 365152
35154939 35154945
4580700 1091953
35173323 752579
35174260 603182
35174269 555822
35174655 10243570
28355170 35179411
35185356 1926610
35192131 35192138
35199391 308601
35210818 838976
35214161 1116372
35223850 9634879
35224487 801933
35230369 1281484
35234416 513019
35246698 555822
35266951 299799
35270314 2866703
35276287 388239
35280278 796656
35292620 380729
35297572 838976
35297582 838976
35300299 2858322
35306913 8396873
11986449 380729
35310117 2502369
35312242 1218607
35314381 380729
35314549 1108233
35342037 1847426
35349099 388239
35356359 2029758
35379110 388239
35388513 603182
35390358 388239
35391545 555822
35402005 4228353
35409032 8850771
35413437 832607
35422787 2953810
27462743 2502369
35443060 35443062
10530517 35445669
35446819 555822
35446844 555822
35453634 933730
35458459 22420231
470207 35501181
35504888 9101016
35513359 417497
35513850 16086294
35518215 2326896
22402616 8400550
35526307 1926610
35530315 9832045
10682203 388239
35545764 2029758
35561061 1599146
4581945 884345
4941492 308601
35584468 35584475
35652864 301944
35664275 796656
35683169 10455078
33199157 8850771
35753687 35753688
11988794 351680
35775305 1926610
35776220 1105318
35776418 301944
35776866 1257544
35777162 23274370
35783028 35783031
991448 8152510
1667885 35801577
35807022 1926610
35813231 29423309
35816992 35816995
35817025 35817027
35827281 1773079
35846722 2029758
35862301 1116372
23124519 2879681
23124519 2879681
35886695 22472034
35887793 380729
35887795 380729
35893400 35893402
35900202 35900204
35909790 1218607
35913816 3362117
35913826 23274370
35935839 1926610
35935903 1257544
35971273 2805422
35984352 35984355
36026186 603182
36026844 1773079
36028438 8514277
36032369 3054440
36039623 304298
36042214 732826
36047463 2326902
36048487 36048489
36049497 29903134
36054557 599713
36056863 2811029
36064305 36064307
36074637 1850849
36078118 351680
36086252 1926610
36100959 1293498
36100961 9288589
36102832 304298
36116458 17031307
36116460 17031307
36121045 15956685
36121047 801933
36122074 1293498
36125279 380729
36127696 380729
36141795 2811029
36141797 8595777
36142201 1926610
36142494 299799
5616214 21941496
36145802 8757900
36151699 916571
36151701 1293498
36151703 555822
36151705 380729
36151707 752579
36151754 36151756
36168052 299799
36173565 1105318
36176943 1773079
36183417 1202468
36184740 10243570
36186331 796656
36194239 9171319
36197462 838976
36198645 380729
36209697 1773079
36210793 10243570
36210933 2856588
36216015 884345
36222801 476735
36271503 801933
36274136 308601
36277890 380729
36279812 1599146
36279960 2087981
36281738 2404718
36281752 555822
36281754 701548
36282043 2845566
9969559 2087981
36284286 2953810
36284288 1926610
36285306 916571
36285323 17031307
36329156 796656
36349694 16839493
36353251 380729
36353272 2651875
36353275 380729
36353277 10243570
36353280 717327
36356035 2850919
36356301 2870670
36358641 832607
36358643 803059
36362520 17468062
36362523 17468062
36366875 388239
36373233 2055926
36377049 1773079
36393825 2502369
36393832 555822
36395400 1773079
36399793 1926610
36410575 308601
36421624 2799163
36424263 752579
36425146 1281484
36427463 2649131
36429286 304298
36433522 10243570
36433690 2811029
36433792 2904255
36434088 2953810
36434090 1926610
36434559 29423309
36434832 36434834
36440273 2879681
36440310 29364161
36450591 21828032
33122138 555822
36450870 2845566
36450872 2879681
36450875 380729
36450877 752579
36450880 380729
36450882 801933
36451937 2651875
36454170 2953810
36455077 1105318
36462851 2953810
36463478 2858322
36481675 36481677
36497908 82498
36504219 2953810
36504273 380729
36509950 1108233
36512064 1847426
36512165 36512167
36512833 2381330
36512835 1108233
13275035 555822
36512892 1281484
36512904 1108233
36514125 1281484
36514128 2811029
36514132 380729
36514149 1281484
36514151 1281484
36514153 1281484
36514221 301944
36514224 1773079
36514226 1281484
36518116 15938250
36520273 2866703
36545051 36545053
36545989 1103718
36545991 380729
36547574 796656
36548770 15509555
36549581 2953810
36551668 36551671
36553887 2381330
36556897 28752365
23390169 8630830
36577735 3054440
36589132 603182
36677617 2904255
35490031 2029758
36880984 29983901
37435240 2953810
37437100 2953810
37439228 717327
37439247 717327
37439536 10243570
37440951 555822
37443050 2404718
37447708 380729
37447901 388239
37455615 752579
37455615 752579
37456769 37456771
37459293 752579
37460178 732826
37460192 2326885
37460834 37460837
1985398 1116372
286168 1257544
6608213 884345
39279934 6618483
39280726 6618483
39309869 555822
33400659 15509555
39556586 1773079
39564083 599713
39650855 8903947
39859718 14500761
39859723 301944
39866553 2805422
40106098 2326896
40207988 2811029
546113 40514095
9638526 40522697
279932 1937251
202816 40523544
4581854 900
38952 40525471
619178 15317225
2007343 23556
6410219 28943178
385811 28355171
40534207 771408
77191 40549952
1009873 40554470
254213 40556362
4580632 40560683
1943282 40560749
40589551 388239
31661896 40590748
40649642 603182
8609646 1257544
25523044 8328614
4580372 40675964
344873 624656
17042703 555822
18582799 40686190
40687301 2029758
40687304 2029758
36493202 40687734
8133828 40688067
24211792 261869
40693279 11595233
304457 40694924
304455 40695193
26521817 388239
40710151 603182
365145 365152
8334451 40722006
17863168 308601
40735821 380729
803898 23556
40745226 388239
29674481 30427349
11987803 15509555
14059934 1218607
23987505 351680
34571130 731043
40798358 822901
1483388 40812624
40816081 304298
9172433 40834292
40870572 599713
40870626 16404018
40871469 603182
40872737 301944
40873152 301944
40874205 301944
40875108 301944
40875121 599713
8648195 40878431
40878786 301944
40879582 9171319
40879958 16962678
40880554 301944
11986704 301944
40889165 2850919
40890349 832607
16563371 1116372
3526441 771408
40897734 301944
34571132 388239
40915192 304298
10665181 40921050
40927317 308601
40929113 40929118
40931758 555822
40935159 555822
40937729 2879681
40937735 380729
40937963 388239
40939100 884345
22401671 731043
18853375 9080062
20427989 28494888
29184846 1218607
40944691 731043
40948229 388239
40949221 732826
40951355 921469
40951652 388239
28872712 15390728
40959949 2845566
37745821 1116372
25379502 261869
40980198 603182
40980234 603182
40980495 301944
40980630 301944
40980657 603182
40988183 388239
40988274 304298
40992068 380729
40996582 801933
41002864 301944
41003936 513019
41007403 388239
41010222 23938059
41011907 2805422
41014124 1129601
41014561 555822
41033061 1129601
41033387 1922183
41034833 797076
41035150 2326896
4580708 41037428
41038419 388239
41039189 41039191
41044745 2801854
41045864 2845566
41055803 2920934
41056506 388239
41058601 1105318
41065505 388239
1247906 2953810
41069669 388239
37746587 41070652
41073060 1926610
41078989 15509555
41079756 41079758
41086056 1926610
41093016 10428003
41102634 1129601
41110435 884345
41110438 884345
18851597 1218607
41117047 388239
41117137 41117139
41118925 35011089
41119836 388239
17025522 41125136
39862197 29184848
41130008 388239
41131373 388239
41132362 388239
41132850 17031307
20419456 41144735
41148088 701548
41156511 388239
2649418 1361314
41161854 388239
41161859 388239
41161870 388239
41176776 2326902
41180611 1773079
41204753 388239
41211155 15956685
41212667 16962678
41223234 41223237
30261216 555822
41244335 1105318
5147359 10582602
27397222 41248674
41250224 304298
41258454 351680
35388334 299799
41265257 752579
41268930 838976
41271658 822901
41274305 388239
41286471 555822
41301389 4228353
41315044 41315046
41318688 8677618
41319182 41319186
41358865 388239
41375573 22947760
41377300 9832045
41387225 380729
41390738 388239
17619161 417497
41408294 872631
41408304 388239
41412123 801933
41413903 555822
895024 29184848
10585436 895026
41420292 752579
41421086 1281484
41426583 9253348
41438362 916571
41442057 388239
29793618 388239
41446124 10243570
895025 304298
41500915 23018167
41501127 872631
22501972 15242089
41523848 41523850
41523851 2381330
41528458 1361314
41531403 801933
41536170 41536174
2514294 41551488
16506083 34605183
41571848 1116372
25513435 40522697
33858001 23091404
41595879 41595881
41605758 301944
41613913 9491544
41618535 603182
41624927 41624933
13251323 21963272
41651432 41651435
41668259 819785
41682873 10582602
41711490 380729
41718033 301944
41733159 731043
41733179 1281484
41734662 2241965
41738776 752579
4583620 41739940
41772184 1108233
41773363 23318590
41773363 23318590
41775801 2966995
41802141 2029758
41811826 10174659
41811946 8903947
41812155 23938059
41821651 299799
18851130 8677618
41823417 796656
41857427 717327
41863451 2326889
41888084 796656
41888086 2845566
41888140 301944
41888523 380729
41888527 17311563
41888534 1926610
41888603 1926610
41888605 1926610
41888629 599713
41892583 796656
41896988 555822
41900306 796656
41922557 308601
41931046 3032022
41935490 513019
41973724 2953810
41976834 513019
41996246 1281484
41996248 555822
41998025 921469
41999670 752579
42006335 10445389
42012712 1281484
42012736 36064307
42023108 1281484
42025735 351680
42025738 351680
42029689 1773079
42042209 380729
42049426 822901
42049546 1293498
42050773 9429175
42057554 17031307
42059042 29143570
42062517 17031151
42062519 10445389
42065779 29143570
42068059 2953810
42074062 3032022
42087296 1773079
42087300 599713
42090827 1847426
42096384 1293498
42096387 1293498
42096390 2879681
42096393 1281484
42096395 717327
42113317 299799
42126201 884345
42130533 42130535
42138064 16132182
42141263 42141265
42152498 752579
42182619 2953810
42191806 1281484
42220756 731043
42224594 1281484
42224605 1926610
42224607 1926610
42224623 9832045
42224873 1773079
42227344 2404718
42228783 2326896
42232317 796656
42240428 301944
42297130 37460837
42297133 2811029
42297136 2850919
42297140 752579
42297143 603182
42336066 2404718
42336070 2326889
42336073 23892964
42336075 1357999
42336077 380729
42336079 380729
42350923 1108233
42354306 10428003
42354308 8850771
42356654 890516
42357796 42357799
42363191 2799163
42366351 1281484
42369423 752579
42369827 10467933
42374275 10243570
42374437 916571
42374439 380729
42375541 796656
42376071 304298
42379580 42379582
42381080 1293498
42381115 752579
42383636 2326902
42383968 2953810
42387318 2850919
42387839 1361314
42388421 10243570
42391066 1773079
42391070 555822
42391072 10455078
42391074 380729
42391079 2065170
42393259 1293498
42393261 1293498
42394433 2805422
42394781 2953810
42395726 513019
23070459 2858322
42407629 380729
42415804 1357999
42429362 933730
30369988 1281484
42442856 9634879
42442876 717327
42450353 42450355
42450475 9830765
42451287 380729
42451428 24002359
42451430 24002359
42451470 1361314
42452698 1773079
42452700 8595777
42452772 308601
42453555 380729
42453557 380729
42459417 380729
42459506 731043
42460024 895026
42460923 701548
42474276 2558863
42478619 2805422
42484142 3453537
42484470 1773079
42486747 752579
42492111 2805422
42494387 8903947
42495088 380729
42497550 1105318
42498021 1926610
42522536 2811029
16521169 301944
42567651 380729
42664562 1281484
42688720 11595233
42723805 752579
42782561 380729
42806615 1218607
42856495 299799
42949498 2087981
43358134 10428588
43363131 2799163
43363287 43363289
43365099 3362117
43374625 8850771
43377578 555822
43378232 23902368
43378338 801933
43378726 752579
43380647 752579
43640358 9830765
43660645 380729
43975038 43975040
43983262 10582602
45005500 3032022
45078795 10346860
45078814 10346860
45078824 10346860
6618480 884345
41416614 819785
45405325 1773079
45412813 599713
17811689 304298
45704489 14500761
45704493 301944
45948045 24002359
45996615 2858322
46094408 46094410
1227152 1599146
3085121 190717
2753997 41037428
33087928 771408
2161086 771408
35171718 30005701
1619287 261869
46367129 1257544
1489262 46380212
46392312 10445389
46395849 46395860
470211 46396355
46417995 388239
46486364 46486367
15715586 46489595
21963238 46496787
4583814 46504594
3116994 46505881
4195804 15689294
317532 46508627
3056976 40721246
470214 2087981
304454 1257544
300629 46517953
15423505 771408
46524716 8903947
16831335 10243570
46549642 388239
46558698 1129601
46558755 308601
46573106 28992257
46574009 2404718
46574527 832607
46575557 555822
4583937 22664459
46612253 46612255
46625730 2879681
4581569 46629158
46629878 8514277
46630127 46630129
46636694 1352939
202815 1937251
46654560 388239
46675468 10243570
4231024 933730
46681337 46681339
46689169 301944
46690217 599713
46690493 17031151
46691039 301944
46691143 599713
30261221 476735
46695292 301944
38808966 2381330
46712020 388239
46713970 15956685
46714204 838976
46715073 388239
46722172 2879681
31662796 46726239
46726553 2953384
46735586 388239
46740321 388239
46741574 23274370
46745292 599713
46745666 308601
46750494 1108233
18318842 46754406
46754923 46612255
46755434 1361314
46755448 701548
46755515 771408
46756171 388239
46767163 4228353
31660806 35753688
46770325 701548
46774514 388239
46775916 380729
46775995 380729
46778415 388239
4580774 35584475
34633694 603182
46793114 301944
46793119 603182
46793192 301944
46793209 599713
46793317 599713
46793385 301944
46793389 301944
46793443 2879681
46800062 308601
46800472 351680
32000185 308601
46812748 2241965
46817882 388239
46820212 803059
46821653 832607
46844366 803059
11987635 15509555
46847654 388239
4580080 1116372
46850917 884345
4758140 46851110
22139501 35154945
46854663 1357999
46864448 513019
22384650 22384646
46865459 388239
2881894 261869
46871338 308601
46874926 388239
46877725 30272122
40655776 1012087
46882619 2326896
46882961 23938059
46886350 752579
46887156 2953810
46889262 9634879
46894781 717327
46896547 1100010
46898175 1129601
46898632 2880704
46899038 46899040
46899499 46899501
46920623 46920625
46921089 388239
46922077 388239
46923450 388239
46924150 8332774
14023685 46927851
46936417 388239
46936534 46936536
39650644 2507763
46948780 2845566
46950178 2087981
46953129 46953131
46954047 388239
46955358 2651875
46964960 388239
46966031 796656
46981495 1105318
46981497 1105318
46982536 4228353
46985166 10467933
46988671 1116372
46990482 41536174
46990744 388239
46995844 752579
47008825 388239
47009657 388239
12056613 47016645
4203121 23902368
47039872 838976
47040723 299799
3573176 308601
47048799 9253348
43658659 36064307
47064314 916571
47064394 1129601
47064891 9101016
47066180 555822
47066281 388239
47071628 388239
47071870 388239
7618694 771408
47077578 2326889
35356312 2805422
47078512 752579
47085412 47085414
47087979 388239
4583259 555822
47116519 47116521
47117375 6618483
47118303 2326896
47120115 47120121
47148466 388239
30476253 16132182
26766434 1850849
47172544 388239
47175321 380729
47204385 388239
47210352 555822
20325028 47216221
47216932 752579
47216939 752579
47216947 752579
19215133 35192138
47250217 47250219
47251996 15936254
47281394 2651875
10300451 417497
47294916 380729
47296074 15707577
40230882 2326889
2611579 29715040
35664277 2326889
47334672 796656
11987148 35584475
18851869 35584475
47363562 299799
16361964 47372884
33882756 47378043
47379619 8850771
23144613 9491544
47388119 380729
11986780 17214296
47429341 388239
47450654 2502369
47450722 2502369
47450858 717327
47458547 819785
47506325 29903134
47506722 1281484
47506910 308601
47507319 301944
47507480 308601
47517211 2866703
47521670 8850771
47521943 1926610
47522718 388239
47522899 2326885
47522902 2811029
47538818 599713
47541440 36481677
47556897 801933
47587808 2029758
47596927 2507763
47597082 8903947
47624750 2879681
47625947 380729
47631462 47631464
47635239 752579
43639880 2858322
7295496 47654139
8533291 9830765
47671276 1281484
47671305 1281484
47671319 1926610
47671322 603182
47671510 1218607
47671515 47671517
47671612 803059
47671691 1926610
47671694 2953810
47671697 1281484
47671699 1926610
47671719 1281484
47671750 599713
47671753 603182
47672408 47672410
47672528 1218607
47674638 9830765
15889051 304298
47691697 1357999
47716470 599713
47756114 10445389
47775877 1773079
47775879 2404718
47775881 15707577
47775884 752579
47775892 2811029
47775894 1293498
47775897 752579
47775899 9832045
47775901 1926610
47775903 2381330
47776784 47776786
47778795 47778797
47779424 603182
47783026 1281484
47799167 2856588
47826826 3032022
47828126 752579
47829473 1850849
47829488 1281484
47829910 43363289
47829912 304298
47837494 47837496
47841075 17031307
47844308 29895137
47846563 1293498
47846565 2879681
47848659 380729
47848661 380729
47849232 380729
47849241 801933
47849680 731043
47851184 2845566
47851750 299799
47865104 1773079
47865113 17302145
47866748 380729
47867541 1773079
47867543 2811029
47874178 380729
47874180 2811029
47874182 380729
47874184 1926610
47874186 916571
47874188 380729
47875591 1281484
23390170 16419296
47894322 2805422
47894325 2953810
47895314 1926610
47898740 8514277
47898744 2845566
47898746 2953810
47898760 2858322
47901102 9830765
47905071 822901
47927880 31347152
37462988 916571
47934593 1773079
47934938 3032022
47942106 301944
47956384 380729
8735754 8735757
47983437 1926610
47987022 796656
47994880 299799
47994882 796656
47998656 1281484
47998899 796656
47998904 1773079
48000819 2029758
48001057 2649131
48013904 819785
48015605 2651875
48019680 417497
48054037 1281484
48065718 801933
43657677 48065722
48065736 48065739
48068921 822901
48069192 304298
48069194 555822
48072157 380729
48074401 3453537
48076420 1281484
48090129 1091953
48091411 380729
48098506 2651875
48106935 380729
48106939 2805422
48108378 513019
48121537 9145521
48121539 1105318
48135346 884345
48137738 1108233
48139744 304298
48139746 1105318
48141143 2866703
48143844 916571
48143846 2241965
48144821 2966995
48145074 10445389
48145461 1012087
48145580 752579
48149158 2326896
48149198 299799
48150977 1218607
48153954 2404718
48153956 15509555
48153959 299799
48156875 2850919
48157860 2879681
48160636 1293498
48160639 10445389
48161719 2651875
48162201 1361314
48162518 484071
48164623 15956685
48170524 299799
48171425 10582602
48173034 801933
48195037 48195039
48197163 603182
48197460 1100010
48203255 801933
48210693 2651875
48210695 752579
48210877 48210879
48210928 304298
48218766 796656
48219927 712894
48219957 2953810
48219959 2966995
48219960 10455078
48219962 2404718
48219964 803059
48226044 3362117
48245134 1926610
48248971 2404718
11975773 1108233
48253002 2805422
48253016 46681339
48253020 513019
48253022 2801854
10579147 380729
48288289 2811029
470215 28482282
48480327 771408
964094 1116372
48536832 2029758
49050418 803059
22400337 16962678
49098337 801933
49098511 752579
49098883 2799163
49100495 380729
49103963 2953810
49104717 380729
49104784 49104787
49113333 2953810
49117993 17349553
49118056 10455078
49120026 2866703
27462756 803059
50651548 2850919
964095 1116372
964096 1116372
50818849 6618483
50848793 555822
50848826 555822
41416613 819785
27188134 27188138
51171516 8903947
45678291 304298
51349269 304298
51349282 304298
51375217 9491544
28545 16886925
40106099 1091953
51614838 10428588
