6456141 259592
6456141 8463
6456141 202829
6456145 6456149
6456150 537940
6456237 1603248
6456237 2996
525317 3758
6456245 6456249
6456250 319082
6456560 451
6456560 6456563
6456560 381883
6456564 260197
6456567 19750
6456571 2779274
6456577 6456580
6456582 2774158
6456582 6456585
6456586 4657677
6456596 6456599
6456596 451
6456600 6456603
6456607 541021
6456610 260197
6456613 6456617
6456619 79903
6456622 79903
6456630 6456633
6456630 381883
319076 4379681
319076 6456636
6456637 6456639
6456637 6456640
6456637 1648617
6456637 481816
6456637 533178
6456637 6456641
6456642 354933
2396636 79903
6456649 202823
6456652 307892
6456656 260197
6456663 6456666
6456667 79903
6456670 256427
6456674 6456599
809990 202823
6456681 260197
6456684 72281
6456687 19750
6456687 6456689
6456690 541021
6456699 6456702
6456705 6456603
6456707 539901
6456710 6456617
6456712 256427
6041520 310789
6456715 2043581
6456715 2290619
6456718 2774158
6456718 6456585
6456720 259592
6456720 8463
6456720 202829
6456728 1492503
6456732 4581461
6456732 6456736
6456732 1492503
6456732 256970
6456737 6456740
6456737 6456741
5115195 1492503
6456746 1603248
6456746 2996
6456748 1603248
6456748 2996
6456750 19750
6456753 527977
6456756 68101
6456756 304073
6456763 6456766
6456763 528907
304105 526403
6456771 6456773
6456771 307892
6456774 6456773
6456774 307892
6456777 79903
6456786 530950
6456786 3758
6456788 6456580
6456791 79903
6456801 202823
1858302 8463
1858302 855480
6456805 6456809
6456813 1492503
6456816 480504
6456816 324097
6456816 530461
6456816 68101
6456816 314374
6456816 304075
6456818 79903
6456821 8463
6456821 202829
6456821 259592
538866 260197
6456828 256970
6456832 6456835
6456839 6456842
6456843 381879
6456845 552732
6456849 353013
6456853 535613
6456857 6456861
6456862 2996
6456865 6456867
6456865 256427
6456865 58714
6456865 100760
6456865 6456868
6456865 307892
809995 202823
540462 6456872
540462 540449
6456878 292192
6456878 525614
6456880 307892
4560619 910676
4560619 6456885
531552 324101
6456894 6456898
6456899 533629
6456903 22069
6456905 353013
6456909 6456912
6456913 260197
6456916 6456920
6456921 307892
6456924 1603248
6456924 2996
6456926 100760
6005145 531087
6005145 6456912
10535930 9799957
1513106 310789
13691820 1492503
689564 323914
689564 541021
13691828 8463
13691828 102201
13691831 256970
13691946 541021
13691950 68101
13691950 530461
13691952 1603248
13691952 2996
13691954 531087
1094116 10455863
13691962 339362
13691964 324092
13691966 541021
13691969 292192
13691977 13691979
13691977 324092
13691977 256427
13691977 539345
535629 535613
535629 58714
535629 256427
535629 8383350
8502350 6456599
8502350 451
8502350 6456563
8502350 381883
13692192 13692195
13692196 292192
13692199 527977
13692205 58714
13692210 202823
13692213 541021
13692217 380018
13692217 13692219
13692220 260197
13692223 79903
13692226 1492503
13692229 8463
13692229 102201
13692229 13692232
13692233 19750
8840606 912399
13692236 6517418
13692239 202823
13692242 22069
13692245 912400
13692245 7709078
1858298 8463
1858298 855480
13692249 527977
13419534 451
13419534 6456563
13419534 381883
13692256 72281
6426104 1815100
8324871 6456639
8324871 6456640
8324871 1648617
8324871 481816
8324871 533178
8324871 6456641
13692260 79903
13692266 304075
13692266 314374
13692266 68101
13692266 530461
13692266 480504
13692266 324097
329730 35480
329730 310789
13692272 8431484
13692272 451
13692275 321727
13692275 6456912
13692275 324092
13692275 528900
13692275 353013
13692275 22069
13692275 354933
13692275 481816
13339623 806563
13339623 298043
9303382 530675
9303382 659682
13692286 79903
6427015 79903
13692293 324089
13692299 68101
13692299 530461
13692301 72281
13692304 3758
13692306 3758
13692308 19750
13692312 202823
13692316 259592
13692316 202829
79888 72281
13692320 6456617
9926927 6456617
9506233 7718596
13692324 13692326
13692324 19750
13692324 6456603
4891087 324092
1858301 8463
1858301 855480
1720719 72281
5115222 4377406
13692331 1603248
13692331 2996
13692333 1603248
13692333 2996
13692335 2949536
13692335 6456740
13692335 6456741
10369599 310789
13692345 6456773
13692345 307892
13692347 531085
9376010 25689
13692359 323914
13692368 111194
13692371 855480
13692373 304073
13692373 68101
13692375 2290619
13692375 2043581
310812 310790
310814 310790
13692384 310790
13692389 526626
13692394 13692397
13692394 319083
13692394 324089
13664999 79903
13692401 307892
13692401 50832
809994 202823
13692405 260197
13692408 292192
13692408 525614
534898 7731472
534898 534879
534898 82115
13692411 541021
9303383 530675
9303383 659682
13692418 72281
13692423 25689
13692425 3758
390860 260197
13692433 6456603
310816 310790
13311065 535414
2428289 1147426
9962038 100760
4844179 541021
13692445 533629
13692445 8338724
13692448 2425239
13692448 22886
13692451 527980
13692451 8463
13692453 527980
13692455 348786
13692459 537940
13692459 750664
6177850 1603248
13692462 1603248
13692462 2996
15171207 1815100
15171207 7731728
15171207 8987831
17483317 17483318
20441864 72281
539380 50832
539380 256427
539380 307892
20454267 531089
20454267 531085
20454271 304074
20454273 8463
20454273 102201
20454273 102200
20454387 260197
13664160 20454392
20454396 6456603
20454398 20454401
20454404 25689
15594909 533178
15594909 6456641
20454410 541021
8507222 79903
8507952 525614
8507952 292192
20454417 9799957
20454582 451
20454582 6456563
20454582 381883
20454584 6456249
20454587 202823
13339621 806563
13339621 298043
17450426 314374
17450426 530461
20454593 354933
10257024 386541
15596135 114117
15596135 380018
15596135 530950
11346832 20454602
20454603 6456585
20454605 6456867
20454605 100760
20454605 6456868
20454605 256427
20454605 307892
20454607 260197
8506344 7718880
9739791 324092
5831233 353013
20428310 259592
20428310 8463
20428310 202829
16361550 451
6067468 353013
16568994 6456920
20454622 260197
20454626 7718750
20454629 79903
20454631 260197
8469622 22069
20454637 20454640
13294079 114790
13294079 8463
2562457 190975
15604748 244330
15604748 1603248
10138849 8463
10138849 102201
20454650 7613185
20454654 100760
20454658 202823
16929461 260197
20454662 260197
20454665 3758
15597552 321727
20454668 829887
20454670 855480
20454678 3758
10572345 354933
20454684 526626
20454684 202832
20454687 324092
15604059 260197
20454690 6456617
10033727 19750
20454696 1603248
20454696 2996
20454698 1603248
20454698 2996
20454702 541021
20454705 19750
528447 344148
2103844 539903
8508499 527977
15592905 114790
15592905 8463
535410 353013
535410 22069
20454718 6456773
20454718 307892
20454725 79903
4337790 102208
20454729 530950
20454729 3758
20454729 13692219
15593438 527977
15593438 1299130
15593438 20454733
20454734 6456603
20454734 13692326
20454734 19750
402982 13692219
16790721 451
20454742 19750
20454745 480504
20454745 324097
20454745 530461
20454745 68101
20454745 314374
20454745 304075
12251347 7718750
15487592 68101
15487592 530461
20454749 15449422
20454749 168218
20454752 324092
20454754 353013
20454760 552732
20454760 10831199
20454763 8463
20454763 202829
20454763 259592
13664997 530675
13664997 659682
20454770 481816
20454770 6456641
20454772 19750
20454775 74674
8507552 8500949
324115 324092
20454781 260197
20454784 324089
20454784 395926
20454786 7734817
1003764 260197
11347835 310789
20454796 79903
20454799 531087
13664985 79903
20454802 353013
20428587 79903
20454805 79903
20454807 354933
20454817 535613
6427047 262864
20454828 531087
20454828 531085
20454831 451
20454831 6456563
20454831 6456599
20454831 381883
26900652 2774158
26900652 6456585
689563 323914
689563 541021
26900655 2290619
26900741 259592
26900741 8463
26900741 202829
26900746 1603248
26900746 2996
22276455 530675
22276455 659682
16737300 8786282
26900752 323914
26900752 541021
26900754 527980
26900754 256427
26900754 540343
26900756 527977
26900758 324092
26900760 386541
26900760 2396899
26900767 6456898
26900952 259591
26900952 540343
10470295 323914
13419533 451
13419533 6456563
13419533 381883
26877307 6456599
26877307 451
26900964 202823
15514867 381879
26900967 202823
533424 26900970
533424 34353
533424 533430
3268116 3268114
26900972 6456636
9761265 7735548
9761265 19750
9761265 6456603
26900975 541021
15596138 114117
15596138 530950
15596138 72281
15596138 13692219
26900980 530675
26900980 659682
26900990 19750
25074378 18656
26900993 260197
26900996 533178
26900996 6456641
26900998 260197
6426103 4428182
6426103 1815100
6426103 8142945
6426103 8500856
26901004 79903
6041519 310789
1858300 855480
26901010 22069
13299438 26901013
26901014 26901016
26901014 26901017
26901014 17066458
3817906 256427
79887 72281
26901024 202823
26901026 7712176
26901026 1955163
6426105 4428182
6426105 1815100
6426105 8142945
6426105 8500856
16929050 1492503
20087846 26901034
3857725 324092
26901036 22069
17380033 4654620
26901040 531087
26901040 68101
26901040 531085
6008663 6185324
22276171 7718420
809991 202823
20318605 19750
20318605 6456689
2807516 2396899
18596881 685785
17289871 298043
26901051 19750
26901051 6456689
26877343 256970
26901057 79903
26901059 1603248
26901059 2996
17394324 533178
17394324 6456641
26901068 532491
26901074 314374
26901074 530461
26901077 8463
26901077 102201
26901077 102200
26901079 8463
26901079 102201
26901079 102200
23985909 353013
9242830 256427
26901090 79903
25815664 25689
26901094 530950
26901094 3758
26901096 530950
26901096 3758
26901096 13692219
26901098 260197
79890 72281
26901101 6456633
26901101 381883
26901103 527977
26901105 6456617
26901107 202823
26901113 7733158
26901115 541021
26901118 79903
26641830 202832
24073871 26901122
26877314 260197
26901125 6456603
26901125 13692326
26901125 19750
26901129 72281
26901132 22069
26876886 910676
26876886 6456885
22277866 480504
22277866 68101
22277866 530461
22277866 304075
26901141 24020977
26901141 344148
26901143 314374
26901143 324097
26901143 530461
15604130 260197
26901146 310790
26901148 354933
6426578 910676
6426578 6456885
529487 19750
540468 6456872
540468 540449
26901154 79903
809996 202823
534899 7731472
534899 534879
534899 82115
26901162 79903
26901165 7711348
26901168 3758
4844178 541021
310815 310790
25647439 14876784
26901183 79903
1858304 8463
1858304 855480
8511883 354933
15605357 260197
26901196 540343
29023490 9799957
15421605 527977
15421605 1468982
28666051 1603248
28666051 2996
532674 79903
33119226 6456773
33119226 307892
15891222 202823
15596134 380018
28666052 1603248
28666052 2996
20064620 8431484
20064620 451
20064620 142592
33119342 8652601
33119345 4654620
33119350 3758
8510582 260197
33119353 6456773
33119353 307892
32082854 33119522
33119523 451
33119523 6456563
33119523 381883
33119525 6456599
33119525 451
33119525 6456563
33119525 381883
33119527 79903
33119530 202823
33119532 6456867
33119532 100760
33119532 6456868
33119532 256427
33119532 307892
33119534 307892
33119534 100760
33119534 6456867
33119534 256427
33119534 6456868
33119534 58714
28898276 323914
28898276 541021
32809712 79903
15604129 260197
8506485 6456599
8506485 451
8506485 8431484
2491612 532491
3026863 480504
3026863 324097
1478786 4429053
33119556 25689
15868898 33119522
32809713 79903
22269580 531087
33119566 79903
31772800 353013
534896 534879
534896 7731472
534896 13691979
534896 82115
28508765 527980
28508765 256427
28508765 540343
33119573 256970
28645808 3085534
16728762 304074
16728762 9190885
16728762 304073
8324870 6456639
8324870 6456640
8324870 1648617
8324870 481816
8324870 533178
8324870 6456641
33119580 324092
30261094 28812357
30369021 79903
5082004 11252304
33119592 310790
20122256 6456563
29735371 260197
528446 344148
33119602 6456603
15711173 540341
911633 324092
911633 12010
9926926 6456617
28672788 68101
28672788 530461
28672788 314374
28672788 304073
33096846 1492503
30288932 531089
30288932 354933
30288932 307892
30288932 324089
12294991 259591
33119627 530950
33119627 3758
6426106 1815100
6426106 8500856
6426106 4428182
6426106 8142945
8508500 527977
33119634 7709078
33119634 912400
525380 8463
910684 910676
910684 6456885
310811 310789
33119641 353013
33119643 6456603
33119643 13692326
33119643 19750
33119645 952045
33119647 541021
33119649 1856380
310813 310790
28670194 6456617
22993955 79903
6031398 3753876
6031398 310789
33119661 79903
540467 6456872
540467 540449
6031399 3753876
6031399 310789
16392245 260197
26877318 202823
2426377 260197
15601983 256427
20429062 527977
29415657 79903
21939613 533055
535634 535613
535634 256427
535634 8383350
535634 58714
33119680 79903
1453829 100760
33119683 6456898
33119683 33119685
33119686 3758
33119690 25689
13664991 79903
17533365 451
35461239 72281
13664989 527977
20098611 6456617
26877310 6456585
39141850 6456585
9376009 25689
13664995 530675
13664995 659682
39141857 259592
39141857 202829
39141860 324092
13410242 530050
16706040 114117
28518757 202837
39022357 6456599
39022357 451
39022357 6456563
39022357 381883
28674742 260197
36134282 324092
39142036 260197
39142042 307892
39142042 100760
39142042 6456867
39142042 256427
39142042 6456868
39142042 58714
535633 535613
535633 58714
535633 256427
535633 8383350
32777198 8786282
32777198 10898327
34849805 260197
530479 68101
530479 530461
530479 314374
530479 304073
530479 304075
35501800 79903
39142051 535613
39142051 6456868
22285711 527977
12251346 7718750
23421314 256427
1720717 72281
28666452 22861492
1079044 100760
527987 527977
30391307 6456868
30391307 529636
33097203 530675
33097203 659682
2551667 14862993
25619411 7709078
25619411 20454401
25619411 6456702
22163498 17172
34841609 39142067
34841609 256427
38828548 541021
39142069 304073
39142069 304075
39142069 314374
39142069 68101
39142069 530461
39142069 480504
39142069 324097
8324872 6456639
8324872 6456640
8324872 1648617
8324872 481816
8324872 533178
8324872 6456641
12283958 541021
36059126 324089
79885 72281
22278308 260197
22369825 657471
22369825 2543222
22369825 529174
22369825 525616
15604240 260197
13339622 806563
13339625 806563
13339625 298043
30026443 79903
16337158 529633
16337158 25379083
15891225 202823
22279832 3758
9458021 304083
9458021 304087
9458021 657471
9458021 4972835
9458021 304081
39142088 354933
34844976 68101
22281971 25689
22279834 3758
22279835 3758
22278069 25376802
22278069 22486239
22278069 528907
22278069 6185324
22279963 11988753
15593716 530050
390859 260197
39142100 3332521
39142100 324089
35084119 386541
35084119 529052
35084119 2396899
35084119 22276840
39142104 323914
20429065 260197
417977 8329615
417977 472384
15514869 381879
39142112 12341389
39142115 7719488
2831435 307892
20318606 19750
20318606 6456689
35501801 79903
36520766 202823
13339624 806563
23309394 8463
23309394 114790
39142125 19750
37306335 829887
30369022 79903
22627953 33119522
15595299 1361794
39142138 534827
39142138 14050282
39142140 20454602
24523715 314374
28666939 481816
809993 202823
540465 6456872
540465 540449
540466 6456872
540466 540449
39142149 58714
12254005 6456249
534900 13691979
534900 7731472
534900 534879
534900 82115
39142155 72281
39142160 79903
31923766 7711045
39142164 534827
39142164 14050282
39142168 533787
39142168 39142171
39142172 324092
12254097 310789
8503694 386541
8503694 529052
8503694 2396899
10540434 657471
15595189 353013
23558377 79903
39142180 6185324
39142180 25376802
34850665 310790
10439794 324089
15596139 530950
15596139 380018
15596139 114117
15593439 527980
39142191 6517418
33096409 527980
33096410 527980
33096410 8463
41576261 1011704
44984663 50832
44984663 256427
44984663 324089
28666050 1603248
1858296 855480
79883 72281
40570602 1603248
40570602 2996
45001149 310789
28673455 6161690
28673455 4377406
28673455 537940
28673455 750664
45001152 529173
23596171 6456599
2648472 72281
538807 260197
44679655 260197
35704173 25689
528880 535613
528880 13691979
528880 256427
528880 307892
528880 324089
15600841 22069
530478 68101
530478 530461
530478 314374
20428309 259592
20428309 8463
20428309 202829
8507221 79903
535630 535613
863044 43660193
863044 7718607
19132759 6456898
15867617 829887
45001234 310790
44765902 451
44765902 6456563
44765902 381883
26877306 6456599
26877306 451
45001385 25182
35873887 260197
45001388 2774158
45001388 6456585
44791526 527977
36045652 2396899
8892885 202823
16392244 260197
42114580 259592
42114580 8463
42114580 202829
36041707 202823
15806261 4405423
15806261 1465190
40826371 304075
40826371 314374
40826371 68101
40826371 530461
40826371 480504
40826371 324097
15855689 348786
26561664 25689
23547705 307892
44803863 540449
34843686 256427
34843686 58714
28508767 527977
28508767 527980
28508767 256427
16929049 1492503
20178545 202823
36041708 202823
45001412 3758
79886 72281
15891224 202823
33097198 202823
8502351 6456599
8502351 451
8502351 530050
8502351 6456563
8502351 381883
1532098 22278072
29735370 260197
40822066 8385454
15487590 68101
11491729 535613
23027499 530675
23027499 659682
10425305 13691979
38823867 6456603
38823868 6456603
38823869 6456603
38823870 6456603
41318555 451
32782600 28001923
32782600 259590
32782600 540343
29163616 8463
29163616 855480
45001437 381879
1720718 72281
41177044 8500856
4038212 1019502
37104987 4429053
19695899 292192
25619412 20454401
15514870 381879
40826328 6456773
40826328 307892
40826329 6456773
40826329 307892
44792022 79903
8502352 530050
8502352 451
8502352 6456563
8502352 6456599
8502352 381883
28526973 9391975
534897 7731472
534897 534879
534897 82115
20318607 19750
34843557 530950
34843557 3758
40697969 114790
809992 202823
34849213 353013
35501802 79903
34849215 353013
28671035 79903
38823918 6456603
38823918 13692326
38823918 19750
45001464 6456603
45001464 13692326
45001464 19750
20182476 29072468
20182476 526625
22149367 301463
30025057 260197
8504214 8504219
45001470 310789
32017194 307892
34846570 25689
540463 6456872
540463 540449
13316778 260197
1858303 8463
1858303 855480
36520767 202823
9910072 8786282
20120520 1603248
25580262 102202
25580262 2779274
8507236 535613
6045180 22069
6045180 260197
9459285 260197
8502668 310789
8503695 386541
8503695 529052
8503695 2396899
8503696 386541
8503696 2396899
28736262 113100
16340495 19750
13303388 4379681
20120521 1603248
22278896 323914
22278896 2774158
28534709 1603248
28534709 2996
43903031 8283
43903031 22886
43903031 657471
43903031 525616
33096408 540343
33096408 527980
33096408 8463
33096412 527977
33096412 1468982
33096413 527980
33096413 8463
28550279 3758
46647995 540338
48207525 41042279
48207525 7719488
48207525 7723380
46649119 19750
46647222 2774158
46647222 6456585
44981030 256970
40829243 6456599
40829243 381883
535632 535613
535632 58714
535632 256427
535632 8383350
20097961 386541
20097961 2396899
9926925 6456617
33096421 41272002
33096421 41755071
8502343 6456599
8502343 451
8502343 6456563
8502343 381883
44765901 451
44765901 6456563
44765901 381883
8502348 6456599
8502348 451
8502348 6456563
8502348 381883
44765903 451
44765903 6456563
44765903 381883
40827105 19750
42445528 4974404
42445528 242968
42445528 19750
47854641 353013
23361016 17166066
46647223 2774158
46647223 6456585
15596302 21579239
10132101 25436184
32621796 541021
15596137 114117
15596137 380018
15596137 530950
15596137 13692219
34721201 74674
15592904 114790
15592904 8463
30369020 79903
17289870 298043
40830864 260197
16301860 4377406
46643701 13692326
46643701 19750
46643701 6456603
29998917 4405423
29998917 1465190
47179379 25689
36029856 22486239
36029856 528907
36029856 6185324
2857459 324092
10148953 256427
2137733 16449717
44792019 79903
8324869 6456639
8324869 533178
8324869 1648617
8324869 319083
8324869 6456640
8324869 481816
8324869 6456641
44792020 79903
16929048 1492503
28508766 527980
28508766 256427
13664990 79903
33097196 202823
10241684 531087
10241684 395926
2659546 292192
1011715 10898327
36520765 202823
50667345 79903
16929051 1492503
46646614 1603248
31368406 541021
15487589 68101
17300376 6456249
22279833 3758
22279836 3758
40827455 72281
34843555 3758
34843555 530950
34843555 13692219
8503602 6456603
37449035 6456603
25052139 633723
2943441 353013
29559627 79903
32814592 50832
38828549 541021
22273675 20454401
22273675 6456702
16719663 539345
6427020 6456702
34852093 537940
34843556 530950
34843556 3758
20098612 527914
22284993 292192
22284993 525614
8800265 806563
530265 202823
13437037 202832
13437037 526626
910685 910676
910685 6456885
44768059 8500856
22279050 111194
15891226 202823
46747272 8463
46747272 102201
20318608 19750
20318608 6456689
15603001 6456641
15604131 260197
50381443 307892
50381443 256427
50381443 58714
50381443 100760
50381443 6456868
540464 6456872
540464 540449
50447462 8652601
25291820 260197
22282343 533430
4844177 541021
25517775 353013
46649315 21581442
29983376 307892
34850690 2290619
40829544 79903
44682381 29727370
6427017 533430
36239110 22069
