87587 87723
135470 135495
260180 260213
282030 282103
282162 282186
289003 289039
296759 296855
260478 304110
304742 304764
308170 308218
312331 312349
314340 314431
321280 321471
324913 324941
325747 325776
332129 332151
343988 343996
366582 248986
25718 380027
385396 385412
390807 390861
398943 398951
401143 401179
414066 414091
471623 471651
477985 478015
520404 520438
523015 312898
525052 525088
525199 525217
525235 525261
525744 525806
304362 526443
526602 526644
527005 527030
527325 451904
527566 527581
528212 528252
528470 528494
530484 530506
530609 530627
531064 531103
531516 531553
533161 533188
533692 533719
304359 534789
304376 535311
536182 384376
537448 537473
537517 537559
537590 537632
537890 537932
538228 538249
532525 538808
532515 538867
540074 540111
540403 172483
738630 738648
804333 855492
306568 1020101
1061637 1061655
1090904 1090926
1182164 1182191
1250783 936951
1263734 1263754
1466946 1466960
1484112 1484137
1580092 588203
1615077 406312
1649036 1649062
1667165 1667198
1715876 1715897
2127577 53009
2188378 2188389
2280343 2280356
2287251 337062
2404433 241687
2404509 2000038
2405895 2405919
2405922 70866
2406491 2406512
657035 2416494
2624215 1590217
3267925 271704
4025787 3564501
4874814 711901
5603125 1776310
5613600 1551342
5860283 1025761
5970627 3210305
5982673 5061957
5983387 5983401
5987698 5987715
6005060 2946119
6006799 6006810
6010169 6010187
6010467 1736609
6012354 1843625
6013665 6013677
6013943 6013961
6015935 600756
6016743 276523
6016918 2096347
6017825 666106
6018129 982031
6018327 4789317
6018466 6018483
6019801 1112267
6020268 1801019
6020378 6020434
6022537 3171277
6022964 3679394
6023603 6023617
6027722 282396
6033661 615207
6036648 2222288
6036690 6036703
6036704 3744151
6036776 1529705
6036968 2044894
6036981 2730636
6039271 2044877
6039618 6039628
6039629 300318
6039641 3850624
6039651 6039662
6039680 142882
6039726 2819185
6039748 2761047
6039915 745153
6041537 83647
6041561 3639032
6041593 289930
6041602 3035890
6041626 2501871
6041716 3042994
6041727 747360
6041739 6041751
6041787 3186520
6041798 1488498
6041809 1773455
6041829 1563370
6041840 1238058
6041860 6041869
6041891 3252773
6041902 221118
6041928 3083812
6041937 490909
6041960 2125405
6041972 1709192
6041982 2845403
6042111 2065862
6042183 1774221
6042194 6042206
6042207 2209781
6042291 6042304
6042328 1957397
6042367 937805
6042389 1763263
6042439 6042452
6042453 277485
6042509 6042522
6042534 3698526
6042557 1167089
6042569 3693156
6042580 440879
6042603 80370
6042720 1910706
6042731 4983421
6042786 6042796
6042797 591582
6042808 4593687
6042829 967222
6042843 222452
6042898 3257943
6042948 1085363
6042959 1194633
6042970 2987017
6043076 1691702
6043130 4652637
6043296 1816851
6043306 2885214
6043369 3436731
6043425 6043435
6043438 3000590
6043472 6043482
6043494 2202355
6043505 3721096
6043539 2016797
6043547 16334
6043567 1309892
6043578 3942970
6043647 6043660
6043661 1893709
6043674 3387417
6043696 536279
6043708 6043720
6043733 6043744
6043745 1510500
6043756 389978
6043767 1728984
6043778 4127719
6043789 1429796
6043798 6043809
6043810 820479
6043821 959432
6043840 3884685
6043851 4335976
6043938 2369807
6043953 1050585
6043964 455009
6043976 635991
6043994 350137
6044005 1385117
6044016 3437319
6044027 3573660
6044036 3801853
6044059 1324731
6044071 2347655
6044083 1532238
6044174 1829843
6044208 5852739
6044250 924468
6044282 1102976
6044295 6044307
6044330 323276
6044340 560486
6044357 240317
6044367 1124399
6044394 2250261
6044544 6044561
6044606 5061931
6044617 6044628
6044630 2651925
6044654 6044665
6044713 1890843
6044721 348976
6044745 883999
6044834 1392623
6044845 1535601
6044856 3713212
6044867 686200
6044957 3404655
6045121 947923
6045190 1129608
6045202 6045214
6045358 6045369
6045370 2349740
6045388 3566562
6046280 2659164
6046372 1528559
6048559 2854721
6050262 1561836
6053393 6053404
6053460 6053470
6053528 292190
6053566 6053576
6053829 3738439
6053888 6053898
6053909 671576
6053936 6053944
6054009 887074
6054181 2589224
6054192 3680035
6054261 6054275
6054276 6054287
6054288 401611
6054414 2494136
6054500 6054511
6054512 6054522
6054906 1879953
6054917 4975885
6057056 621007
6057131 2049879
6057204 1169853
6057274 383657
6057670 6057688
6058086 3447889
6058100 6058114
6058115 6058125
6058208 3715441
6058516 3235778
6059115 1813221
6059198 1405103
6059209 2498998
6059280 1140133
6059292 4110239
6059418 6059429
6059632 6059643
6059970 476804
6059984 3205372
6059993 1464845
6060051 3141221
6060264 2329936
6066017 6066028
6066196 1430711
6066209 6066220
6067021 2943143
6067045 907866
6067398 1755123
6067469 6067481
6067702 6067713
6067726 6067735
6067938 2896880
6067950 6067961
6067972 6067984
6068649 2999908
6069057 6069066
6069137 6069145
6069146 3846382
6069289 6069296
6069320 6069327
6069367 2618247
6069543 6069550
6069551 6069560
6069561 55410
6069609 4244828
6069731 6069739
6072401 6072410
6072478 3575076
6072526 3214284
6072556 811845
6072587 530787
6072595 6072602
6072675 6072683
6102315 2392986
6120889 2899322
6120910 3873922
6120936 444743
6121071 3203642
6859667 1862415
6920148 1364081
6924554 6924567
6977279 1328083
541423 1165052
8138847 1742242
8189304 6988389
8288836 8288879
8310733 833271
8313780 1239593
2346410 2898801
8332000 4107603
8351219 443710
8354895 75151
386551 8383297
8386745 1872852
2227516 1581250
8418164 3620720
709512 8418672
6456914 152422
8433979 8433990
8443709 902099
8500163 1531670
25717 2161269
8500931 8500960
304375 725756
8501093 3510781
839077 429279
8502466 8502485
7354947 2527469
1207500 2874686
8504081 8504108
7330322 4586939
8505887 8287220
8506184 1510164
8506293 1236023
8371232 2348450
8507634 1715829
292215 2676282
8508193 8508239
8508329 6826537
8508391 6956103
8226363 617007
8509119 1670727
8509248 926538
8509340 8509388
8510113 8510145
8510270 8506483
202842 2562867
8510561 3685970
2500673 2295066
244291 7087086
8511519 1251520
8649921 8649940
2315764 8687656
8798900 8798918
8878516 1571870
8371215 2081272
8371241 8272774
9222541 2290323
9266618 9266631
8371240 1473155
8371218 1881952
9348879 9348902
8371213 3958630
304364 731502
9420155 3695584
8371248 1722579
9476596 1420795
8371221 2632674
9548175 9548201
9565925 794336
9938105 4186722
10005076 1620913
804329 2289792
10461707 10461730
11482810 793561
11964876 474004
12149406 949056
12288111 128886
12295260 12295272
13120566 1532845
13258939 682881
13279072 7189960
13279880 3192134
13286489 6836233
13287325 404656
13287475 1859864
13289366 3892277
13289521 9234567
13289597 1898098
13290193 2471034
13290346 2143531
13290432 7089493
13290467 11777314
13292125 13292136
13293527 2999895
13293665 1625152
13294144 9978527
13294313 2596584
13294609 9384360
13295093 3653274
13295135 4606250
13295144 2683018
13295195 375672
13295617 1961253
13297300 2518471
13302214 3020152
13306191 2400235
13307764 4614876
13307891 3971272
13307933 9888726
13308118 13308130
13308202 275905
13310700 1135869
13310711 1442024
13310721 229936
13310958 1205925
13311029 469882
13311039 552711
13312938 910084
13312949 623635
13312967 1862963
13312981 3681492
13313003 1905145
13313042 6111153
13313052 1063381
13313062 74594
13313076 3411398
13313086 1071702
13313098 9645040
13313113 706851
13313124 234479
13313175 4579350
13313186 548224
13313211 5600827
13313257 1362818
13313268 383758
13313309 1614076
13313320 742242
13313342 2054646
13313353 2692680
13313364 632838
13313385 923002
13313400 548225
13313411 1894380
13313421 1347903
13313447 6821689
13313458 3313658
13313467 827854
13313478 3724796
13313488 3203314
13313516 366271
13313543 297890
13313586 9540800
13313600 2054658
13313609 13313618
13313792 1074174
13313813 426433
13313826 365381
13313836 9581491
13313910 201612
13313952 3164601
13313990 2531416
13314027 954017
13314039 1087082
13314051 1771112
13314067 9095802
13314160 11483752
13314212 1645243
13314314 495568
13314325 452251
13314434 2909395
13314445 3677581
13314454 1841756
13314489 9280927
13314500 7184854
13314510 8465609
13314520 871895
13314531 9325343
13314548 566332
13314559 2836483
13314597 3908024
13314633 957409
13314663 2760483
13314740 8330985
13314941 12548837
13314963 1247020
13314975 1461217
13314986 1739872
13314998 2710320
13315007 629205
13315022 10448271
13315031 3220096
13315040 2588705
13315050 4449015
13315195 814198
13315206 2634346
13315229 3676749
13315240 324467
13315252 199036
13315271 2752451
13315285 1179460
13315296 9094036
13315305 7190495
13315315 6503485
13315348 1500020
13315359 3981323
13315461 354270
13315475 2790220
13315516 8336613
13315527 3446619
13315538 9770991
13315549 11500750
13315569 772929
13315604 3930417
13315626 3679065
13315636 485350
13315644 296212
13315655 4200563
13315664 3882387
13315682 924458
13315691 2615156
13315701 1538574
13315852 13315863
13315885 299904
13315904 2136636
13315913 1286419
13315925 2182949
13315935 1579979
13315947 13315955
13315957 3233937
13315986 11466153
13315997 4029823
13316006 1678138
13316031 2464490
13316168 5999126
13316191 1458901
13316225 8803028
13316237 1233948
13316250 2253878
13316261 2253533
13316315 2367682
13316334 139514
13316344 2664931
13316354 11182411
13316364 4057470
13316372 2358680
13316382 2223690
13316393 1779210
13316402 10913398
13316449 3721090
13316577 3210932
13316616 264542
13316810 3701334
13316960 11281081
13317025 9620067
13317208 6143232
13317475 7497919
13317485 3815361
13317507 868795
13317549 1189604
13320418 214013
13320520 10574711
13322264 8397100
13322273 2885322
13322347 7398399
13325536 10137490
13325948 2306525
13326142 1237705
13326207 5292472
13326217 11487201
13326309 3445337
13326391 13326398
13326525 12895546
13327280 4481147
13327902 4985200
13328825 2003759
13328925 9581561
13328933 1836057
13329108 1826992
13329449 8128120
13329492 3684814
13329669 403149
13329954 8612933
13329962 423374
13329971 2071124
13329981 5275734
13330011 2931720
13330844 13330854
13330931 7595096
13330951 9320261
13331003 1456950
13331102 13331113
13331662 13331671
13331740 1396208
13332885 13332900
13336516 4034149
13337341 427124
13337950 10164354
13338007 2840979
13338613 6421755
13338670 3682741
13339262 13339272
13339482 13339492
13339528 13339538
13340530 4763723
13340601 11058193
13340747 3831795
13340793 12893978
13343105 4854005
13386101 11996358
13386190 2518163
13386205 2475918
13386309 2521003
13622974 1461670
14171414 1338856
14171596 1902001
277005 1843625
9724784 252294
2266275 1558656
15290454 816584
1200950 3763361
15388927 1446010
1049809 7454029
1091057 1193602
306621 2994303
15434015 89924
6458667 1387475
15437421 6591688
7621646 1251850
15445839 11173655
4650735 2825412
15457585 1096323
15457614 1334443
15470474 26346
304363 3679396
337102 215530
15501654 3446787
15514056 2447592
15515492 14543172
15525746 10346702
8314997 1785391
15315214 2583254
15592715 2063878
1015636 1192852
13691970 498036
4939632 1339756
15594149 15594191
15594508 1520504
15594922 1086382
10459991 3190857
15595192 2988873
15595307 1188821
279697 2286554
10632278 2527474
15596388 2692679
15596495 2441417
619181 9685623
15597426 813412
804327 2979220
8226353 3175365
8371249 2632039
10536303 1632967
4934218 15599072
10536444 15600048
244311 9546049
12341503 2726640
15600676 1103613
8371223 3463234
15601132 1865910
15601480 2087572
15603510 6107304
15603814 1787392
12448025 10119329
15603996 1870783
532522 1094481
15604103 1800615
15604437 421084
15604761 503397
8226340 910316
15605223 1873344
15605288 15605317
15605909 15605936
15606008 637622
15606228 727083
709511 3548429
15723118 11509266
15902467 861315
15906453 15906468
5190060 16014851
932769 5273363
16355547 1953229
7330268 4166917
12311867 2203232
304369 15985976
16427224 6216697
16446654 11566620
8371214 3545397
1248754 2078390
8878606 1591303
16870395 9498696
16924090 568626
16924564 3211535
17103077 2162769
17120320 3943126
17134132 1099496
17200913 1616694
17385867 2654974
17395067 203539
17412557 13784164
17512008 2624278
18373548 3888094
18373761 10240171
19135639 1306937
19142843 5041302
19143092 275916
19306018 496295
20032716 1787309
20052572 2236557
20067390 861609
20067459 865128
20069550 2516609
20070627 116823
20071089 3847638
20072904 274942
20074566 1268757
20075156 718417
20077528 8807274
20077556 186750
20077898 131935
20079018 3894415
20079130 3679031
20079250 1946392
20079606 561936
20079637 400191
20079648 1110833
20080141 2524116
20080424 9273752
20081354 1697899
20081936 8425991
20087374 20087392
20088097 60189
20091754 965652
20091973 4448456
20092129 303519
20092180 925503
20093340 1441503
20094957 5844542
20095020 8390419
20095141 1594306
20095173 3660700
20095210 1865464
20095221 1803054
20095230 818607
20095242 2130686
20095306 1807749
20095349 1473423
20095448 2262264
20097270 1947838
20097304 1877686
20097312 6215144
20097358 2534825
20097368 1804230
20097378 147903
20097388 1225643
20097497 4123477
20097532 4376427
20097543 4351324
20097552 2976375
20097563 1538936
20097573 3209899
20097595 935323
20097631 579262
20097651 8816981
20097669 1525419
20097681 2959354
20097703 17224258
20097713 919701
20097724 2326317
20097733 177079
20097744 1907390
20097774 1989529
20097795 10510331
20097804 9324017
20098044 3611752
20098064 577343
20098221 9247513
20098261 2316460
20098276 1467934
20098327 2700519
20098388 672813
20098453 2110456
20098505 16759507
20098515 1853045
20098536 194854
20098547 3642266
20098558 553765
20098619 267719
20098630 9222952
20098641 3703082
20098660 4593547
20098742 7165479
20098751 1778978
20098842 8202093
20098866 10776579
20098874 4057492
20098994 2523391
20099003 1870720
20099011 17221682
20099020 11143029
20099030 1497849
20099068 1854258
20099080 9069223
20099093 699821
20099106 1014214
20099118 3524828
20099242 755832
20099265 2964442
20099274 2198037
20099283 1764314
20099291 2707076
20099310 3199999
20099319 1140097
20099330 6916568
20099341 1428645
20099361 1236881
20099370 874908
20099381 3010510
20099392 2498757
20099403 16295958
20099414 621499
20099450 3059180
20099459 6557797
20099468 8882967
20099478 4975611
20099495 5206841
20099504 1659492
20099514 9329758
20099524 214205
20099534 805103
20099545 128032
20099554 3659630
20099561 591587
20099621 826899
20099631 11053645
20099642 513751
20099653 15713831
20099663 898972
20099672 846690
20099683 3573921
20099704 1479420
20099717 1538586
20099725 3604707
20099746 2985859
20099757 3007007
20099858 1322390
20099866 1155041
20099875 575723
20099910 9045696
20099918 3605733
20099927 9774497
20099975 2970745
20099984 1690107
20099993 1636590
20100046 2230386
20100188 2346060
20100197 248299
20100221 8596280
20100234 3534870
20100314 239138
20100332 2203410
20100355 3058085
20100368 9817143
20100378 1918314
20100386 2705799
20100406 4057455
20100827 1671428
20100837 4452184
20100848 87494
20101146 689122
20101157 3638761
20101168 361721
20101504 1710273
20101738 11409647
20105719 1630155
20108581 703495
20109241 4254605
20109280 3950133
20109303 19054447
20109312 11023210
20109436 1109912
20109549 3046265
20109577 3562336
20109588 2636085
20109599 921818
20109636 2547251
20109705 9907744
20109968 20109981
20109986 10602335
20109995 2665422
20110471 3983541
20111518 11496471
20111674 1096145
20111875 7561784
20111957 561351
20112007 6763678
20112114 2863232
20112122 260741
20112593 11509345
20112651 3544707
20113063 1800176
20113154 4304260
20113257 8661091
20113297 2941945
20113668 3532537
20113874 9303583
20113992 414571
20114002 3545825
20114397 3554104
20114713 9356540
20114723 1309976
20120375 8804436
20120966 1880659
20121142 2399421
20121308 11942658
20121318 3803817
20121329 2766200
20122148 2556015
20122201 1245557
20123094 4800690
20123117 4207080
20123124 9122850
20123131 11058187
20123161 1982049
20123260 18527158
20123510 9319235
20125999 1425945
20126078 3746470
20126225 1433113
20130884 20130898
20167215 2204710
20388495 4462122
2043889 8522948
21958651 1514463
21974445 9731907
4909457 14463423
530602 5410584
22084316 17166906
22116670 4852427
22126926 1995890
6458669 4038742
4938027 3647809
224381 9733774
2937744 8407671
22134936 14572626
22147265 1662330
8226351 6103478
22163595 1624677
22170630 1175022
22174940 1240151
22178795 677189
8164530 7278960
22210097 1147339
22211557 10326622
7330276 7912791
8371226 1105892
17344074 15132768
10536422 1637666
22275396 2364620
22275839 1537307
22275977 272718
22276286 1204185
530605 21280361
22277995 333722
22278282 9647882
22278422 9697892
22278489 1976150
22278913 215599
619179 919384
18851493 1970268
18917264 4388593
22281872 4886197
22282136 1093213
22282168 2987344
22282734 193835
4927077 674024
20454609 3404632
8371229 965240
22283669 8544883
22283732 2870522
8371228 484959
8226335 1226537
22284435 2310184
22284868 4641281
22285785 3286751
22286202 1580720
22360894 1808754
22403255 17704287
22423518 3926225
22443843 658290
22475204 22475223
7330249 2823401
22531749 3980862
22616234 1633647
8371238 7389797
23040620 1398525
23130698 1468169
23198806 361810
23200324 1998032
8226349 11260747
23361344 12727
10054964 3757482
23790569 8306344
24284528 18589706
24504237 1838971
24736058 944632
25033314 1324205
25357320 485579
25593026 2080003
25621061 4057417
25643893 2582926
26191455 823110
26266105 345232
26507492 11555597
26507593 468992
26507713 1163567
26529697 1525631
26530714 1590433
26530797 4057372
26531472 1617550
26533131 1784980
26533973 1948651
26534167 1990399
26535516 246494
26536148 1645399
26536635 4058377
26538532 326836
26539081 3228448
26540532 420810
26540982 3738913
26541496 10104698
26541544 1546450
26541714 9330665
26544577 3204696
26544944 2973759
26547680 1029135
26553594 419911
26553770 4195455
26553785 11512253
26553817 5223167
26553828 2264711
26554175 4054621
26556920 9572101
26556948 2056882
26556972 15364470
26557008 826191
26557019 48399
26557035 26557044
26557101 3854947
26557109 3574839
26557138 554563
26557149 819821
26558779 6865
26558787 808221
26558795 3679795
26558817 11027507
26558836 7317138
26558863 3642229
26558874 3139298
26558894 1455057
26558904 1518315
26558914 932872
26558924 1191741
26558964 9744251
26558973 32755
26558997 2495143
26559013 1678897
26559036 7891866
26559046 195697
26559075 250328
26559096 9195847
26559115 584296
26559126 2675196
26559137 164850
26559156 1986225
26559166 938851
26559175 539400
26559216 1983078
26559239 1603773
26559263 3261662
26559407 9043328
26559419 253752
26559429 2443198
26559440 2748718
26559457 3246577
26559513 560046
26559566 37091
26559586 838608
26559596 712237
26559646 1796912
26559657 2004435
26559667 8826142
26559698 18401648
26559720 1384567
26559789 5013442
26559813 2346711
26559826 3447858
26559905 2298643
26560034 3860751
26560067 173521
26560078 2371492
26560089 2467926
26560118 10787557
26560127 829838
26560137 3954821
26560146 1252923
26560164 9506899
26560190 2331704
26560223 3825923
26560244 1025498
26560324 837222
26560346 5223913
26560385 1809777
26560545 896107
26560576 311257
26560595 3126956
26560607 11994517
26560620 10597179
26560661 2235133
26560678 1849266
26560686 1582009
26560695 266661
26560712 3676390
26560721 15484177
26560732 10203306
26560739 1010855
26560748 1761137
26560758 1364539
26560766 2445780
26560782 3930912
26560793 1565439
26560821 2146045
26560832 1539933
26560843 9490086
26560854 14563941
26560865 9559837
26560874 24239717
26560885 1464504
26560894 1809158
26560904 9003228
26560912 8669724
26560925 960789
26561023 530822
26561040 1492169
26561186 555434
26561244 369643
26561253 1677705
26561299 1539127
26561308 9640142
26561316 3219201
26561327 5980789
26561337 203947
26561439 2134216
26561453 1561876
26561485 1531137
26561522 3844721
26561595 1999849
26561649 7332909
26561667 1151094
26562099 4055249
26562109 978789
26562121 18397391
26562192 1806953
26562685 2046464
26562706 911369
26563144 26563153
26563197 390585
26563248 3949829
26563290 10428936
26565704 865583
26566319 26566331
26567435 2297539
26567455 2065174
26567765 26405395
26570608 4157780
26570700 942671
26570803 2820298
26570829 10210746
26570852 2018116
26570997 1641029
26571017 19211335
26571109 1095390
26571220 3541033
26571265 2063666
26571278 1893680
26571289 4842522
26571566 19577324
26571576 3561663
26571741 2667974
26571923 1715455
26572007 3983376
26572018 15864749
26572184 11259126
26572911 970176
26573395 3083161
26573540 2086990
26573713 1534491
26573738 3897065
26573758 1443107
26573958 414977
26573968 10459982
26574095 2604666
26574256 231757
26574560 3962605
26574588 3187608
26574628 333684
26574874 2759930
26574964 4125267
26575311 610000
26575318 1992187
26575358 256450
26575402 1845039
26575413 1625820
26575533 7425689
26575702 3640252
26576488 3435305
26576642 236564
26581312 1345445
26582423 1435026
26582467 5601075
26583431 1816635
26583563 17300106
26583783 8822782
26583812 10574277
26584355 10740486
26584361 11034289
26584489 3755641
26584657 4697072
26584813 5330499
26584885 2303158
26584960 24020709
26585021 4801816
26587718 24848510
26624852 279851
26627294 2737332
26627388 15741719
26627743 1950997
26627808 4061172
26627820 619786
26772784 830636
27391407 247230
907113 1450467
24209504 216109
304383 2712639
28372464 3524220
244294 525956
28388342 13603795
28404972 3573031
28479909 6044802
4711686 1224113
1049807 655372
344864 11881106
25378518 2640941
8371233 1441852
28537743 8900009
3101399 369969
14931638 2522499
28561305 1966527
28562107 950916
28578666 2288889
8371230 17187995
1049804 2323405
4974385 9224960
25848 28293598
21605347 815282
224373 3550955
28664457 2014910
21979344 3568940
7330283 445878
28665518 1562573
28666628 440402
28666963 4990380
4581374 15962275
28667209 3535385
28668148 3184160
28668803 6104281
8226341 3076832
8371243 271320
19185091 52930
8329113 2178500
28670846 244114
6456796 12645245
882536 8267292
304358 2292219
532520 1483999
20454624 2833553
28673992 2706888
28674062 2018076
28674393 27295954
28674889 1644954
28731775 4454068
28758009 23904057
28805568 677475
28868631 1644411
28899260 2987556
25682465 1333349
28913468 240527
28925110 7001006
29311618 29311637
12113682 10211240
29414442 8296521
8371225 439293
304370 3614786
15650235 13329188
29446517 1213007
29460584 3125399
29481127 3935053
29497313 18097713
29512673 1735179
29635824 1313788
29635833 4722395
29679163 27681950
29686551 465467
8371242 1371759
29873945 9262762
29929323 1083406
30028013 176219
30032418 8141272
30056897 1925227
30226602 30226616
650095 3620241
30324824 14561296
30385445 9250006
30407950 1360818
30533819 1918609
8529657 1528965
31082845 14457543
31576486 1679654
31704092 1369803
32736948 1197941
32759324 3806775
32761251 4065565
32762662 987031
32763574 1512935
32765447 1926729
32765547 997679
32765581 258132
32765602 268351
32766399 5386430
32767547 1215794
32767565 940195
32767958 3679070
32769347 2104905
32769427 10006995
32769462 1339679
32769541 8949576
32769555 1019348
32769566 2394093
32769603 1029755
32769621 1910041
32770621 17697659
32771502 9616159
14530438 2420256
32776949 11157882
32777618 1685269
32777633 32777647
32782014 2640139
32782102 8196266
32782113 6833270
32785182 2537099
32785244 137625
32785255 1804756
32785378 3988988
32785388 1542845
32785398 842543
32785409 356549
32785454 2525713
32785531 8738656
32785617 2527143
32785671 6111131
32787434 3745265
32787444 6107271
32787470 1605592
32787496 1718020
32787507 626146
32787517 3207510
32787550 1954341
32787560 8674101
32787571 2999140
32787602 2818492
32787647 3192286
32787657 708949
32787668 1603306
32787757 1719988
32787769 3566634
32787789 6864306
32787811 1166220
32787822 427816
32787971 2365715
32788070 371946
32788101 2654763
32788195 7501252
32788268 873603
32788309 9163545
32788347 4479013
32788375 145416
32788387 9351287
32788431 3755599
32788442 2176601
32788497 3550686
32788655 6915851
32788666 8857792
32788677 2827738
32788693 9706915
32788725 748189
32788744 2294666
32788752 2414459
32788949 150146
32789054 641557
32789062 3659985
32789090 395291
32789110 10448235
32789119 10167002
32789207 9410530
32789218 790985
32789268 11061394
32789277 1914035
32789305 2185743
32789315 17910809
32789324 1142738
32789405 424553
32789415 775470
32789423 2016252
32789434 2485484
32789451 1358048
32789467 3077211
32789477 1482532
32789485 622315
32789493 9424789
32789548 913681
32789569 798835
32789596 937738
32789604 980488
32789612 4428358
32789755 2763645
32789763 2795309
32789779 5204981
32789819 121243
32789840 2411896
32789866 4060412
32789874 965703
32790000 7001752
32790025 1442293
32790037 3632500
32790132 3701530
32790146 2886507
32790197 494874
32790207 7923247
32790217 487286
32790226 1575356
32790263 2161822
32790382 1412474
32790428 20371748
32790512 2429471
32790521 1258428
32790619 2142976
32790627 1509031
32790636 1802776
32791134 1618148
32791153 4001086
32795693 29312129
32795766 2067862
32795786 2952720
32798375 1693299
32798394 32798403
32798413 1584881
32798566 1119558
32798644 22997125
32798686 2813237
32798767 8267232
32798897 9875430
32798966 16231325
32799100 1841217
32799123 1094366
32799134 3197524
32799147 8896075
32799749 7191779
32800954 8731355
32800964 3672033
32801004 8529809
32801089 3692575
32801204 966907
32802100 264391
32802380 1387001
32802595 184770
32802810 6915719
32802848 2659076
32803247 280657
32803621 2636804
32808537 3394558
32808946 3223399
32808960 1690296
32809268 20824752
32809685 10451096
32809958 5056901
32809966 10133854
32809986 10567801
32810224 5855331
32810292 17367549
32810954 18303311
32810960 30071031
32811295 3569314
32811401 9123409
32811419 4245469
32811513 3838958
32811528 19699786
32814167 8966972
32826994 124292
32854619 4259263
32854654 1154410
32995525 1917117
33088765 3153948
33601342 1605518
34648922 5055013
2495245 3077927
12341378 1189832
12470781 231478
34684782 2820927
34692243 4995840
13693956 3907120
34695744 9330478
4942171 2049297
11989286 3535381
5093370 9450041
34732373 1906746
34746685 4482485
2178184 156394
530598 34768667
31950471 2969096
34779656 1597517
34780878 2476790
34810145 8900267
21235347 8160964
22797847 768839
34841376 751150
34841399 248197
3007199 7491759
34842994 1326387
34843197 1489872
8371231 9697067
34843350 1884654
244312 6293174
8371224 4287424
8371217 967657
12341814 1719270
8371237 3679034
8371219 2864820
7330455 2071298
24102124 1506132
34846796 1124898
34847806 10990924
34847878 18398732
304380 1927133
6456575 32175356
34849600 1840597
9272675 558767
34849751 2818306
34849778 4252380
34850188 247230
34850982 92361
34851324 7938595
34851829 7901842
8371247 875346
8314995 1329652
31949495 1647578
35081977 3209021
8389298 7278706
8371222 1250512
8371234 1642760
35164166 311497
8226354 28101513
35364533 3540239
15298106 1564071
530595 16475746
35457254 83223
7330196 166674
35525529 63857
8371236 2570659
35560326 2901916
35570322 1602762
35571911 16951809
35598775 1477428
35617802 1593670
35618923 9978474
35619307 18117445
35710711 3422605
35726005 1870312
532516 3678898
15650229 35880257
804334 976735
530606 836483
36007776 579280
36037495 1631570
36146814 5241055
36147733 1196900
804335 1151842
36513361 2390865
3261067 5865462
7330313 3231720
37125289 1271989
37182464 384509
37357817 2645660
37728949 1941343
37905032 1671785
38156545 7490498
38478922 310472
38772524 587704
38787339 3906215
38792775 2726516
38798325 177954
38799112 5841136
38800694 42662
26535194 6924567
38801360 8648567
38801473 1068332
38801705 1896036
38802440 1542884
38802797 1983279
38803058 2669076
38803091 901404
38803190 2830692
38803204 2194674
38807046 3697548
38811606 3658404
38814899 1278166
38815073 365936
38815144 383068
38815183 4076211
38815300 29703217
38817342 8749
38817969 10387707
38818021 1288040
38818039 1034249
38818258 243121
38819854 4731899
38819862 2067916
38819927 475145
38819935 660889
38819945 8437859
38819954 6112362
38820032 919378
38820057 1494131
38820092 291849
38820112 591512
38820149 1748908
38820159 1284635
38820168 589535
38820178 88354
38820187 2020417
38820207 3237734
38820238 11096409
38820247 1192433
38820258 2166195
38820269 3573193
38820336 9300757
38820376 231731
38820398 9689833
38820408 1907766
38820420 3546963
38820429 416499
38820601 4331646
38820644 2468140
38820654 3618821
38820803 3323656
38820811 4611526
38820820 6142772
38820830 2020687
38820860 643833
38820880 1635008
38820891 2515113
38820939 1622203
38820966 3817502
38821063 1945377
38821092 3225587
38821113 8926191
38821239 46101
38821261 3947823
38821283 2554259
38821304 4251866
38821326 1710739
38821434 816804
38821442 7513414
38821464 247100
38821508 2755315
38821558 2462412
38821599 15721936
38821727 3659993
38821755 1220823
38821765 3613799
38821774 15651884
38821783 196274
38821795 493070
38821825 3686028
38821853 8634970
38821863 430385
38821873 3932945
38821884 3638878
38821896 8537912
38821917 6910795
38821926 2828381
38821937 1456233
38822021 2964853
38822043 4061203
38822056 3455856
38822064 1524071
38822075 10134898
38822087 3545828
38822097 2077
38822107 3611333
38822137 6997796
38822165 6913114
38822184 624781
38822192 733159
38822212 3604796
38822223 1124983
38822232 393824
38822253 11704373
38822343 3224295
38822352 8739028
38822361 2899193
38822383 4732553
38822405 1360580
38822425 373822
38822583 1409133
38822593 1787353
38822611 1352629
38822619 716357
38822654 4060854
38822680 2485202
38822848 12848975
38822861 3227882
38822872 341459
38822903 406583
38822927 1298764
38822939 274576
38822949 8816873
38822959 192141
38822969 11699803
38822977 3093753
38823004 145906
38823061 1882346
38823069 3404659
38823078 1931074
38823087 2508709
38823231 2069160
38823392 11180789
38823402 7332513
38823441 3362767
38824017 3868816
38824032 1809268
38824309 10573530
38826319 2031857
38826540 624492
38828413 179458
38828424 1630153
38828432 11184964
38828465 1506956
38828474 13791463
38828498 9280031
38831291 117552
38831478 1412940
38831498 420539
38831550 2297093
38831568 17294190
38831744 15440540
38831791 1022838
38831911 502587
38832027 4915354
38832040 5760007
38832049 2066922
38832058 3822069
38832069 2491301
38832450 2873958
38832469 1290445
38832851 5018955
38834490 3563488
38834727 7393688
38834825 10753429
38835097 92210
38835286 3205858
38835315 9467390
38835323 2648793
38835342 606906
38835429 36913760
38835655 393822
38835709 940976
38835960 2002940
38836048 8092743
38836092 6554409
38836109 16247616
38836156 10784944
38836377 7425699
38836397 1263903
38836883 1444864
38841811 3045818
38842013 1139542
38842189 1614482
38842732 4874310
38842754 23234372
38843180 15518478
38843346 10259661
38843382 1346636
38843390 8447858
38843639 2393741
38843657 1458732
38844666 2218810
38844693 2873200
38844904 4252236
38844911 17688523
38846666 35020367
38847398 36671093
38847416 30932333
38847425 26877881
38847455 526391
38847473 13090924
38885946 38885954
38885955 5266846
38886368 76352
38886395 7547698
38886415 4250191
38886429 2944130
39497105 7559232
39607002 2747609
39990944 1883101
40222861 381819
2047334 2339026
4907593 13370768
40541809 246618
8688368 588234
4943790 1852439
24102125 8791293
4952613 3650926
11031090 19563862
40669846 2327105
40670052 12056329
395951 7447144
7793289 1531709
40686252 456439
24070547 2080177
40704025 2397464
31973327 3956189
38049310 1442397
737688 1555884
4950501 10320029
40798235 1215261
10499130 498097
304377 2727777
304360 1826056
398086 9871393
4581644 249496
33548263 2547354
12340967 3448003
40827132 952211
40828754 3901748
6456781 2339045
8371244 3210055
40830164 2400092
2227518 1409763
40830586 3531807
40830728 2119334
6456682 1647823
4581647 1855483
30466417 869421
966264 3719181
8371227 2087703
40865887 16932033
804332 486533
40922802 2092926
41059126 8866665
2315769 41081617
244315 1767979
304373 2263960
41327444 839514
41592338 2610330
41597832 1041507
41677095 1264723
41717803 1671248
41822176 10742702
41823130 31418004
41969673 3975503
15978857 12667491
42292164 10653808
42352556 989640
42375354 139673
42384028 2392789
42384046 4426226
43227230 2592012
43917545 1502589
44107319 892075
44137219 1140415
44358289 2867947
44367233 2056204
44508326 4056769
44641725 1433206
44642106 3695201
44655848 24607349
44656691 834165
44663486 1977187
44663877 938708
44663898 27238198
44665026 3253086
44666053 8466931
44667079 4060473
44668125 1086345
44668165 778464
44668215 10337144
44669053 3554098
44670102 1860169
44670225 16915164
44671815 4272407
44672261 979109
44672300 2182209
44672375 8790400
44672406 4875620
44672561 1073669
44672644 7447107
44672741 1049233
44672756 450647
44672782 3652679
44672897 4057343
44678097 915126
44681103 16925896
44681283 6971885
44683903 18133213
44684017 298672
44684170 11055959
44684373 575041
44685645 906147
44687014 1693248
44687131 660573
44687169 1105472
44687180 1226096
44687191 1770801
44687247 1680359
44687257 505622
44687268 2613392
44687313 1648918
44687347 3452310
44687538 1574053
44687544 944124
44689116 424342
44689126 371729
44689134 906055
44689174 8592033
44689226 3939988
44689235 1092749
44689243 4056720
44689252 3309371
44689318 1517217
44689326 2225092
44689335 2838341
44689343 4174054
44689350 580866
44689370 9605077
44689376 9734222
44689387 1188198
44689395 655935
44689428 7938300
44689488 9235135
44689498 1897409
44689507 306574
44689518 843711
44689539 6635061
44689563 55440
44689572 730483
44689645 502429
44689655 18840868
44689690 1961881
44689812 15327365
44689896 1151767
44689905 1367166
44689923 10461333
44689957 8665
44689965 3441235
44689977 5846395
44689985 4572576
44690070 89299
44690081 732175
44690173 1321466
44690215 1246616
44690242 3533018
44690277 2800991
44690289 4569323
44690322 1866405
44690332 3605751
44690339 293059
44690408 457848
44690495 1748040
44690520 1806831
44690531 1921300
44690572 118814
44690593 1169877
44690612 12418740
44690619 3698973
44690632 1035732
44690676 3420521
44690685 1717875
44690697 18802511
44690907 2512397
44690935 681291
44690965 8793804
44690974 8932162
44690984 1698772
44691029 8432976
44691054 9503220
44691065 3279566
44691074 889487
44691100 2932413
44691109 3793507
44691118 10507391
44691137 4058296
44691145 1149127
44691156 1455014
44691225 2455733
44691235 1739838
44691243 2683866
44691256 2350460
44691277 1893005
44691299 3532314
44691309 3703163
44691319 11040820
44691338 3900585
44691403 967059
44691412 4058356
44691421 13626075
44691438 10321184
44691445 412212
44691454 4060519
44691463 1910641
44691472 3573793
44691503 208304
44691512 4060675
44691641 2179395
44691692 1122764
44691703 15819967
44691724 10008967
44691756 562899
44691769 8296686
44691878 862290
44691900 13087804
44691910 6917097
44691961 778752
44691977 1935718
44692276 11391757
44692746 1253076
44692756 7683157
44692766 11123113
44692774 3824145
44692878 617490
44693018 839997
44693241 205970
44693441 3172877
44695362 2129882
44695370 334216
44695541 15935332
44697242 3450062
44697275 4763934
44697282 1960545
44697321 151596
44697329 2269137
44700603 3171338
44700664 6484153
44700938 3680397
44700988 9246055
44701048 2106321
44701201 7157931
44701211 6311041
44701307 1037533
44701792 3562029
44701971 8456572
44703096 6872001
44703242 2690838
44703262 10556390
44703852 11496458
44704024 1362802
44704058 4059662
44704212 2438083
44704580 562630
44704588 943238
44704596 2567029
44705133 3559053
44705143 1679023
44705734 3205384
44711687 9151552
44712405 3696063
44712413 7904615
44712641 10519773
44712650 652599
44712670 4205759
44713027 9981971
44713039 29659718
44713161 3544632
44713200 7434334
44713499 3568386
44713539 31387786
44713647 25556440
44713780 10941519
44713817 10915922
44715928 7441323
44716043 600386
44716148 10743933
44738161 3288184
44750481 535520
44753958 18488761
44754343 977930
44754383 1981541
44754408 2717858
44754419 9341711
44754464 338048
44946284 3251775
45451803 2599818
45451867 2609924
8138873 1742242
25713 9605660
7353316 1208291
2890133 3115059
22123583 1568699
7330193 48576
40337497 2491306
15733144 5301871
46575139 8200013
46588670 3242979
31950623 29454178
38048956 1985307
17619659 8251412
46641745 129898
10642058 432148
2500675 2079757
33119554 15969852
306620 3013080
531874 1031689
8164528 9907244
31973232 2520616
46644193 2081989
46644851 603895
530599 2751422
46645160 302780
46645455 3671729
12340971 2905234
46646165 12682843
46646821 9168486
8226360 2079496
46647249 1849532
4946268 11499156
46647847 41968686
15831432 4742161
36026892 911024
19184493 1458973
46649130 239744
46649392 1519969
530603 8212095
7330251 1881219
76369 5977128
14524738 7447111
4927648 5157683
12339400 9226793
4580658 41950278
8371239 3760566
46651089 2330346
7330423 1796304
46723109 863179
46755740 8540407
8500256 4387312
46936427 1947041
7330207 10355103
3023752 1095589
47269205 4422986
47336398 7422152
47379558 813282
47380607 665476
47422216 803154
47436983 5210945
47649540 2110183
47710671 240488
47727217 2078036
47750541 1186579
47750648 12003086
47758116 2034040
47799012 2334269
47813067 18399586
22132101 356509
48141948 939104
579481 4366881
49497056 11059528
49628902 1796375
49633626 3051897
49636458 5205323
15529535 670219
49783052 1450149
50334351 36915041
50344220 360962
50354085 1648814
34634621 336380
50359417 1682965
50359476 3612618
50359826 1890586
50360080 9289694
50360102 22086844
50361734 4612225
50362950 1244705
50363632 3848123
50364261 4846343
50364356 388759
50364696 9501098
50365270 802665
50365315 2095799
50365329 3468702
50365338 9179419
50365636 2289154
50375997 35439153
50376530 7292976
50376592 1599079
50376605 116483
50376639 2407010
50376669 1720267
50379150 4832352
50379206 6106209
50379336 355563
50379525 1516442
50379988 1994843
50380785 215970
50380815 776450
50380823 1910359
50380833 2922280
50380844 2592277
50380861 638286
50380873 1581172
50380899 2809014
50380947 3036235
50380955 2609514
50380963 4116727
50380977 705239
50381011 826517
50381040 803934
50381058 10079992
50381068 1546476
50381084 1043243
50381093 2301244
50381102 416363
50381136 3403872
50381153 2640404
50381164 645980
50381173 4736491
50381191 1699646
50381228 1180015
50381249 5407383
50381280 1427773
50381291 1859115
50381590 23391597
50381601 1059174
50381674 75141
50381729 1125112
50381738 9101442
50381758 801105
50381775 1730598
50381792 3955982
50381821 3783776
50381980 2329004
50382123 10738733
50382162 3060305
50382173 3569026
50382204 2124787
50382212 10292563
50382230 8598755
50382239 8924458
50382266 1281802
50382338 3317542
50382346 3857317
50382453 4758069
50382517 8312819
50382527 7912966
50382581 9202407
50382599 2181163
50382608 1960260
50382617 7173415
50382627 950682
50382647 3638881
50382655 9154809
50382664 16327158
50382684 927788
50382693 850261
50382701 5060307
50382710 331622
50382721 2457627
50382750 32993021
50382800 13386
50382809 283967
50382838 3135851
50382847 584264
50382876 9606286
50382894 7392680
50382903 11182312
50382914 2960447
50382924 4057398
50382936 8295673
50382986 6748073
50383007 3495916
50383024 2578036
50383032 6827719
50383041 8249480
50383051 6544245
50383061 4603722
50383069 5580550
50383171 6454735
50383213 2278127
50383222 3549369
50383230 2206511
50383283 3605731
50383295 2600849
50383304 1443208
50383350 4619543
50383359 478147
50383455 266492
50383465 680249
50383477 1101738
50383500 14036133
50383513 8632919
50383554 2980660
50383564 1597444
50383585 147171
50383645 3742363
50383654 815505
50383663 2992423
50383675 949135
50383683 2081254
50383777 3048778
50383945 3551861
50383961 15503602
50384128 5119075
50384510 10143599
50384520 3834391
50384688 1361664
50384755 3810802
50387421 1818334
50389139 2848668
50389148 3706237
50389157 2811410
50389186 10353353
50389195 4906089
50389224 2433623
50389314 2254671
50390952 1948504
50392217 3680017
50392246 30802509
50392280 7200496
50392360 3680024
50392370 26405786
50392567 15381394
50392643 1404569
50392652 5393936
50392686 3201874
50392695 2253348
50392714 10330948
50392745 2068315
50392970 4321588
50393060 5061663
50393329 9146983
50393337 753314
50393368 16926928
50393416 1983086
50394811 7362858
50394835 5791366
50395103 2424218
50395112 9921416
50395500 4915885
50395591 3240580
50395693 4175640
50395703 2307613
50395984 836321
50396186 502512
50396226 24623817
50396388 587124
50396465 3226810
50396885 791015
50396919 3322318
50397624 13450343
50397849 1582426
50403096 11372980
50403106 1285856
50403402 9384179
50403479 1645464
50403517 11142463
50404331 1108738
50404413 2719793
50404422 2251415
50404457 11409790
50404464 11028915
50404900 13143512
50405028 29660284
50405286 16782094
50405293 11309473
50405369 12152014
50405374 3830183
50405547 5310869
50405554 1751009
50405604 42111560
50437867 3260076
50444548 5880962
50444837 1809822
50445095 10031173
50445105 3614941
50445171 3641932
50445180 3937264
50445200 7451059
50445214 3216068
50702175 8932609
51125583 5183316
51129062 1418351
