7035146 45381
7035147 160998
7035148 14796
7035149 118123
7035153 11177
7035154 14640
7035155 18741
7035156 204362
7035157 6054
7035158 58157
7035163 54447
7035164 64553
7035165 11477
7035166 23836
7035167 14797
7035168 77813
7035169 249813
7035170 134815
7035171 138257
7035172 64823
7035173 67630
7035174 14798
7035175 41901
7035176 78483
7035177 62522
7035178 391417
7035179 214267
7035180 118694
7035181 78755
7035182 113605
7035183 29168
7035184 77906
7035185 90326
7035186 82625
7035187 57786
7035188 50519
7035189 120672
7035190 15519
7035191 22359
7035198 146349
7035199 284127
7035200 251219
7035201 10383
7035202 78110
7035203 386199
7035204 129268
7035205 195984
7035206 78435
7035207 253652
7035212 576744
7035213 365065
7035215 144838
7035216 158626
7035217 64912
7035218 133765
7035219 144484
7035220 227806
7035221 10313
7035222 257819
7035223 11044
7035224 221679
7035225 67532
7035230 60287
7035231 58474
7035232 7621
7035233 73511
7035234 249958
7035235 42064
7035236 132311
7035237 26936
7035238 114896
7035240 346005
7035241 172795
7035243 164505
7035244 394094
7035245 52020
7035246 11563
7035247 22570
7035248 22586
7035249 4081
7035250 41711
7035251 45902
7035252 33668
7035253 235336
7035254 148570
7035255 81629
7035256 265739
7035257 233405
7035258 295154
7035259 16336
7035260 36447
7035261 74472
7035262 28532
7035263 4660
7035264 143248
7035265 7685
7035266 271266
7035267 195525
7035268 134350
7035269 367140
7035270 1068587
7035271 229924
7035272 58133
7035273 129469
7035274 251191
7035275 60424
7035276 225398
7035277 34607
7035278 162613
7035279 37361
7035280 198328
7035281 5969
7035282 262892
7035283 62802
7035284 564031
7035285 455623
7035286 344571
7035287 1101
7035288 382575
7035289 7341
7035294 109572
7035295 215302
7035296 155364
7035297 493421
7035298 29501
7035299 60178
7035300 251953
7035301 160838
7035302 252254
7035303 218341
7035304 184089
7035320 82710
7035321 275091
7035322 106859
7035323 167259
7035324 22584
7035325 69400
7035326 104862
7035327 232583
7035328 4620
7035329 163874
7035335 260662
7035340 282794
7035341 128551
7035342 177966
7035343 198498
7035344 65188
7035345 62887
7035347 130687
7035348 307554
7035349 49209
7035350 129353
7035357 100740
7035358 209379
7035359 325579
7035360 906797
7035361 918562
7035362 381808
7035367 28692
7035368 181120
7035369 240204
7035370 30969
7035371 238216
7035372 568766
7035373 9484
7035374 213571
7035375 300028
7035392 26099
7035393 60165
7035394 697091
7035400 304829
7035401 83972
7035402 480133
7035403 344563
7035404 231714
7035405 223213
7035406 19758
7035407 190981
7035408 277889
7035409 173077
7035413 125608
7035414 239504
7035415 183200
7035416 20770
7035417 230362
7035418 426381
7035419 364005
7035420 16390
7035421 71253
7035426 701930
7035427 224957
7035428 281742
7035429 71753
7035430 292610
7035431 125991
7035432 236025
7035433 126786
7035480 62248
7035481 135535
7035482 240902
7035483 312196
7035484 160007
7035485 329892
7035486 265795
7035487 28790
7035488 113620
7035489 434093
7035493 118434
7035494 297970
7035495 172819
7035496 480001
7035499 327063
7035500 34392
7035502 109978
7035504 16636
7035505 267718
7035511 127729
7035512 110551
7035513 81985
7035515 67398
7035518 431038
7035519 86539
7035520 432355
7035521 243485
7035541 147368
7035542 86646
7035543 967440
7035547 387378
7035551 18482
7035577 143851
7035580 7713
7035581 75662
7035582 286592
7035583 316310
7035584 138247
7035585 312200
7035586 116637
7035587 128364
7035588 265561
7035589 879640
7035590 767201
7035595 157104
7035599 160085
7035600 245637
7035601 68335
7035602 245859
7035607 264874
7035608 11971
7035609 440506
7035610 148960
7035611 78317
7035612 271273
7035613 13112
7035614 273424
7035615 12638
7035616 230727
7035617 11514
7035625 47340
7035626 11362
7035627 228916
7035628 531522
7035629 124052
7035630 26536
7035635 142277
7035636 718802
7035637 134055
7035638 66699
7035640 34119
7035641 407906
7035642 47953
7035643 131074
7035644 524810
7035645 381103
7035646 267348
7035647 96329
7035648 268231
7035649 447731
7035650 70644
7035651 61498
7035652 114632
7035655 3001
7035656 129697
7035657 771582
7035659 71090
7035661 97318
7035662 749679
7035668 134368
7035669 138816
7035670 44816
7035671 387026
7035672 52529
7035673 23073
7035674 86864
7035679 115023
7035684 627291
7035685 43684
7035688 141962
7035692 531100
7035693 128188
7035694 318341
7035696 134245
7035697 134077
7035698 761628
7035699 37258
7035700 39946
7035701 355202
7035708 205288
7035709 96314
7035710 278020
7035711 370265
7035718 217918
7035721 133909
7035722 247236
7035723 356686
7035724 280239
7035747 76101
7035748 1026394
7035749 111002
7035750 44009
7035751 44094
7035752 117422
7035753 241709
7035754 435677
7035755 48330
7035756 117884
7035757 468608
7035762 403045
7035763 37991
7035770 250844
7035771 562762
7035773 345474
7035774 64878
7035781 643268
7035782 63694
7035783 303435
7035784 358309
7035785 756844
7035788 36643
7035791 13978
7035792 88493
7035793 162218
7035797 129838
7035801 461268
7035802 419095
7035803 542663
7035804 136897
7035805 151067
7035806 142933
7035807 133607
7035808 700771
7035809 2162309
7035810 249929
7035811 251386
7035812 445364
7035813 127198
7035814 128122
7035815 58901
7035816 125547
7035817 59416
7035818 727373
14226063 529
14226064 5701
14226065 12447
14226066 13483
14226067 11086
14226068 15540
14226069 18664
14226074 11157
14226075 251928
14226076 21151
14226077 49890
14226078 236762
14226079 18156
14226080 74304
14226085 223616
14226086 78652
14226087 212155
14226088 131556
14226089 284470
14226090 84016
14226091 130191
14226092 70324
14226093 104913
14226097 469526
14226098 233570
14226099 149656
14226100 51239
14226101 136269
14226102 94344
14226103 60787
14226104 84783
14226108 46836
14226109 34897
14226110 25821
14226111 36224
14226112 13332
14226114 132354
14226115 315360
14226116 3437
14226117 70589
14226118 10469
14226119 42828
14226120 753933
14226121 34925
14226123 88529
14226124 231722
14226125 77982
14226126 122471
14226127 164302
14226128 97315
14226129 214764
14226130 5747
14226131 135299
14226132 33910
14226133 3897
14226134 15705
14226135 20571
14226136 72141
14226137 226878
14226138 48352
14226139 369349
14226141 328771
14226142 115980
14226143 231858
14226150 22603
14226151 42822
14226152 4179
14226153 86824
14226160 23071
14226161 424878
14226162 42941
14226163 78240
14226167 112745
14226168 40796
14226169 61159
14226170 72160
14226171 637789
14226172 512116
14226173 194136
14226177 29447
14226178 20846
14226179 362089
14226180 470838
14226181 434487
14226182 268657
14226183 96953
14226184 102189
14226185 69914
14226186 68556
14226187 161858
14226188 84089
14226189 65152
14226190 382224
14226191 782666
14226192 156749
14226193 32183
14226194 336180
14226195 123819
14226196 4667
14226197 110152
14226198 323402
14226199 406749
14226200 87368
14226201 39262
14226202 27834
14226203 71675
14226204 17235
14226205 52685
14226206 88007
14226207 62501
14226208 11708
14226209 871054
14226210 62926
14226211 97345
14226212 75883
14226213 97430
14226214 80475
14226215 102719
14226216 39268
14226217 303461
14226218 340061
14226234 50295
14226235 236223
14226236 263437
14226259 33901
14226260 131597
14226261 33941
14226262 22601
14226263 131524
14226264 261238
14226265 268695
14226266 150250
14226267 217601
14226268 29154
14226269 232752
14226270 34142
14226276 147227
14226277 40742
14226278 261078
14226279 167426
14226280 154440
14226281 23057
14226282 129243
14226285 126598
14226286 39918
14226287 318615
14226288 64005
14226289 82627
14226295 237681
14226296 48441
14226297 76527
14226298 127315
14226299 135141
14226300 123925
14226301 66419
14226302 771575
14226303 21745
14226304 60177
14226305 205321
14226306 264309
14226307 876346
14226308 199612
14226309 81737
14226310 249135
14226311 272659
14226312 50299
14226313 28380
14226314 202920
14226315 503400
14226316 84185
14226317 37801
14226318 510591
14226319 353638
14226320 56943
14226321 193706
14226326 327598
14226327 29291
14226328 74461
14226329 274220
14226330 66417
14226334 59919
14226338 61950
14226339 224309
14226340 302358
14226360 293011
14226361 254404
14226362 607403
14226363 243836
14226364 127611
14226365 135480
14226370 437280
14226371 241329
14226372 76524
14226373 363559
14226374 161609
14226375 231956
14226376 164743
14226377 358744
14226378 99125
14226379 115573
14226380 126969
14226383 55893
14226384 127060
14226385 278982
14226386 34542
14226408 71109
14226409 327580
14226410 378709
14226411 347946
14226412 19617
14226413 185685
14226414 613755
14226415 60238
14226416 162561
14226417 49204
14226418 131842
14226419 510301
14226420 353145
14226421 73181
14226422 967383
14226423 294286
14226424 62021
14226425 479534
14226426 542966
14226441 110585
14226442 92560
14226443 677606
14226444 129449
14226447 129499
14226452 447132
14226458 348981
14226459 84176
14226460 91736
14226461 95078
14226462 8579
14226463 174484
14226464 52010
14226465 349662
14226466 1397188
14226467 44868
14226468 179301
14226469 340416
14226474 452217
14226475 63781
14226476 232716
14226478 64921
14226479 318255
14226480 11411
14226481 11405
14226482 11434
14226483 59202
14226484 109938
14226485 76829
14226486 92107
14226491 59196
14226492 524903
14226493 246913
14226494 72211
14226495 176160
14226496 254510
14226497 62463
14226498 537460
14226499 100818
14226506 201148
14226507 515407
14226508 312131
14226509 12455
14226510 91585
14226511 52008
14226512 207725
14226513 402694
14226514 21153
14226515 34109
14226523 123232
14226524 249812
14226525 304790
14226526 77280
14226531 158260
14226536 315035
14226537 161914
14226538 136327
14226539 72289
14226540 132388
14226542 579220
14226552 62420
14226556 17892
14226557 12042
14226558 298560
14226559 4575
14226560 217574
14226561 108625
14226562 439722
14226563 683484
14226564 603090
14226567 18645
14226569 344521
14226570 240955
14226571 144894
14226572 80677
14226573 217565
14226574 97107
14226575 441748
14226576 410345
14226577 66615
14226578 252006
14226579 475847
14226580 131595
14226582 61353
14226583 61969
14226584 217312
14226585 20457
14226586 136835
14226591 131512
14226592 162569
14226593 579285
14226594 119178
14226595 390480
14226598 253045
14226599 102763
14226600 43768
14226601 119151
14226602 48990
14226603 60671
14226605 81768
14226628 57962
14226629 328241
14226630 741092
14226631 387427
14226632 354035
14226633 4966
14226634 943739
14226635 322758
14226636 120669
14226637 71402
14226638 194110
14226639 133869
14226640 98758
14226641 243710
14226642 325072
14226643 527344
14226645 299541
14226646 60598
14226649 293364
14226650 173757
14226655 26634
14226656 252407
14226657 905999
14226658 93623
14226660 354596
14226661 137285
14226662 31769
14226663 108626
14226664 444144
14226665 25586
14226666 308063
14226667 83619
14226668 44181
14226669 44215
14226670 61827
14226675 48270
14226676 689698
14226677 23056
14226678 198704
14226679 161885
14226680 432676
14226681 349511
14226682 341213
14226684 170157
14226685 335710
14226686 61900
14226688 100212
14226689 98862
14226690 623009
14226691 163158
14226692 193351
14226693 476539
14226694 438928
14226695 434537
14226696 319890
14226697 269828
14226698 36412
14226699 36095
14226700 36152
14226701 484396
14226702 222071
14226703 647616
14226704 981833
14226705 411086
14226706 132060
14226707 815513
14226708 7988
14226709 251276
14226710 137089
14226712 4762
14226717 55395
14226718 115013
14226719 468055
14226720 401550
14226722 28523
20965244 24946
20965245 7872
20965246 28453
20965251 39032
20965252 236439
20965253 92221
20965254 37460
20965255 72186
20965256 87342
20965257 65236
20965258 19069
20965259 83906
20965260 110309
20965261 18820
20965262 5972
20965263 176783
20965264 549287
20965265 58156
20965266 289570
20965267 11130
20965268 62462
20965270 77827
20965271 213844
20965272 207212
20965273 39894
20965274 469806
20965275 202301
20965276 213573
20965282 27893
20965283 94783
20965284 133545
20965285 224966
20965286 2170
20965287 769874
20965288 135401
20965289 447813
20965290 12460
20965291 48269
20965292 22502
20965293 519301
20965294 155540
20965296 27823
20965297 210416
20965298 357
20965299 149516
20965300 23953
20965307 130579
20965308 158233
20965309 71873
20965310 57265
20965311 150337
20965312 867
20965319 255653
20965324 2962
20965325 12421
20965326 2978
20965327 42884
20965328 21292
20965329 33285
20965330 67361
20965331 745404
20965332 3182
20965333 31113
20965334 84864
20965335 259311
20965336 78313
20965337 26386
20965338 45192
20965339 62475
20965340 84383
20965341 15648
20965342 48274
20965343 19102
20965344 199652
20965345 240193
20965346 41307
20965347 230836
20965348 295150
20965349 199701
20965350 388533
20965351 40463
20965352 5310
20965353 71098
20965354 348660
20965355 267515
20965356 110561
20965357 283896
20965358 312611
20965359 62401
20965360 239939
20965361 71985
20965365 184539
20965375 147011
20965376 134279
20965377 18099
20965378 298610
20965379 261984
20965380 213831
20965381 221315
20965382 34156
20965383 376
20965384 34440
20965385 66331
20965386 45126
20965388 144837
20965389 368484
20965390 232157
20965391 8503
20965392 250728
20965393 2768
20965394 183931
20965395 18665
20965396 20028
20965397 253561
20965398 90999
20965399 508453
20965400 226126
20965401 314023
20965402 77729
20965403 40394
20965404 24535
20965405 60235
20965406 18850
20965407 62730
20965430 200674
20965431 164214
20965432 288618
20965433 54939
20965434 59867
20965435 122365
20965436 238141
20965437 48402
20965438 61431
20965439 191764
20965445 188190
20965446 105573
20965447 62466
20965448 100199
20965449 127506
20965450 237942
20965451 110520
20965452 40797
20965453 62740
20965459 433903
20965460 237492
20965461 83236
20965462 520966
20965463 229072
20965464 87803
20965465 63262
20965466 165595
20965468 134707
20965469 34688
20965470 329880
20965471 205492
20965472 49845
20965473 72500
20965474 64004
20965475 171670
20965476 128111
20965481 296278
20965482 146266
20965483 330157
20965484 421801
20965485 48299
20965486 131243
20965490 260349
20965491 71137
20965492 161584
20965493 817470
20965494 95081
20965495 75611
20965496 343790
20965497 334991
20965498 498248
20965499 183986
20965500 214984
20965507 263108
20965508 245435
20965509 80264
20965515 561887
20965516 231490
20965517 239784
20965518 166891
20965519 84608
20965520 518904
20965521 179544
20965522 91980
20965523 281716
20965524 373141
20965525 68323
20965526 126901
20965539 125980
20965540 134455
20965541 404004
20965542 443376
20965543 128166
20965544 224090
20965545 322698
20965546 99130
20965547 132886
20965548 264549
20965549 71158
20965550 491455
20965551 296182
20965552 133999
20965553 109966
20965554 2999
20965563 35497
20965564 449144
20965565 126124
20965571 61101
20965572 252336
20965573 299908
20965574 147168
20965578 284894
20965579 25962
20965580 545406
20965581 125545
20965582 3208
20965583 273338
20965584 52000
20965585 92549
20965586 240188
20965617 408205
20965618 345510
20965619 71499
20965620 95129
20965624 71231
20965625 217996
20965626 75856
20965633 554886
20965634 211869
20965635 303760
20965636 545601
20965637 504366
20965638 259431
20965639 284128
20965640 348389
20965641 60768
20965642 363331
20965643 198952
20965644 44777
20965645 17748
20965646 164890
20965647 49057
20965648 434839
20965649 128781
20965650 48821
20965651 726711
20965652 251125
20965657 263890
20965658 238300
20965659 92083
20965660 131033
20965661 11450
20965675 159478
20965676 33384
20965677 68521
20965678 195302
20965679 199678
20965680 108221
20965681 689703
20965682 362384
20965683 66560
20965684 132118
20965685 266534
20965686 7696
20965687 518107
20965688 87385
20965689 848429
20965690 276513
20965693 248348
20965694 32525
20965695 49527
20965696 139275
20965697 549767
20965698 115719
20965704 288826
20965705 307794
20965706 623998
20965713 21089
20965714 730194
20965715 135540
20965716 136807
20965717 649697
20965718 104176
20965719 724749
20965720 438169
20965721 26653
20965722 425622
20965723 82643
20965724 13914
20965725 243711
20965726 254050
20965727 34102
20965728 296486
20965730 239749
20965731 137571
20965732 727276
20965733 558345
20965734 332751
20965738 249415
20965739 118007
20965740 132435
20965741 148564
20965742 145264
20965746 250231
20965747 71054
20965751 225136
20965752 169366
20965754 131976
20965755 267536
20965756 699370
20965757 157114
20965760 61778
20965761 774123
20965762 171093
20965763 342099
20965764 148587
20965765 475981
20965766 90688
20965767 997322
20965768 14736
20965769 1256509
20965770 66424
20965771 409977
20965772 44485
20965773 230852
20965774 86925
20965775 459049
20965776 55444
20965777 136745
20965778 265830
20965779 124102
20965780 435039
20965781 126111
20965783 213345
20965784 137125
20965785 75439
20965787 120598
20965790 137691
20965791 15451
20965792 302582
20965793 245416
20965794 86532
20965795 435049
20965796 132078
20965797 427353
20965798 301536
20965799 41604
20965800 20996
20965801 9672
20965805 572058
20965806 332030
20965807 201232
20965808 2813
20965809 438002
20965810 354640
20965811 142286
20965812 385465
20965813 433335
20965814 109585
20965815 109622
20965816 386467
20965817 689774
20965818 79176
20965819 61108
20965820 346823
20965821 354289
20965822 134553
20965823 79446
20965824 4398
20965825 561948
27395581 37501
27395582 9855
27395583 76200
27395584 29158
27395586 17658
27395587 10635
27395588 10646
27395592 38987
27395593 10768
27395594 54477
27395595 118559
27395596 331542
27395597 31302
27395598 76451
27395599 39201
27395600 39107
27395601 139571
27395602 6149
27395603 57722
27395604 128506
27395605 77719
27395606 5927
27395607 295140
27395608 25034
27395609 19098
27395610 3167
27395611 50202
27395612 80686
27395613 76689
27395614 247834
27395615 144734
27395616 23368
27395617 18258
27395618 10100
27395619 386455
27395620 77537
27395621 3152
27395622 178087
27395623 37503
27395624 16188
27395625 193306
27395627 59452
27395628 16621
27395629 251144
27395630 189524
27395631 76205
27395634 33287
27395635 10541
27395636 20095
27395637 155907
27395639 246670
27395640 226849
27395641 12424
27395642 34422
27395646 252388
27395647 211597
27395648 121286
27395649 353792
27395650 283803
27395651 231496
27395652 62456
27395653 130754
27395654 200002
27395655 18754
27395657 5368
27395658 83216
27395659 200868
27395660 138521
27395661 297532
27395662 140663
27395663 45699
27395664 155671
27395665 216294
27395666 100195
27395667 134521
27395668 177382
27395669 59408
27395670 34352
27395676 23102
27395677 290295
27395678 5722
27395680 179602
27395681 220109
27395682 256706
27395692 541063
27395698 65741
27395699 149551
27395700 23541
27395701 29552
27395702 266041
27395703 57266
27395704 148423
27395705 161386
27395706 133750
27395707 9574
27395712 257570
27395718 433963
27395721 262144
27395727 287861
27395728 254071
27395729 11562
27395730 32790
27395731 128949
27395732 228346
27395733 22666
27395734 121101
27395735 766969
27395736 167340
27395737 144783
27395738 44762
27395739 150603
27395740 147131
27395741 181729
27395742 318278
27395743 82707
27395744 23067
27395745 307449
27395746 249720
27395747 23037
27395748 59308
27395749 13326
27395750 293809
27395751 93792
27395756 45782
27395757 22619
27395758 100206
27395759 16597
27395760 181959
27395761 242953
27395766 365624
27395767 118114
27395768 147383
27395769 18472
27395770 201107
27395771 22568
27395772 75875
27395773 161039
27395774 263022
27395775 171175
27395776 289
27395777 38240
27395778 93620
27395779 476383
27395780 59228
27395781 105570
27395782 92698
27395783 271788
27395784 451630
27395785 56485
27395789 757762
27395790 121185
27395791 163675
27395792 18958
27395793 110526
27395794 49238
27395795 267669
27395796 294406
27395797 185673
27395798 75497
27395799 5394
27395800 324281
27395801 211634
27395802 134693
27395803 355257
27395804 255301
27395805 549751
27395806 237008
27395809 61787
27395810 62374
27395811 62127
27395812 37980
27395813 135745
27395814 182150
27395815 109998
27395816 304801
27395817 175797
27395818 239389
27395819 239614
27395823 101381
27395824 411274
27395825 81433
27395826 13295
27395827 52844
27395828 48305
27395829 240167
27395830 245969
27395831 48271
27395832 189938
27395833 150612
27395834 132649
27395835 129854
27395873 199637
27395879 275734
27395880 137853
27395886 126411
27395887 197739
27395888 257735
27395889 127625
27395890 22792
27395891 1012894
27395892 241468
27395901 148717
27395902 59601
27395903 83660
27395904 208867
27395914 5000
27395915 127160
27395916 202588
27395917 29312
27395918 648412
27395919 185713
27395920 42598
27395921 116916
27395922 75919
27395923 245563
27395924 413816
27395925 290943
27395926 39168
27395927 101763
27395928 282747
27395929 120484
27395930 248174
27395931 288211
27395948 34117
27395949 599929
27395950 127175
27395951 44413
27395972 281212
27395973 911501
27395974 359249
27395975 167380
27395980 283398
27395981 126870
27395982 288042
27395983 60227
27395984 231034
27395987 48281
27395988 301619
27395989 26019
27395990 73923
27395991 276325
27395992 22953
27395993 2239
27395994 348360
27395995 246822
27395996 25814
27395997 26928
27395998 663134
27395999 32840
27396000 196588
27396001 142724
27396002 144759
27396003 11278
27396004 257271
27396005 133660
27396006 92333
27396007 867159
27396008 282748
27396009 264022
27396020 339693
27396021 137157
27396022 218755
27396023 4571
27396027 312187
27396032 136391
27396033 366452
27396034 176167
27396035 918956
27396036 381068
27396037 228329
27396038 48295
27396039 246951
27396040 680755
27396041 381299
27396042 95205
27396043 301927
27396044 82652
27396046 454690
27396047 22456
27396048 41403
27396049 136377
27396050 247543
27396051 699955
27396052 33310
27396053 593023
27396054 248782
27396055 23706
27396067 21138
27396068 130880
27396070 2972
27396073 71543
27396074 236018
27396075 90661
27396076 536645
27396077 362746
27396080 68180
27396081 953
27396082 305636
27396086 57810
27396087 484857
27396088 290774
27396089 386444
27396090 73474
27396091 24378
27396092 622762
27396093 396524
27396096 341435
27396101 192135
27396102 490383
27396103 281744
27396104 81789
27396105 613455
27396106 24887
27396107 477866
27396108 11127
27396109 108210
27396110 200866
27396112 117415
27396113 99063
27396114 249868
27396115 1323383
27396116 97427
27396117 129827
27396118 107200
27396119 137010
27396121 554504
27396122 9464
27396123 134626
27396124 467323
27396125 130368
27396126 223195
27396127 506002
27396128 288255
27396129 972276
27396130 143854
27396132 44121
27396133 250635
27396134 25456
27396135 259936
27396136 381064
27396137 48449
27396138 233046
27396139 5748
27396140 20793
27396141 848649
27396142 439949
27396143 135248
27396144 333747
27396145 108217
27396146 44574
27396147 813671
27396148 156461
27396149 28358
27396150 428470
27396151 460373
27396152 133521
27396153 267157
27396154 327570
27396162 72264
27396163 921539
27396164 211888
27396165 251059
27396173 294636
27396174 175996
27396175 62056
27396181 70677
27396182 100193
27396183 27154
27396184 397397
27396185 129030
27396186 247669
27396187 273452
27396188 82970
27396189 3524
27396190 135386
27396191 74809
27396192 343099
27396193 251500
33601752 20103
33601753 114303
33601754 11060
33601755 26408
33601756 145954
33601757 123040
33601763 5926
33601764 128375
33601765 130118
33601766 23811
33601767 36779
33601768 10647
33601769 5187
33601770 237041
33601771 230995
33601779 556
33601783 134349
33601789 128382
33601790 76273
33601791 71007
33601792 19499
33601793 47343
33601794 82241
33601795 64794
33601796 150271
33601798 271265
33601799 67570
33601800 43303
33601801 106644
33601802 52732
33601803 378485
33601804 77167
33601805 128389
33601806 78964
33601807 72773
33601808 103037
33601809 39917
33601810 34517
33601811 193350
33601812 148689
33601813 1093
33601814 200118
33601815 34506
33601816 89881
33601817 227983
33601818 73623
33601819 66323
33601820 92509
33601821 128648
33601826 108485
33601827 66863
33601832 453371
33601833 207735
33601834 12440
33601835 46839
33601836 64851
33601837 20708
33601838 86289
33601839 66696
33601845 45469
33601846 243032
33601847 191848
33601848 216040
33601849 349476
33601850 483007
33601851 95505
33601852 286353
33601853 133192
33601854 568722
33601855 119191
33601856 155301
33601857 69023
33601858 54199
33601859 346659
33601860 10744
33601861 159672
33601862 131961
33601865 251744
33601866 216258
33601867 381055
33601868 14173
33601872 298624
33601873 58150
33601874 119725
33601875 155487
33601876 64870
33601877 224810
33601878 21309
33601879 125514
33601880 553711
33601881 193311
33601882 133810
33601883 29397
33601884 178351
33601885 582634
33601886 57964
33601887 47399
33601891 51986
33601892 222411
33601893 390188
33601894 343258
33601899 269836
33601901 206846
33601902 90876
33601903 8505
33601904 262235
33601905 78662
33601906 4317
33601907 244386
33601908 275110
33601909 61697
33601910 353069
33601911 254406
33601912 44833
33601913 58118
33601914 5182
33601915 103944
33601916 58139
33601917 86297
33601918 96561
33601919 275092
33601920 260519
33601921 161568
33601922 4554
33601923 149879
33601925 4541
33601926 265272
33601927 8921
33601928 390303
33601929 208796
33601930 130883
33601931 18170
33601960 222054
33601961 227517
33601963 8969
33601964 137477
33601965 100219
33601966 455810
33601967 81680
33601968 274017
33601969 119184
33601970 343984
33601971 72018
33601972 9506
33601973 113348
33601974 35849
33601975 328516
33601976 93618
33601977 236881
33601978 318410
33601979 64771
33601980 48546
33601981 120663
33601982 237285
33601983 735460
33601984 129195
33601985 194612
33601986 86924
33601987 26515
33601988 260089
33601989 131800
33601990 610896
33601991 83120
33601992 23433
33601993 52839
33601994 493286
33601995 201169
33601996 229249
33602002 98891
33602003 237736
33602004 116843
33602005 74682
33602006 131171
33602007 8812
33602008 17119
33602009 3365
33602013 298092
33602014 76502
33602015 587747
33602016 75599
33602017 238937
33602018 195633
33602019 327531
33602021 189512
33602022 100076
33602023 18132
33602024 125940
33602025 18771
33602034 496441
33602035 64046
33602036 267163
33602037 209550
33602038 110110
33602039 269693
33602040 26525
33602041 428266
33602042 126175
33602043 318598
33602092 755777
33602093 864956
33602094 147427
33602095 340860
33602096 34149
33602097 158857
33602102 76606
33602103 27718
33602104 130308
33602105 406714
33602106 135153
33602107 209267
33602111 380886
33602112 453878
33602113 34844
33602114 241825
33602115 22480
33602116 123195
33602117 546475
33602122 63094
33602123 249314
33602135 893499
33602140 25461
33602141 158814
33602142 110290
33602143 1899
33602144 45752
33602145 222744
33602146 110557
33602148 120184
33602149 141083
33602150 67457
33602151 1136014
33602155 93403
33602156 243676
33602162 62055
33602175 49728
33602184 126672
33602185 228199
33602198 387591
33602205 84656
33602206 257724
33602207 130083
33602208 34327
33602209 126048
33602210 293318
33602211 16424
33602212 251484
33602213 160888
33602214 195221
33602215 87879
33602216 279358
33602217 188432
33602218 109603
33602219 2952
33602220 12437
33602221 198728
33602223 11458
33602224 88510
33602241 133
33602242 125534
33602243 52016
33602244 131349
33602245 34310
33602246 118574
33602247 400673
33602248 86651
33602249 276429
33602250 78095
33602251 271685
33602253 480906
33602254 371324
33602258 422528
33602260 498307
33602261 213274
33602262 87019
33602263 410346
33602264 442155
33602265 366394
33602266 359423
33602267 8051
33602268 58421
33602269 505780
33602270 96300
33602282 439266
33602283 358953
33602284 229627
33602285 113819
33602286 489455
33602287 100184
33602288 110925
33602293 344732
33602294 278719
33602295 556194
33602296 277206
33602297 347202
33602298 100355
33602299 74934
33602300 515539
33602301 241734
33602302 579605
33602303 656859
33602304 466739
33602305 43830
33602306 41530
33602307 83649
33602311 56804
33602314 308424
33602315 80684
33602316 68372
33602317 271399
33602318 312193
33602319 320
33602320 132740
33602322 82613
33602324 43903
33602325 367135
33602330 437422
33602331 178797
33602332 20867
33602337 132646
33602338 308198
33602339 133738
33602340 26608
33602341 562104
33602342 12411
33602343 25565
33602344 815767
33602345 307767
33602346 103370
33602347 604770
33602348 34900
33602349 254788
33602350 250663
33602351 24845
33602358 494035
33602359 463712
33602360 569246
33602362 172821
33602363 138001
33602364 113607
33602365 44452
33602366 357072
33602367 151470
33602368 131672
33602369 224216
33602370 428063
33602372 197166
33602373 114775
33602374 385581
33602375 76342
33602376 304070
33602377 3706
33602378 248965
33602379 434913
33602380 196687
33602381 432655
33602382 36814
33602383 169305
33602384 170239
33602385 338006
33602386 13214
33602387 275134
33602388 270440
33602390 158014
33602395 23985
33602396 446134
33602397 8805
33602398 137275
33602399 289592
33602401 80655
39607360 10028
39607361 1039
39607362 11022
39607363 25075
39607364 17794
39607365 25083
39607366 5971
39607367 38962
39607368 74715
39607369 24457
39607370 19327
39607371 17489
39607372 197740
39607373 20038
39607374 45743
39607375 59608
39607376 242649
39607377 78099
39607378 11863
39607379 34100
39607380 200006
39607381 42853
39607382 584715
39607383 84657
39607384 18792
39607385 101027
39607386 558801
39607387 151045
39607388 262115
39607389 66094
39607390 238168
39607391 63975
39607392 66453
39607393 114690
39607394 97294
39607399 314358
39607404 36297
39607405 80646
39607406 73590
39607407 75564
39607408 49470
39607409 97539
39607410 20051
39607411 141279
39607412 80850
39607413 681382
39607414 176015
39607420 382723
39607421 215994
39607422 44394
39607427 135060
39607428 282937
39607429 75272
39607430 122485
39607431 20077
39607432 61977
39607433 260855
39607434 95387
39607435 266912
39607436 86279
39607437 59054
39607438 423755
39607439 152498
39607440 10483
39607441 224290
39607442 235949
39607443 50279
39607444 260439
39607445 3107
39607446 23967
39607448 113746
39607449 21548
39607450 68963
39607451 40776
39607452 643962
39607453 135734
39607454 122515
39607460 368615
39607461 129892
39607462 75423
39607463 348695
39607464 289986
39607468 131757
39607470 58119
39607471 551805
39607472 318894
39607473 209549
39607474 34110
39607479 133662
39607480 131011
39607481 265082
39607482 11564
39607484 499214
39607485 95571
39607486 136407
39607487 52543
39607488 68326
39607489 133893
39607490 48490
39607491 5365
39607493 119585
39607494 161963
39607495 402463
39607496 619641
39607497 184040
39607498 20572
39607499 54386
39607536 94654
39607537 243513
39607538 70149
39607539 60668
39607540 635385
39607541 121973
39607542 60608
39607543 309024
39607544 866496
39607545 480280
39607546 65892
39607547 428921
39607548 280031
39607549 21856
39607550 19054
39607551 173063
39607557 320517
39607558 129831
39607559 200665
39607560 94624
39607561 792792
39607562 40774
39607564 40785
39607565 18452
39607566 132538
39607567 22905
39607568 237329
39607569 12509
39607570 728047
39607571 219271
39607572 250142
39607573 78739
39607574 140097
39607575 72083
39607576 92088
39607577 60006
39607578 190076
39607579 52037
39607580 202927
39607581 60834
39607582 141692
39607583 151107
39607584 109573
39607589 7343
39607594 548804
39607595 70965
39607596 293061
39607597 62204
39607598 69341
39607599 65765
39607600 105380
39607606 337388
39607613 153221
39607614 207928
39607615 129228
39607616 176508
39607617 114246
39607652 117228
39607654 178564
39607655 83206
39607656 21139
39607657 132910
39607658 76696
39607659 561955
39607660 456849
39607661 71975
39607662 105329
39607663 5202
39607664 71254
39607665 11137
39607666 124012
39607667 602821
39607668 302487
39607670 306502
39607676 551689
39607680 88713
39607684 92061
39607685 75154
39607686 274112
39607687 116907
39607688 167812
39607689 603896
39607690 75910
39607691 83241
39607692 62736
39607693 155688
39607694 343669
39607695 522278
39607696 16749
39607706 359319
39607712 212154
39607713 119630
39607720 71136
39607721 128928
39607722 18471
39607723 106411
39607724 920271
39607725 181517
39607726 178555
39607727 191784
39607729 18611
39607731 48856
39607732 494632
39607733 774967
39607739 17671
39607740 373997
39607744 246882
39607745 73193
39607746 307691
39607747 92001
39607748 19618
39607749 46192
39607750 402978
39607751 311047
39607752 125721
39607762 45206
39607763 45165
39607764 149952
39607765 127078
39607766 60631
39607767 151651
39607768 233635
39607769 267101
39607770 190222
39607771 350990
39607773 265456
39607774 199623
39607782 371869
39607783 197007
39607790 204577
39607791 314220
39607792 110065
39607793 129708
39607794 136640
39607795 45341
39607796 790403
39607797 573823
39607799 254632
39607800 617581
39607801 296757
39607806 71063
39607807 131522
39607808 438009
39607810 47418
39607811 33220
39607812 103471
39607813 195673
39607814 137557
39607815 43799
39607816 133849
39607818 303990
39607819 32022
39607824 91183
39607826 102855
39607827 609485
39607828 87716
39607829 195154
39607830 235827
39607831 701446
39607832 859006
39607833 34200
39607834 128547
39607836 177765
39607837 43933
39607844 66698
39607845 436121
39607846 133062
39607847 180136
39607848 130700
39607849 226506
39607850 160649
39607851 158202
39607852 67405
39607853 442654
39607854 34914
39607858 199211
39607859 249058
39607861 352007
39607867 423725
39607873 18735
39607874 285146
39607875 309002
39607876 123505
39607878 200876
39607880 57632
39607881 639607
39607882 106930
39607883 919061
39607884 409280
39607885 1056840
39607886 131270
39607887 14346
39607888 36497
39607889 1055463
39607890 36270
39607891 200090
39607892 208813
39607893 36706
39607894 48499
39607895 60611
39607896 1272893
39607897 381997
39607898 161853
39607899 246638
39607900 130268
39607906 537820
39607907 589370
39607908 138090
39607909 7452
39607910 134034
39607911 83334
39607912 492110
39607913 574372
39607914 470287
39607915 517243
39607916 1960958
39607918 88365
39607919 160741
39607921 136145
39607922 217627
39607924 97356
39607926 81437
45455804 11087
45455805 29652
45455806 26661
45455807 10758
45455811 49889
45455812 12547
45455813 36536
45455814 7668
45455815 11109
45455816 19334
45455817 37908
45455818 44042
45455819 18030
45455820 92009
45455821 495
45455822 66126
45455823 15908
45455824 232766
45455825 542458
45455826 18134
45455827 358781
45455828 113733
45455829 98560
45455830 61223
45455831 58855
45455832 380807
45455833 103568
45455834 43097
45455835 57907
45455836 66465
45455837 26155
45455838 78674
45455839 98823
45455840 59573
45455841 209640
45455842 48548
45455843 257243
45455844 15967
45455845 72409
45455846 179423
45455847 103628
45455848 223511
45455849 423320
45455850 39857
45455851 8504
45455852 13908
45455866 77526
45455867 405744
45455868 35141
45455869 11648
45455870 173263
45455871 5920
45455872 105565
45455873 295809
45455874 48283
45455875 59590
45455876 37969
45455877 109437
45455878 157431
45455879 44396
45455880 56187
45455881 66429
45455882 16511
45455883 280241
45455885 171722
45455886 852
45455887 161063
45455888 74296
45455889 285531
45455890 132034
45455891 73422
45455892 63960
45455893 447355
45455904 620973
45455905 2732
45455906 292229
45455907 650037
45455908 2767
45455909 35135
45455910 524774
45455911 93117
45455915 40729
45455916 309953
45455917 403076
45455918 348101
45455919 294647
45455920 71788
45455921 510648
45455922 122099
45455923 40787
45455924 29858
45455925 148594
45455926 92153
45455927 75760
45455928 29570
45455929 62920
45455930 304913
45455931 59315
45455933 215695
45455934 64193
45455935 83651
45455936 224364
45455937 4344
45455938 24376
45455939 207552
45455940 391546
45455941 296111
45455942 55425
45455943 95092
45455944 76456
45455945 434266
45455946 263579
45455949 97529
45455950 5264
45455951 38048
45455952 61445
45455959 84641
45455960 831232
45455961 239392
45455962 49033
45455963 60603
45455964 83856
45455965 3111
45455966 110609
45455967 759610
45455968 58830
45455969 20952
45455970 178541
45455989 1154071
45455990 247978
45455991 223038
45455992 180363
45455993 325871
45455994 249552
45455995 209759
45455996 40726
45455997 2822
45455998 24547
45455999 18738
45456011 218385
45456012 492957
45456013 249115
45456014 156453
45456015 435741
45456016 61911
45456017 203427
45456018 361727
45456019 58840
45456020 246628
45456021 310053
45456022 17095
45456023 17632
45456024 64238
45456028 3025
45456029 118112
45456030 446543
45456031 129032
45456032 114260
45456033 142576
45456034 110298
45456035 331431
45456036 267353
45456037 199449
45456038 183985
45456039 261993
45456040 4656
45456041 786239
45456042 936407
45456043 265632
45456044 73853
45456049 9476
45456050 221886
45456051 83669
45456052 139705
45456053 200882
45456054 467146
45456055 130288
45456056 130537
45456057 380985
45456058 13659
45456059 3608
45456060 126344
45456065 228326
45456066 395348
45456067 201223
45456072 240247
45456073 2008084
45456074 73316
45456117 134608
45456118 117223
45456123 16614
45456124 9679
45456125 22661
45456126 241133
45456127 241138
45456128 202912
45456129 59413
45456130 167860
45456131 257717
45456132 24392
45456138 28355
45456139 128025
45456140 121714
45456141 148618
45456146 92066
45456147 110157
45456148 63971
45456149 110428
45456151 264386
45456152 354627
45456153 92045
45456159 141532
45456160 243326
45456161 93631
45456162 243470
45456163 308049
45456164 43498
45456188 138582
45456189 110583
45456190 11707
45456199 57272
45456200 196738
45456201 48473
45456202 277071
45456203 68837
45456205 1384509
45456209 247708
45456210 34919
45456211 333825
45456212 60796
45456213 199631
45456214 37079
45456215 97866
45456216 443452
45456217 2262
45456218 224322
45456219 82210
45456220 316751
45456221 216055
45456222 11504
45456223 271846
45456224 1139563
45456225 294786
45456226 255714
45456227 456669
45456228 254081
45456229 264209
45456230 13102
45456231 44735
45456232 268019
45456251 11267
45456253 267233
45456254 194938
45456255 239186
45456256 320480
45456257 379253
45456272 807824
45456273 50104
45456279 141405
45456280 248112
45456281 854974
45456282 286909
45456288 369790
45456289 421472
45456290 145293
45456291 116247
45456292 31013
45456293 16467
45456294 229982
45456296 278497
45456297 158871
45456298 43190
45456299 345310
45456302 327365
45456303 373068
45456304 442341
45456306 62799
45456314 614372
45456315 131633
45456316 350797
45456317 495622
45456318 439045
45456319 286264
45456322 44856
45456323 511739
45456324 251982
45456325 249246
45456326 1057890
45456327 169180
45456328 49555
45456329 196407
45456330 200097
45456333 133770
45456334 195897
45456347 302436
45456348 575069
45456349 767089
45456350 548193
45456351 94049
45456352 218659
45456353 60332
45456354 348201
45456355 515711
45456356 137416
45456358 84630
45456359 48712
45456360 239815
45456361 125454
45456362 289201
45456363 325678
45456365 60134
45456366 261954
45456367 160488
45456368 278108
45456384 24915
45456385 252018
45456386 266057
45456391 134951
45456392 127502
45456393 394739
45456394 132537
45456395 20302
45456396 386482
45456401 250674
45456402 95128
45456403 26585
45456404 531075
45456410 129239
45456415 253982
45456416 44513
45456417 180382
45456420 136692
45456421 566494
45456426 516367
45456428 250996
45456429 133705
45456430 562929
45456431 338202
45456432 60908
45456433 207954
45456434 214600
45456435 290745
45456436 382907
45456437 538491
45456438 506657
45456443 108078
45456444 589369
45456445 301342
45456446 107959
45456447 495377
45456449 136553
45456450 83550
45456451 476872
45456452 35151
45456453 245433
45456454 1455160
45456455 1004276
45456456 91169
45456457 248538
45456458 24611
45456464 242136
45456465 134337
45456466 7903
45456467 540081
45456468 36599
45456469 135775
45456470 1291999
45456471 326065
45456472 74900
45456473 136110
45456474 300253
51129434 14184
51129435 85063
51129436 14193
51129437 13491
51129438 58895
51129439 21192
51129440 58138
51129441 37102
51129442 91766
51129443 128569
51129444 21568
51129445 33890
51129446 275915
51129447 25033
51129448 17659
51129452 59572
51129453 26012
51129454 23064
51129455 33286
51129456 72636
51129457 105204
51129458 79190
51129459 128701
51129460 245174
51129461 35825
51129462 101435
51129466 19027
51129467 82262
51129468 59319
51129469 110075
51129470 77643
51129471 274135
51129472 15600
51129473 18626
51129474 598402
51129475 318537
51129476 20833
51129477 222387
51129481 57719
51129482 224705
51129487 228328
51129488 298569
51129489 437154
51129490 231214
51129491 66613
51129492 288711
51129493 28342
51129494 164575
51129495 10597
51129496 218362
51129497 74673
51129498 126108
51129499 252002
51129500 84048
51129501 77119
51129502 80298
51129503 39594
51129504 362349
51129505 95827
51129506 78837
51129507 95414
51129508 258791
51129509 42035
51129510 34911
51129511 34947
51129512 29242
51129513 38387
51129514 98247
51129515 77993
51129516 304822
51129517 248413
51129518 645000
51129519 35413
51129520 259747
51129521 95474
51129522 2185
51129523 46265
51129524 206242
51129525 55881
51129526 41691
51129527 15501
51129531 3864
51129532 254058
51129533 18651
51129534 58319
51129535 40744
51129538 40764
51129539 71119
51129540 11243
51129541 45125
51129542 23097
51129543 21501
51129544 64729
51129545 34694
51129546 87801
51129547 236612
51129548 71729
51129549 77262
51129554 195465
51129555 134446
51129556 240967
51129557 89123
51129558 34567
51129559 135129
51129560 567672
51129561 161901
51129562 74224
51129563 35520
51129564 756852
51129565 34281
51129566 294889
51129567 73979
51129568 2988
51129569 80507
51129570 8813
51129576 245601
51129581 264529
51129586 61068
51129587 114163
51129588 437335
51129589 120659
51129590 432146
51129591 319251
51129592 218638
51129593 85005
51129610 5735
51129611 28885
51129612 232487
51129613 268373
51129614 160674
51129615 179831
51129616 127997
51129617 19604
51129618 13394
51129619 290039
51129620 216260
51129621 185126
51129622 362526
51129623 100194
51129624 40762
51129625 744412
51129626 18580
51129627 92190
51129628 106890
51129629 469859
51129630 274265
51129631 67908
51129632 183422
51129633 392811
51129634 403222
51129636 97762
51129637 129513
51129638 121732
51129639 140297
51129640 224932
51129641 100185
51129645 9285
51129646 238831
51129647 223214
51129648 131758
51129649 162727
51129650 408334
51129651 131133
51129652 220205
51129653 58152
51129654 62927
51129655 29189
51129656 200095
51129657 273108
51129658 159447
51129659 95113
51129660 246656
51129661 129818
51129662 73421
51129663 160652
51129664 415315
51129665 123566
51129666 730739
51129667 349402
51129668 359926
51129669 231743
51129670 398106
51129671 61013
51129672 267484
51129673 677253
51129674 20648
51129725 26381
51129730 240976
51129731 125486
51129732 66459
51129733 44744
51129734 110514
51129735 269815
51129736 370351
51129737 83484
51129738 277008
51129739 237742
51129740 301621
51129741 262856
51129742 18197
51129743 124988
51129744 228325
51129745 192154
51129746 55428
51129747 29762
51129748 27131
51129749 156857
51129750 274166
51129751 60591
51129752 68039
51129762 28360
51129763 118079
51129766 75976
51129767 269709
51129768 125900
51129772 297086
51129773 40330
51129774 242774
51129775 132630
51129776 130146
51129777 128946
51129778 113748
51129779 130001
51129780 8021
51129781 236248
51129782 94966
51129791 39907
51129796 368128
51129797 129718
51129802 171542
51129827 73195
51129832 198386
51129841 153260
51129842 81834
51129843 219151
51129844 100190
51129845 919002
51129848 148732
51129849 45597
51129850 64861
51129851 445092
51129852 12622
51129853 12628
51129854 568728
51129856 343341
51129857 247296
51129858 67518
51129859 196540
51129860 4555
51129861 792643
51129862 9760
51129863 102235
51129864 186179
51129865 381028
51129866 22800
51129868 219608
51129869 224162
51129870 280133
51129871 282925
51129872 18779
51129873 91635
51129874 47950
51129875 434321
51129877 96627
51129878 555889
51129879 88717
51129888 561777
51129889 114095
51129893 61295
51129894 119662
51129895 228332
51129896 133987
51129897 46252
51129898 166114
51129905 116914
51129906 568896
51129907 104028
51129908 18700
51129909 136627
51129910 29731
51129914 1073481
51129916 195670
51129917 9451
51129918 43715
51129919 969933
51129920 459599
51129921 86542
51129922 249607
51129924 31946
51129925 77129
51129932 196157
51129933 11153
51129934 313045
51129935 263519
51129936 129748
51129937 3734
51129939 462679
51129940 12400
51129941 20422
51129942 630756
51129943 335525
51129944 246497
51129946 218568
51129947 359327
51129948 72224
51129949 48284
51129950 129350
51129951 20890
51129952 588018
51129953 428979
51129954 58127
51129955 137584
51129956 129193
51129957 63845
51129958 147938
51129966 329018
51129967 708520
51129968 547
51129970 615519
51129971 482627
51129972 200089
51129973 278046
51129974 356375
51129977 158029
51129978 807328
51129979 251269
51129985 132242
51129986 71447
51129989 137082
51129991 653760
51129992 243821
51129993 251151
51129994 365367
51129995 135601
51130002 37267
51130004 133480
51130005 160660
51130006 344794
51130007 255725
51130008 138973
51130009 347878
51130010 240995
51130011 115981
51130014 254059
51130015 120665
51130016 41875
51130017 121878
51130019 127313
51130020 30947
51130021 443021
51130022 251452
