74751 74788
115453 115515
138823 138838
140494 140522
189480 189534
236567 236591
64383 253617
280754 280757
311331 311360
325838 325861
415911 415921
327216 451458
487892 487901
586894 586913
634923 634959
641207 641213
644984 645011
649534 649577
658465 658491
663814 663843
681193 681206
714372 714378
727046 727061
728111 728135
783364 783379
786958 786961
924027 924044
930613 930631
718801 940313
948303 948318
1044332 1044337
1103367 1103393
1020672 1105109
1105199 1105213
1108888 1108894
1035408 1138095
1177785 1177809
1044333 1186375
1226495 1226497
1238458 1238475
1247475 1247494
1247531 1247542
1253406 1253408
1261934 1261943
1385983 1385986
1430360 1430370
1501188 1501200
448592 1504454
1579037 1579041
1628782 1628786
1713110 1713129
1719776 1719789
1740514 1740515
1766217 1766219
1839025 1839048
1863040 1863049
1918155 1918158
1947861 1947870
1966330 1966338
1978814 1978822
2009991 2009996
2037869 2037872
2209969 2209975
2219872 2219889
2290364 2290365
2307692 2307693
2310220 2310224
2310721 2310725
2310768 2310777
2311644 2311652
2333105 2333108
2335146 2335154
2341851 2341853
2341872 2341875
2341907 2341910
2408432 2408433
2408444 2408447
2409047 2409052
2410285 2410289
2410566 2410576
2417712 2417719
2431952 2431958
2482737 2482740
2483015 2483025
2483130 2483134
2491917 2491921
2492732 2492733
2498008 2498012
2498236 2498239
2525732 2525734
2538355 2538358
2538947 2538949
2539619 2539624
876895 2541018
2541559 2541567
2545616 2545620
2556688 2556692
2573855 2573860
2575096 2575103
2576433 2576440
2585567 2585570
1154361 2587636
2590274 2590277
2636806 2636807
2638068 2638078
2670969 2670975
2672042 2672048
2678357 2678361
2691476 2691480
2692804 2692805
2696680 2696683
2697613 2697629
2701808 2701811
2708909 2708911
2709025 2709032
2736601 2736603
2742752 2742754
2747932 2747934
2752087 2752089
2814503 2814506
2852554 2852559
2853022 2853025
2257113 2868428
1479640 2869043
2869197 2869199
2892250 2892251
2900554 2900558
2902957 2902964
2907479 2907483
2909125 2909130
2915742 2915745
2924793 2924797
2943396 2943400
2945723 2945732
2957939 2957944
2958128 2958137
2958816 2958818
2969287 2969289
2368450 2979245
3037474 3037479
3037606 3037611
3046958 3046962
3048108 3048115
3048927 3048938
3049590 3049593
3049637 3049642
3053059 3053068
3295629 3295630
3537772 3537781
3538627 3538632
3902267 3902282
4093032 4093034
4093765 4093766
4094111 4094115
4099002 4099005
4101793 4101804
4102321 4102324
4103716 4103719
4177377 4177380
4179252 4179254
4184122 4184125
4184129 4184131
4202327 4202328
4218749 4218755
4468171 4468176
4561202 4561206
4615815 4615820
4638241 4638243
4638979 4638982
4766174 4766177
4909586 4909597
4968543 4968546
5002569 5002571
5002605 5002607
5003017 5003021
5008925 5008929
5033785 5033789
5040449 5040452
5040558 5040560
5040611 5040613
5040614 5040617
5040634 5040638
5040722 5040724
5040777 5040779
5040892 5040894
5040967 5040970
5041014 5041017
5041037 5041039
5041042 5041044
5041066 5041068
5041136 5041138
5041141 5041143
5041174 5041177
5041203 5041205
5041215 5041217
5041268 5041270
5041437 5041439
5041460 5041462
5041495 5041497
5041526 5041528
5041537 5041539
5041549 5041551
5041635 5041637
5041729 5041733
5041737 5041739
5041740 5041744
5041783 5041785
5041795 5041797
5041854 5041856
5041871 5041874
5041899 5041901
5041902 5041904
5053557 5053561
5054073 5054077
5196688 5196690
5196691 5196693
5617685 5617687
5618432 5618434
5662682 5662689
5672335 5672337
5673831 5673835
5674468 5674471
5674496 5674498
5678860 5678862
5681007 5681009
5681035 5681037
5681044 5681046
5982138 5982139
6335923 6335924
6335930 6335931
6542642 6542643
6729644 6729645
6745475 6745477
6773751 6773754
6778569 6778572
7034665 7034667
7083359 7083360
7843921 7843922
64495 8124825
64384 8128252
649544 8143390
61564 8155365
950075 8211467
6417384 8223142
1668 8226660
8276537 8276547
8344836 8344847
8348977 8348989
2017388 8363183
5088526 8369517
8409605 8409630
820084 8448708
8454104 8454115
8477368 8477382
8484921 8484934
8495636 8495646
4584529 8537284
8567878 8567891
7167734 8567968
8595163 8595168
8599758 8599762
7797929 8603261
7797937 8604225
115491 8610256
8657221 8657227
4089211 8683604
8702238 8702253
8707560 8707576
713226 8708325
8715495 8715507
8716309 8716330
3090361 8720538
2717965 8722296
8726901 8726906
497190 8727304
8745994 8745998
8759792 8759811
8782271 8782278
8800782 8800786
8800782 8800787
8826176 8826177
8828023 8828040
8829076 8829086
8833219 8833222
8833423 8833431
8835114 8835137
679447 8916321
2880040 8923402
8946132 8946149
8951440 8951448
8968670 8968673
8972476 8972479
8973019 8973028
17389 8979222
9016386 9016398
695677 9020019
9038516 9038532
3759856 9077406
9082029 9082038
876865 9093875
64451 9110613
9143443 9143461
2311864 9145456
9219315 9219316
9347454 9347462
9360227 9360235
9413509 9413515
7296563 9575268
9581426 9581437
162302 9639333
9656682 9656684
9664096 9664104
4469109 9667576
9691360 9691365
481597 9725515
9918933 9918940
9945084 9945086
9957949 9957952
9966947 9966953
9967361 9967363
9969603 9969605
9973170 9973172
9977560 9977563
9978617 9978624
9978744 9978749
9979900 9979902
9984920 9984922
9984923 9984924
5889133 9985034
9985088 9985089
9998997 9999006
2314471 10028749
10043492 10043494
10043986 10043990
10046605 10046618
10080089 10080092
10104649 10104652
10106151 10106156
10106805 10106812
10107161 10107164
10107978 10107980
10108361 10108366
10112369 10112371
10113191 10113192
10125113 10125120
10140539 10140550
10142458 10142462
10146520 10146523
4094110 10155034
10157298 10157302
10157565 10157567
2980652 10171119
10174336 10174340
10181832 10181836
10183293 10183294
10187924 10187927
10195744 10195752
10196238 10196244
10197372 10197375
10224259 10224262
10254941 10254952
10267492 10267497
10267804 10267818
2434598 10270462
10294215 10294223
10294453 10294464
10297323 10297324
10300718 10300722
3438962 10301423
10303807 10303808
10337555 10337559
10393110 10393117
10400090 10400092
10420106 10420109
10430440 10430447
10439390 10439395
10446636 10446638
10470547 10470549
10472076 10472082
10474582 10474585
10477608 10477610
10480864 10480870
10483084 10483090
10486603 10486604
10486747 10486752
10561370 10561377
10564184 10564188
10594176 10594180
10594499 10594502
10595691 10595696
10598389 10598391
10598837 10598854
10602915 10602918
10603694 10603697
10603705 10603710
10608363 10608366
2567140 10609827
10611488 10611489
10897474 10897483
10898983 10898985
10942270 10942273
11287539 11287541
11369413 11369421
11516205 11516209
11527768 11527774
11530351 11530354
11532523 11532527
11538147 11538163
11547168 11547171
11548393 11548396
11549514 11549516
11619946 11619947
11620814 11620816
11640468 11640469
2685503 11649264
10252678 11649266
11717103 11717105
11719700 11719702
11764067 11764070
11773365 11773373
11883677 11883680
12003865 12003866
12014326 12014330
12161065 12161071
12175434 12175444
12281112 12281114
12336666 12336669
12351333 12351337
12373075 12373081
12397287 12397290
12399943 12399946
12400087 12400089
12400186 12400188
12400217 12400220
12400315 12400317
12400320 12400322
12400330 12400332
12400344 12400348
12400351 12400353
12400373 12400375
12400390 12400392
12400439 12400441
12400442 12400444
12400450 12400452
12400512 12400514
12400523 12400525
12400542 12400547
12400552 12400558
12400569 12400572
12400632 12400635
12400668 12400670
12400682 12400684
12400904 12400906
12400956 12400958
12400961 12400964
12401013 12401015
12401096 12401098
12411102 12411103
12411659 12411663
12420240 12420242
12567105 12567110
12921351 12921353
12921791 12921793
12928948 12928955
12976925 12976927
12980581 12980583
13475838 13475839
13574994 13574995
13574996 13574997
13576891 13576892
13582246 13582247
13670756 13670757
13984022 13984025
13985705 13985708
15170884 15170886
64315 15253847
15274225 15274228
761054 15277746
916837 15279480
916837 15279481
184391 15283042
64470 15299503
15309322 15309344
15333005 15333018
15375548 15375572
15384794 15384799
15385320 15385324
15386505 15386508
64458 15393803
64485 15396143
64418 15412263
15533001 15533035
64408 15535272
15563671 15563691
15569813 15569841
876887 15571715
188562 15650959
9794481 15663939
15666881 15666905
15676239 15676250
15680430 15680450
695676 15701502
15758040 15758064
15765919 15765926
2700028 15788390
7640033 15794278
10110487 15814926
15525793 15877437
798888 15941001
798888 15941002
798888 15941003
977345 15944510
15945222 15945229
16025817 16025826
16035263 16035265
16051343 16051346
16057802 16057811
1815681 16064655
16158542 16158555
16171673 16171684
16204315 16204340
16218268 16218271
14931182 16240698
16280488 16280499
16285846 16285851
16290254 16290266
16336226 16336231
412415 16443155
16454342 16454348
4218756 16459064
16459445 16459447
16511559 16511563
16555633 16555636
16555738 16555750
16565727 16565728
16575957 16575959
16576780 16576782
16588291 16588294
16601910 16601919
15418363 16603530
16657997 16658015
16698564 16698573
16852469 16852473
16877067 16877072
16934518 16934520
16939386 16939394
16940354 16940356
16941301 16941304
16941920 16941931
16958850 16958851
16958910 16958919
2919820 16960875
16961699 16961704
16962296 16962297
16962361 16962363
16967330 16967332
17020258 17020259
17021398 17021408
17022159 17022161
17022253 17022259
17022902 17022905
17022948 17022951
12980526 17035994
17056383 17056389
17080234 17080235
9861708 17080594
17092728 17092731
17112211 17112218
17117042 17117045
17117051 17117056
17125031 17125034
17125360 17125367
17126212 17126215
17139792 17139796
17145653 17145658
17148677 17148682
17164081 17164082
17166384 17166388
17190523 17190536
17225475 17225478
17232574 17232580
17236307 17236310
7903701 17252334
17253360 17253363
17253777 17253790
17254120 17254123
17255611 17255613
17264508 17264511
17296634 17296639
17297371 17297372
17338049 17338051
17357331 17357334
17363508 17363510
17380879 17380885
17392488 17392494
17395363 17395364
17398323 17398326
17416634 17416638
17418880 17418881
17420471 17420474
17420617 17420620
17424856 17424862
17425231 17425234
17430611 17430627
17435344 17435346
17437676 17437680
17444955 17444959
17481897 17481901
17507379 17507383
17507758 17507761
17517441 17517447
439612 17526486
17538080 17538087
17545968 17545971
17547043 17547047
17547681 17547695
17549032 17549041
17550142 17550145
3033336 17553101
17553507 17553509
17593277 17593283
17717832 17717838
17743838 17743840
17931953 17931962
17942193 17942196
18114617 18114628
9027814 18135092
18284776 18284779
18295076 18295081
18406032 18406034
18406036 18406038
18417153 18417158
18426387 18426389
18427678 18427681
7905528 18427787
18431031 18431032
18435092 18435096
18295078 18435207
18435402 18435405
18435758 18435761
18437430 18437432
18437624 18437627
18437958 18437960
18438264 18438268
18503690 18503692
18522785 18522786
18522816 18522817
12400555 18529434
18537488 18537489
18543477 18543478
18580296 18580299
18637991 18637992
18845726 18845727
18891950 18891954
18903504 18903521
19000094 19000099
19000155 19000157
19000322 19000336
19129429 19129439
19207944 19207947
19208329 19208334
19234292 19234296
19237464 19237467
19239334 19239337
19239363 19239365
19239374 19239376
19239413 19239415
19239422 19239424
19239460 19239462
19239507 19239509
19239526 19239528
19239537 19239540
19239545 19239547
19239554 19239556
19239561 19239563
19239651 19239653
19239694 19239696
19239806 19239808
19239811 19239814
19239833 19239835
19239953 19239956
19240010 19240012
19240031 19240033
19240040 19240042
19240095 19240097
19240116 19240118
19240133 19240135
19240168 19240170
19240234 19240236
19240290 19240293
19240399 19240401
19240462 19240464
19240482 19240484
19240526 19240528
19240563 19240565
19240613 19240615
19240618 19240620
19240625 19240627
19240681 19240683
19240690 19240692
19251222 19251225
19251744 19251748
19360747 19360749
19364294 19364297
19724672 19724675
19724676 19724678
19732515 19732517
19774991 19774993
19775003 19775006
12464452 19777235
19778310 19778312
19778321 19778323
19780840 19780842
10142461 19780851
19780920 19780922
19780929 19780931
20282354 20282356
20782660 20782663
20901239 20901241
20921317 20921319
20935589 20935591
20936850 20936855
20964717 20964718
21025506 21025510
21236214 21236216
21513228 21513230
21904305 21904306
74758 21946119
74756 21980611
74759 21981228
1526161 21998001
64465 22021333
22026657 22026665
22067249 22067257
22072700 22072705
64371 22101480
1941603 22124070
2381351 22128119
9080576 22149421
22153117 22153119
9971925 22175680
22176686 22176693
311357 22213697
22228401 22228411
22244162 22244165
6751357 22263696
22268309 22268311
22296741 22296749
22303488 22303495
17166385 22304404
22314728 22314733
2466552 22320038
8999812 22336100
4821240 22341380
22347732 22347735
22347962 22347976
1018323 22355673
8331263 22365129
8463112 22366865
7798116 22384256
22390119 22390124
15299514 22447876
22448304 22448312
22470022 22470024
11558859 22486086
22532135 22532140
22537638 22537653
22540389 22540398
22558076 22558106
8414048 22568317
2722354 22603734
2726295 22609637
22665515 22665525
22665853 22665865
22707103 22707122
22707478 22707489
22710655 22710669
22721076 22721089
22731210 22731221
302714 22759763
10380481 22785876
22805679 22805682
4813605 22817844
22841279 22841292
8925665 22841847
1070723 22848666
22900223 22900231
22966666 22966706
12132148 23018302
23026756 23026758
23076359 23076372
23144438 23144447
23164295 23164296
23206695 23206696
23213018 23213020
23224874 23224876
23233429 23233437
23276149 23276160
16445564 23329108
23332013 23332017
23332206 23332211
23356990 23356998
23463550 23463557
9553762 23465795
23543107 23543110
2573703 23544026
23551500 23551503
23552205 23552212
23553890 23553893
23554296 23554308
23555848 23555851
23557505 23557508
23579073 23579075
23579107 23579108
23579181 23579182
2707018 23619387
23629484 23629486
23629905 23629910
23630188 23630197
23630239 23630241
2409911 23630413
1449059 23631378
23639854 23639856
23675402 23675406
23695650 23695662
23697653 23697656
23720429 23720434
23720476 23720478
23721112 23721114
23732118 23732122
23741628 23741631
9998749 23743064
23754930 23754931
23756887 23756890
23758502 23758506
23765824 23765827
23767765 23767767
23821833 23821841
16037145 23831390
23832899 23832900
23833459 23833468
2803724 23833695
23843790 23843793
23465783 23846607
23849383 23849386
23849978 23849981
23850129 23850140
23853672 23853681
10392787 23853784
23854214 23854220
23862940 23862944
23874422 23874425
23877949 23877952
23894830 23894836
23898986 23898989
23917885 23917889
19240418 23922694
23923062 23923070
23926958 23926961
14275454 23928480
23930307 23930328
23932495 23932497
23936605 23936608
23938884 23938885
23942831 23942833
23972966 23972968
23989021 23989025
24007289 24007297
24016263 24016272
24021662 24021665
24026736 24026738
2753378 24027293
24033349 24033352
2568227 24054689
24072687 24072691
24091513 24091517
24091727 24091729
24094666 24094669
24094681 24094686
24134761 24134764
24137283 24137284
24199205 24199208
24238984 24238990
24689953 24689956
24793085 24793088
24833238 24833239
24969485 24969486
24971283 24971287
24972448 24972452
24975125 24975126
24978627 24978630
25045205 25045207
25050759 25050761
25062732 25062733
25063718 25063720
25069683 25069684
25137946 25137948
25138373 25138376
25174025 25174030
25275198 25275200
25283454 25283457
25361904 25361907
25696474 25696478
25696919 25696922
25696930 25696941
25722275 25722278
25748282 25748287
25753069 25753072
25753149 25753153
25753240 25753243
25753285 25753288
25753291 25753296
25753389 25753391
25753454 25753457
25753577 25753579
25753636 25753639
25753658 25753660
25753720 25753722
25753737 25753739
25753840 25753842
25753906 25753908
25753928 25753930
25753959 25753961
25754162 25754164
25754169 25754171
25754189 25754191
25754229 25754231
25759890 25759892
25771974 25771976
25772007 25772010
26200943 26200946
26200979 26200981
26204146 26204150
26204501 26204503
26204504 26204506
26204517 26204521
26204526 26204528
26204604 26204606
26208514 26208522
26208529 26208531
26209547 26209549
26249594 26249596
26249613 26249615
26253680 26253684
26255223 26255225
26255642 26255644
26373138 26373139
26598498 26598499
26775606 26775608
26799194 26799195
26801292 26801293
26884385 26884386
26958977 26958978
27174477 27174480
27177440 27177443
27339148 27339151
27358260 27358261
27392256 27392259
27537479 27537480
64453 28342119
2368670 28362258
275181 28375391
382680 28380083
1026711 28381896
411453 28389889
28403720 28403732
10671354 28414716
8211462 28417932
523806 28430280
28443265 28443274
28463502 28463514
5889134 28473563
1669 28476446
28545866 28545878
8585030 28551080
28593839 28593843
4075066 28621159
13244693 28626108
876881 28638104
28711083 28711085
1028261 28738080
28775562 28775566
175557 28849010
10124520 28863854
28884675 28884682
28890378 28890396
28900030 28900042
28913934 28913939
28941411 28941417
7800553 28945481
17223372 28967702
28980728 28980737
29030557 29030560
29071915 29071922
29072786 29072796
1020701 29078957
29100341 29100346
15593078 29104763
7792915 29204124
29251052 29251068
29259348 29259358
876877 29270163
29307268 29307279
29308684 29308690
10455247 29326550
29468549 29468569
29481840 29481849
29494024 29494028
29512841 29512842
29536396 29536399
29539033 29539036
15853801 29544299
29558270 29558282
29566969 29566973
3822332 29602630
29606670 29606674
29606681 29606690
29643409 29643411
29644847 29644851
29668566 29668569
29677632 29677635
29678679 29678681
16951371 29690248
28055611 29821941
29888564 29888567
29904285 29904288
29907146 29907148
4304641 29910312
12137427 29911886
29925291 29925295
29958102 29958104
29962191 29962197
29969024 29969034
29972498 29972499
30017999 30018001
30018661 30018668
30029241 30029245
30052800 30052811
30053523 30053525
10612086 30061932
30062061 30062062
30062682 30062685
9481350 30062903
30063837 30063842
30065057 30065061
30067592 30067600
30073042 30073045
12400347 30079870
30097028 30097039
30098499 30098502
30125181 30125184
30135666 30135667
22598841 30159664
30160256 30160258
30161120 30161124
30162690 30162692
30164313 30164316
30176808 30176811
30180959 30180961
30182789 30182793
30182937 30182938
30184126 30184128
30184369 30184372
30200976 30200981
30227230 30227240
30228643 30228646
30266087 30266090
30287761 30287764
30297460 30297461
930623 30325068
30329377 30329379
30339102 30339113
6211433 30346315
30346568 30346570
30347122 30347133
30374064 30374067
6745482 30386459
30410762 30410766
30431073 30431081
30445114 30445118
30447149 30447153
30447587 30447591
30448736 30448738
29743816 30448906
30455318 30455320
30516032 30516034
30545407 30545410
7944778 30723856
30984296 30984304
31002470 31002472
31002498 31002521
31241279 31241284
31259869 31259879
31260429 31260433
31260591 31260593
31261999 31262000
31262013 31262015
31264024 31264025
31264207 31264209
30347636 31268781
31270335 31270337
31270571 31270573
31270923 31270925
8143409 31270986
31336393 31336395
31338850 31338852
31349931 31349932
31437836 31437846
31568048 31568050
31576745 31576747
31645048 31645053
31692557 31692559
31706524 31706526
31877380 31877385
31897361 31897362
31916582 31916585
31993499 31993502
31997987 31997989
32017305 32017308
32022578 32022580
32022635 32022637
32022695 32022697
32022722 32022724
32022731 32022735
32022736 32022738
32022835 32022837
32022856 32022858
32022898 32022900
32022919 32022923
32022924 32022926
32022975 32022977
32022985 32022987
32022997 32023000
32023001 32023003
32023015 32023017
32023082 32023084
32023089 32023091
32023132 32023134
32023185 32023187
32023195 32023197
32023213 32023215
32023230 32023232
32023243 32023246
32023272 32023274
32023339 32023343
32023401 32023403
32023494 32023496
32023507 32023509
32023536 32023538
32023611 32023619
32023641 32023643
32023648 32023651
32023680 32023682
32023704 32023706
32023729 32023732
32023760 32023762
32023763 32023765
32023829 32023831
32023865 32023867
32023876 32023878
32030574 32030577
32034114 32034119
32104196 32104200
32161470 32161472
32417454 32417456
32442659 32442661
15935966 32442665
32444230 32444232
32444769 32444771
32449480 32449482
32488266 32488268
31783206 32493280
32493944 32493946
32494029 32494032
32999283 32999284
33018653 33018654
33022153 33022154
33022159 33022160
30391246 33121665
33331923 33331924
33387289 33387292
33601325 33601327
34253578 34253581
34285222 34285223
64396 34529960
1112911 34533281
12341 34540939
1676 34569171
817680 34614186
2905032 34616208
34622315 34622321
34676193 34676216
51399 34700631
64487 34708743
6460421 34760731
573063 34781308
1226353 34785179
15679723 34805155
8872302 34806646
294481 34818153
2308186 34831179
15588473 34854991
34856866 34856874
22155564 34858246
15689834 34862600
34871854 34871856
21453742 34872713
34875100 34875110
28055846 34896618
1365209 34926488
10763134 34935991
34942673 34942681
34946930 34946942
2272584 34950932
34966409 34966412
35018599 35018607
31357112 35021174
4270531 35040455
4270531 35040456
15236046 35063414
35140611 35140628
2720662 35150647
4196462 35168779
2504992 35190006
35204255 35204268
22941345 35238284
19226779 35291448
28944069 35300716
35371189 35371194
11624284 35373476
16967345 35383379
35384073 35384079
35390741 35390749
16462442 35403052
35407877 35407889
35436991 35437006
2428737 35470407
28868622 35476748
876869 35477487
2969290 35481202
23416686 35487708
9750643 35586066
35597584 35597590
35688728 35688734
35698795 35698803
21416169 35783379
31330716 35786297
35805481 35805482
1020708 35810771
35822971 35822972
35831990 35831994
35832380 35832385
35924632 35924633
275440 35939594
36032716 36032717
36033407 36033414
36033634 36033637
36048023 36048027
36050547 36050550
36052263 36052265
36053784 36053789
36055688 36055690
12466692 36056054
36061838 36061839
21772877 36106195
10112372 36106563
36109176 36109179
2755855 36112083
36143692 36143693
36143698 36143701
11343925 36144596
36160245 36160249
8500810 36161317
36169814 36169820
36171261 36171264
36180748 36180751
36193539 36193542
36200920 36200926
10603698 36201381
36202228 36202243
36207372 36207374
36214528 36214531
17117046 36226631
36226992 36226995
36227026 36227028
36236499 36236501
36236829 36236834
36238046 36238048
36239578 36239580
36252949 36252953
36265938 36265945
36282483 36282486
36299405 36299409
36301239 36301248
36314266 36314269
36314774 36314777
36320270 36320272
36339247 36339248
36357584 36357588
36374877 36374878
2705020 36389723
36391885 36391886
36392158 36392163
17093490 36413942
9721499 36421367
36440483 36440488
36464220 36464229
36472236 36472239
10469801 36477783
36456282 36479776
36484623 36484628
36509535 36509537
36513717 36513718
31753850 36517125
36536361 36536371
2486891 36537064
36538048 36538051
36546037 36546040
36547373 36547375
36571147 36571153
36573930 36573940
36575492 36575494
36575521 36575523
36575727 36575730
7907529 36576780
36613316 36613332
36652024 36652032
439605 36654083
36829473 36829487
37192241 37192242
37194139 37194141
37196492 37196494
37224539 37224541
37360433 37360434
37364917 37364919
37367016 37367019
37442065 37442066
37442482 37442483
37447762 37447764
37448135 37448141
37527447 37527448
37863937 37863939
37864875 37864878
37881435 37881437
37900451 37900455
37975281 37975284
38002446 38002450
38045814 38045816
38073036 38073042
38093436 38093440
38097136 38097138
38097169 38097171
38097218 38097220
38097408 38097410
38097443 38097445
38097462 38097464
38097541 38097545
38097603 38097605
38097629 38097631
38097640 38097642
38097696 38097698
38097707 38097709
38097712 38097714
38097719 38097721
38097820 38097822
38097901 38097907
38097917 38097921
38098015 38098017
38098025 38098027
38098193 38098195
38098198 38098200
38098257 38098260
38098342 38098345
38098359 38098361
38098362 38098365
38098373 38098375
38114501 38114502
38158571 38158572
38214387 38214389
38241713 38241714
38483275 38483278
38490195 38490197
38495895 38495897
29766708 38495902
38531456 38531458
38531482 38531484
38534278 38534280
38535188 38535190
38535195 38535197
38536242 38536244
38536310 38536312
38536861 38536864
38967451 38967458
39049265 39049266
39129167 39129172
39147987 39147988
39406452 39406455
39407650 39407653
39566201 39566203
39821261 39821262
39831408 39831409
40153885 40153886
40351119 40351121
40500873 40500874
74755 40517453
8865809 40537120
644512 40580963
114032 40646078
16601126 40661322
920912 40661837
100714 40681550
573093 40699872
1012887 40708900
64483 40713060
25898701 40741710
25898701 40741711
11967867 40766697
40787327 40787340
40805569 40805590
499615 40809882
12002232 40837511
7797382 40865346
40885074 40885081
40892484 40892498
21646055 40893824
21646085 40895940
2480496 40910603
40913102 40913112
10009167 40923328
843421 40930531
701973 40943184
876857 40994098
763791 41016355
41016463 41016478
41037389 41037391
439584 41044694
28389887 41053141
22199999 41121262
41121743 41121749
2348860 41149523
2961436 41159971
41192004 41192010
41196467 41196469
14928840 41211501
643722 41216747
16900718 41220106
4465814 41234207
2915526 41239447
16980306 41284612
41320415 41320422
41343716 41343720
1179618 41346625
29730896 41352850
41552115 41552118
41555207 41555210
41558024 41558029
40889921 41563060
41568585 41568590
41586051 41586064
41618143 41618151
41618946 41618951
8007865 41657656
41699987 41699988
2417716 41743957
16672615 41759518
33121103 41772982
41779771 41779774
41802824 41802826
41877621 41877623
41882953 41882956
41916676 41916678
22336196 41931042
41937076 41937081
41977808 41977812
41979113 41979118
41982051 41982054
41983858 41983861
41984118 41984124
17117049 41985329
9184462 41988717
41992539 41992542
41993357 41993360
38098370 42000727
42001636 42001638
42002067 42002069
42002417 42002418
42006108 42006112
42006144 42006148
42006640 42006642
42006698 42006699
17545973 42006710
17545973 42006711
42050058 42050061
42056162 42056171
42064267 42064271
42066875 42066878
42085566 42085567
10376341 42089395
42091115 42091126
16645578 42094288
42095504 42095509
42095733 42095735
42100869 42100878
42103332 42103334
17083114 42104731
42105210 42105213
42138823 42138831
15869235 42138893
42139058 42139060
38073041 42139404
17034848 42139965
42140392 42140394
42144536 42144542
36115777 42147863
42148618 42148629
42149134 42149136
42163377 42163380
42176273 42176279
42180729 42180732
42180786 42180788
42182023 42182025
42183146 42183148
42183234 42183239
19788837 42206662
42238162 42238163
42240310 42240313
42240938 42240940
1300240 42243922
42265263 42265268
33153654 42265408
42269798 42269803
42295253 42295266
42315468 42315471
42317203 42317206
42319676 42319677
11315460 42320884
6356347 42346917
6460929 42348396
42353801 42353811
42363560 42363561
42368395 42368397
42379514 42379516
42384417 42384423
7893006 42385439
10281456 42392019
42407036 42407038
42410944 42410953
42411617 42411618
42417112 42417113
21647309 42435527
30349713 42446537
14374292 42463605
42473539 42473541
40611017 42473787
42477506 42477509
10484568 42495380
42508103 42508106
42508668 42508671
42509114 42509115
34757895 42509268
42510820 42510822
42511729 42511731
42513625 42513629
42888312 42888314
43010620 43010625
43110417 43110423
2859041 43123854
43141991 43141993
43275829 43275831
43275947 43275951
43275995 43275998
43278284 43278293
43285637 43285640
43299491 43299493
43347530 43347531
43357141 43357144
43367648 43367649
43381290 43381297
43639348 43639350
43680632 43680634
43681443 43681445
43703433 43703436
43790775 43790778
41847294 43915289
43952837 43952839
43952857 43952860
43953165 43953167
43974128 43974129
43974227 43974230
43974644 43974660
43426632 43979457
43990989 43990990
43996984 43996987
44001453 44001455
44001893 44001896
44002018 44002020
44002043 44002045
44002090 44002092
44002123 44002125
44002420 44002424
44002434 44002436
44002450 44002455
44002475 44002477
44002480 44002482
44002530 44002542
44002543 44002545
44002550 44002552
44002639 44002641
44002669 44002673
44002686 44002688
44002689 44002691
44002746 44002748
44002752 44002755
44002773 44002775
44002981 44002985
44003055 44003057
44003102 44003104
44012426 44012429
44019227 44019228
44054555 44054557
44117014 44117015
44370189 44370191
44370224 44370226
44407666 44407668
44411006 44411008
44411089 44411092
44412702 44412704
44632470 44632472
44896918 44896919
45000822 45000823
45404065 45404067
45424683 45424685
45676284 45676285
46253228 46253229
64405 46343907
916227 46384479
15343291 46399948
46434952 46434965
27922266 46452717
46463281 46463288
412996 46468498
64494 46475701
64509 46478129
8755182 46508656
1212101 46522345
9461949 46525915
64527 46555644
46603361 46603368
34834721 46611989
7299169 46614552
46615325 46615328
34835593 46653306
990544 46656379
8745916 46656855
46678510 46678530
2964537 46698838
175243 46705260
46711077 46711082
3822271 46714381
8843262 46719574
28515527 46731376
46743608 46743610
146510 46748319
1393197 46762203
15290820 46788316
2508079 46796374
46802045 46802058
28153819 46809026
29918683 46809196
642712 46826622
618717 46828658
35953259 46881387
1790178 46892046
398351 46922876
33786649 46943307
668485 46945267
23734228 46966140
46978110 46978113
46978588 46978603
9941471 47007992
20043728 47060978
2118084 47063128
47086768 47086777
35379316 47148933
33121420 47166236
36083453 47182998
4917944 47207593
21643144 47250101
47296984 47296993
47300010 47300022
1300227 47347240
47348087 47348100
47424953 47424962
34851724 47425273
20769580 47444493
36154804 47446706
47446728 47446736
47458561 47458565
4468726 47465301
47475434 47475440
47477899 47477904
47486968 47486979
6370390 47509775
47630575 47630577
39733056 47674627
47699675 47699685
31644094 47712741
47738057 47738059
47761824 47761826
47762163 47762165
47764540 47764550
47765731 47765733
34900709 47772216
47781293 47781304
22358397 47806701
47832057 47832061
47832711 47832714
47833893 47833896
7987887 47833997
47839479 47839485
47852714 47852716
47859683 47859684
47860865 47860869
17300260 47861714
47883273 47883276
30418263 47885821
10268231 47894574
8556626 47897768
47911635 47911638
22200004 47911918
47914602 47914605
47920996 47920998
47921022 47921035
47923736 47923739
47923800 47923803
16991338 47924679
47936152 47936163
30164614 47937812
47943641 47943644
47953123 47953125
47953539 47953546
30396557 47954144
47954767 47954770
47982661 47982666
47993247 47993258
47996681 47996684
48014503 48014507
48022548 48022551
48030694 48030695
2432514 48032463
3050347 48034456
13276716 48035978
48106808 48106811
48114819 48114826
48168069 48168077
48173892 48173894
29784553 48174194
48175631 48175633
35625642 48178675
48214311 48214312
48218125 48218128
15607908 48219392
48244642 48244647
15411585 48256440
48275925 48275927
48276523 48276525
48277444 48277447
48278119 48278124
48279602 48279604
48349487 48349494
48410715 48410722
3002885 48412089
48419366 48419376
2310772 48514317
48561619 48561621
17459877 48889794
48975386 48975389
49014872 49014874
36374546 49019789
49020480 49020483
49024555 49024556
49027138 49027141
49029621 49029623
49029880 49029882
49029924 49029926
49030071 49030073
49030626 49030629
49030676 49030678
49087227 49087231
49102642 49102643
49102645 49102646
28971012 49113024
49151889 49151892
49202260 49202262
32486616 49386445
49441566 49441567
49456076 49456085
49504910 49504913
49521485 49521489
49589970 49589972
49590640 49590642
3184151 49700242
49700515 49700519
49700685 49700686
49704875 49704878
49705435 49705436
49723312 49723315
17117047 49724326
49725036 49725039
49727848 49727850
49727857 49727859
49727895 49727898
49727909 49727912
49727923 49727925
49727998 49728001
49728065 49728067
49728098 49728100
49728153 49728155
49728289 49728291
49728457 49728459
49728478 49728480
49728505 49728507
49728546 49728549
49728573 49728575
49728602 49728604
49728609 49728612
49728631 49728633
49728677 49728681
49728848 49728850
49728877 49728879
49728972 49728974
49728995 49728997
49729100 49729102
49733879 49733881
49733890 49733892
49734999 49735000
49735656 49735658
49744203 49744205
49777151 49777154
49853532 49853534
50014360 50014361
50050074 50050076
50056105 50056108
50067921 50067923
50068688 50068690
50073816 50073818
50073893 50073895
26804985 50103252
50103771 50103773
50106972 50106974
50108631 50108633
50197732 50197733
50576678 50576680
50578610 50578611
50597024 50597025
50939392 50939395
51263074 51263075
51353510 51353511
51650614 51650616
12980588 51653697
