5645 867
49412 49435
59533 59590
66404 66453
69874 69888
75121 75154
75407 45782
79904 79921
80437 80449
80531 80549
68815 83116
93277 93299
95432 95505
116684 105573
123947 16597
124840 124854
142259 142291
142667 142680
149030 149049
161820 3167
162598 162614
175980 34149
182619 18030
190964 16424
66085 198498
200809 200820
205983 206002
211526 211543
212237 212267
227170 227183
255397 255417
255604 117171
275832 238947
284096 13483
291130 291153
309330 309364
309728 15519
315902 263739
316231 292193
319865 319885
325339 146008
336811 336860
338934 338962
348343 348360
352795 352829
354090 241663
354245 354274
354344 7186
354585 354600
354611 354640
355133 355165
355229 355254
355452 355470
356275 356296
356354 356375
356959 356980
357715 357742
358061 62117
358391 96627
358813 303760
359018 359059
359150 359176
359233 359249
8449 287861
360047 360065
360153 191668
360758 360775
360833 360857
360871 178797
361155 17671
361337 361351
361437 345337
361455 49652
361688 361703
362122 286579
362455 362477
362513 362535
362543 62204
142812 362737
363134 363143
363498 363514
363517 363528
363713 7341
363953 363971
364007 364034
364270 364283
364413 364431
364481 330122
364524 13547
364650 364664
364758 32297
105367 365941
366121 86924
366607 41875
366753 366764
367122 327515
367316 367332
368136 231920
368628 368642
368718 368744
368915 368924
368949 368973
369075 369090
369658 369670
370239 370258
371633 129353
371716 267924
374701 86915
379505 379524
380811 332598
381287 148689
384445 101379
384855 384873
386394 386414
232754 387064
387819 387832
389112 389129
375217 45584
391783 391799
392274 392286
392408 392414
392627 392638
393787 393797
393807 393831
394692 104639
394720 394739
395148 354923
395622 395635
396968 396977
397061 397071
397143 92886
299092 397487
398092 398107
398621 398637
399111 129687
399879 399900
400115 86576
400164 400175
400176 50886
308772 401424
401601 373554
401663 401673
399242 151572
402125 85063
402419 402438
402571 402592
402681 187873
403966 185404
404357 41895
405006 405018
405812 405829
405922 405938
406287 4194
406296 406318
406477 406490
406597 406602
406838 328515
407023 407040
407148 407151
407351 143380
407550 407559
407588 106176
407659 407675
411725 291147
413593 413605
415647 415660
422606 422622
423849 98937
348347 2952
427450 427457
427873 427884
428528 428546
436473 47625
440491 440515
442494 359108
477820 3033
481844 447943
488611 156670
502314 390987
516957 516987
521139 521159
523667 452260
543409 543417
543874 543886
544298 544308
547725 547733
548919 188006
548985 548999
549172 102158
549844 295802
550958 263371
551215 551228
551358 472322
444783 552261
552557 552566
552678 552689
553086 417019
553441 553449
553611 553625
553804 553838
554008 554022
554247 443326
554387 379501
555161 128464
555345 555366
555524 555533
556097 556106
556229 102446
556948 124102
557939 254745
558632 294784
558664 558676
559074 559087
559265 551689
559504 559510
560146 560158
560427 118500
560634 560643
560669 560688
560766 40797
561451 561465
59306 561911
562132 302719
562306 562335
562342 321024
562451 71992
562797 562806
563599 563617
564010 478409
564166 149026
548386 312198
564763 136770
565370 565385
565439 565450
565465 565476
566448 61676
566784 493413
567426 4500
567492 230205
567790 567807
568348 568357
568927 59807
90046 570379
570682 344547
570843 147575
570875 570892
571134 571147
571354 571366
571417 571430
571535 390887
571665 571675
572411 543338
572413 572419
572561 572566
573700 573710
574062 424280
574395 382016
574631 574639
574640 574654
575903 151114
577162 577181
579588 346005
580498 580526
581143 213666
581198 581210
584854 584863
585336 562866
585431 585455
585762 585784
585959 585964
587048 54140
613379 613395
16731 52446
623457 623469
624381 624387
62435 625434
625468 625483
625713 625725
626140 626153
626506 489953
627410 232854
628117 628132
628154 108499
629548 629555
631030 335542
632213 632225
633667 633675
634234 464344
635171 228490
636924 424938
637046 637060
637415 637423
639875 293473
640112 367414
641215 641227
641724 641733
642396 642399
642488 163642
642955 642967
643350 642905
643463 383736
643935 643944
643951 529660
644422 644431
647172 378260
647223 54488
382356 647835
648678 178549
648786 88646
648798 549602
650436 650444
650920 319233
655989 656000
657163 657186
659466 388121
659729 115432
676534 676536
677650 231689
678459 271660
679437 137448
726844 87788
750972 392749
752127 752148
785058 424939
175986 67518
809024 52472
829295 829304
846244 846252
909501 909511
916677 916689
161837 920536
932821 60409
943524 764041
945354 257121
325690 333918
1006101 22264
1063098 1063120
1068314 749679
1129730 332138
1149941 547732
1151163 1151172
1151993 79142
1154018 573892
1154944 448925
1158468 604350
1162157 125377
1178677 239017
1188084 1188091
1198151 1198158
1220316 926710
1243531 612771
1252741 1129707
1256732 794747
1294820 827524
1307207 41540
1319653 1319655
1319683 1155490
1323384 960211
1326728 1326738
1340602 1340604
1345877 1144517
1350095 1350099
1350118 240203
437112 353421
1352467 169657
1359232 267484
1365081 624043
1369113 1181296
1374100 1374120
1375612 2038
1383148 262090
822912 1387392
1390965 1379461
625469 757242
1414694 1414705
1422082 1157660
1454842 507586
1476042 1476049
1493965 1306243
1496020 126069
1496698 214471
1512454 326627
1513889 383904
1519499 1344431
1536138 1366445
1561932 291069
1578931 553294
1583641 640306
1587112 900918
1597038 1408894
1606198 135046
1625999 220803
1685949 242330
1685975 990142
1688247 498310
1689441 725644
1698565 172160
1741142 127172
1743078 1210052
1755891 861741
1767767 714184
1777542 748506
1778973 772405
1788186 1788190
1803024 40497
548487 1359191
1877767 1128348
386402 440904
1886263 1886269
1898545 877001
1913343 632427
1920589 822890
1947360 437448
1961228 891040
1976981 1976989
1999854 531437
2033165 2033168
2065247 2065254
2076814 2076824
2095051 2095056
2097572 1154716
2154384 440150
2224968 1063689
2255388 469212
2257926 138196
2258182 130054
2313230 2313234
2317651 1337653
2348453 600227
2373714 219591
2378910 1819826
2379543 1588205
2381590 399196
2435726 2435742
2444490 1395175
2496198 147152
2535657 1259386
2637594 2506978
2675569 308064
2686715 909747
2714862 1057631
2722912 807886
2724627 945322
2763839 1854682
2779756 2779759
2785437 1928430
2802517 1938026
2908292 218793
2913858 599975
2914167 2914171
558960 2926988
3191878 254565
3403795 533793
3403972 2218350
3419979 194447
3431105 3185171
3463752 622002
3496387 3496391
3537061 150693
3816291 2250773
3816562 610530
3885724 242542
3890529 324274
3892872 141075
4039578 710598
4057224 4057232
4076965 1194396
4086125 822434
4175982 447643
4195026 1264521
4271486 1107736
4278811 2760725
4315469 3829827
4322250 524767
4322748 137282
661085 4334961
4565288 3261916
4841376 651477
4852934 578332
4872395 1826438
4878948 639872
4976663 1112424
5038665 894270
5077098 813652
5196361 87352
5224682 2094047
5594175 1075975
5616231 93549
5682047 1959888
6305798 2258187
6349791 526272
6507361 3974327
6549846 2525414
6780406 851136
6969632 1847032
7956171 758207
8124240 135957
334906 340322
158478 251151
64532 1304757
8159886 265847
78200 1327505
258405 288415
911297 37102
206663 220870
58986 1756220
8187515 327418
651105 1986561
512881 556648
178350 469806
7646036 237041
8256937 654304
8256993 188404
273600 36779
8269518 88703
8270555 28342
8276731 232790
8278030 75672
8278337 3799200
8286532 1026944
8289324 8289331
2564763 2177953
8299323 1887675
874440 17235
8315521 456668
8316307 103524
1597775 57722
8323695 602821
8324241 1093830
8329802 71136
8330953 820135
8335854 736946
7793393 145029
68818 377530
1033071 2321018
8348022 1302951
8348934 126533
8351952 635385
7838260 516367
436584 463737
501819 197166
8370083 542458
1012456 59228
337255 163158
142777 67532
2320786 213274
5583462 476570
3443315 1416349
8375603 227779
8375839 99242
8375939 309024
8376288 237424
8376514 163874
4175727 311056
3525356 562762
8377305 724777
1006180 278497
8377843 225135
8377896 68713
2049517 748241
8378265 18471
8378357 119191
8378942 255965
8379352 658013
8379691 139571
8380316 61950
8380863 460387
8380895 542250
7113936 393396
8381315 423448
1244614 248419
8381365 22948
8381596 208875
8382477 420981
8383083 199623
8359125 690325
7113804 1163397
8383666 212191
384453 1118549
8383860 69294
2902723 697315
8164874 371324
2137610 495453
8384820 226966
8385212 36403
8385327 786296
8385466 1792219
8385544 167789
8385971 83468
8386041 647616
8386392 576257
8386646 569794
6970859 34436
8386777 51081
8386995 327839
8387005 66338
8394523 222374
2375481 675019
4886830 1421530
8395750 161584
8396266 2518338
6288198 249729
8396836 1419626
8396964 2185
8397012 467131
6090155 381569
8397384 649058
8397626 1246483
8397880 212154
906713 6926
1143110 1360832
7126980 2004942
8399498 301555
2293660 1894394
8399617 608489
2792090 102719
8399983 612641
3043992 1048284
8400845 395519
8401727 840403
8401844 285928
8402096 64870
4769107 1171431
8402540 230827
8403073 248626
8403926 2549625
8404568 1117553
8405148 1425403
8405553 359923
1890516 2132989
8405954 705310
3054247 572434
8406757 1135349
8407347 1098093
8407482 524263
240479 75066
2353054 224364
8407943 574847
8407975 66094
8408082 2157483
8408469 248479
8409161 1146083
8409191 390988
8409530 247226
8409557 308991
8409732 1095539
8410441 294749
8410525 766120
8410683 1973844
8411535 401247
8411896 89880
8412017 157045
8412459 1875105
8412617 78731
8412677 88943
8412817 474338
8412883 7190403
8415537 859814
8415838 542494
1683553 934813
8417807 872972
8421700 1543110
330680 1946050
8423413 69789
6419607 241436
8423999 768517
2472355 3437
2691418 121821
8427743 3801437
8432496 82643
8437830 322990
8454222 126314
8466306 2178951
8468963 140075
8471632 633305
688601 277423
8425985 229401
8483955 3819983
8497464 2288663
8517361 1031818
8517962 660104
8518634 587422
8519522 325683
8519740 1697039
491521 331207
8329390 4130732
8520034 271995
8520245 353139
8520329 623139
8520389 60850
8521245 761817
8521404 209493
8522191 2080696
8522253 478627
2054911 281653
1714721 421408
8523018 899025
8523480 39982
8523949 1458385
8147167 901459
811277 282280
8524411 116379
8524494 542540
8524571 582903
8525172 301819
82665 297396
8525517 547083
8525533 2476568
8526283 6746256
8526396 1992657
8526839 53999
8526914 730571
8526997 3125
8527020 849267
8382671 551130
8527922 282351
8527962 619647
2782529 4891266
8529203 173501
8530376 251303
8530579 50106
6863398 921415
8530829 251574
8531220 246273
8531306 279985
8531914 1100536
8532769 222411
2208479 692701
8534906 108220
8534925 417718
8535058 1704624
8535511 1387467
8535788 940759
1814137 3542260
8535921 429827
8536338 320924
8536426 3923650
8538065 511232
8538508 593899
8539454 494340
8539480 2467239
8540252 522346
8540267 421824
8540986 1979216
8228554 213222
8541373 948934
8541507 156409
34098 84698
8542405 217981
4968002 560515
8544266 96680
8544318 166114
8544479 348591
8545101 2330185
8546142 268631
8546266 43933
8546825 361280
8546994 965197
8547503 62196
8547681 294789
8231649 2862581
8548219 509023
8548385 532528
8548581 872970
1225475 210990
8554014 90588
8556982 438928
8564468 2412369
8564883 585343
8221381 1248448
8577126 263922
8577281 1896366
8577775 7323943
8578358 512026
8578508 33594
8579137 107742
8579307 1621444
8580795 934320
8580885 1458799
8524419 1985171
8582512 416231
8583468 1459053
8583514 488754
8584302 3862970
8584902 682740
8585149 1951171
8585915 1936044
8588464 55443
8589442 350354
8589888 715665
8591111 506581
2049830 293589
8593018 1031503
8593443 331627
8593890 1057593
8594846 145071
8596195 825762
8596393 4292698
8596425 463885
8596870 915682
8596990 399199
8597000 2867873
8597266 165228
8597316 262043
8598784 2497678
8600071 2056826
8600271 8242092
8600690 130880
8600782 1511764
8601091 1808142
1378265 707114
80568 1392006
8611252 526382
8612835 1638793
8619840 59764
8619899 609378
8620305 1069142
8629254 118697
8631937 121151
2537256 1277445
8777770 1010410
8808508 942977
8843651 366912
8870963 1565437
8873959 932169
8874146 308472
8874564 1365847
8883929 177463
8899672 752802
8913596 564730
8913687 207804
8955288 1366604
8958783 776569
8959087 318053
8964145 2591280
8980200 2630016
1393414 2216548
376033 1107098
7943803 1046
1891215 579900
2301122 579707
9000249 456023
9021298 601657
9021627 221995
9021722 158937
7122992 870743
9029717 250562
9029968 652492
9034164 659460
9039807 1421289
9040346 1261187
9050974 2945114
9096159 936487
9106227 643612
9110272 1115481
9116148 790875
8256043 254237
9138434 97542
9138929 16275
9141651 1217205
9146459 72991
9148693 945755
9170391 295789
9172014 1635100
9172674 590318
9180899 1134978
9187395 1092315
9211804 19072
9215607 645338
9216400 240487
9218342 615623
9220378 965222
9225280 431055
9241918 1508246
9285609 6071928
9286467 737090
9296289 422508
9307109 131556
9309013 929189
957648 6943
9326692 223196
9336125 1094856
9352020 1150772
9353344 352690
3205713 456834
9360353 929548
9198010 603323
9373534 1058483
9397594 916239
3878096 458801
9463473 1238290
9517486 979729
9535911 2572823
9259788 3713103
9547175 475003
9553418 176388
9569906 3795943
9575311 2431651
1478654 153351
9613141 1889953
9629091 78313
9640156 484035
9640250 2659084
9642974 308595
1649958 402261
9679197 734475
9680217 223772
9688572 564022
9691623 682881
9701153 486413
9703265 729362
9713845 377165
9723989 6049351
9740560 1339255
9743898 3921615
9745415 563010
9751772 227396
9769364 1369700
9772842 1196903
9773371 426386
9776802 255589
9785375 3725032
1384924 71090
9802980 446248
9824836 964509
9835015 5908
9852813 780337
9879189 269460
9882821 69917
375238 660520
9884466 273569
9884975 690947
9909487 2333785
9965179 1833937
9970756 249144
10035602 475551
10037669 504387
4614136 1163162
10088829 1704330
10105178 744627
10128752 628654
10130947 3218665
10191262 4793044
10228910 260680
10254818 1812234
10262145 411116
10280572 1722307
10369625 1566652
10468484 261611
10511628 4988748
10517525 264903
10527847 198146
10527992 729901
10649184 437415
10664149 327319
10729390 862181
10912714 2302437
10913107 46524
10919816 377532
10921117 731104
11012717 1142734
11032983 550931
11039581 1584850
1174080 34913
11053892 585569
11092762 1366980
11126533 1598407
11188175 870592
11255004 3701701
11284360 330232
11349135 691406
11349289 931582
11354344 1151499
11401786 1091186
11487483 426392
11517971 1191594
11530131 559183
11530310 1994741
11555438 294884
11571602 444124
11571745 1192743
4229692 1168936
11602175 864485
11615400 1305777
11618347 498273
11619257 1478756
11620070 3063815
11624663 862590
11659239 2931430
11663116 1431149
11670426 6528729
11704958 178250
11965749 949184
12097528 1987102
12102111 51161
12103150 817418
12105939 8517669
12124602 1008854
12264509 1588330
12533246 388613
12542086 485193
13563620 764641
13912065 333899
13912945 4274288
13947440 2138877
13953166 26019
14230438 641947
14855566 117090
15238564 1055127
496303 292627
1150711 34925
15268707 2893751
15277370 885238
15278810 55317
568356 546475
922104 6951
15288002 196462
15288203 637070
922105 11157
385783 29168
911298 5747
2537815 1095563
15295406 85685
8162111 1094704
15299036 237285
944944 152949
15311141 903518
15316107 500168
426201 115023
7789874 647112
15373022 295547
15373820 582152
1561934 652286
648403 2409526
15388157 1031538
762127 949807
8323530 613559
15398138 182372
15406155 2738717
10129382 1590539
15423917 286017
10052041 376277
1856685 936806
311834 388086
711361 11086
12925269 535452
15437881 1223774
15438418 786607
15438477 136923
614525 618908
236045 264386
15449142 1287674
15450175 438082
2389593 1356150
273613 163675
11485771 629208
133236 59036
15459825 793391
1912024 2395065
2376989 337809
7794107 312245
1792969 1012894
4230675 95374
7196230 50809
297734 266804
8908231 63257
15473404 73193
15473532 134337
15473583 18651
4028003 3470049
15473920 3842335
8307805 298542
15474062 320213
7794733 261087
8936744 199051
250443 48335
399228 56485
7794752 350263
15475210 285147
15475254 754678
15475655 262235
15475685 474040
1792972 283312
15475781 462138
15476153 1069159
15476195 109998
13249201 23368
15476378 389047
2089437 936407
2144718 384101
10360673 36727
2496044 823004
1880529 1681236
15477814 1870727
15477933 123176
6491263 111002
15478469 3208
10088333 2211686
13126651 85009
614505 158014
15478846 611499
15478936 257073
15479093 554569
7113938 161989
8167975 1442839
142780 30238
15479850 255504
15479876 609713
8919951 34392
8683991 1171976
15480951 380573
15481138 71458
2458396 1416431
7619565 140649
15481631 1946389
10086769 81835
1352746 293318
2098505 601521
15482157 749641
15482627 183422
15482703 62927
15483079 828405
15483410 303860
15483669 54549
10493195 502526
963345 377020
15484287 410981
2904645 1072986
15484342 245507
15490136 1415575
15490500 200711
2380104 419200
15491119 82730
15492210 859152
15492260 333064
1625777 474712
15493760 2308023
8770854 1295393
15494240 600456
15494423 115052
498029 38179
13548997 460645
15496672 582225
15497118 261357
15497151 518053
15497264 305199
1803866 410726
15497882 354363
15498366 909611
15498435 850228
8384860 2052267
6406357 328791
15499314 433276
9459735 430342
15499609 116917
10386469 1896913
8547850 285909
15499779 757373
15499838 266998
15500113 969759
15500532 2764694
15501165 1071208
7104931 263832
15501401 580398
15501419 568002
15501966 569723
15502566 62474
170768 85636
8770852 32122
15503305 467293
15503513 2637000
2024797 260681
15504139 136612
8770871 1743535
142820 576031
10488720 186136
15505112 62964
15505786 525961
15507226 91177
571863 350464
15507534 146581
483571 857750
15507700 1553140
15507933 1576647
15508188 94654
15508268 342847
15508275 62116
15292026 253571
15515334 36200
15515755 194630
819057 614118
4779140 2089483
15517785 700877
15517817 593786
15518215 683295
15518242 1019869
15518328 429608
2960479 266610
15519042 329874
15522328 2066125
15522915 340600
1040358 497790
8635163 1782168
15549063 154447
15562885 6933
310275 334494
1248178 780307
15580070 2733211
12143462 748439
15589019 269473
1160691 87017
15610965 261760
15611488 297820
15611571 1565131
15611661 382348
15611701 466560
8263142 376120
15612094 1173648
15612211 70767
15612892 957545
8770850 228916
15613345 566109
15614066 85780
15614395 127506
7797153 782745
278428 331142
15615214 1011928
15521151 296011
15615394 207692
15615680 158868
15615835 164079
15615973 582277
11663985 2331688
15616364 53960
15616373 268552
15616715 384274
15617142 187077
2368687 61509
15617425 2624732
15617639 247947
15617646 1891597
15618190 49482
15618288 441072
15618542 350575
15618876 307899
15618884 244390
15619632 132740
15619693 6019614
15620214 304913
15620411 319784
15621095 485158
436586 411577
15621358 455107
15621690 574355
768009 18099
15622961 673579
15623004 2443875
15623710 475029
15623781 2265799
1937829 427910
15624258 358592
15624287 647787
15624518 668994
15624553 2433357
8153810 550717
194108 573177
15625215 83644
15625513 122110
15626121 231337
15626560 6528094
15626605 345332
557221 1162529
15627032 3411632
15627092 1599414
15627198 133478
1922622 6046829
15627916 233010
15628305 1290729
15628702 1072798
15628904 48340
2836323 167860
8435889 745210
15630052 483303
15630084 1627039
15630434 3223776
15631633 627712
15631896 745360
15632347 722909
15632973 454114
15633484 230696
15633876 3939164
15634309 1380282
15635025 494009
15635965 1949558
15636234 397728
15637103 116481
15638843 501587
2582598 1009939
15639507 58421
15640807 1053193
15640820 23380
15640907 66677
10499480 1669936
1244565 539266
15665537 361535
15666057 401549
8957898 361147
15667080 2390450
15667271 494129
15667521 226310
15667981 690906
15668021 1492145
15669941 85146
15672283 1947243
15672292 750571
15672964 396597
15674183 2454760
15676404 87588
285578 1090876
15556874 6033775
15678248 390243
15678270 415884
15486169 359702
15679649 552321
15679930 692580
15680068 1431150
8436849 387445
15681035 3211716
15681164 1573239
15682706 415953
15683132 2493320
15683532 236083
15684146 3690206
11611024 143354
15691022 264125
15691075 220707
15691466 246346
15693304 731640
15695743 837820
15700069 1284485
2098497 512692
9683246 1718445
15712301 248306
15459577 212263
15729417 4599971
15730269 2005565
15731729 29708
15743418 116361
2688467 1532870
15773726 1183400
15775991 4298227
15624590 179294
2046776 462679
1273718 282748
15797465 101261
15799404 143248
15814550 1314607
15830757 638146
15837633 486708
1843222 80677
15863743 56964
15868823 1298463
15869420 928284
15454545 376431
15875883 1689149
15881001 1168332
15902816 632789
15905250 920951
15919485 1114217
15920551 376527
15928410 7596824
15934112 1506979
8870381 169343
15935690 1368049
15937074 972906
550633 3051291
2084523 352375
15946743 494310
15953481 1397464
15953731 3895768
9743591 826728
15991434 803720
15991595 299567
15991608 897567
15662495 2084118
5582745 550412
16015951 645160
797512 91789
16036968 1902472
16037381 183543
16041252 711219
16045823 612581
9543794 1567062
16073482 900850
16073650 317382
16081917 1607879
16083091 199331
16091387 457709
16103143 396379
16108324 10948812
16117382 8955196
16120026 1319379
16122089 212659
16123051 1083651
16126417 145315
16126437 6607442
16126481 2600813
16131274 461928
249442 1105031
16164074 493176
16166378 805759
16174084 655128
16180202 1281324
16181249 707107
16192525 3444848
16192548 378720
1885645 650839
1188333 92836
16205149 323078
16225593 1049916
16230714 438872
16240009 261444
16241150 12740455
16281548 599266
16299605 305369
1131307 1446521
16301417 286844
16304332 170769
16324295 561400
16345842 118839
16354278 535426
16360806 3436616
16366346 1146650
16378519 1890442
16386877 161518
16387803 679905
16389230 5740930
16406000 3524751
16407800 524860
16429658 191765
16439029 169845
16439921 2966904
16468652 1315821
16486074 1895592
16497282 132018
16498847 1895969
16502717 806304
16522986 2022679
14522604 179430
1890410 216622
3536873 58622
16613092 1309318
16624994 165954
1447976 4024652
7818162 863186
16638864 1531738
16651522 1525407
16683591 150121
16685890 1265079
16686585 772045
16720016 23079
16765267 5601073
16829219 85416
16847081 510121
4218495 1873890
16914852 3801569
16915147 72320
11209796 1257105
16956292 108222
16965415 1811095
16970945 3797455
16996511 2168065
17033387 1704343
17061763 22456
17084951 1585707
10547933 159117
17129814 555993
17140686 877435
17150845 508038
17190464 1362656
17232239 2881777
17236702 579417
17239085 226470
17242603 436199
17248090 667120
17261827 2690757
17269201 446343
17294147 90950
17307154 69144
17343391 381996
17392944 539427
17394373 185757
17419376 640671
17427084 1226972
17104505 1473929
17513290 448873
17662022 176956
17819938 1290932
17881599 1704257
16422575 894254
17944105 484181
17982820 831391
18136496 22911
18136514 80349
12133070 2597225
18169009 3605109
18232444 627296
18248153 1438365
18248158 949382
18248384 1202269
18255467 825574
18375353 1185002
18401528 2079609
18407689 732687
405995 610950
18423472 1618746
18443196 3352186
18452224 1612729
18456294 358587
18494768 4249750
4614137 783144
18502088 2971852
18502177 1377684
18519681 182213
18550621 650741
18580988 2668216
19042080 696722
19071869 3245695
19082716 563168
19127379 802446
19134605 1734422
19188382 3843511
19190134 276847
19274912 791878
19391572 2398325
2895265 2059871
20047960 2325283
20324751 1047416
1795555 189524
4086833 41065
1979619 251068
288625 197740
21981954 325446
21984967 3918737
10322349 1808860
115811 242649
22009689 1245902
22011964 917815
22021985 967548
22028394 889272
293117 200118
22040250 368617
22048449 928548
1891879 81737
8416397 117830
8537229 592692
311829 118559
22080094 277566
11582147 1386931
1672638 407545
5120618 752691
22121147 86896
4170476 2206655
1012455 16621
17381787 774294
22137694 3074463
22139105 358467
22141559 1061527
1951257 579311
7793694 709206
10286071 249057
1293228 178555
2519079 4757
22160647 488722
873680 48548
22162847 555889
8974589 485315
12131213 103628
15866103 229072
2489367 124052
12520363 303139
12888390 1555877
16268361 243032
22164908 976637
12279805 66939
22165078 573217
8927479 457883
1006173 83236
936127 725444
2634096 637896
2457069 406454
21643907 557749
8352715 79446
22166360 259936
22166911 565589
20318300 773593
23950 541276
22167145 1776460
614510 94068
22167435 886916
1054285 471094
22167576 345155
8172891 1170202
16809602 114304
14971201 333702
14675876 77262
1197229 4317
22168156 345988
1709054 1750325
22141957 803318
22169251 2266782
22170126 1183379
22170126 1598498
7794885 544829
22170159 16425
12567255 386460
16214696 12016
22170728 83696
22171091 33941
8497716 111989
9384211 365643
22172668 346042
22173250 940727
2396061 574903
22175194 329915
22178660 2506399
16121442 670732
297972 1027097
17500752 295546
22179244 217714
22179279 284431
16539551 571900
22179536 863111
335429 9582
947399 74296
3465290 4579332
1197241 9451255
11542447 108078
15375731 343099
22180887 909719
924257 2995933
22181941 1281483
22182176 326628
22183682 267233
13250960 359063
516890 568766
20052396 245563
22185689 137557
961746 260980
16474172 637378
22186143 2703597
2079734 1165951
8168972 746635
22187201 675277
8519222 416080
9589969 1626999
2039482 244722
21060230 243784
18550809 48444
22188598 942169
8839581 495377
22189062 556228
22189915 1010272
22189947 1572699
22190432 411187
16981866 723594
22191004 2853168
22191021 595196
22191166 71098
5187411 140348
22191512 40472
22191688 1705253
195988 11109
10516872 281716
10254527 244591
22192350 617491
4874524 139005
22192920 367871
15733035 384472
22194055 397479
22194093 1695590
573348 746971
2091236 508485
22194761 363071
9285778 15713375
22195229 1310924
8538479 293897
2915896 1401295
9745367 1999319
22201328 935406
22201576 591139
22139631 233216
15894177 2669174
22203458 322061
17146228 347877
8158752 337089
22204953 208781
22205041 590317
22214747 169182
5107948 1985462
22247976 3172193
22255256 7594671
22255566 460671
2689999 36318
21027965 60753
15524043 1310524
16449099 1612012
22264903 74460
2897637 891064
7796936 303786
22270987 633031
8362106 137184
22289897 26128
22289968 82947
22289982 126786
22290232 1997462
22290698 60054
22291170 29181
8713966 830582
22291306 210096
22291502 51516
22291617 481886
7797147 4599454
9760621 1373040
22292368 10753989
8359124 435677
16758468 1447271
22293064 457401
22293964 517243
22294005 1980139
22294482 1431647
22294809 451136
22295205 154837
22295475 988485
22295612 1950754
7113534 2746885
22296905 2087719
8633420 40356
4909752 125980
14233414 2406756
22298057 120047
22298332 249055
813366 2887978
21645699 126408
22300149 531527
22300268 177934
1016178 659482
2944170 4416998
2686911 132964
1812276 1982022
22300735 368390
17071776 241468
9481907 479016
14782900 273502
22301544 96544
22301965 998922
22302471 288061
11794255 1889749
9509264 130268
22303876 225532
22303937 434701
22303999 161687
126310 670028
22304289 679987
22304351 452749
2421677 980311
18766739 384278
1766203 109182
1981474 147716
17456457 3561715
22306370 390795
2445802 131757
22306553 825508
478270 1149938
22306922 1662306
3193502 366464
22307731 1258801
308765 695133
3064162 706424
22308852 492855
22308954 324063
17217191 1214659
22309867 1884306
1790709 15056
379865 329611
22311301 426513
22311805 1378674
22312441 885391
1359182 442263
22313839 247736
22314262 1806604
2886671 879927
14934713 5120315
2103034 103214
22315328 400612
22315421 546122
7697793 535754
19694601 597078
22316133 157390
22316307 666289
22316527 67426
22316656 239389
22316788 1304181
8832891 130883
22317327 2136133
22317409 809397
22317508 173876
22317683 785
10360662 253691
9134975 108278
22327200 1079191
22342172 765599
22344208 2260696
22345651 91240
22347718 812602
22348246 2753037
16933108 1887168
22348955 1100978
22350204 902137
1323759 1188161
22353088 930042
22353487 280628
22353832 40441
22353845 632672
2481180 137479
22354400 1161324
22354548 933636
22354903 781695
22355051 1867802
22356315 28358
22357233 1043040
22357411 135331
22357672 2948917
15786963 767155
22358066 532329
22360007 1085708
22361872 438135
13565070 735861
22363511 382893
9219833 860995
9852815 1676763
22366251 853625
22368449 66695
22368939 1537549
22383648 1527341
22386454 1020793
1754377 6042530
22426314 822918
3146996 82627
22476306 262620
22476336 632137
1698776 1036805
22487722 34728
169832 141544
22529946 347580
306248 469338
22544314 417265
2434360 60611
20467366 110911
22570380 404012
368957 440944
22590138 2482996
22601652 416424
22618876 2943736
22622570 475635
22633821 230713
15557417 342001
22638574 240418
22649976 399918
22650397 1212218
2117582 3800543
22650506 231666
15629118 575370
22675225 488418
22682230 495145
22683070 278437
22685923 2530246
22687206 335039
8974601 1691839
22696772 3433679
359969 2119335
22702919 400350
9658879 515109
8544484 32736
22541839 1373405
22772257 506378
22777658 143255
22785209 76348
22789860 271817
22810806 814722
22820574 482684
22831184 295152
22832654 198071
22833682 2355600
15681709 226899
22845760 7104658
22846096 464819
22846726 644766
22851310 959303
22863039 8722155
22870973 830776
22874349 119634
22874840 1077797
22874861 4517895
22875490 1815891
7105012 131331
22901140 813371
22905235 2472900
22918415 1343106
1162252 1467688
22942825 2295352
22947990 234885
22954209 248549
9991738 1686612
22963403 53948
22967301 345018
22990443 5706373
1815072 2412061
23013453 2278098
12924246 120352
23021150 1050288
23042449 3800517
9355278 629512
23073697 1267030
23081292 354538
23083129 4854090
23092502 1320621
23097305 6015945
954132 818610
23099042 660674
10448010 1643057
23135646 3686106
22164033 771916
23140508 185339
23155603 2801182
23157059 349837
23159394 1694216
23166311 312194
23183002 130348
8975619 704143
23202974 1781899
8228550 15184
9531013 263445
23237590 9164652
22637924 154582
23238032 140352
23252081 1805784
554497 268655
23262830 100556
1622217 9704009
6397218 2607898
3464283 518639
23302464 1695717
23306443 3298423
5691 927719
23345863 1442616
23363077 1086321
23384688 1172299
13611431 71366
23457305 101928
23499994 981507
23529789 277899
4125158 1389323
23571251 5178560
17256004 1502407
23580104 6574815
23583028 1893706
10379408 942722
23606544 2563324
23608434 1030546
15768841 244122
2972094 3579339
23622777 2248685
23644523 555898
23666621 1098520
23692295 903857
23696424 2297124
23702548 568976
23843776 1730642
23871562 436130
23875057 3654653
23887274 1705557
8770037 5735697
23891760 326780
9956851 47324
23950998 843900
23959562 34852
24034853 2667326
24061375 63165
24067600 114957
24068084 252833
24072057 498421
24179490 31848
24297405 1801521
24402761 1191237
24558528 767336
21878098 236956
24648255 699319
24683836 2597843
24711055 1526584
24732690 1327112
2369103 2423545
24798918 359784
24804384 111272
4076973 1645288
24950126 1853907
24950673 4504765
24951125 1406987
24953473 440229
24961570 82062
24999999 1118326
25000824 196570
25015148 3568234
25025604 3533344
25043765 9052762
25043852 2904171
25048740 1259680
2860929 568697
15881899 1247936
8847578 255767
25119397 264110
25390100 658569
25493273 1926980
21034018 194127
25508290 399589
25532216 1188224
25554488 1443793
14299655 95355
12278149 360706
25642207 613519
25760596 24842
25760837 826473
25787724 414608
10271543 2578021
25872255 878063
25872266 6081303
25907489 2873656
26255772 3597505
26505028 230478
26723441 1402666
26991349 2714860
27106984 1771604
27252901 2194865
27388657 2713368
142813 999123
11570720 132528
12438628 376117
8974596 162962
585548 92061
15292027 741092
20459424 198328
305481 238168
10340890 1577981
28387644 330564
8769941 358781
843804 11477
596517 252388
4222691 173821
28407834 33531
9236795 1322392
2496947 1335719
28428314 653538
5040278 588240
3387900 33901
28440251 395760
28450877 68876
142786 138521
8228553 531397
2121640 75644
2047261 136327
28465211 91413
22819202 379243
28474262 397974
28477531 345039
16692440 1343714
28479326 751208
3384691 600780
516597 77643
28498715 78605
17472390 1152478
5820866 1554057
8687849 94783
28508991 202925
8770855 450023
7793312 1906985
22953636 476663
366608 246670
28531451 1564404
9981191 9921902
389900 448910
2620823 600925
614529 5701
268191 688568
9428400 628946
8494253 177966
3822743 171283
22538362 109588
28554271 815513
8866969 20846
2856962 48295
614516 227841
178346 78317
9581979 1588775
1566276 261329
8770857 337061
16406946 713685
13704823 16022
2778688 274155
15514813 157920
16084363 757076
4086898 165096
28556463 245026
15835312 491505
11018871 123351
17341162 151107
23061985 116287
28457637 461244
14932506 132699
440528 256010
22638331 585484
28558226 1982373
5774172 219038
28558579 506147
28558770 95120
22969663 249172
22319584 81680
4221091 276429
9630248 322730
28559875 162541
9757893 7266
2753231 1252666
4268895 250396
10684664 84608
15782226 118235
28561008 94645
28561560 1177604
28561619 347944
811278 386361
2134329 639047
28563520 284894
28564162 171093
28564355 69341
28564418 239462
2306268 13295
8737654 12737
5218457 3218353
21996906 935243
28569819 289277
10441580 1196785
9451465 75423
28570422 423406
7795097 393633
28571053 99298
28571750 98410
28571809 131055
28572370 73195
28572963 244274
8940725 1026764
8770861 120661
15454613 5587195
2457009 316421
28574948 711838
28575028 538831
28575075 583091
15188158 1735436
3415378 496866
28576657 573763
28576745 374298
2419583 116381
28576834 1487513
791013 127809
28577497 129777
9422562 478969
7327499 577247
15561192 818917
28577979 680509
22516168 336384
28578053 927778
9611442 151424
9764288 819771
28578827 644349
28579567 513279
16934646 26608
820658 3962508
28580666 3405015
2060082 804931
2904644 264472
15071808 390576
16442429 1702818
28581627 1332037
28581656 1014403
28581864 1360620
28581872 1489944
28581928 1928621
9005403 223438
28582337 62501
452857 309002
15268758 297986
1122199 358959
285649 198960
28583837 439666
28584061 659755
2747157 267536
22684784 12417
28585346 2986135
24995362 312546
658991 2089559
28585724 870347
16382385 1092093
28585811 353316
28585825 296129
28585934 1743177
28586083 831204
28586188 925664
28588967 349474
28589864 1901937
28590865 390376
186361 2599780
28591161 1444072
8832066 1057890
22834411 1092135
28593798 383249
28593873 246345
28586580 427225
28595026 3660179
25875831 294274
28595349 1011053
12561346 1073807
28595996 159904
3684653 304070
28599016 364770
15428568 247240
28600860 309884
28601881 461535
28631159 695034
28650625 610248
28657562 455373
28660668 2071119
28673208 1413900
1373788 29552
28677190 367974
8437840 33653
28678134 711220
28678406 343670
28678458 195667
14298970 110987
28679092 996086
28679110 3009559
1872830 452988
23159673 1456119
28679937 432659
8488029 331448
15794900 1244577
2537251 149952
28680398 582627
490420 1450477
10499374 59206
8592636 264090
8669969 2243140
28683310 1588147
17814293 297706
1777592 1741655
23539438 771434
28684829 268512
7797179 902703
28684878 34950
28685881 3682226
222614 66456
8528033 34555
25879363 1015869
28686520 227606
23274773 1969929
8988151 110218
28687179 1676354
28687713 1275380
28687781 1300909
960476 1041696
28688242 1050245
9269103 404680
28688511 26035
8714003 457822
28689570 432676
17033043 117422
15939490 267050
28690701 943260
28690719 1711842
28690831 36978
4466141 1850380
28693101 744026
28693527 1174724
28693551 928375
28694164 457087
28602866 480286
28695073 447136
28695712 894000
28696268 447770
22107343 875526
28696411 227517
1981476 1488511
28696854 242512
2747155 1195711
8288432 437181
28697808 16281
10534298 463561
28698837 127780
28698854 642179
28699117 104180
28699167 7129217
28699442 1482051
2633272 190757
8228546 566981
21645759 614101
28701874 6852812
28702386 945659
28702715 307430
28702909 793056
2465052 4757048
25873404 477968
2537248 269722
28704692 104805
28704851 32519
28705009 686592
5072881 218568
28705206 413324
21068290 187995
28706210 240740
28706889 394960
28713173 1039749
223915 171722
28715016 3208994
28719977 1225490
9401820 64771
22921156 364097
142789 903256
28730278 292580
28730369 8234594
28730762 542273
28730884 316301
15454928 922490
13646564 297205
28731697 2785762
7012049 365802
5215241 246782
4585647 357410
9012618 580888
24233747 476799
28734610 640483
28734631 15854
14654010 823001
28734687 1000905
28735898 245433
1868675 574948
28410885 290961
28739573 235844
22059555 48355
23159682 1302885
28742239 356555
28742261 645851
28742504 44748
28742648 1540568
28742672 325447
28742905 453409
28742972 998183
10268417 812937
28743155 191992
28743321 1206632
23594824 1608183
28745400 76943
22250350 1010155
28749109 132990
23124474 300205
8792099 110841
28750588 329859
19012458 2806427
28752852 453021
28757486 1118
1449624 635559
8256796 228214
6806000 4076984
28802652 653402
28806673 2078871
28806941 4789922
28822944 23584
44718 535264
28750205 257109
20046598 1297354
9355941 135146
28854521 4213672
1996588 909741
28877279 812173
1468035 314467
28884596 1450063
28885489 308560
28898391 1056920
28932822 2632322
22203056 293350
8994066 132706
28942077 546818
28967731 9066
23061976 571427
28981235 1970440
28982766 300168
22163456 1136676
28992198 1038366
28992506 748361
29005740 276581
29008665 504005
29012203 667069
732991 3820181
29038000 221001
29038334 565216
29039778 855682
29054193 239256
29062548 828569
29063842 378928
29066353 1585820
29071092 3804792
29092571 749855
29097774 1287821
29097872 819629
29101656 444631
29103559 2959531
29116467 3299327
29128495 781385
26917912 561948
15627202 165803
10506585 543307
29160956 1532324
29165091 524201
29182003 27833
29192955 1371570
29209469 121199
22508446 1389777
29210629 61572
29216673 1348790
29217598 3444849
29230577 2964127
29236130 480280
10004954 1775125
29241907 20326
29243112 1439318
29246098 665596
5115707 2112927
3381949 1142819
14304741 585751
29266170 1918505
6366004 562635
29273324 118582
29291010 2166282
16334861 686301
10276900 1164758
29331241 95873
10500351 4274574
11611028 1367066
29340732 707280
29346073 356112
29356865 89990
29360732 2955806
29367818 2328802
17965105 496298
8337149 319231
29385242 1303087
21928916 1360109
29433711 600561
29434685 2745361
29368082 87396
29443547 2442482
29445103 82735
29446148 2372957
14298879 1426325
29458431 572946
23690959 1310394
29099598 675711
29482266 3554469
29499998 2583205
1889064 4873498
29536956 416562
29541726 1945491
29542082 150250
29614500 3237310
29622968 150833
29629538 442454
29631782 623977
29650826 271142
23351038 252375
29662442 2363146
29664619 113753
3151285 442593
29666099 181072
29671402 2598134
29672845 217918
29679436 1863671
29709589 645739
29734655 2183024
28067251 412992
561327 2068259
29866397 1430979
29879823 1557116
15956955 367427
29888029 3202673
29895172 372338
29896521 527187
29903621 278485
29915093 274513
9937342 1465434
28899446 186383
29934694 851043
2976460 1058757
29955866 236438
29961766 320916
29982168 6047090
29992064 961093
1681599 567007
2570966 3799487
30039723 894368
15071563 273828
30067237 1460886
6002227 554218
30084597 3197986
30092517 3039483
30095025 10809
30166969 635818
30169104 141092
8457414 131003
15825644 346499
1908183 73680
30204504 366859
28636953 549360
30209701 1845768
30219068 309042
30223497 52036
30251568 9240368
30257229 705756
30257352 545601
30262146 3798347
30266437 1138340
30268960 58190
28784891 1635797
30329831 1354568
7068228 3897410
30345512 393455
9110274 561921
30350187 2556057
30355341 73697
30372445 823416
23031307 251359
30698025 490630
4639688 3516149
30743093 1978835
7614059 4756973
7353181 3542492
31082763 1020617
31206716 264544
31221507 780120
31236405 1056491
31279530 204085
31289968 1443275
31290334 4140328
31290638 115032
31304402 660551
31331583 1689524
15229198 318867
31475101 1328522
31484194 1215909
31708531 1981570
31782372 3436609
31788963 1128669
5875947 1200659
31986157 600090
32429305 1505362
32446590 127832
32593745 162743
32727447 6885816
32734756 90451
32744230 1202472
33024613 1183792
33178103 1098416
33209083 687046
33543593 7935422
22860075 1022913
304551 34100
10994056 1569835
336605 359695
285893 101027
336602 1061083
4266462 143851
20422720 225141
651076 12460
32159981 7902293
55401 332422
34586509 596959
1559650 44094
34611574 206775
34619516 391789
1058139 720300
1653852 365065
15795591 220478
34646960 672726
9986995 467661
34657532 1014011
8228560 218767
34662416 78837
658883 255817
10029878 268703
16618162 98955
8593328 74224
23062008 1253758
1393259 64553
34676802 907259
9434167 475021
14930421 1816818
9604778 507739
34687634 851057
34687866 600353
32616147 410044
1461625 558801
10385058 943739
15486172 265918
2988665 598273
10484843 223616
34716939 1908122
610310 130288
4614130 158241
4783288 388386
8357760 736863
8761529 255285
22074632 513896
9115821 413602
23065610 822688
16423443 229069
15880279 697161
7495111 618117
1197236 131961
8589293 564216
12558173 148367
17660500 666198
10212353 229989
34540662 1305111
21974212 358953
28457639 58554
2117581 1924839
34721696 400805
1197226 63845
6419603 75875
17491194 1192942
34738080 464808
23065611 240247
255418 655661
34245037 913348
307093 580707
9028860 216563
16525161 579376
8852116 288645
15875753 504610
34739195 773555
16771963 283994
8770846 93201
21643931 635026
9324208 346857
1562457 413055
22547422 433565
12469348 512116
26203994 71158
1247228 680333
2359661 3571674
12253415 2319002
15502242 114390
1682371 18513
34741983 358583
16435412 261984
34742149 74062
4210979 220992
15519795 152734
1792973 218600
22228192 494130
2355604 351101
8201486 223198
9358554 1701700
34744126 492046
34744646 564819
34745235 1201539
836258 1462438
34750785 505810
365320 1342381
1708820 29242
22248339 4739657
13449801 2023652
15375401 1101
21034461 1969046
34753484 516042
34753546 758719
34753657 148883
26915175 62740
34753805 967224
34753902 2740477
34754184 79789
34754285 78662
34754322 813961
9623778 625396
14932810 1086309
34540663 350115
34754684 397848
2747165 608027
2859415 143786
34755814 684279
21036682 60014
27473816 361449
22408809 129796
399229 716766
1291237 644871
22047269 441977
34757487 7696
34757643 11267
28755803 243534
34759419 276512
508102 1833272
34760347 411784
9052537 1229142
34760849 1334632
34760894 785064
10360669 142768
21644348 2758854
34761276 567251
34761748 577038
10145685 136478
1017210 139768
9168260 575689
34762605 23984
34762852 166340
34762952 374816
34763037 582288
10734251 255323
34763976 3004220
34764129 1808998
34764464 138582
34764472 301621
28465109 603217
34764622 388692
34764788 227975
34764856 408380
31776488 412314
34765188 196059
34769688 1096926
34770697 657465
15731457 4410483
11676977 1571318
34771915 1944384
21036573 2738779
12292863 99753
485498 127007
23496079 1384083
23159680 25177
8840714 617227
34773589 47569
34773679 319235
34773726 774086
792944 494632
4767526 129504
8958532 1502177
9258219 244867
34778465 11434
34779948 8813
711168 849299
8413574 458061
584477 37501
22333958 635379
9943435 182178
8540747 34000
34855532 89675
8481448 9601
28692000 1099746
34855809 1155085
34856328 63694
34856620 304829
8816952 349717
34857842 1113166
34858644 2433243
34859237 577558
34859390 8401763
34859640 4299408
29888298 443187
21645677 7158421
409721 162005
34860380 962686
34860407 241361
11618018 725367
34860850 716579
34860878 1095559
1069537 1176639
21034542 460664
161835 6048237
34861679 372263
30280936 101670
238659 1692177
34862152 1044754
34862782 467750
16782918 2873124
34863020 154156
389738 1603866
34863120 1256685
325344 1407880
16328724 72460
34698883 460762
34864135 440506
2038788 638475
34864379 1594811
34864406 299776
21041093 435784
34864504 1910601
8325704 502343
10397993 347781
34864871 735711
34864880 801857
34865501 140663
18611570 217565
2505124 89643
2021989 832881
23372196 388509
12019394 4070758
34866276 218295
34866385 872925
34868007 256212
27487876 1262060
3117153 658346
959831 512438
8458692 527441
8169285 798275
28764885 168263
15771004 1275294
9364529 329677
34825097 884974
34871667 79512
34871680 1412478
34871947 1315838
8367162 254929
34872252 1616165
34872452 2317731
34873011 405936
34873264 428809
34873545 3545018
34874663 548232
34874673 171017
34874741 213345
34874782 1114884
385220 242864
34875017 553711
34875151 2194804
34875364 7646952
34875789 765029
34875798 1051010
34876328 339430
34876642 1565261
34876734 2116759
11547882 56990
34878585 2615629
34879010 325949
334613 2121308
34880924 1492124
34881136 821913
34881256 655175
17362094 221315
631001 117841
4224041 736144
23844554 677622
34895265 1166024
18507089 784940
17082815 938106
34906063 82392
8158741 821696
34906319 1417506
34906388 593986
34907004 225157
3409314 7281615
34907829 949882
34908243 2510609
25007177 674104
34911214 1628596
15301154 267649
34914594 397598
34915005 913560
196054 116722
1225803 1842886
23264968 87593
27220291 2347219
34916440 1947378
34916780 334177
34917007 596001
26422176 273249
34920276 211248
34920858 632029
1848473 2357691
142816 495676
34921706 524532
28457579 114244
16249947 390188
28935582 1316049
34923975 426966
34925366 827056
23216678 1706954
34927292 43737
15284835 242670
34927371 1887088
34929129 245912
1693475 800613
8524499 857505
1668500 1836223
1464530 218625
34932890 1153418
34933116 106442
21033748 1225649
34934665 347043
34938432 897649
34939020 1475058
21033797 412311
34952788 1725026
34953883 136375
34958910 599165
34960460 2577913
16399640 456413
22633740 2185965
6084534 251263
35019002 682870
6419674 340695
35040173 2970271
35040367 1435108
5600562 521469
10426658 1817981
35091401 219509
35101661 156948
1866368 34949
576997 162745
35127620 252427
35137009 1026392
35141052 1522265
35166264 636016
35170261 319623
35177750 52830
34713999 3107325
663164 1027166
22348723 13967
35190188 1432348
35191748 407952
15447875 1803377
35201931 195980
22399968 877677
35230904 769080
35233401 1976061
35246972 8747
35250136 136179
30377561 1202242
25028486 462292
35266523 870363
9560712 65914
35298652 28004
35299427 1641738
35299722 154492
35303191 1476549
35315395 392934
35335163 3911974
35366431 678765
35372188 465925
6999271 1248977
6407092 359118
6426994 179931
35399687 886301
35404758 2372875
35407233 3889139
35408305 317355
35408332 364781
35409842 3571678
35420981 116195
35421041 2550262
35425454 5229299
35426578 353162
35431598 1346611
35439259 2367066
35466027 450042
35469375 441345
27468626 229394
16588502 344591
35517466 3824847
35524684 986068
35533711 2307954
35537184 132144
35540037 250435
28054408 1764854
35596541 553492
7795272 475075
35653091 123009
1559644 2124852
35656484 522925
35662529 2714082
35670059 1630481
35681008 59781
35683141 86928
35690757 63911
35692648 902585
35707935 1473130
1701698 627291
21027081 340416
15434965 1019149
35729410 648412
35027626 1428950
35736962 240519
33662164 2561742
35740726 785407
8158742 342949
35759202 537734
35765807 2051357
35770810 538058
12442589 414272
35781082 1244881
35787844 840034
35806410 675173
35812575 582725
35826722 811666
35834412 7586397
35853059 1253072
35865893 437032
35866422 211394
35871826 1590772
19378191 56132
33667433 665122
35888946 4325915
35905382 196341
35820846 627485
35920298 4754438
35926754 1290341
31356642 1598419
28879711 9443
36086073 3561056
4164518 1146915
36088636 1711657
36093684 638458
36128012 281574
36132017 137353
36145163 1130554
36167154 843716
2776553 3648330
36178253 247394
36210005 375905
36224468 1526880
36251275 1062329
36252222 204731
36304084 2063715
36306648 3734
36326643 387641
36346945 1779299
36352147 1807341
36358404 655471
36387304 1229718
36396718 1272266
36413120 766917
36419450 589407
36427414 834551
36442763 1146447
36483639 224090
36486744 2133733
36487330 63780
36487718 530164
36489402 27063
36493964 720511
36497937 186822
36504190 658398
36509039 1652392
36518967 3044500
36549542 1616328
36559049 80360
36580998 4502486
36605926 1679780
36760005 1675435
36815690 19927
1649013 4169822
36826707 1266445
36901268 3148384
36925978 1245251
6840755 2175605
1792967 485313
37319389 892072
37319466 359117
37320930 392236
37335073 1846304
8624632 1016200
37340647 1125949
37380398 1681273
37380470 2071299
37385865 3528360
37387672 1819174
21037994 2981984
37425219 2074790
37459950 1340437
37507475 10364244
37540531 409602
37728333 976240
37756217 516335
37861898 183974
37874018 601160
37905331 2095269
13638280 320351
27465873 1115691
19233119 534097
38206971 2426111
38214222 402463
38477581 432315
38657598 755777
38774977 694188
38775076 424245
19414716 662665
39131144 458259
39399963 7546759
39479184 652846
39729844 5018577
40106812 36706
22166056 90053
40543675 2026112
16422560 246913
40552099 326178
10545386 906139
1574402 316461
602478 76205
1393907 149516
842049 2546231
7800994 206923
9399422 280964
2353883 849442
40589265 642499
22070352 1548944
40593853 155863
40615798 350753
2082796 1083142
40633004 650489
1813374 1298594
40633951 376273
8169214 135299
16144931 402254
40645607 669975
223913 213844
614520 349476
9409401 582833
10296821 638240
8359126 129513
15869119 658197
15782227 264209
28912055 1668397
40674420 218658
40675470 47306
40675654 2388450
28977957 251026
15960637 639573
623391 264105
40686789 751055
250479 95081
40688405 408793
2190103 414985
23951 158870
1012452 292610
40696352 567699
40696752 369334
424933 583557
15375988 357242
9186270 816807
1948137 243246
16046658 75675
564607 1701407
10373082 411627
3263546 454695
5829087 369328
3684654 37392
22087627 319244
40718823 175858
610309 380586
15279197 119318
297737 69134
1197230 170157
9068042 60240
15286034 348607
2007599 237939
1792971 449144
40719835 1405571
2796817 273812
21036415 1058660
15250041 1162440
1983491 110514
35060429 59962
8778681 32132
12926577 442549
40720647 241825
353503 515711
2491655 27251
8359123 62660
7296152 71063
14310444 275831
40722203 156069
23370347 71788
8479461 780408
15424228 110520
8380903 247296
40722653 98891
34465244 202005
10714453 15001
40723582 692025
7112024 368572
40723843 68326
16444576 288083
40723978 18155
507702 22953
21552945 8223382
7113763 225298
26598098 1359579
21981910 4649
7688094 200078
40724687 908737
40724808 646351
3509249 82620
16741328 159022
21611339 82736
1476209 661744
15513295 24826
40725768 200454
36199730 229062
24036347 604928
40726601 43097
8770862 574400
2089436 247024
22834341 85360
9739113 18452
1937831 391065
34783012 113748
10080696 2157474
40728248 416059
451179 110583
40728630 308037
2747153 216140
21773229 208867
29689942 266041
17032159 1236039
10047575 703962
8878968 149142
15818991 4370635
20440016 1594825
651081 18645
40734628 220370
29397745 30969
40735081 293301
29364479 96408
6335979 216343
40735517 1068269
40735988 78652
27236647 799985
35904424 1600992
8158740 41152
15445220 923949
40737093 248736
8974593 675335
17140608 48400
40738101 114005
9592189 1362998
40739262 535596
40739445 393786
6429829 262924
15568403 891417
427286 239641
639927 1081516
40740306 83268
40740335 257351
7494522 486753
16814724 267073
28519576 445943
40742296 194446
40742442 330423
40742460 62122
40742540 2528928
40742699 168645
16674642 439722
22248305 553328
40743495 736950
675941 231116
1168600 1947237
10823946 280798
40744236 19563
5845869 2451559
15568726 2333550
2429391 873219
40745167 128111
40745170 946844
40745240 72141
10071265 818997
4125986 1136642
40745531 2078642
24084456 409398
273599 80647
2987980 462915
28419189 451315
40747317 845361
40747383 2888
442887 165893
11485775 298610
40748130 957503
33083505 593561
16382386 720338
8158756 68322
40748866 164546
40748898 403271
40748930 191860
367129 192154
40749154 254081
35257927 1306447
40717403 296012
1879459 1316221
27470741 18197
40754291 146007
40754381 59791
2215965 625827
9758151 681100
277717 821217
14125665 2614109
40756512 148323
28797898 1371638
26506402 119144
6432481 1307418
1699342 615199
8821060 586031
2472348 274135
40760423 2994015
40760535 1084302
35279337 280895
27465851 1029150
21980476 494050
10227092 196958
40789495 4051253
16718272 108625
1393661 64878
13658208 323130
40807910 1200318
40835472 4120176
17504938 11574660
29699494 2285
1946077 56894
40836848 324679
40836946 1993933
670753 48299
40837440 325871
23159683 1087256
8611958 59887
40837579 12461
40837754 1760562
22204287 1145577
17077635 1021318
40838502 3081839
40838628 761717
40838819 53778
26500255 689253
21974224 962202
16942051 108221
40839557 1094846
40839887 634355
16355657 11137
965027 2105314
14934566 196567
40841275 813782
40841501 320883
40841772 288647
3457200 2024800
40843146 724831
40843532 1427369
29091264 814356
40843949 69227
9718096 136336
2747166 1551611
40844324 299945
35311332 1657742
15537303 719188
40845477 19618
29696093 246990
306261 2982283
22823540 1017254
15400865 48302
675942 2013756
29488659 203090
17423242 1558754
40847728 249115
191851 328438
23787839 742228
17071773 1927764
40848715 279428
40849325 903940
40849738 953439
40850643 222197
40850906 903076
18625060 445236
40851250 492764
28055678 354437
7113982 623563
31968967 397246
40852160 1632809
40852450 26980
14930104 468921
8490856 1120024
40853049 341272
40853446 2487431
40854241 551379
40854676 1466899
9616202 265550
40855306 104260
22047270 1251733
9621921 1254714
23062010 479210
40859554 2372363
40859595 523021
1995835 706425
2010760 912546
40860839 22761
11897615 45597
40861120 1749354
40861399 2508358
40861472 959853
192094 830152
14299024 1749570
1622630 505723
3002961 514572
17050770 289997
2323601 1431605
40886781 834691
40887009 660305
17002443 2333119
40887425 94643
40888074 1517131
40888264 122757
15691405 634637
40889594 1910185
40889808 2784045
34755146 1023808
40890593 567276
40890706 486106
13126668 470639
40892208 1242316
40892666 1900018
40892776 66960
2985495 965357
40893020 872098
40893049 985788
40894127 3005025
18976440 1649725
16422561 564031
10388194 2163719
15110297 2327266
40896058 1473564
16186640 68323
21060149 453760
10202041 574159
40897027 1154075
40897054 932375
40897923 1001843
40898166 454991
40898608 1135105
40898898 58428
2034182 137395
40899815 269330
11574954 930543
40900343 7600778
40900836 443935
40901182 1224982
40901676 1199782
2172649 4283812
40902044 453081
7322359 801089
40905939 52528
40907022 772327
15693972 2013192
40910880 17709
40911155 431766
40927034 183922
40934690 1261012
8635164 206138
7798416 3552478
1352743 36599
40958708 151651
40972913 9537
7114602 59153
15718076 11243
40986168 288503
2263391 966312
391786 1545686
41036037 246662
41052483 669641
12010172 78603
41065346 332250
28585999 1656856
41072623 102190
9669978 2760159
15794667 266386
8368654 522215
8622875 98057
41109519 3035894
28896467 2052764
2418523 359373
23183977 226205
41145901 637166
651083 118560
41155319 530153
28051500 1699636
41182831 233793
41184095 2643540
3431400 272145
3007805 117692
29007078 1094844
3409652 2430585
7114485 19700
41218157 196126
35067804 942368
41236991 415801
41243125 1580290
10360663 1364780
15878465 6394658
41296625 645276
982494 1367611
41312417 514639
23322759 67248
41328831 693647
22044609 650890
41339014 148072
951578 278967
41347837 882900
36022797 1022852
41357069 1135132
31465537 559300
41371300 591606
41371654 1594580
1124646 2069793
41391521 128878
41393333 3651850
41395444 7925411
41399002 2115430
41402405 12419
41411212 894606
2895202 696550
41431669 534445
29090177 482847
26861404 1113162
41456941 792643
41472839 449200
16724832 681265
8373711 1677188
41483056 329855
41496330 2718833
41496952 526084
41501372 1756160
41503755 1105775
41505222 126390
41508843 3525823
41536596 1074074
5989762 311302
41553646 3942241
41565873 4994325
2603527 135153
41613691 887705
15446954 986344
2725120 214843
41628074 1618357
41631301 619074
41632645 1751622
41647075 265860
41650030 1154621
41666707 266731
41668037 3838726
21206267 689247
3392533 230805
41701090 1110275
41701165 459039
41707145 681750
10465842 1776332
41717745 264132
41719054 641334
41725056 965969
41731983 805222
41733774 397529
41405414 1465029
41745855 266953
41775120 366277
41775470 2080565
8228558 199800
41800383 132858
41805395 532230
41820076 124553
41841585 1501390
41842982 859469
41846296 3157152
41862115 1946601
41891209 960703
41898669 8164859
41911532 616999
41929975 187385
41932033 21896
8802920 922797
42005206 176508
42011113 529470
15666798 398106
42027434 3557955
16070266 3603979
42086961 255463
42103484 1295958
42109686 1884733
25544382 625718
42161807 1368675
42167665 1753463
42254130 1113457
42254179 692017
28597584 138663
42280493 326820
5586284 629649
38785816 1519020
42296567 823880
35015624 3656496
42341176 936091
42350729 854042
42384860 323071
42397617 657497
11567647 4299310
42446208 2252452
42453329 1922182
24509749 436113
42516482 443002
42532555 238291
42554995 637581
20431401 788171
42848714 1068852
42850831 442890
10228915 203318
40987304 474905
43109474 389901
43225590 901239
43237800 15881450
43259344 1753951
15250177 61393
43300755 89704
32743542 445276
43325304 1638052
43326671 10559329
43341819 11038198
29829946 2641313
15566329 955703
43343625 775629
43343636 3147227
5617288 2946023
43443624 319150
43452970 1038365
43566708 62916
43575882 416825
43668726 3546710
43676935 2910409
43757893 809182
43794433 2975759
2418821 628511
43864758 10335810
43903041 690328
26179883 514583
44054678 2924690
44354929 646257
44367961 1652453
38784504 1129430
20458570 2268285
44855437 628305
44961799 15394508
44992285 50694
45048590 1011252
45215394 2629013
21245159 1558860
40254152 290249
91690 1358152
40855 1124093
2727770 807824
8323525 46836
46373462 1642331
8770870 1744952
16700344 90697
8228543 482846
1966587 349662
6491227 132537
15982874 217996
10524108 60922
10507723 196588
466556 141279
46417062 1734407
30745296 221500
6328840 4448049
195631 496841
6329356 547397
337253 1157268
256040 114690
3790657 33776
46487330 469177
1798254 1003438
481072 133480
2678118 1232466
46498152 398950
814991 10541
22623792 86512
9012611 1563966
22566079 20571
21642681 62920
1760727 575016
1774575 1086127
614508 57964
356238 242319
46521653 24887
15431158 97328
22220340 509189
9343777 657731
1293225 150603
16271016 300317
14488173 210885
9452629 577142
296164 115573
1082917 81075
142823 220639
22892576 227135
9452475 466917
443924 125721
40943524 2242
1197244 1156701
28457636 1838686
68592 386467
8525442 764607
6426900 379772
15631287 108086
8335061 167596
581296 622605
21996454 755160
21643867 1312817
16193072 134350
1050277 748159
1197238 214600
17825512 138973
8368655 379935
8770848 555657
2774358 658011
651087 259747
35211881 1208944
46545924 1058977
9776157 1917480
40766983 107340
635885 386910
384454 330948
46546669 653234
27465898 4069658
46546849 323969
46547125 424471
873708 1114047
15677350 604927
161836 125704
46547612 195897
46548016 1054216
7106804 28380
6406355 279358
46548684 1024060
18798927 876298
10802781 241740
26414660 306014
22823541 273835
42922343 499002
28377412 353638
3161063 291621
16422102 13659
4260526 320966
37226250 5195
142793 519301
35006638 717469
9953842 263956
8548518 80577
28054428 901586
7795113 1196182
2370920 1412401
16271015 412696
4909753 1766566
8841374 235706
1151365 271747
39025777 716584
8829512 912084
15687560 458220
16271017 90434
23878498 443236
46559350 129203
46559520 237558
35849661 9470
16271014 303658
46560162 365626
46560352 408170
46529627 944231
16380880 249135
317375 227281
371620 705947
9234115 26606
16657442 376124
46562441 1384856
28600003 252675
46562494 1658917
35777899 128025
41045948 470090
46564080 43576
11667077 150336
22529736 1399424
35562385 289948
46565063 3524
21035618 699220
23061984 366082
4164336 80035
36796357 593621
46565649 2622564
29813232 1196183
35237714 1448867
648399 218771
804983 63100
46566859 137271
2747156 201148
1904939 1357740
46567507 227532
2032106 1326014
9971788 1000342
40955526 49057
46568142 719394
1807669 223402
8611558 3787988
42319519 6542
1812437 1107075
1253659 1385615
23637617 4199067
10360667 1158010
15474241 411867
46570615 1501609
46572329 955536
299093 814358
23931085 62905
612626 307877
46576804 243711
16814726 410163
46577730 2130770
18456847 23535
46577787 330412
28638184 622234
46578467 1718816
34575509 394791
8591933 349106
46578897 448698
46578997 118569
46579237 247045
651082 809089
46580790 59891
46582915 2408116
8158748 504307
614504 2144967
34649758 304560
178423 48270
46620175 506056
46626829 34385
46635627 1155461
46653837 254072
36034991 1240362
46655938 1021864
46656205 332934
18639306 609723
15755017 222351
1991313 1153041
46658511 1922353
46658584 1891606
46658681 868804
614526 249818
22457847 660077
46659655 2750041
46659657 605575
46659922 1935028
46660570 132671
2557969 2508360
8158739 625763
6144506 1028707
40236780 257463
46661420 392411
46661749 1074482
46661770 1229880
6185611 223184
4124953 377331
46662182 4089758
35014822 6846
42320036 620020
46663281 1207023
22312319 223578
45514854 49242
46663579 62475
21645694 2115686
15911156 730175
40514583 11268440
14934608 175505
46665635 231843
46666604 1268807
46666623 362123
46666637 612834
42240208 873582
17455304 448355
28656907 167053
46668578 209938
46668597 366586
36487720 2501614
14934638 4731920
9046299 716581
46668949 327571
46668960 2306500
26861289 21745
730166 756915
2840958 863846
28504603 306892
8359127 971663
46670433 299501
46670528 77172
46670693 571672
46670750 2311324
46670841 3542846
8328273 2291577
46670997 6617059
14299609 28411
46671785 326028
46672007 400786
17071777 213040
8802556 893398
8611175 303326
46674096 90890
46674206 445242
8770842 2440000
46674826 138263
6429831 289255
46674894 772272
306258 172140
28920899 710060
46675184 1938616
15635493 121004
752392 266333
15124565 1602920
46677888 5861727
1063291 2888389
46680538 103721
46680743 130347
35913672 83655
7298069 1452017
46681477 978852
46685783 579902
46690308 229702
46693474 304019
46702385 5365
442817 1333096
46702548 1285657
46702724 20996
46702877 100899
46703265 1068688
46703397 404865
46703807 6620591
7991602 257721
46704751 1710806
46704831 1243028
8915694 18138
2274176 210201
15279206 503462
2293421 806348
46707562 350766
46708000 265182
46708240 740706
46709464 482532
9358548 417202
29968980 4666
46711583 310335
33996576 1101480
15367287 3578346
8532832 944685
32494118 395454
46714009 869110
27650642 1949444
43279291 147969
24003184 839954
33667431 303408
46715687 2821732
22601007 1507849
46716075 539563
3266576 61892
46718376 1097959
8840713 347684
2943618 786262
21886481 2529716
46724672 707748
46727991 380818
27488106 61911
46728926 148499
3086717 75453
46742768 209183
35113712 63058
46756999 2854009
46759983 654640
8744021 1074207
8264811 274162
46636229 818066
17370731 8701190
21647184 1258990
46804366 6951776
42478844 1055557
46808831 809157
46815591 245424
8537234 8283134
22541438 1366820
2380109 86855
46841954 1352007
2666710 238799
657869 848905
8528207 474441
31801644 3887664
15958004 2089733
9802719 776371
22742411 1840009
31683578 1120440
46919880 205
10104102 499339
46938290 1028031
9198112 248112
46949422 2180480
46965293 616636
13477785 2622183
22459022 271399
46992560 5074737
40234089 131880
47001749 265851
47006460 1413084
47007955 2367525
47009725 119763
22594940 510605
47021078 154900
3432680 333883
47040279 805813
47045183 1535698
47047707 711331
47051791 831292
15462835 65328
47068743 503016
47069366 4125808
24973825 993526
12133077 483027
47071962 622559
9626927 557330
34728839 488968
47091822 987762
37763065 2430585
12560475 70263
1307107 1094824
3462005 271685
47144699 235716
47145015 2082418
8423319 943515
22767909 3136658
47153507 1496854
47157517 6051754
47169162 1087246
47171347 10252405
17244590 241742
956213 1567431
47185976 1253567
2867015 713299
9646065 148516
47195635 252632
47195648 440529
9605172 3799564
46083433 240369
47212497 127875
47226982 192139
47227146 692501
457443 1544082
1980818 2306562
47256680 1549009
47266922 227384
47267844 6599019
13618818 1025721
47292474 813743
22599630 218661
47320770 1309169
47330754 1213684
47332276 248728
47335273 498877
3430624 930749
47338147 334979
45544804 636796
2524639 1078545
47363815 230172
4266921 2395334
47374566 177945
47397336 485641
1895537 2288132
47402471 9622104
47414787 741263
47423618 245423
29564486 926729
47443246 826293
47446107 1097599
47448709 721880
47455323 3392198
47459460 97077
967592 1241205
29517784 1840625
15629116 115385
47489136 2684435
22476503 1213763
47511257 543500
47514646 932808
47520543 20937
47521815 363965
47522770 269246
47531520 1822252
4100795 656016
27797719 1083339
18549932 497178
26863000 218348
47558932 893364
3151287 1173158
28197008 1426357
47583260 1017715
651094 453389
47620518 24237
47621125 173330
648742 1488507
47637757 764338
23394054 704567
46799066 1138048
47653851 2944369
47667748 1990831
47674138 767437
47698283 2021189
41787470 89875
47760529 1917551
47772525 329858
47774692 3198548
23891467 663106
47822948 373997
47840645 278054
12359049 2859481
47930859 4640947
47947269 174483
47961275 439662
47967473 490692
30745513 78096
9972377 1076209
2625190 4454334
48032475 644956
48033403 2450698
45327710 720861
48055507 36706
48065621 611838
48089516 2901410
2346081 291538
48093931 620734
48095063 818520
48096935 4047933
48098955 1257369
30363142 1332850
48107589 433939
48113088 4032512
48120118 2026028
11579009 225688
44531557 400896
48129896 1139174
26905780 1431848
48146120 3737
48173208 2612164
24378714 908999
48180079 1831669
18181415 865229
22315196 877201
48200543 562168
48200733 1188833
48124326 440974
48246171 219843
48345982 1647916
48488452 1073325
28377417 1328446
48601734 591210
48602289 1703327
48719666 1448994
48765950 879618
28679253 1138733
48854250 929115
48904281 2715802
28155131 991056
49002693 2116087
49004103 1000074
49046881 1103222
49048237 20256
49061401 452200
4111832 1912047
4111833 1793680
49090327 397866
49095383 499366
49100604 3206177
49124126 605895
28539766 9914872
17491343 2065122
49189101 150563
49519670 5055750
49531916 10601827
49580487 303343
8183966 1270554
8554120 546231
49715257 1457528
49734936 1823464
49735592 1009801
49756600 23956
49757514 1458074
49827484 4038598
49827494 240829
49857215 767734
49857435 22980
50066537 455145
50110868 1693769
50203254 1408067
35138685 306084
50610485 769707
50620076 4411932
50676029 8852566
50677215 668381
50732773 236152
50743443 2260455
50760862 1145589
50933718 5061904
51344956 4449724
51377196 1727348
