7171286 7171287
7171288 7171289
7171291 7171292
7171293 7171294
7171295 7171296
7171297 7171298
7171299 7171300
7171303 7171304
7171305 7171306
7171307 7171308
7171310 7171311
7171313 7171314
7171315 7171316
7171317 7171318
7171319 7171320
7171321 7171322
7171323 7171324
7171325 7171326
7171327 7171328
7171329 7171330
7171331 7171332
7171335 7171336
7171337 7171338
7171339 7171340
7171341 7171342
7171343 7171344
7171345 7171346
7171347 7171348
7171349 7171350
7171351 7171352
7171353 7171354
7171356 7171357
7171358 7171359
7171360 7171361
7171362 7171363
7171367 7171368
7171369 7171370
7171372 7171373
7171374 7171375
7171376 7171377
7171379 7171380
7171381 7171382
7171383 7171384
7171385 7171386
7171387 7171388
7171389 7171390
7171391 7171392
7171393 7171394
7171395 7171396
7171397 7171398
7171399 7171400
7171401 7171402
7171403 7171404
7171405 7171406
7171407 7171408
7171409 7171410
7171411 7171412
7171414 7171415
7171416 7171417
7171418 7171419
7171441 7171442
7171443 7171444
7171445 7171446
7171447 7171448
7171449 7171450
7171451 7171452
7171453 7171454
7171455 7171456
7171457 7171458
7171459 7171460
7171461 7171462
7171463 7171464
7171465 7171466
7171467 7171468
7171469 7171470
7171471 7171472
7171473 7171474
7171475 7171476
7171479 7171480
7171481 7171482
7171483 7171484
7171485 7171486
7171487 7171488
7171489 7171490
7171491 7171492
7171493 7171494
7171495 7171496
7171497 7171498
7171499 7171500
7171501 7171502
7171503 7171504
7171505 7171506
7171507 7171508
7171509 7171510
7171511 7171512
7171513 7171514
7171515 7171516
7171519 7171520
7171521 7171522
7171523 7171524
7171525 7171526
7171527 7171528
7171531 7171532
7171533 7171534
7171535 7171536
7171537 7171538
7171539 7171540
7171541 7171542
7171543 7171544
7171545 7171546
7171547 7171548
7171550 7171551
7171552 7171553
7171555 7171556
7171557 7171558
7171561 7171562
7171563 7171564
7171565 7171566
7171567 7171568
7171569 7171570
7171571 7171572
7171576 7171577
7171578 7171579
7171580 7171581
7171582 7171583
7171584 7171585
7171586 7171587
7171588 7171589
7171590 7171591
7171592 7171593
7171594 7171595
7171596 7171597
7171601 7171602
7171603 7171604
7171609 7171610
7171611 7171612
7171613 7171614
7171615 7171616
7171617 7171618
7171619 7171620
7171623 7171624
7171625 7171626
7171627 7171628
7171629 7171630
7171631 7171632
7171633 7171634
7171635 7171636
7171637 7171638
7171640 7171641
7171642 7171643
7171644 7171645
7171646 7171647
7171648 7171649
7171650 7171651
7171652 7171653
7171654 7171655
7171656 7171657
7171658 7171659
7171660 7171661
7171662 7171663
7171664 7171665
7171668 7171669
7171670 7171671
7171672 7171673
7171674 7171675
7171676 7171677
7171678 7171679
7171680 7171681
7171682 7171683
7171684 7171685
7171686 7171687
7171688 7171689
7171690 7171691
7171692 7171693
7171694 7171695
7171696 7171697
7171698 7171699
7171700 7171701
7171705 7171706
7171707 7171708
7171709 7171710
7171711 7171712
7171713 7171714
7171715 7171716
7171717 7171718
7171719 7171720
7171721 7171722
7171723 7171724
7171725 7171726
7171727 7171728
7171729 7171730
7171731 7171732
7171733 7171734
7171735 7171736
7171737 7171738
7171739 7171740
7171741 7171742
7171743 7171744
7171745 7171746
7171747 7171748
7171749 7171750
7171751 7171752
7171753 7171754
7171755 7171756
7171757 7171758
7171759 7171760
7171761 7171762
7171766 7171767
7171768 7171769
7171770 7171771
7171772 7171773
7171775 7171776
7171777 7171778
7171779 7171780
7171781 7171782
7171783 7171784
7171785 7171786
7171787 7171788
7171791 7171792
7171793 7171794
7171795 7171796
7171799 7171800
7171801 7171802
7171803 7171804
7171805 7171806
7171807 7171808
7171809 7171810
7171811 7171812
7171814 7171815
7171816 7171817
7171818 7171819
7171820 7171821
7171822 7171823
7171824 7171825
7171826 7171827
7171828 7171829
7171830 7171831
7171835 7171836
7171839 7171840
7171841 7171842
7171843 7171844
7171845 7171846
7171847 7171848
7171849 7171850
7171851 7171852
7171853 7171854
7171862 7171863
7171864 7171865
7171866 7171867
7171868 7171869
7171870 7171871
7171872 7171873
7171874 7171875
7171876 7171877
7171878 7171879
7171880 7171881
7171882 7171883
7171884 7171885
7171886 7171887
7171888 7171889
7171890 7171891
7171892 7171893
7171894 7171895
7171896 7171897
7171898 7171899
7171900 7171901
7171902 7171903
7171904 7171905
7171906 7171907
7171908 7171909
7171910 7171911
7171912 7171913
7171914 7171915
7171916 7171917
7171918 7171919
7171920 7171921
7171922 7171923
7171924 7171925
7171926 7171927
7171928 7171929
7171930 7171931
7171932 7171933
7171934 7171935
7171936 7171937
7171938 7171939
7171942 7171943
7171944 7171945
7171946 7171947
7171948 7171949
7171950 7171951
7171952 7171953
7171954 7171955
7171956 7171957
7171958 7171959
7171960 7171961
7171964 7171965
7171966 7171967
7171968 7171969
7171970 7171971
7171972 7171973
7171984 7171985
7171986 7171987
7171988 7171989
7171990 7171991
7171992 7171993
7171994 7171995
7172000 7172001
7172002 7172003
7172004 7172005
7172006 7172007
7172008 7172009
7172010 7172011
7172012 7172013
7172014 7172015
7172016 7172017
7172018 7172019
7172020 7172021
7172022 7172023
7172024 7172025
7172026 7172027
7172028 7172029
7172030 7172031
7172032 7172033
7172034 7172035
7172038 7172039
7172040 7172041
7172042 7172043
7172044 7172045
7172046 7172047
7172048 7172049
7172053 7172054
7172055 7172056
7172057 7172058
7172059 7172060
7172061 7172062
7172063 7172064
7172065 7172066
7172067 7172068
7172069 7172070
7172071 7172072
7172073 7172074
7172075 7172076
7172077 7172078
7172080 7172081
7172082 7172083
7172084 7172085
7172086 7172087
7172088 7172089
7172090 7172091
7172092 7172093
7172094 7172095
7172096 7172097
7172098 7172099
7172100 7172101
7172102 7172103
7172105 7172106
7172108 7172109
7172110 7172111
7172112 7172113
7172114 7172115
7172116 7172117
7172118 7172119
7172120 7172121
7172122 7172123
7172124 7172125
7172126 7172127
7172128 7172129
7172130 7172131
7172132 7172133
7172134 7172135
7172136 7172137
7172138 7172139
7172140 7172141
7172142 7172143
7172144 7172145
7172146 7172147
7172148 7172149
7172150 7172151
7172152 7172153
7173378 7173379
3003565 11626782
7173942 14354063
14354064 14354065
14354066 14354067
7173759 14354068
14354070 14354071
14354072 14354073
14354074 14354075
14354076 14354077
14354078 14354079
14354080 14354081
7171765 14354083
14354084 14354085
7172470 14354086
14354087 14354088
14354089 14354090
14354091 14354092
7172686 14354093
14354094 14354095
14354096 14354097
7173806 14354098
14354099 14354100
14354101 14354102
14354103 14354104
14354105 14354106
14354107 14354108
14354109 14354110
14354111 14354112
14354113 14354114
14354115 14354116
14354117 14354118
14354119 14354120
14354121 14354122
14354123 14354124
14354125 14354126
14354127 14354128
14354129 14354130
14354131 14354132
14354133 14354134
14354135 14354136
14354137 14354138
14354140 14354141
7173556 14354142
7173550 14354143
14354144 14354145
14354146 14354147
14354148 14354149
7174049 14354150
14354151 14354152
14354153 14354154
14354155 14354156
7173511 14354157
14354158 14354159
14354161 14354162
14354163 14354164
14354165 14354166
14354167 14354168
7173949 14354169
14354170 14354171
14354172 14354173
14354174 14354175
14354176 14354177
14354178 14354179
14354180 14354181
14354182 14354183
14354185 14354186
14354187 14354188
14354189 14354190
14354191 14354192
14354193 14354194
14354195 14354196
14354197 14354198
14354199 14354200
14354201 14354202
14354204 14354205
14354206 14354207
14354208 14354209
14354210 14354211
14354212 14354213
14354214 14354215
14354216 14354217
14354218 14354219
7172403 14354220
14354221 14354222
7173629 14354225
14354226 14354227
14354228 14354229
7173685 14354230
14354231 14354232
14354233 14354234
14354235 14354236
14354237 14354238
14354239 14354240
14354241 14354242
7173918 14354243
14354244 14354245
14354246 14354247
14354248 14354249
14354250 14354251
14354252 14354253
14354256 14354257
14354258 14354259
14354260 14354261
14354263 14354264
14354265 14354266
14354267 14354268
14354269 14354270
7174005 14354271
14354272 14354273
14354274 14354275
14354276 14354277
14354278 14354279
14354280 14354281
14354282 14354283
7173939 14354284
14354285 14354286
14354287 14354288
14354289 14354290
14354291 14354292
14354293 14354294
14354295 14354296
14354297 14354298
14354299 14354300
7173430 14354301
14354302 14354303
14354304 14354305
7172541 14354306
14354307 14354308
14354309 14354310
14354311 14354312
14354313 14354314
14354315 14354316
14354317 14354318
14354319 14354320
14354321 14354322
7172703 14354323
14354324 14354325
14354326 14354327
14354328 14354329
14354330 14354331
14354332 14354333
14354334 14354335
14354336 14354337
14354338 14354339
14354342 14354343
7174043 14354344
14354345 14354346
14354347 14354348
14354349 14354350
7172742 14354351
14354352 14354353
14354354 14354355
14354356 14354357
14354358 14354359
14354360 14354361
14354362 14354363
14354364 14354365
14354366 14354367
14354368 14354369
14354370 14354371
7172526 14354372
14354373 14354374
14354375 14354376
14354377 14354378
14354379 14354380
7173783 14354381
14354382 14354383
14354384 14354385
7173788 14354386
14354388 14354389
14354390 14354391
14354392 14354393
14354394 14354395
14354396 14354397
14354398 14354399
14354400 14354401
14354402 14354403
14354404 14354405
14354406 14354407
7173924 14354408
14354409 14354410
14354411 14354412
14354415 14354416
7172695 14354417
14354418 14354419
14354420 14354421
14354422 14354423
14354424 14354425
14354426 14354427
14354428 14354429
14354430 14354431
7172535 14354432
7173580 14354433
14354434 14354435
14354436 14354437
14354438 14354439
7173797 14354440
7173791 14354441
14354442 14354443
14354444 14354445
14354446 14354447
14354448 14354449
14354450 14354451
14354452 14354453
14354454 14354455
14354456 14354457
14354458 14354459
14354460 14354461
14354464 14354465
14354466 14354467
14354468 14354469
14354470 14354471
14354472 14354473
14354476 14354477
14354478 14354479
14354480 14354481
14354482 14354483
7173571 14354484
14354485 14354486
14354487 14354488
14354489 14354490
7173559 14354491
14354492 14354493
14354494 14354495
14354496 14354497
14354498 14354499
14354500 14354501
14354502 14354503
14354504 14354505
14354506 14354507
14354508 14354509
14354510 14354511
14354512 14354513
14354514 14354515
14354516 14354517
14354518 14354519
14354520 14354521
14354522 14354523
14354524 14354525
14354526 14354527
14354528 14354529
14354530 14354531
14354532 14354533
14354534 14354535
14354536 14354537
14354538 14354539
14354540 14354541
14354542 14354543
14354544 14354545
14354546 14354547
14354548 14354549
14354553 14354554
14354555 14354556
14354557 14354558
14354559 14354560
14354561 14354562
14354563 14354564
14354565 14354566
14354567 14354568
14354569 14354570
14354571 14354572
14354577 14354578
14354579 14354580
14354581 14354582
14354583 14354584
14354585 14354586
14354587 14354588
14354590 14354591
14354592 14354593
14354594 14354595
14354596 14354597
14354598 14354599
7174070 14354600
14354601 14354602
14354603 14354604
14354605 14354606
14354607 14354608
14354611 14354612
14354613 14354614
14354615 14354616
7173497 14354617
7174031 14354618
14354619 14354620
14354621 14354622
14354623 14354624
14354625 14354626
14354627 14354628
14354629 14354630
14354631 14354632
14354633 14354634
14354635 14354636
7173766 14354637
14354638 14354639
14354640 14354641
14354642 14354643
14354644 14354645
14354646 14354647
14354648 14354649
14354650 14354651
14354652 14354653
14354654 14354655
14354656 14354657
14354659 14354660
14354661 14354662
14354663 14354664
14354665 14354666
14354667 14354668
14354669 14354670
14354671 14354672
14354673 14354674
14354677 14354678
7173669 14354679
14354680 14354681
14354682 14354683
14354684 14354685
7172347 14354686
14354687 14354688
14354689 14354690
14354691 14354692
14354693 14354694
14354695 14354696
14354697 14354698
14354699 14354700
7172599 14354701
14354702 14354703
14354704 14354705
7172630 14354706
14354707 14354708
7172650 14354710
14354711 14354712
7172745 14354713
14354715 14354716
14354717 14354718
7172385 14354719
7172391 14354720
14354721 14354722
7172412 14354723
14354724 14354725
14354726 14354727
14354728 14354729
14354730 14354731
14354732 14354733
7172506 14354736
14354737 14354738
14354739 14354740
14354741 14354742
14354743 14354744
14354745 14354746
14354749 14354750
14354751 14354752
14354753 14354754
14354755 14354756
14354757 14354758
14354759 14354760
14354761 14354762
7173885 14354763
14354764 14354765
14354766 14354767
7173888 14354768
7173927 14354769
14354770 14354771
14354772 14354773
7174000 14354774
14354775 14354776
14354777 14354778
14354779 14354780
14354781 14354782
14354783 14354784
14354785 14354786
14354787 14354788
7173445 14354789
14354790 14354791
7173517 14354793
14354798 14354799
14354801 14354802
14354803 14354804
14354805 14354806
14354807 14354808
14354809 14354810
14354811 14354812
14354813 14354814
14354815 14354816
14354817 14354818
14354819 14354820
14354821 14354822
7173725 14354823
14354824 14354825
14354826 14354827
14354828 14354829
7173733 14354830
14354831 14354832
14354833 14354834
14354835 14354836
14354837 14354838
14354839 14354840
7173833 14354841
14354842 14354843
14354844 14354845
14354846 14354847
14354848 14354849
14354850 14354851
14354852 14354853
21089488 21089489
21089491 21089492
7173982 21089493
14356510 21089494
21089495 21089496
7174008 21089497
7173448 21089498
21089499 21089500
21089501 21089502
21089503 21089504
21089505 21089506
21089507 21089508
21089510 21089511
21089512 21089513
21089514 21089515
21089516 21089517
14356337 21089518
21089519 21089520
21089521 21089522
7172378 21089523
21089524 21089525
21089526 21089527
21089528 21089529
14355134 21089530
7173644 21089531
21089532 21089533
21089534 21089535
7173704 21089536
14356413 21089537
21089538 21089539
21089540 21089541
21089542 21089543
21089544 21089545
21089546 21089547
21089550 21089551
14355231 21089552
21089556 21089557
21089558 21089559
21089560 21089561
14356087 21089562
21089563 21089564
21089565 21089566
21089567 21089568
21089569 21089570
21089571 21089572
7174081 21089573
21089574 21089575
21089576 21089577
7173491 21089578
21089579 21089580
14356105 21089581
21089582 21089583
21089584 21089585
14354997 21089586
21089587 21089588
21089589 21089590
21089591 21089592
21089593 21089594
21089595 21089596
21089597 21089598
21089599 21089600
21089601 21089602
21089604 21089605
21089606 21089607
21089608 21089609
14356422 21089610
21089611 21089612
14356645 21089613
21089614 21089615
21089616 21089617
14356282 21089618
21089619 21089620
21089621 21089622
7173958 21089623
21089624 21089625
21089626 21089627
21089628 21089629
7173696 21089630
21089631 21089632
21089633 21089634
21089635 21089636
21089637 21089638
21089639 21089640
7173955 21089641
7172313 21089642
7172567 21089643
7173841 21089644
14356155 21089645
21089646 21089647
7172593 21089648
21089649 21089650
21089651 21089652
14355280 21089653
21089654 21089655
21089656 21089657
21089658 21089659
21089660 21089661
21089662 21089663
21089664 21089665
21089666 21089667
21089668 21089669
21089670 21089671
21089672 21089673
7172573 21089674
7172578 21089675
21089676 21089677
21089678 21089679
21089680 21089681
21089682 21089683
21089684 21089685
14356576 21089686
21089687 21089688
21089689 21089690
21089691 21089692
21089693 21089694
21089695 21089696
21089697 21089698
21089699 21089700
21089701 21089702
14355998 21089704
21089705 21089706
21089707 21089708
21089709 21089710
21089714 21089715
21089716 21089717
14354994 21089718
21089719 21089720
21089721 21089722
21089724 21089725
21089726 21089727
21089729 21089730
21089731 21089732
21089733 21089734
21089735 21089736
21089737 21089738
21089739 21089740
21089741 21089742
21089743 21089744
21089745 21089746
21089749 21089750
21089751 21089752
21089753 21089754
21089755 21089756
21089757 21089758
21089759 21089760
7172761 21089761
21089763 21089764
14355324 21089765
21089766 21089767
21089769 21089770
21089771 21089772
21089773 21089774
21089775 21089776
14356328 21089777
21089778 21089779
21089780 21089781
14355448 21089782
14355442 21089783
7173418 21089784
21089785 21089786
7172448 21089787
21089788 21089789
21089790 21089791
21089792 21089793
21089794 21089795
14354983 21089796
21089797 21089798
14355026 21089799
21089800 21089801
14356224 21089802
21089803 21089804
7172683 21089805
21089806 21089807
21089808 21089809
21089810 21089811
7173871 21089813
21089815 21089816
21089817 21089818
21089819 21089820
21089821 21089822
21089823 21089824
21089825 21089826
21089827 21089828
21089829 21089830
21089831 21089832
21089833 21089834
21089835 21089836
21089837 21089838
21089839 21089840
21089841 21089842
21089843 21089844
14356358 21089845
21089846 21089847
21089848 21089849
21089850 21089851
7172661 21089852
21089853 21089854
21089855 21089856
21089857 21089858
21089859 21089860
21089861 21089862
21089863 21089864
21089866 21089867
21089868 21089869
21089870 21089871
7173565 21089873
7173577 21089874
21089875 21089876
7173562 21089877
21089878 21089879
21089880 21089881
21089882 21089883
21089884 21089885
21089886 21089887
21089888 21089889
21089892 21089893
21089894 21089895
21089896 21089897
21089898 21089899
21089900 21089901
21089903 21089904
21089905 21089906
21089907 21089908
7172336 21089909
21089910 21089911
7172491 21089912
21089913 21089914
21089915 21089916
21089917 21089918
21089919 21089920
21089921 21089922
21089923 21089924
21089925 21089926
21089927 21089928
21089929 21089930
21089931 21089932
14356211 21089933
21089934 21089935
7172515 21089936
21089937 21089938
21089939 21089940
21089941 21089942
21089943 21089944
21089945 21089946
21089948 21089949
21089950 21089951
21089952 21089953
21089954 21089955
21089956 21089957
21089959 21089960
14356322 21089961
21089962 21089963
21089964 21089965
14355023 21089966
21089967 21089968
21089969 21089970
21089971 21089972
21089973 21089974
21089975 21089976
14356244 21089977
21089978 21089979
21089980 21089981
21089982 21089983
7173900 21089984
21089987 21089988
21089989 21089990
21089992 21089993
14356078 21089994
7173533 21089995
21089996 21089997
21089998 21089999
14356120 21090000
21090001 21090002
21090003 21090004
21090006 21090007
14356589 21090009
7174034 21090011
21090012 21090013
21090014 21090015
21090016 21090017
14355347 21090018
21090019 21090020
21090021 21090022
21090023 21090024
21090025 21090026
21090027 21090028
14356044 21090030
21090031 21090032
7173500 21090034
21090035 21090036
21090037 21090038
14356635 21090039
21090040 21090041
7173850 21090042
21090043 21090044
7173879 21090045
21090046 21090047
21090048 21090049
21090050 21090051
14356439 21090052
21090053 21090054
21090055 21090056
21090057 21090058
21090059 21090060
21090061 21090062
21090063 21090064
21090065 21090066
21090067 21090068
7172361 21090069
21090070 21090071
21090072 21090073
21090074 21090075
21090076 21090077
21090078 21090079
21090080 21090081
21090082 21090083
21090084 21090085
21090086 21090087
14355313 21090088
21090089 21090090
21090091 21090092
14355316 21090093
21090094 21090095
21090096 21090097
14355341 21090098
21090099 21090100
21090101 21090102
21090103 21090104
21090105 21090106
21090107 21090108
21090109 21090110
21090111 21090112
21090113 21090114
14355036 21090115
21090116 21090117
21090118 21090119
21090120 21090121
21090122 21090123
21090124 21090125
21090126 21090127
21090128 21090129
21090130 21090131
21090132 21090133
7172561 21090134
21090135 21090136
14355255 21090137
21090138 21090139
21090140 21090141
21090142 21090143
14355277 21090144
14356355 21090145
21090146 21090147
21090148 21090149
21090150 21090151
21090152 21090153
21090154 21090155
21090156 21090157
21090158 21090159
21090160 21090161
21090162 21090163
21090164 21090165
21090166 21090167
14356373 21090168
21090169 21090170
14356188 21090171
21090172 21090173
21090174 21090175
21090176 21090177
7173778 21090178
21090179 21090180
14356233 21090181
21090182 21090183
21090184 21090185
21090186 21090187
7173719 21090188
7173722 21090189
21090190 21090191
21090192 21090193
7173473 21090194
7173736 21090195
21090196 21090197
21090198 21090199
21090200 21090201
7173812 21090202
7173824 21090203
21090204 21090205
7173830 21090209
21090210 21090211
14356291 21090212
21090214 21090215
21090216 21090217
21090218 21090219
21090220 21090221
21090222 21090223
21090224 21090225
21090226 21090227
21090228 21090229
21091292 21091293
21090443 21091295
27516479 27516480
21091548 27516481
21091836 27516482
27516484 27516485
27516486 27516487
21091860 27516488
27516489 27516490
14356534 27516494
27516495 27516496
14356216 27516497
27516498 27516499
27516500 27516501
14355299 27516502
14356027 27516503
7173933 27516504
27516505 27516506
27516507 27516508
27516509 27516510
7172503 27516511
27516512 27516513
27516514 27516515
27516516 27516517
14356201 27516518
27516519 27516520
21091404 27516521
14356055 27516522
21090684 27516523
7172550 27516525
27516526 27516527
27516528 27516529
14355064 27516532
21091477 27516533
27516535 27516536
27516537 27516538
27516539 27516540
27516541 27516542
27516543 27516544
27516545 27516546
27516547 27516548
27516549 27516550
7173915 27516551
7173909 27516552
27516553 27516554
27516555 27516556
27516557 27516558
21091790 27516559
7173528 27516560
14355223 27516561
21090553 27516562
14356137 27516563
27516564 27516565
27516566 27516567
27516568 27516569
21091977 27516570
27516572 27516573
27516574 27516575
27516576 27516577
27516578 27516579
7173809 27516580
7173713 27516581
27516582 27516583
27516584 27516585
7173874 27516586
27516587 27516588
21090454 27516589
27516590 27516591
21091948 27516592
7172633 27516593
27516594 27516595
14356167 27516596
27516599 27516600
27516601 27516602
21091581 27516603
27516605 27516606
14356288 27516607
27516608 27516609
21091349 27516610
7174957 27516611
27516612 27516613
27516614 27516615
27516616 27516617
27516618 27516619
21090631 27516620
27516621 27516622
14355321 27516623
27516624 27516625
7174058 27516626
7173728 27516627
27516630 27516631
27516632 27516633
27516634 27516635
27516636 27516637
7173679 27516638
7173961 27516640
27516641 27516642
27516643 27516644
27516645 27516646
14355246 27516647
7173988 27516648
27516649 27516650
27516651 27516652
27516653 27516654
21091886 27516655
14356531 27516656
27516657 27516658
7172581 27516659
21091664 27516660
21090601 27516661
27516662 27516663
27516664 27516665
27516666 27516667
27516668 27516669
27516670 27516671
27516672 27516673
14356583 27516674
21091929 27516675
27516679 27516680
27516682 27516683
27516684 27516685
7174037 27516686
21091510 27516687
27516688 27516689
27516690 27516691
27516692 27516693
21091361 27516694
21090359 27516695
7173967 27516696
27516697 27516698
27516703 27516704
7174064 27516705
27516706 27516707
7172706 27516708
21090730 27516709
27516710 27516711
7172709 27516712
27516713 27516714
27516715 27516716
14356061 27516717
27516718 27516719
21090736 27516720
14355391 27516721
14355395 27516722
7172712 27516723
7172718 27516724
14355404 27516725
27516726 27516727
27516728 27516729
27516730 27516731
27516732 27516733
14355415 27516734
27516735 27516736
21090773 27516737
27516738 27516739
14355164 27516740
27516741 27516742
21090785 27516743
27516744 27516745
27516746 27516747
14355194 27516748
27516749 27516750
27516751 27516752
27516753 27516754
27516755 27516756
27516757 27516758
21091692 27516759
21091697 27516760
27516761 27516762
27516763 27516764
27516765 27516766
27516767 27516768
27516769 27516770
27516771 27516772
27516773 27516774
27516775 27516776
27516777 27516778
27516779 27516780
27516781 27516782
27516783 27516784
27516785 27516786
7173707 27516787
27516788 27516789
27516790 27516791
27516792 27516793
27516794 27516795
27516796 27516797
27516798 27516799
14356158 27516800
27516801 27516802
27516803 27516804
27516805 27516806
27516807 27516808
27516809 27516810
27516811 27516812
27516813 27516814
27516815 27516816
21090712 27516817
27516818 27516819
27516820 27516821
27516822 27516823
27516824 27516825
27516826 27516827
27516828 27516829
21090709 27516830
27516831 27516832
27516833 27516834
27516836 27516837
21091702 27516838
14356345 27516839
27516840 27516841
27516842 27516843
14356352 27516846
21091724 27516847
27516848 27516849
27516850 27516851
21090420 27516852
27516853 27516854
27516855 27516856
21090717 27516857
27516858 27516859
27516860 27516861
27516862 27516863
27516864 27516865
27516866 27516867
27516868 27516869
27516870 27516871
27516872 27516873
27516874 27516875
27516876 27516877
27516878 27516879
14356161 27516880
27516881 27516882
27516883 27516884
21090679 27516885
27516886 27516887
27516888 27516889
7173606 27516890
27516891 27516892
27516893 27516894
27516895 27516896
27516897 27516898
21090671 27516899
27516900 27516901
27516902 27516903
27516904 27516905
27516906 27516907
27516908 27516909
7172445 27516910
27516911 27516912
27516913 27516914
7172467 27516915
27516916 27516917
27516918 27516919
21090499 27516921
27516922 27516923
7173470 27516924
27516926 27516927
27516928 27516929
27516930 27516931
7172518 27516932
27516935 27516936
27516940 27516941
14355031 27516942
14356207 27516943
27516944 27516945
27516946 27516947
7173632 27516948
21090437 27516951
27516952 27516953
14356249 27516954
27516955 27516956
21090569 27516957
21091802 27516958
27516959 27516960
27516961 27516962
27516965 27516966
27516967 27516968
27516969 27516970
14356072 27516971
14356134 27516972
14356117 27516973
27516974 27516975
27516976 27516977
27516978 27516979
27516980 27516981
27516982 27516983
7174075 27516984
27516985 27516986
27516987 27516988
27516989 27516990
27516992 27516993
27516994 27516995
27516996 27516997
27516999 27517000
27517001 27517002
27517003 27517004
14356642 27517005
14356102 27517006
27517007 27517008
21091974 27517009
27517012 27517013
14356038 27517014
27517015 27517016
27517017 27517018
27517019 27517020
27517021 27517022
14356096 27517023
27517024 27517025
27517026 27517027
27517028 27517029
14356064 27517030
27517032 27517033
27517034 27517035
27517036 27517037
27517038 27517039
27517040 27517041
27517042 27517043
27517044 27517045
7173936 27517046
14356464 27517047
14356480 27517048
27517049 27517050
27517051 27517052
27517053 27517054
27517055 27517056
14356485 27517057
27517058 27517059
21091827 27517060
27517061 27517062
27517063 27517064
21090759 27517065
7172321 27517066
27517067 27517068
27517069 27517070
27517071 27517072
27517073 27517074
21090467 27517076
14355243 27517077
27517078 27517079
27517080 27517081
27517082 27517083
27517084 27517085
27517087 27517088
27517089 27517090
7172644 27517091
14355336 27517092
27517093 27517094
7172715 27517095
27517096 27517097
27517098 27517099
27517100 27517101
7172333 27517102
27517103 27517104
27517105 27517106
14355058 27517107
27517108 27517109
21090391 27517110
27517111 27517112
27517113 27517114
7172415 27517115
14355093 27517116
27517117 27517118
27517119 27517120
27517121 27517122
21090426 27517123
27517124 27517125
27517126 27517127
14355140 27517128
7172454 27517129
27517130 27517131
27517132 27517133
27517134 27517135
21090478 27517139
21090484 27517140
27517141 27517142
27517143 27517144
27517145 27517146
27517147 27517148
27517149 27517150
14356580 27517151
21091772 27517152
27517153 27517154
27517155 27517156
21091778 27517157
21090614 27517158
27517159 27517160
7172510 27517161
14356430 27517162
27517163 27517164
7172641 27517165
27517166 27517167
14356573 27517168
27517169 27517170
7174061 27517171
27517172 27517173
14356649 27517174
27517176 27517177
27517178 27517179
27517180 27517181
14356099 27517182
27517183 27517184
27517185 27517186
27517188 27517189
21091485 27517190
7173597 27517191
27517192 27517193
27517194 27517195
27517196 27517197
21091517 27517198
14356196 27517199
21091367 27517200
27517201 27517202
27517204 27517205
7173666 27517206
27517207 27517208
27517209 27517210
27517211 27517212
27517213 27517214
21091621 27517215
27517216 27517217
21091394 27517218
21091632 27517219
27517220 27517221
27517222 27517223
14356285 27517224
27517225 27517226
21091678 27517227
14356316 27517228
14356319 27517229
7173800 27517230
27517231 27517232
21091654 27517233
27517234 27517235
27517236 27517237
7173864 27517238
14356386 27517239
27517240 27517241
27517242 27517243
27517244 27517245
21091956 27518229
21091853 33721200
21091880 33721201
33721202 33721203
33721204 33721205
33721206 33721207
14355302 33721208
27517591 33721209
33721210 33721211
21091364 33721212
33721213 33721214
33721215 33721216
21090788 33721217
33721218 33721219
7173775 33721220
7173421 33721221
33721222 33721223
33721224 33721225
33721226 33721227
14355131 33721228
7173574 33721231
33721232 33721233
33721234 33721235
33721236 33721237
33721238 33721239
14356114 33721240
14355330 33721241
33721242 33721243
33721244 33721245
7173691 33721247
7173891 33721248
33721249 33721250
21091435 33721251
33721252 33721253
33721255 33721256
21091346 33721257
33721258 33721259
27517520 33721260
33721261 33721262
33721263 33721264
7173547 33721266
7172692 33721267
21091932 33721268
27518813 33721270
33721271 33721272
33721273 33721274
27518321 33721275
27518590 33721276
33721277 33721278
33721279 33721280
7174084 33721281
33721282 33721283
7173952 33721284
14356499 33721285
33721286 33721287
14355008 33721289
14355169 33721290
33721291 33721292
33721293 33721294
7173583 33721297
33721298 33721299
21091499 33721300
27518410 33721301
7173742 33721302
27518501 33721303
33721304 33721305
33721306 33721307
7173754 33721308
27518514 33721309
21090733 33721310
33721311 33721312
33721313 33721314
21090701 33721315
33721316 33721317
27518563 33721318
21090449 33721319
14355102 33721320
33721321 33721322
7173647 33721323
33721324 33721325
27518477 33721326
7173701 33721327
33721328 33721329
33721331 33721332
33721333 33721334
14356367 33721335
14356191 33721336
27517513 33721337
33721340 33721341
7173672 33721342
33721343 33721344
27518710 33721345
33721346 33721347
33721348 33721349
33721350 33721351
14356389 33721352
21091868 33721353
33721354 33721355
27517586 33721357
7174011 33721358
27517724 33721359
33721360 33721361
14355364 33721362
14355295 33721364
33721365 33721366
21091899 33721367
7174026 33721368
33721369 33721370
33721371 33721372
7174023 33721373
33721375 33721376
27518791 33721377
33721380 33721381
14356597 33721382
27518256 33721383
33721384 33721385
7173442 33721386
33721387 33721388
33721389 33721390
33721391 33721392
21091340 33721393
33721394 33721395
33721396 33721397
33721398 33721399
33721400 33721401
27517705 33721402
14355327 33721403
33721404 33721405
7172570 33721406
14355371 33721407
33721408 33721409
14355380 33721410
27518725 33721411
33721412 33721413
33721414 33721415
33721416 33721417
33721418 33721419
33721420 33721421
33721422 33721423
27517736 33721424
33721425 33721426
33721427 33721428
33721429 33721430
33721431 33721432
33721433 33721434
7172730 33721435
14355418 33721436
21090770 33721437
7172739 33721438
14355423 33721439
7172488 33721440
33721441 33721442
21090481 33721443
33721444 33721445
14354986 33721446
33721447 33721448
21090791 33721449
33721450 33721451
14355217 33721452
27517493 33721453
27518294 33721454
21091681 33721455
33721456 33721457
27517599 33721458
33721459 33721460
14356058 33721461
14355445 33721462
33721463 33721464
33721465 33721466
27517502 33721467
33721468 33721469
33721470 33721471
27517682 33721472
33721475 33721476
7172304 33721477
33721478 33721479
33721482 33721483
33721484 33721485
33721486 33721487
33721489 33721490
33721491 33721492
33721493 33721494
33721495 33721496
33721497 33721498
33721499 33721500
21091410 33721501
7172615 33721502
33721503 33721504
14356342 33721507
33721508 33721509
14355240 33721510
33721511 33721512
33721513 33721514
7173815 33721515
33721516 33721517
7172406 33721518
33721519 33721520
33721521 33721522
33721523 33721524
33721525 33721526
14355069 33721527
14355267 33721528
33721531 33721532
33721533 33721534
33721535 33721536
33721537 33721538
33721540 33721541
7172353 33721542
33721544 33721545
33721546 33721547
33721548 33721549
33721550 33721551
33721552 33721553
21090660 33721557
33721558 33721559
7172442 33721560
33721562 33721563
33721564 33721565
33721566 33721567
33721568 33721569
33721570 33721571
33721572 33721573
33721574 33721575
33721576 33721577
33721578 33721579
33721580 33721581
33721582 33721583
33721584 33721585
33721586 33721587
33721588 33721589
33721590 33721591
7173641 33721592
7172589 33721593
33721594 33721595
21091370 33721596
33721597 33721598
33721599 33721600
33721601 33721602
21091531 33721603
7173638 33721608
33721609 33721610
33721611 33721612
33721613 33721614
33721615 33721616
33721617 33721618
27518439 33721619
7173654 33721620
14356052 33721621
33721622 33721623
7173657 33721624
33721625 33721626
33721627 33721628
27518643 33721630
33721631 33721632
7173894 33721633
7173912 33721634
33721635 33721636
14356450 33721642
27518297 33721643
27518300 33721644
7173536 33721646
33721647 33721648
33721649 33721650
21091456 33721651
33721652 33721653
27518799 33721654
27518802 33721655
14356610 33721656
33721657 33721658
27517636 33721659
33721661 33721662
33721663 33721664
14356550 33721665
21091904 33721666
7174052 33721667
33721668 33721669
33721670 33721671
33721673 33721674
33721675 33721676
33721677 33721678
33721679 33721680
33721683 33721684
33721685 33721686
21091401 33721687
33721688 33721689
14356093 33721690
33721691 33721692
33721693 33721694
33721695 33721696
7173847 33721698
7174078 33721699
33721700 33721701
33721702 33721703
21091597 33721704
14356433 33721705
7173976 33721706
14356035 33721707
33721708 33721709
14356442 33721710
21091811 33721711
21091814 33721712
27518784 33721713
27518781 33721714
27518280 33721715
21091818 33721716
33721717 33721718
33721719 33721720
33721721 33721722
14355431 33721723
21090794 33721724
33721725 33721726
33721727 33721728
33721729 33721730
33721731 33721732
33721733 33721734
7171834 33721737
27517438 33721738
7172422 33721739
33721740 33721741
27517444 33721742
7172494 33721743
21090550 33721744
27517526 33721745
33721747 33721748
7172607 33721749
33721750 33721751
33721752 33721753
7172624 33721754
21090637 33721757
33721758 33721759
27517685 33721760
33721761 33721762
21090354 33721763
33721764 33721765
7172344 33721766
33721767 33721768
27517398 33721769
14355039 33721770
33721771 33721772
33721773 33721774
33721775 33721776
33721777 33721778
21090414 33721779
27517429 33721780
33721781 33721782
21090457 33721783
27517456 33721784
14355158 33721785
33721786 33721787
33721789 33721790
21090507 33721791
21090556 33721792
7172484 33721793
33721796 33721797
33721798 33721799
33721800 33721801
21090566 33721802
33721803 33721804
33721805 33721806
27517548 33721807
21091734 33721808
33721809 33721810
27518679 33721811
33721812 33721813
7173997 33721814
33721815 33721816
21091986 33721817
33721818 33721819
27518333 33721820
33721821 33721822
33721823 33721824
33721825 33721826
33721827 33721828
21091429 33721829
33721830 33721831
14356111 33721832
33721833 33721834
21091502 33721836
27518418 33721838
33721839 33721840
27518484 33721841
33721842 33721843
33721844 33721845
33721847 33721848
33721849 33721850
7173748 33721853
33721854 33721855
33721856 33721857
33721858 33721859
33721860 33721861
33721862 33721863
33721864 33721865
21091624 33722783
7173906 33722784
33723391 39724582
14355286 39724583
7173979 39724584
39724585 39724586
27517559 39724587
39724588 39724589
39724590 39724591
27518275 39724592
39724593 39724594
39724595 39724596
7172330 39724597
7172727 39724598
39724599 39724600
21090473 39724601
27517473 39724602
21090748 39724603
39724604 39724605
39724606 39724607
39724608 39724609
39724610 39724611
39724612 39724613
39724614 39724615
33722189 39724616
39724617 39724618
33722980 39724619
39724620 39724621
14355080 39724622
33722100 39724623
39724624 39724625
39724626 39724627
27517537 39724628
39724629 39724630
27518347 39724631
39724632 39724633
39724634 39724635
27518631 39724636
39724640 39724641
39724642 39724643
33722867 39724644
39724645 39724646
39724647 39724648
14356123 39724649
33722941 39724650
7174014 39724651
27518735 39724652
39724653 39724654
21091482 39724655
39724656 39724657
39724658 39724659
39724660 39724661
39724662 39724663
21091591 39724664
39724665 39724666
27518844 39724667
14356472 39724668
39724670 39724671
14355412 39724672
14355428 39724673
27517385 39724674
33722037 39724675
14355083 39724676
39724677 39724678
7172497 39724679
39724680 39724681
39724682 39724683
21091471 39724684
39724685 39724686
39724687 39724688
7173688 39724689
7173739 39724690
39724691 39724692
39724693 39724694
33723095 39724696
39724697 39724698
7173682 39724701
39724702 39724703
39724704 39724705
39724706 39724707
39724708 39724709
7174087 39724710
14356602 39724711
7173803 39724712
39724713 39724714
39724715 39724716
39724717 39724718
14356173 39724719
39724720 39724721
39724722 39724723
21091762 39724724
14356436 39724725
33722889 39724726
27518463 39724727
14356507 39724728
14355283 39724729
39724730 39724731
39724732 39724733
21090590 39724734
7173992 39724735
33722212 39724736
21090587 39724737
33723316 39724738
14355258 39724739
27517730 39724740
27518771 39724741
39724742 39724743
14356555 39724744
33723287 39724745
21091922 39724746
39724747 39724748
7174020 39724749
39724750 39724751
21091873 39724752
39724753 39724754
39724755 39724756
7173436 39724757
39724758 39724759
39724760 39724761
7173433 39724762
14354989 39724763
39724764 39724765
27517690 39724766
27517708 39724767
14355377 39724768
39724769 39724770
39724772 39724773
14355388 39724774
39724775 39724776
21091850 39724777
39724778 39724779
39724781 39724782
7172736 39724783
39724786 39724787
39724788 39724789
39724790 39724791
27518816 39724792
39724793 39724794
7172500 39724795
39724796 39724797
7173769 39724798
7173772 39724799
39724800 39724801
39724803 39724804
39724805 39724806
39724807 39724808
39724809 39724810
39724811 39724812
39724813 39724814
39724815 39724816
39724817 39724818
21090367 39724819
39724820 39724821
14354977 39724822
39724825 39724826
39724827 39724828
7172310 39724829
27517610 39724830
39724831 39724832
39724833 39724834
39724835 39724836
27517677 39724837
39724838 39724839
39724840 39724841
39724842 39724843
39724844 39724845
14355401 39724846
27518608 39724847
39724848 39724849
33722998 39724850
27517663 39724851
21090706 39724852
21090532 39724853
39724854 39724855
39724856 39724857
39724858 39724859
21091718 39724860
33722032 39724861
21091721 39724862
39724863 39724864
39724865 39724866
39724867 39724868
7173821 39724869
39724870 39724871
39724872 39724873
14355086 39724874
39724875 39724876
7171857 39724877
14355123 39724878
39724879 39724880
21091474 39724881
39724882 39724883
39724884 39724885
39724886 39724887
39724888 39724889
39724890 39724891
21090387 39724892
39724893 39724894
39724895 39724896
39724897 39724898
7172409 39724899
39724900 39724901
39724902 39724903
39724904 39724905
39724906 39724907
39724908 39724909
39724910 39724911
14355333 39724912
33722247 39724913
39724914 39724915
14355005 39724916
21090470 39724917
39724918 39724919
39724920 39724921
21090504 39724922
33722168 39724923
39724925 39724926
39724927 39724928
39724929 39724930
39724931 39724932
14355211 39724933
39724934 39724935
7172327 39724937
39724938 39724939
39724940 39724941
33722176 39724943
39724944 39724945
39724946 39724947
39724948 39724949
39724950 39724951
39724953 39724954
39724955 39724956
39724957 39724958
39724959 39724960
27518447 39724961
39724962 39724963
39724964 39724965
7173626 39724969
27518456 39724970
21091525 39724971
21091672 39724972
14356228 39724973
21091545 39724974
39724975 39724976
21091572 39724977
39724978 39724979
7173903 39724980
39724983 39724984
39724985 39724986
7172647 39724987
14356623 39724988
39724989 39724990
21091375 39724991
39724992 39724993
27518308 39724994
21091443 39724995
27518369 39724996
14356427 39724997
39724998 39724999
39725000 39725001
39725002 39725003
39725004 39725005
27518830 39725006
14356164 39725007
39725008 39725009
33723342 39725010
14356607 39725011
39725012 39725013
7172667 39725014
39725015 39725016
27517639 39725019
33722255 39725020
14356570 39725021
21091914 39725022
27518341 39725023
14356307 39725024
33723121 39725025
7173460 39725026
39725027 39725028
7173514 39725030
7173716 39725031
14356361 39725032
7173827 39725033
7173456 39725034
21091765 39725035
39725036 39725037
39725038 39725039
39725040 39725041
7173675 39725042
39725043 39725044
27518699 39725045
39725046 39725047
39725048 39725049
39725050 39725051
21091824 39725052
14356490 39725053
7172758 39725054
27517365 39725055
21090374 39725057
7172367 39725058
7172419 39725059
33722124 39725060
33722127 39725061
39725062 39725063
39725064 39725065
39725066 39725067
21090522 39725068
21090529 39725069
39725070 39725071
7172478 39725072
14355184 39725073
39725074 39725075
27517577 39725076
39725077 39725078
14355289 39725079
39725080 39725081
7172610 39725082
21090606 39725083
27517602 39725084
39725085 39725086
39725087 39725088
27517649 39725089
39725090 39725091
27517375 39725092
14355002 39725093
39725094 39725095
39725096 39725097
7172375 39725098
27516939 39725099
7172397 39725100
39725101 39725102
39725103 39725104
33722075 39725105
39724968 39725106
21090417 39725107
21090423 39725108
39725109 39725110
39725111 39725112
39725114 39725115
27517453 39725116
27517459 39725117
14355161 39725118
27517488 39725119
27517499 39725120
39725121 39725122
21090559 39725123
14355178 39725124
39725125 39725126
39725127 39725128
39725129 39725130
39725131 39725132
27518673 39725133
39725136 39725137
14356407 39725140
21091781 39725141
14356410 39725142
39725143 39725144
39725146 39725147
7174055 39725148
39725150 39725151
14356654 39725152
39725153 39725154
7173586 39725155
27518338 39725156
39725157 39725158
39725159 39725160
21091740 39725161
39725162 39725163
33722910 39725164
39725165 39725166
33722949 39725167
39725168 39725169
14356178 39725170
39725171 39725172
39725173 39725174
7173600 39725175
27518415 39725176
39725177 39725178
27518423 39725179
21091522 39725180
7173663 39725181
14356255 39725182
39725183 39725184
21091586 39725185
39725186 39725187
27518487 39725188
21091611 39725189
39725190 39725191
33722861 39725192
39725193 39725194
39725195 39725196
39725197 39725198
21091705 39725199
21091712 39725200
39725201 39725202
21091729 39725203
39725204 39725205
39725206 39725207
33723098 39725208
39725209 39725210
33723216 39725211
39726126 39726127
7117438 27516508
21091839 45571927
27518732 45571928
14356547 45571929
7174017 45571930
45571931 45571932
7173844 45571933
21091909 45571934
7174046 45571935
7173464 45571936
7173964 45571937
45571938 45571939
45571940 45571941
14355992 45571942
14356331 45571943
7173603 45571944
33722340 45571945
14356396 45571946
21090690 45571947
45571949 45571950
33722042 45571951
33723254 45571952
14355237 45571953
14356334 45571954
33723156 45571955
33723177 45571956
7172430 45571957
7172436 45571958
33722958 45571959
45571960 45571961
33723015 45571962
27517370 45571963
45571965 45571966
45571967 45571968
45571969 45571970
33723025 45571971
21090431 45571972
21091566 45571973
27517523 45571974
39726344 45571975
33723376 45571976
7173479 45571977
14356626 45571978
45571979 45571980
45571981 45571982
45571983 45571984
27518849 45571985
33722961 45571986
45571987 45571988
14356613 45571989
45571990 45571991
21091418 45571992
33722892 45571993
21091421 45571994
45571995 45571996
33722876 45571997
45571998 45571999
27518521 45572000
7173921 45572002
21091488 45572003
39726555 45572004
33723282 45572005
14355011 45572006
14355107 45572007
33723268 45572008
45572009 45572010
45572011 45572012
45572013 45572014
33722899 45572015
14356236 45572016
39726362 45572017
14356279 45572018
39726378 45572019
39726385 45572020
21091651 45572021
45572022 45572023
33723049 45572024
21091415 45572025
45572026 45572027
14356030 45572028
14356219 45572029
7172358 45572030
7173467 45572031
33723022 45572032
27518472 45572034
21091969 45572036
39726622 45572037
27518766 45572038
33723319 45572039
27518496 45572040
14356084 45572041
14356364 45572042
45572043 45572044
14356496 45572046
39726472 45572048
27518713 45572049
21091844 45572050
21091865 45572051
33723298 45572052
14356564 45572053
33723309 45572054
45572055 45572056
45572057 45572058
14356150 45572059
27517718 45572060
33722296 45572061
7172700 45572062
45572063 45572064
7173539 45572065
27518776 45572066
45572067 45572068
27518741 45572069
39726629 45572070
27517562 45572071
14356594 45572072
21091821 45572073
39726646 45572074
7173503 45572075
7173427 45572076
21091953 45572077
45572078 45572079
21091354 45572080
39725567 45572081
27517627 45572082
45572083 45572084
7172584 45572085
33722821 45572086
14356010 45572087
21090542 45572088
14355234 45572089
7173453 45572090
7172318 45572091
14355367 45572092
14356445 45572093
39725610 45572094
14355374 45572095
7173476 45572096
45572097 45572098
14355385 45572099
27517715 45572100
21090739 45572101
27517721 45572102
45572103 45572104
7172721 45572105
45572106 45572107
14355409 45572108
45572109 45572110
7172733 45572111
27517749 45572112
7172481 45572113
33722139 45572114
7172755 45572117
45572118 45572119
21090651 45572121
27517418 45572122
21090610 45572123
21091689 45572124
45572125 45572126
45572130 45572131
45572132 45572133
45572134 45572135
45572136 45572137
45572138 45572139
33722023 45572140
14355042 45572141
45572142 45572143
27518289 45572144
45572145 45572146
45572147 45572148
45572149 45572150
45572151 45572152
45572153 45572154
45572155 45572156
33722995 45572157
39725597 45572158
14356381 45572159
7172544 45572160
21090547 45572161
33722266 45572162
45572163 45572164
27518553 45572165
45572166 45572167
27518568 45572168
33723166 45572169
45572170 45572171
14356003 45572172
33722252 45572173
45572174 45572175
45572176 45572177
27518580 45572178
27518577 45572179
45572181 45572182
45572185 45572186
39725534 45572187
7172400 45572188
45572190 45572191
21090446 45572192
14355072 45572193
14354552 45572194
45572195 45572196
45572197 45572198
45572199 45572200
45572201 45572202
45572203 45572204
45572206 45572207
45572208 45572209
45572210 45572211
33722952 45572212
45572213 45572214
45572215 45572216
33722067 45572217
45572218 45572219
45572220 45572221
45572222 45572223
45572224 45572225
21090665 45572227
14356204 45572228
33722110 45572230
45572233 45572234
45572236 45572237
45572238 45572239
45572240 45572241
45572242 45572243
39725588 45572244
45572245 45572246
39725388 45572247
21090510 45572251
14355204 45572252
21090379 45572258
45572259 45572260
45572261 45572262
45572263 45572264
45572265 45572266
45572267 45572268
45572270 45572271
27518442 45572272
33722922 45572273
21091432 45572274
14355117 45572275
14356047 45572276
14355120 45572277
27517532 45572278
14356081 45572279
45572280 45572281
45572282 45572283
7173930 45572287
27518303 45572289
14356069 45572290
7173482 45572291
45572292 45572293
45572294 45572295
14356131 45572296
39726265 45572297
45572298 45572299
39725344 45572300
7173553 45572301
39726277 45572302
45572303 45572304
14356140 45572305
14356632 45572306
14356304 45572307
33723337 45572308
21090676 45572310
27517642 45572311
21091883 45572312
45572313 45572314
27518751 45572315
14356629 45572316
14356567 45572317
39726165 45572318
39726248 45572320
45572321 45572322
45572323 45572324
39726406 45572325
27518284 45572326
45572327 45572328
27518315 45572329
33723118 45572330
33723115 45572332
21091715 45572333
7173897 45572334
21091759 45572335
45572336 45572337
39726497 45572338
45572339 45572340
27518758 45572341
39726552 45572342
14356475 45572343
39726560 45572344
21091554 45572345
33723277 45572346
33721556 45572347
14355114 45572349
45572350 45572351
27517462 45572352
33722117 45572353
39725429 45572354
7172464 45572355
21090493 45572356
7172523 45572357
21090519 45572358
14355228 45572359
39725477 45572360
7172473 45572361
14355292 45572362
45572363 45572364
45572365 45572366
45572367 45572368
45572369 45572370
21090617 45572371
7172621 45572372
27517607 45572373
7172627 45572374
21090634 45572375
7172664 45572376
45572378 45572379
33722291 45572380
45572381 45572382
45572383 45572384
14355014 45572385
39725374 45572386
14355053 45572387
14355061 45572388
14355077 45572389
39725399 45572390
45572391 45572392
33722072 45572394
45572395 45572396
39725408 45572398
27517432 45572399
27517435 45572400
14355110 45572401
7171861 45572402
39725424 45572403
39725455 45572407
33722142 45572408
27517483 45572409
39725496 45572410
45572413 45572414
21090580 45572415
7172564 45572416
14356170 45572417
27518636 45572418
45572419 45572420
33723243 45572421
21090654 45572422
39726546 45572423
45572424 45572425
21091935 45572426
45572427 45572428
45572429 45572430
21091983 45572431
39726696 45572432
45572433 45572434
7172324 45572435
7173488 45572436
45572437 45572438
14356108 45572439
21091737 45572440
33723110 45572441
39726251 45572442
21091426 45572443
45572444 45572445
7173525 45572446
33722919 45572447
45572448 45572449
27518351 45572450
21091465 45572451
21091468 45572453
21091491 45572454
33722966 45572455
27518405 45572456
7173612 45572457
45572458 45572459
45572460 45572461
27518426 45572462
45572463 45572464
14356259 45572465
21091594 45572467
45572468 45572469
21091606 45572470
14356262 45572471
14356265 45572472
45572473 45572474
14356273 45572475
33722852 45572476
21091629 45572477
39726371 45572478
21091635 45572479
27518506 45572480
45572481 45572482
27518545 45572483
45572486 45572487
39726461 45572488
33723184 45572489
21091646 45572490
14356294 45572491
7173751 45572492
27518511 45572493
21091657 45572494
33723103 45572495
39726482 45572496
45572497 45572498
21091743 45572499
21091749 45572500
33723206 45572501
33723211 45572502
14356661 51244097
39725640 51244098
27517655 51244099
14356502 51244100
27518720 51244101
51244102 51244103
7174040 51244104
39726639 51244105
51244106 51244107
51244108 51244109
51244112 51244113
14355172 51244114
33722136 51244115
33722337 51244116
14355439 51244117
45572915 51244118
51244119 51244120
7173710 51244121
7172364 51244122
45573667 51244123
27518558 51244125
45572286 51244126
21090398 51244127
7172388 51244128
51244129 51244130
51244131 51244132
51244133 51244134
51244135 51244136
14355099 51244137
51244138 51244139
51244140 51244141
14356252 51244142
51244143 51244144
33723065 51244145
51244146 51244147
39726513 51244148
39726521 51244149
39726549 51244150
14356075 51244151
21091387 51244152
7172538 51244155
21091451 51244156
21091343 51244157
45573519 51244158
14356126 51244159
7172553 51244160
27518684 51244161
27518390 51244162
27518387 51244163
27518833 51244164
51244165 51244166
14356616 51244167
14356276 51244168
39726479 51244169
7173521 51244170
14355214 51244171
33722147 51244172
51244173 51244174
39725460 51244175
14355175 51244176
14355181 51244177
14356370 51244178
39726467 51244179
51244180 51244181
39726304 51244182
21091505 51244183
33722975 51244184
39726338 51244185
33723076 51244186
51244187 51244188
21091638 51244189
21091643 51244190
51244191 51244192
27518598 51244193
7173859 51244194
27518601 51244195
39725621 51244197
51244198 51244199
51244200 51244201
27518318 51244202
21091805 51244203
45572841 51244204
14355353 51244205
14355264 51244206
7173635 51244207
33723057 51244208
21091578 51244209
45573604 51244210
14356297 51244211
39726502 51244212
7173494 51244213
51244214 51244215
39726238 51244216
39726243 51244217
7173946 51244218
21090657 51244219
21091775 51244220
27518548 51244221
7173660 51244222
21091832 51244223
7173985 51244224
7173970 51244225
14356239 51244226
45573824 51244227
14355261 51244228
27518526 51244229
39725545 51244230
7172602 51244231
21091917 51244232
14356539 51244233
45573850 51244234
14356586 51244236
51244237 51244238
27518595 51244239
14356542 51244240
45573794 51244241
45573862 51244242
33723334 51244243
14355995 51244244
33722970 51244245
7173424 51244246
33722838 51244247
51244248 51244249
51244250 51244251
14354980 51244252
14356022 51244253
7173439 51244254
27518263 51244255
51244256 51244257
39726171 51244258
33722843 51244259
39726178 51244260
21091847 51244262
39725616 51244263
7174067 51244264
39725613 51244265
51244266 51244267
21090727 51244268
45572855 51244269
45572864 51244271
33722314 51244272
14355398 51244273
39725643 51244274
27517727 51244275
45572891 51244276
21090751 51244277
21090754 51244278
27517739 51244279
45572898 51244280
39725653 51244281
27517476 51244282
27517756 51244283
21090778 51244284
21090782 51244285
39725664 51244287
7172529 51244288
51244289 51244290
33723132 51244291
39726418 51244292
21091684 51244293
27517596 51244294
39726539 51244297
51244298 51244299
45573446 51244300
51244301 51244302
33722858 51244303
33722855 51244304
14355987 51244305
7172307 51244307
21091614 51244308
39725452 51244309
45572575 51244310
51244311 51244312
51244313 51244314
14355350 51244315
51244316 51244317
51244318 51244319
51244320 51244321
27517467 51244322
51244323 51244324
33723004 51244325
51244326 51244327
27517673 51244328
51244329 51244330
51244331 51244332
21090720 51244333
27517380 51244334
27517670 51244335
7172689 51244336
45572846 51244337
51244338 51244339
14355017 51244340
51244341 51244342
51244343 51244344
51244345 51244346
7172532 51244347
33723001 51244348
7172547 51244349
21090698 51244350
21090695 51244351
7173623 51244352
51244353 51244354
7173794 51244355
7172339 51244356
14356325 51244357
39725554 51244358
45573662 51244359
7172618 51244360
51244361 51244362
33723159 51244363
33723151 51244364
7173818 51244365
45573680 51244366
51244367 51244368
21090642 51244369
45572619 51244370
45572622 51244371
51244372 51244373
7172439 51244374
14355126 51244375
7172394 51244376
51244377 51244378
51244379 51244380
51244381 51244382
51244383 51244384
7173568 51244385
51244386 51244387
39726193 51244388
51244389 51244390
51244391 51244392
27517403 51244393
7172350 51244394
51244396 51244397
51244398 51244399
51244400 51244401
39725562 51244402
51244403 51244404
51244405 51244406
14355020 51244407
33722163 51244409
51244410 51244411
51244412 51244413
45572717 51244414
51244415 51244416
21091536 51244417
21091962 51244418
51244419 51244420
51244421 51244422
51244423 51244424
51244425 51244426
51244427 51244428
33722173 51244429
39725371 51244430
51244431 51244432
51244433 51244434
33723028 51244435
51244436 51244437
33723355 51244438
21091528 51244439
14356041 51244440
21090434 51244443
33723232 51244445
27518823 51244446
51244447 51244448
7172636 51244449
51244450 51244451
39726211 51244456
21091382 51244457
7173485 51244458
45573537 51244459
33722938 51244461
7173544 51244462
39726274 51244463
27518377 51244464
27518372 51244465
51244466 51244467
39726632 51244468
21091669 51244469
51244470 51244471
51244472 51244473
27518761 51244474
7172596 51244475
14356376 51244476
39726594 51244477
7172678 51244478
45572823 51244479
7172670 51244480
7172675 51244481
14355344 51244482
45572826 51244483
51244484 51244485
21091494 51244486
51244487 51244488
51244489 51244490
51244491 51244492
45573711 51244493
51244494 51244495
39726409 51244496
14356310 51244497
21091675 51244498
14356313 51244499
51244500 51244501
27518326 51244502
51244503 51244504
7173508 51244505
39726678 51244506
39726690 51244507
14356521 51244508
45573724 51244509
7173882 51244512
45573731 51244513
21091980 51244514
39726526 51244515
21091896 51244516
51244517 51244518
7173618 51244519
27518676 51244520
14356467 51244521
51244523 51244524
14355096 51244525
33722120 51244528
45572714 51244529
51244530 51244531
39725468 51244532
51244534 51244535
14355220 51244536
7172556 51244537
45572791 51244539
21090687 51244540
7172653 51244541
45572813 51244542
21090668 51244543
7172658 51244544
51244545 51244546
7172724 51244547
33722015 51244548
45572592 51244549
33722045 51244551
39725377 51244552
33722056 51244553
27517565 51244554
45572651 51244555
45572257 51244556
7172425 51244557
33722105 51244558
33721641 51244559
7172451 51244560
21090460 51244561
14355155 51244562
7172461 51244563
14355189 51244564
21090496 51244565
14355197 51244566
27517496 51244567
27517479 51244568
14355251 51244569
39725507 51244570
21090584 51244571
51244572 51244573
14356147 51244574
33723060 51244575
14356404 51244576
45573744 51244577
33723261 51244578
51244579 51244580
51244581 51244582
21091893 51244583
45573859 51244584
39726651 51244585
51244586 51244587
51244588 51244589
39725520 51244590
21091407 51244591
39726231 51244592
45573508 51244593
33723191 51244594
33722925 51244595
33722946 51244596
33722955 51244597
14356181 51244598
7173594 51244599
45573559 51244600
7173609 51244601
7173615 51244602
45573439 51244603
33723041 51244604
21091559 51244605
33723054 51244606
14356268 51244607
45573633 51244608
7173745 51244609
27518529 51244610
27518532 51244611
39726464 51244612
27518585 51244613
27518611 51244614
14356417 51245493
21090440 51245494
51244755 51245495
