43218 43240
58183 58192
66317 66324
118691 118697
122754 122757
139767 139769
151106 94654
173072 49323
209548 44155
210475 210478
225252 225255
226198 226207
227066 227070
251682 2413
292374 231897
308553 308558
327104 327107
332940 332944
360569 360585
360974 243558
362481 362489
388914 189938
391185 391192
392424 126866
320014 362396
398032 398035
398339 252346
402224 402233
405717 60227
411824 59764
412963 412966
416873 416884
421060 273753
424461 424470
443548 315895
445879 218763
460902 460908
370072 171162
474142 59418
474236 257747
474310 135959
483119 200024
483257 1065
487630 329429
488753 231337
493285 129243
493325 493332
496063 496077
499443 499445
504506 504510
376426 433761
346441 510387
510529 498294
510547 395435
515014 515018
517612 24845
523530 523532
527382 527384
543290 543294
548369 548372
555887 555889
556644 556648
558677 558679
558800 309588
559219 301762
560044 58754
561375 92929
562242 336180
562369 562373
567560 52021
567998 568002
568890 568896
570463 77670
572039 572044
572748 16076
370064 524903
577342 577349
577547 577549
579219 579221
581872 581874
585141 482080
587296 478628
596000 596001
601751 587898
606070 67647
611463 130009
620776 140348
622427 336616
623444 130075
624974 624978
627358 627361
627444 3397
628340 628345
630939 205843
631541 565143
632613 149279
633254 261075
637165 637169
638953 638956
640209 426603
643448 142286
646142 405131
649415 592001
650487 650489
651705 27154
653572 465812
660211 660213
660952 257486
663766 260519
132730 666108
668851 574347
671116 558670
672648 672651
672669 592862
674484 674485
674705 617831
689955 380802
691549 207470
697043 87132
699954 679987
705510 646508
707168 490357
710665 710670
711642 363868
724864 253961
738731 519794
741942 741949
742027 342101
742442 110514
743704 17519
752792 752802
753274 206505
754508 281406
759329 321691
768948 531996
776752 236438
778604 59627
780846 516164
781924 351101
781936 108079
783715 783716
784881 245507
788855 788857
370067 62451
791478 294934
793834 256680
796859 625624
798000 311056
653287 431883
799575 589369
799701 799705
800035 358953
697286 801088
801262 37215
805006 160685
805935 525059
808498 393691
809088 163642
809885 62941
811862 811864
813183 813184
830181 293187
835897 491375
840528 217847
841784 841786
843678 641129
848638 552946
858628 107230
859820 350939
860837 860838
861770 368997
879883 22238
901759 134346
917310 346823
921184 483005
921232 517401
924816 713733
927488 810725
928228 928244
929900 73623
930275 60160
931717 699535
935607 229069
708375 75157
938158 230729
941547 578996
942500 123995
943345 350270
945496 312196
951856 883298
953055 664484
953273 443010
961432 202005
810056 389129
967001 173314
969497 142618
969843 74716
971289 288
972903 972906
978321 799985
993094 602045
996334 996338
999330 756366
1009240 632038
1041632 29154
1042145 403253
1043251 196668
1048292 110989
1051996 397781
1057304 5497
1077662 813922
1077674 100230
1077697 430282
1098092 305605
1114481 62740
1125917 426907
1128346 300914
1148943 315838
1149399 734403
1152405 324770
1153947 926729
1154827 7684
1158667 1158670
1162154 745653
1163435 618120
1168672 845803
1169021 176388
1169044 1169048
1169287 823880
1169876 928284
756381 425432
1173563 314460
1174544 912517
1174552 76432
1179390 699735
1180623 161961
1181510 248965
1181596 223919
1185672 1032916
1186855 267566
1186954 965225
1189872 239445
986916 114385
1192809 54533
1201162 1201164
1210201 878532
1210466 254063
1214292 125019
1218439 316298
1228198 727437
1233773 435747
1246837 146577
1247690 1247692
1247723 796159
1248494 386906
1261130 122482
1281084 91180
1283504 481081
688700 158233
1288548 642487
1325201 1107860
1335095 540601
1350668 1047137
1352384 1083687
1358505 143207
1358522 208839
1364982 1364983
1387318 132886
1388314 521243
1412260 800683
1416626 154661
1417255 83608
1432822 614316
1433910 316735
1456430 316421
1459067 658013
1464995 854371
1479922 1479924
1494176 811644
1494714 1276869
1501571 1501574
1503363 497285
1504915 427663
1508596 1508597
1511030 1146018
1530763 148883
1535843 407545
1539926 5832
1544356 1544357
1549042 301817
1550992 38396
1552618 84376
1554437 453505
1556472 1193968
1557191 358781
1560506 503277
912467 390303
1567542 89643
1568344 121964
1593625 430791
1600098 1289665
1615781 591457
1620411 16188
1620506 67136
1623446 1124496
1633443 201675
1634161 566357
1635608 605868
1005917 1082725
1642302 231512
1642775 14563
1029257 811344
1650317 386482
1652883 82710
1655064 532561
1677759 84088
1681257 976085
1681320 13214
1757370 427353
1775289 624051
1782051 1782054
1787997 26527
1812064 194934
1816873 758313
1819480 118694
1826876 1082895
1829566 1620180
713915 1577981
1839874 508089
1878273 500933
1882790 1882792
1900878 225588
1905375 368924
1905415 204965
1914521 1020415
1915020 21495
1918712 144484
1920815 1920817
1961759 212662
1964787 586047
1978413 1057753
1980454 748008
1982700 244142
1998016 817942
2004728 1362328
2010594 257888
2012521 801618
2022867 162569
2024036 957465
2024255 1452008
2026759 156594
2027776 1444352
2032985 1310522
2033447 2033448
2039006 1964529
2041762 619651
2048018 2048019
2051356 8815
2053976 214411
2066009 64709
2066882 172695
2067554 120381
2067572 439239
2070648 141746
2071638 940974
2074299 78600
697288 269350
2093027 1366036
2093106 907197
2097837 237285
2114464 884592
2116765 300216
2116846 339176
2117611 1008883
2119510 209549
2121180 262924
2123743 1447271
2126766 207725
2135186 268709
2136469 368657
2521294 922949
2721521 2173290
2721566 195985
3151617 762007
3153062 490833
3276810 1414643
3342000 414623
3395427 48502
3417511 580346
3420771 228073
3464688 1510221
3518384 886112
3608356 1893481
4064861 591882
4084696 90434
4149874 612742
4153137 474706
4155034 1157907
4278810 1093529
4303940 3034591
4346661 869029
4563203 1743283
4594684 296440
1743036 543873
4628357 360970
4628403 106047
4641024 87960
4715938 242690
4732042 1961982
4740978 1813461
4748302 160741
4757308 363992
4757327 426437
4763216 67540
4768179 916
4781103 480133
4795622 4795623
4841733 708069
4872733 707583
4848060 1572756
5602351 318969
5845689 1259686
6186212 2353585
6307618 194387
6434976 1706277
6740002 4048243
6798048 329245
6843092 1756160
6866189 231372
6872827 236220
7079284 76620
7352104 1197801
7691737 27131
934672 285928
1731895 322826
8153297 736313
8155591 2561406
8155594 479538
652507 208785
6290682 643501
8200881 661512
8208209 210036
8211912 96343
8215013 395405
8228305 619308
8248184 238168
1004924 264296
8272925 1291176
2132413 966207
8318946 152257
1905016 208602
6400846 602318
8334462 751909
8357392 90863
8370226 63247
8376786 3720660
1998784 619934
7085655 83209
377497 105204
2082458 643214
1636346 516989
5591499 368416
377495 68050
1383671 1092113
304674 22012
4610677 1938662
3804404 2936178
4368119 780178
1595968 344563
8428866 410389
972430 2136133
421902 592740
180061 26540
8454729 288034
8454894 137396
8086533 368413
8456824 119662
320016 249958
3536404 1611038
8467705 836094
6121247 751366
4161428 237604
8471315 377833
758971 306578
764571 76524
840747 245243
934669 102189
370074 330129
934676 781216
2108159 124324
1252073 710752
7639262 753933
1942226 754855
8480203 338458
8480864 423755
8484544 624202
6217527 353139
1476362 642149
6425537 575093
7339983 242319
370065 1925484
8490435 4274577
8495815 822760
8511798 48270
8516131 135878
1302439 798759
1980457 142145
857982 160434
879008 291718
2070873 318894
2284123 199266
6556342 527051
7776928 4872380
8525320 703530
8528028 146266
7280844 234053
8529016 357935
857989 5264
8532067 776784
558685 794885
1350670 5114811
8533796 217348
756379 187165
653280 412424
3804408 1542251
5145636 1320378
2073291 1204070
5178602 5111
934674 1970121
2103973 381299
759586 166600
6357774 2860022
734210 233463
4195060 316306
7501831 966900
2073226 450262
4225086 16689
8565061 48467
8566691 294298
8566719 2172593
476177 50280
4737452 58127
8570886 522272
2043867 640210
6253081 447813
2073320 287903
8578967 1133222
2070857 356025
1998782 545781
8581057 112745
6971747 438947
6217547 271583
6217538 59122
4746218 562702
6350021 49889
8594736 619641
8597737 138376
6290739 731640
925423 164052
8606680 266859
8607660 214275
3804447 575646
8612273 260618
8612526 1681352
764573 5305
3804465 1370381
8626912 415447
8628093 239404
8103404 1181441
8631090 57810
8636541 278651
7991939 635385
8642145 397069
653288 225256
8644883 505313
8645264 78593
8649106 259043
3518960 244104
8658919 407559
2677674 158266
1029329 386149
1207528 86680
8677610 1891457
8679351 159918
2132411 887487
8682398 63845
8683330 440919
8078318 18155
1166529 434478
1029258 511739
8695238 56677
8698782 101763
8698806 88534
1029327 84630
8698957 1112476
8699403 552261
3804417 85009
8702615 664896
8703267 11708
2073250 210538
8705305 343669
5196807 731201
6433040 62891
3804438 250006
3268351 219490
8710464 438921
8710628 464279
4746217 72500
2132405 519973
8713185 358050
1942198 476872
2070867 276201
7298809 950993
2108139 263956
2073219 386467
8077633 169305
8717993 1391307
8720953 107948
2051942 120298
8740049 878841
4069742 29547
8768285 1831
1998711 603090
8789413 587976
481031 412079
2132547 1834462
2061444 1403702
1029256 81771
5189600 436989
8815681 106644
8815789 1327310
8818534 681829
8819231 128479
437779 398106
8823863 4398
8823936 707053
8824703 1033076
5216612 779242
912469 592870
8834101 11450
8835229 1412114
8838323 496823
8839973 55920
4841944 651070
8844514 318861
2108164 1682907
7526081 201661
4794486 485200
1630935 69445
756385 76462
2043256 413504
8847481 1297948
1998676 3499786
8852991 3953262
8863883 327913
1606105 68607
8866545 66260
8893469 408205
8893625 637329
8897708 892739
8910581 623977
7620738 1138448
1201163 499366
1925663 382907
1612657 767565
8926328 607097
8952897 1188161
1925668 659755
8989368 326065
938950 694834
2043873 1169971
8993541 2504308
811052 138267
8104299 474241
9008451 746505
1612645 944685
9010032 182418
2132531 883715
9016033 391388
9016050 429301
7944252 68332
9017139 1108085
9018744 1559343
1615308 321598
3804468 255939
8077627 371563
9062762 131047
1680070 165801
9069765 928571
9070912 362975
9080318 162013
9091153 126129
9103876 70026
9105552 350797
9143886 635859
9146650 475981
4610862 67175
9148624 1031307
9161118 189725
972431 65534
9178856 827529
282019 130422
9188082 18565
9191589 1537382
4794467 924971
9194356 592952
9201315 542229
810864 235120
9201699 824420
4742201 131631
9202095 64771
9203895 1193825
9204214 4117494
9067000 739900
9207434 280750
9208924 56485
348047 568728
4793731 1046293
9229700 187628
9232572 1363970
9233493 697315
9234056 206988
9238119 209453
9245991 96032
8005749 701906
8734016 326838
9256097 231714
9260474 37980
9261258 195660
9261615 1809284
9261748 317582
9263723 1847101
8086646 501875
9268260 150337
9271219 181334
9276352 579105
9281343 185943
9281518 631513
9283027 130727
4915942 98491
4793750 252732
6462485 339790
6352018 779556
9313970 355301
9328659 95827
9347174 461764
437782 386595
8103389 613273
5106485 621560
7370020 825014
914380 15908
9384164 298260
4908598 521347
764572 159478
9397797 20174
9400053 22599
2278826 18600
9406883 368993
9443501 283794
4211355 968405
4216955 31875
7526059 573809
9460036 470639
7761338 973570
9469716 747364
1022742 389277
9479137 474497
8078324 1345001
9480141 559929
9481059 18629
9481419 337423
2108074 452266
9492688 51076
9493173 60372
9500071 383176
9500286 213844
8576349 446258
9522657 859098
9528174 1506166
6784014 302940
9549461 401549
708380 248581
9563741 199678
9566502 115466
9586444 255714
9590160 950629
6400849 79788
9615384 1604581
9615967 615519
9622444 1255802
4742197 78739
5189598 2862698
1103885 101634
9652734 907160
9662058 148327
6744098 26525
9668140 100193
9671259 158937
9677542 183348
2132407 243710
3804405 9177205
4908589 610547
9698177 223404
9709281 797517
9713833 436157
9714360 175996
9715971 162614
9716617 62420
9716756 350990
9717077 2534197
8803842 490893
9717751 382608
9718498 1015239
9718906 320653
9719976 610896
9734687 424706
9737356 307535
9737372 208003
2070791 730829
9745539 236247
9754495 2673194
9764118 132848
9764218 72409
9764882 498252
9769038 927382
9769653 236648
9770830 166900
9770847 34161
9772075 230128
9776450 472301
9782608 455810
9787731 305369
9787766 1685981
9792685 789225
9792762 76826
9793459 275134
9795078 145093
8071217 815948
9799645 478702
9638832 1774965
4368097 767578
9809501 406709
9810299 994586
9810677 212
9810766 383268
10204443 24887
2285605 590182
10690553 967483
10927836 255449
11002472 143465
4966808 1051761
5854243 555212
6717401 465298
11541635 33910
4836700 760908
4203906 1346469
7315082 123577
11576720 283896
11597079 607850
11611429 1886688
4837216 1054059
11704975 472161
11717056 1153933
11754222 244139
5839507 3795070
11764947 546742
5603694 243734
3804443 2116578
6357435 649264
7742320 113604
12130962 480717
7520534 1462488
3276811 5199
12151991 4099251
12168221 282785
12228890 224513
12285702 2524886
12541108 3163765
12898385 253624
12996176 407907
1942225 250143
13091055 248405
13452964 336285
14010414 126967
8524680 2566173
15069836 260866
824968 78313
2070790 1032514
15276487 332968
15312391 813987
857987 190678
12233740 723404
9568842 423541
2284125 733692
12816959 1336307
1393166 657731
5055659 372268
15350743 134948
15358235 547370
5085815 906551
1475189 229401
645571 87801
15387866 3285699
15388088 3725319
5085816 1024437
4792488 452948
6436449 1022852
15389464 313062
8894839 197566
1014984 106863
5039723 447982
15405361 644284
2070871 326595
3804427 1063263
4225088 95835
15431487 208833
346436 388689
1836289 61088
346439 137082
4872165 116494
15488998 314928
4908595 333929
8741269 563346
9730433 923570
15501262 317237
4111757 591999
6429503 1116012
12180747 59919
5866752 1044631
346438 349852
907547 454682
507254 711075
986917 1199658
1385360 281714
15547100 222603
15549059 303805
15549060 126342
4737449 545260
5216822 688583
2108087 443021
7984046 318049
9371957 505305
1958305 409849
759548 422435
14462292 433199
6380618 267000
8078317 1527341
15565419 442752
740098 95071
6315249 237182
2488562 867856
15571075 164070
15572411 561708
15576499 138001
3710672 1401041
1925714 637789
809636 241863
421901 246782
8803024 412091
3804441 610558
15610018 693816
7547849 635298
8819297 44373
1896505 733132
940065 1667024
2070785 102714
713913 277922
3788934 321024
370071 93631
8399260 711345
15625273 7365481
745587 504366
3804436 408042
507670 82904
759585 588794
9267920 258115
15630749 1085484
6400851 312201
376401 552571
11025431 3444849
9799316 150965
8699404 125999
15636210 812453
5593822 4032339
15650513 323035
15651813 77466
6217542 412360
7369982 63075
2070811 208035
8812100 1522616
8078319 433734
12292686 133062
15654365 33776
15578913 553711
6409122 68033
1635927 252003
3804424 856466
1387947 494076
15233475 611894
6357643 675107
764580 828420
4792267 684010
1787343 105186
7994849 484971
15675567 12095
2132533 295152
1925695 11863
2119351 586056
7310621 704692
15132630 86281
12180754 330384
2073238 1643770
15686792 114221
15687762 130579
15695077 249629
938948 147938
2073266 290943
3804423 75066
9259849 60753
4835369 224327
4368095 333941
1836287 1590193
15709108 315360
15711992 439722
10923252 177382
15716612 254972
15717313 821221
3804457 223153
1297469 463712
1103886 43097
15723457 503462
15727311 4966
708382 617581
14272605 370086
2087950 59939
15736957 226564
15738561 261076
13450882 318346
15744811 441195
7085894 247217
15751155 282048
1743034 113049
1998740 686339
4216956 2019528
15765384 176956
15767965 1010392
15768412 78162
15768599 1233198
8086585 499002
2132406 1316049
1542997 448139
15778062 215921
6509406 1771117
507142 73193
4341564 1227478
837736 568578
8087180 58855
4788137 590678
15787369 547907
6738990 179753
15793721 265457
15469597 555512
15798308 1311346
15812827 307990
15211800 369334
12180641 97069
1249037 236251
15824421 257109
1401645 28942
8834653 203586
3199105 77813
8740390 490652
7298053 213479
15879866 1354941
4074486 3533147
8055995 1180399
5183492 546332
15883154 179301
2284124 1153058
7339974 65236
15896567 1185544
15896735 537496
1635926 390765
5974174 207237
507675 351841
2108121 764685
8085245 212868
6317729 232552
1677172 267125
12228404 2051255
14272705 1359818
16041564 644349
16044991 247947
1014986 1173276
4161429 133986
15038462 335709
8071218 1775672
1896506 714010
12231456 2267048
4790801 2441487
16061763 470640
9755361 414143
16064966 542515
2073326 813782
16067816 785
16069971 707161
3804433 1170902
16078785 254368
16089399 464336
16090009 156541
6433078 613755
9632717 300620
16092496 294238
16120431 456861
672659 58139
16127321 1025005
16129490 122515
15508789 178664
6217537 848606
9753395 82347
16188718 559508
1627820 577982
6005623 205532
4872291 40238
7905545 72224
16225168 268512
16227263 196048
16229495 590535
16232262 664958
1584918 1676354
10672960 1074989
16242741 750316
12180744 660373
14887511 979532
5087481 283678
4872145 264411
3804469 1093774
16262759 904313
4742206 362383
4039880 1395486
16273451 128587
16276780 1062888
16276781 54063
16278398 1167549
1998662 846380
8816421 89279
8005758 15540
16287350 811471
8082392 424689
16296917 6174160
16302192 461820
5081680 2267720
16305676 361727
16307378 437546
4258165 364551
16314103 254134
6217541 735140
16322500 597662
16323354 136110
16328620 869285
16328753 838144
7085875 2173294
13259931 1335332
7817105 722494
16365155 253750
1946690 282755
7747147 608489
6331380 2888
16395834 3854
3827479 181998
16399124 217322
5624075 317388
16406582 290648
16410632 94049
16410953 7266
7949990 461165
5860552 2461389
16419361 8182011
5216613 562961
16430891 488060
12116801 668898
4906256 906592
1249038 68837
16449352 323903
15211801 310428
16460536 343502
764581 230836
8904193 189375
16476760 836428
14525848 628946
6817972 833831
16494599 243246
16497807 95838
13672865 444888
13262923 326600
16502577 578110
9693464 725858
1029259 510591
16515697 368007
5985927 1399508
14229231 122418
16527990 1000905
16575211 411116
16576020 4040365
8047841 1979017
16586936 334809
6458602 823264
16590198 114244
16604328 10383
16604443 2352773
16604972 209889
15202873 542637
16631991 264271
4872164 957632
16641416 87403
12816649 339940
9930903 271995
16650877 22761
6868220 432801
6784013 328238
16655539 613347
6817957 2482372
16663202 461491
16669920 915357
16671334 44843
16674725 763297
16679802 672400
16684970 146727
16686205 823952
16689685 71447
8712308 392541
13997256 264529
2132548 1070251
16718018 96553
12180639 376431
708376 842725
16727319 778002
16728277 329880
16729509 158871
16737116 213269
16740814 250241
16742043 546121
16742358 563032
16743650 92045
16745098 533272
8071216 638144
16748621 886584
16748673 309784
16751883 165118
16751958 8310615
16754718 200090
16762503 359702
16764678 392090
7994497 78674
16772790 93219
13748616 38671
16773701 52000
9693461 277128
16785190 485752
16785591 1117924
16795366 962361
16801489 2185
16804382 118500
17211871 134034
17842435 133849
7762783 7075631
9806512 23706
12926770 1221043
4898737 2620408
6330605 1246488
18455758 39956
18457906 496096
14482618 3878492
4835420 1886525
18591542 22948
6384661 3956354
5195564 105831
18646883 143704
4848062 2622604
4872728 753513
6738991 2638718
7084757 2957157
18964513 118560
5872124 1491693
18970469 3741414
18990576 286909
18995348 1054873
18995351 271781
19022703 224315
4906466 3797146
19070273 666444
4872737 431103
14481430 4503125
19134299 1240283
19703853 886091
19705538 297047
14029532 2579123
6211543 2180850
7700897 1718675
19780913 468523
19784486 831449
4847344 1406662
19935664 1679813
20228998 308422
7042985 1870099
6464661 1164536
20796949 420527
8023163 654218
16067963 1762363
7825609 1909625
1942216 311290
8065903 178087
22010494 586473
9322500 1496127
22019828 2831857
16653980 1129937
953796 414708
22032659 709870
22035182 933709
22035188 1098810
2070784 795439
689678 343086
1587281 308424
1113147 302600
22075125 1526584
1249040 37714
22080442 746138
1925662 75883
22113319 1001255
811051 84143
6293567 754107
2452633 83882
22140915 333827
1584116 128334
4590212 822387
1249036 289571
5085808 869167
2070841 25821
22177635 636504
1285427 26533
22185236 1139563
1680068 59482
5013420 523775
6429532 337888
2496628 2327913
7851715 2351205
7370025 449858
6346341 1598470
22196078 730660
7643339 2803451
22208793 449894
376424 56839
3268350 693808
7106655 93049
22229195 820435
759590 86300
8660645 127547
1014981 942117
22240256 1083478
8086651 1426088
3804460 75912
6431588 366974
3804463 370573
346447 956094
6458614 692861
4195085 1062233
22255838 118095
2097109 416217
22256864 115027
8734014 811911
2954684 693092
2073034 588942
9452065 870302
22266840 10839
8819211 607851
476176 524681
1018687 553309
14529482 2601836
9192657 206764
180062 1488582
19953600 625978
7181697 420995
2087081 8427408
3804449 225146
1401646 1141926
4837209 6954640
1612651 1559016
3804451 510121
22298472 603858
8086655 114250
16699155 588734
857981 411351
3804411 238947
1958308 816778
1028902 11044
14986071 758902
745588 33676
4273653 2085383
5090146 661387
837737 328653
13153533 1050204
8011597 1661829
22314982 204391
22314992 6224489
607589 600561
8806136 12438
22318354 689795
497696 58133
2101392 1351420
22320597 919853
5183452 1279550
21033309 2112948
4628850 314467
1029262 1864569
708377 93582
827676 432665
7949924 254099
6217526 469883
3126979 311261
16412107 108625
22331833 436020
2061445 152256
2108089 129513
3804444 177940
22337685 1658124
6435929 125733
7972675 544414
8399262 508529
2070866 15738
5151176 1325238
15211320 853926
22349021 669514
1681998 336373
1998746 97619
1014985 427069
934668 49556
14767941 401898
16739946 215695
15589517 545601
22358539 707010
2064898 178358
1472753 725474
1184116 155490
22364277 937063
5183445 381072
5216821 291570
22370320 1082570
16219842 438764
22373865 526679
2070837 1153041
22376314 609658
21114117 24397
7826718 469164
5550026 1756518
22383544 170704
3804420 566119
6743559 217602
1103887 467146
1925684 256702
11600409 359387
2043255 271772
22399475 237333
22399675 36706
1630936 81985
2108140 19069
6435550 28374
15122312 257463
8104292 1378230
4837993 511260
1925685 269608
12926771 353822
22418448 558345
4160030 451315
1297472 353162
22424607 76502
15991247 100203
2061448 168074
22427937 64553
8104295 551624
2073330 101767
6433559 336241
938949 300570
11149398 20867
2042376 749950
7038364 612583
22447998 325949
1595969 141692
1761374 598397
1925719 151583
4850368 337634
9125973 452324
22453761 23811
7984047 82241
22455186 200399
1998745 48389
22457702 389799
4073781 136640
1252074 25254
801090 143354
22461886 34102
15546205 169136
22480460 258583
22483431 439949
5845683 348360
9753398 745634
15235276 1083142
653286 13196
2132436 295290
15074171 128362
7298701 1226598
708378 761075
5183454 71109
20437768 598026
9796151 3735
1627066 707748
2034749 734494
3804406 2209395
5594568 249868
22559100 1025158
8005773 8475
22562502 3788299
4914497 967570
18892759 56525
22567130 154156
12905838 62376
9632719 596186
9328028 202592
4602021 934485
14887495 210147
2070829 232790
9300744 663007
6886521 280239
10579916 715572
9749511 2492272
843680 517389
22610189 31638
22626041 304829
1798816 3019532
22634219 38326
22642395 364086
10927725 849101
17605014 609379
5600903 861472
10927712 1890437
5183457 674025
15207241 1383622
1925673 208823
22683100 377343
348046 357300
22699411 129661
13599774 391799
22700504 44413
4162790 1059055
6434892 94673
9791709 1573074
2108098 1376003
6288675 73675
2073023 48329
2073022 407132
22710318 588208
1627819 80580
1249039 428500
6400863 1205586
6717400 567007
3804418 574441
5196205 1517130
6458613 1566540
6290683 213083
9079881 336251
9796157 965449
19033546 2013756
22744381 2105018
22746426 232518
14767936 242774
5623185 388080
4195059 6034787
7816212 376742
5867103 515146
1249051 110429
22806790 76527
7761339 564567
22821386 1658329
4850366 284973
1029381 443494
15231688 274192
22849200 225450
22859936 956096
22860700 2078907
21601271 1408894
22869578 963960
14706197 793058
22871135 1163226
22878852 34728
1297467 45966
6464663 2395050
12136692 389252
22887541 451768
22888338 390084
22896279 907012
5751577 1479281
19033519 1188580
15202868 155364
22929721 1364521
8103400 491505
15132621 716766
22937593 495624
16318141 117795
22948039 717253
22956644 20266
22959858 1317578
22960955 583799
1029255 3734
22977410 262493
1661490 17671
22987278 631466
22987778 1004276
22997401 726808
159938 592762
8746363 320517
23026542 21846
8005759 772974
23029643 567567
23038517 469872
1942236 227524
23047520 71253
2073290 24088
6985175 58332
8109088 288042
8806137 49381
6217533 294231
23085919 21499
1964789 478631
23100882 138987
21431168 853688
6343901 189052
11516810 259572
23136559 109437
3754593 187174
6743563 265561
8077623 419030
23167601 178961
6782651 1876495
6884632 1019126
2132412 87368
23187150 602179
23189803 227055
7323609 269868
6462610 1611100
1942194 457821
734211 432655
23215830 1635561
23220282 68599
8485140 1804323
23230649 223766
23235316 798854
23237038 253045
1589221 1587748
4747019 744605
23266202 243087
14775587 199211
15211312 147461
23279999 385188
23296936 144717
23300111 1876051
20454865 4317
4312393 723492
8687547 2489318
5094014 407963
23341198 226921
23342074 95387
23342178 276811
9612745 73316
23345022 121286
23346217 36095
23360514 1361067
5085809 339337
23368787 1585138
23375435 78603
23375682 361737
23376454 848429
23377978 464896
23378022 23947
23378448 334160
23380282 295546
8819212 1092825
708381 283919
13997257 268231
23392767 337068
23394569 36661
23395219 137663
23398341 1602920
23400518 263806
23400525 90588
23402593 49891
20538288 41901
23405891 35254
23413839 204663
4131521 163747
22298842 234129
23422345 130147
13775597 1389777
17605016 1176175
23424979 870346
11994842 3509
23800098 431214
23829058 51053
7562650 1097867
4837214 413194
21394736 2467154
7348448 8156298
5685245 1600992
7816243 1410083
3788935 2147403
4082688 1579126
12888966 789711
12905767 762986
5585906 1660493
6555692 4411361
17629778 902553
25026057 363559
25030623 115401
4902239 938814
9693462 699370
4906499 376846
1748338 89879
6461799 1211535
25327938 1348790
25384085 62522
4836708 1139423
25515195 1440163
6290681 1732834
754509 391241
19928942 125547
4906496 1267918
6357775 842947
25620004 378100
5083638 2168354
25646157 213205
7314711 525941
25877963 1531402
25898607 545859
26173763 2438640
14024935 869851
21826873 854002
26249216 576795
23421540 110290
7366892 8621022
26772269 7592375
26772397 946844
7815760 54011
16128861 1348264
27234631 94644
27238469 35520
14024938 568766
27385795 381789
27463632 458577
16409180 1436302
27691717 247396
7941425 1445642
27796578 252595
15207220 433417
23324547 691593
809637 52846
8111065 96561
28407930 359063
7972673 228325
8087173 390623
28413757 928656
15207245 301107
653277 199998
28231271 571631
925424 26027
28477740 791605
28477805 1400449
28479015 273569
3804464 1622146
28491879 231041
1925671 322758
2488563 432314
1616981 284203
21245116 60796
7938912 363891
370068 31769
558111 294286
518216 97539
653279 218341
2073033 5833293
1572987 711143
28562164 591724
2679873 104639
4793756 1389749
7613346 1443820
376425 448141
5225624 1399426
16318142 618533
4847168 62204
5085814 1057827
28579859 847515
7643347 4033602
1627068 2478987
16640986 499584
4131532 60518
6357437 1127162
1004922 942626
1942220 5718
759588 1139963
840746 284140
1584117 337576
672658 560947
28619539 187873
28619749 720425
28623117 13914
28624655 1371570
6436728 910228
1018688 435741
9259673 101304
370073 434260
28637158 265895
1636348 63257
16342950 437292
759549 945659
928195 316191
28640423 2988420
759587 2539761
7991945 271666
6330602 638656
8669736 92001
2073284 94581
734855 389058
3804410 684865
28651444 1532237
2097105 62117
938952 250844
507141 25387
1716849 366511
28656897 2506399
28677262 297219
7816216 1706288
824964 1109213
1942249 25698
2073262 1054130
7369985 802534
1454606 60422
5840511 224891
857988 437403
1454605 481176
22090712 50254
8660307 384326
13747560 1254808
875088 22933
1680067 282035
1677170 260640
4835781 572501
9753381 334373
2089341 34310
28712695 1966286
497694 244126
481029 336670
2065825 359327
7370019 407666
9796158 2117066
5195563 970501
28721930 236612
8078340 967224
1636347 97429
4153897 582226
21911598 97396
1472754 110381
8011595 52094
6400868 95470
3804407 1625703
7851749 67409
9564606 843306
1697492 903181
6290740 1416784
21268689 402264
1014979 554855
370066 630699
2073265 34139
6814504 400367
28738253 318278
7984054 570036
3804458 404980
6002282 101452
1680072 51597
1615470 206846
7613338 34156
28746226 84278
1089960 978409
28747238 675756
1542996 66389
28751317 280458
1660280 71876
6002283 459002
1677167 1039565
2034755 276109
22781844 731186
28767036 638475
5183444 1809441
28771369 336378
4742205 500585
1113148 374713
3126994 115422
7819269 552996
3804431 1055869
28787268 356000
22531503 248570
2789326 207206
2034746 149066
2132414 269173
28801517 819194
1925683 590330
28806549 83116
28806572 652286
9440752 649803
28811019 918267
28813165 378221
5178607 19176
9374878 822616
1958309 968331
507255 1117380
12436062 328503
28832426 80549
8611031 607107
7096557 275213
4067035 1146406
28838093 100195
5084514 416705
22228757 567512
4339244 253825
28839480 523030
2087161 66538
2108103 1293766
2108147 458241
6429317 79920
9597996 209757
24957237 381640
16356066 1590772
1746871 690563
3804459 1245194
1474109 263437
5094017 217956
17603464 520271
5124803 574790
28852607 977475
320022 225140
12283447 35849
15227939 646466
28869623 73700
3804450 1600039
4289842 575038
12112948 284831
5840233 967900
15546202 2474435
7106656 739922
867547 700674
28924927 411737
1998734 74934
15211313 2075953
9729742 195474
4875923 1287961
9333608 162615
4847177 434404
6400857 208537
3804453 604702
1014990 331207
3804452 136743
16763687 68594
4841236 1339812
20453677 171136
7526060 1410283
577346 17860
3804446 211657
8082398 67523
4747010 2127463
28947098 7603493
2042373 208400
22955392 790140
28949064 317774
28950461 282980
28950716 22570
4072864 3445949
8086616 1112186
5974173 3561476
28971958 1182706
28976805 388110
5603692 959654
2073241 278108
8071223 528428
29011447 499214
29013977 142721
29016812 2051795
9068280 42564
4440921 797997
8077630 130414
29039494 394094
1297471 449003
29041457 254406
2073327 704187
7339981 105652
29059526 516366
2278824 213000
9562289 151977
7816267 1171155
29068516 7809
7526073 194712
370079 115553
14775291 363357
4759177 196126
29073927 453843
497695 705594
3420747 17489
3804466 813795
6332217 155294
6288673 78110
4749981 272957
29083718 191746
12292687 306700
3804440 575754
9766931 608416
2278820 299714
1612658 156453
5107299 2431993
20746621 661832
29103133 1397698
1671723 786078
653281 95078
17605013 216084
1494717 199439
29119511 690224
1539232 926706
29141632 545274
29142346 49240
1761375 456335
29168301 405018
11523376 724831
8065904 844720
16392025 7583
22783238 408151
3827480 263496
3804414 481085
29229099 282997
1495931 435471
22773398 78156
1942238 344732
8053184 2429842
13543952 76606
29254662 74435
4629879 150603
282018 638010
11791927 817580
6253130 484123
16481110 2896699
20362115 433829
15079251 114387
22742908 1086348
6380567 334097
15562030 856068
29291179 561887
1829512 2170
2073248 225038
29298809 140177
764579 585219
19004254 410473
23532336 253095
29314270 278719
29321960 59555
29330855 711179
1925718 103552
2108084 34457
14954038 421824
23379417 73194
3804445 3446257
23350001 266822
29364126 1229142
1494715 710933
29365960 406529
9753375 131800
21746253 93605
7905197 993403
8066938 295022
5600204 200003
12130965 706200
7085653 1120440
29401460 54477
15227940 2550291
708379 77239
4793744 165614
7905203 58132
21876085 558995
23363574 669645
17610568 485123
22533282 99353
29418027 713494
29427998 2566764
5845308 1190256
23596436 713542
7085876 1312773
29443068 1022377
15211805 491669
4628851 1016445
6433947 109198
12137287 484020
5216870 63149
879652 63089
13977493 314707
15195979 577550
29484305 115130
14708959 81680
28304856 902551
29528229 355525
29549515 459599
1677168 8345096
21659972 964723
29557693 112866
29574248 930543
20406328 269667
29583618 443544
2132555 155276
6332218 142269
12180644 1101
1743035 1010272
29615917 752662
15797289 80372
4788136 2550340
1942199 62055
3199101 235121
29638047 768011
8687549 34178
12903329 420293
22178454 295562
29666494 344223
29678257 165820
29689745 128188
16640984 23403
29690983 132242
29692103 269828
29693141 261087
29698861 830554
1022770 142933
29707694 438006
29709458 49845
7816266 300639
29709741 288647
28107178 161885
29715648 2141026
21907582 28355
28300058 249997
1942224 642497
29720417 60603
21009968 27122
7816232 588209
801091 1326401
7816265 142178
29739780 120439
29743729 682740
4181480 483100
29744943 581329
29752309 905557
16640985 253069
29755214 748241
29758191 586214
29759743 153370
29765559 312611
9067001 61068
4837215 1066883
5086269 403403
30347370 387378
30707725 624600
496064 8323233
14308010 18166
15578914 172332
4835708 961352
4847343 828473
7181688 384273
4337662 663106
12905766 1929680
4368126 385167
12890933 1310441
5854242 2195330
7768930 437049
29617857 651826
31429257 967440
4835782 117953
15211318 60238
31450340 979538
18972541 1902965
29630232 250324
7776908 2805784
4906500 575053
7293202 235817
7503048 1347288
7199490 2194268
5585470 358073
32424058 125230
32425259 419704
4848063 1701649
32444661 94882
32480936 208256
7181687 450079
27633296 243902
33207161 734285
22783239 116702
33448538 37361
33485221 1172143
33734003 7600154
33737038 2728452
33754509 1854826
4850374 659749
2070793 842397
14371498 153351
23330167 1576162
34601809 931120
12536756 105495
34609483 551841
1294022 134368
34631882 807345
304675 263675
7854491 1565131
7370030 1546529
713122 411880
1297468 116703
759547 155378
7994499 61509
928194 132740
1501454 747422
1476363 112015
6829152 743628
5694739 524860
21628330 543246
6429524 1918930
810869 254367
14954028 588018
5608380 13915
634971 630721
1501428 254351
22590482 279973
34796099 429021
34798842 1998523
7298702 453371
370062 329341
34808716 1094877
34810799 123373
377496 102219
2108134 970913
376400 407717
689677 803825
34823852 613359
933296 121981
1249035 1777478
7621143 385579
5178603 817253
13669608 206840
2284122 256180
1383670 702667
933297 522083
914378 920271
34831620 336548
4737450 985704
2073282 262892
6556466 138266
2070783 2463208
9087691 327365
5085827 421389
4195068 42035
23389283 22603
1593479 209267
2043254 14796
320021 14203
1501436 1466936
14783948 62750
9933262 213731
34877156 83208
304673 171670
1706859 563665
9785754 455475
5600253 622804
6400856 653605
8874283 666658
5118908 1457528
7949928 91980
34895611 968884
159937 249415
26786260 376050
3427383 1468038
18842527 703315
11612518 615616
914379 1073481
1454604 135248
1627067 355649
34863726 487490
34903854 4573953
4203909 48169
6436454 135299
1029337 512671
2773980 83484
697287 162727
2132542 719188
759589 1568855
1998719 217518
5867110 453481
4171431 549751
6005628 242177
22425388 347939
34920762 49652
653282 638458
810863 292229
34928008 1913485
11524246 44868
6537996 944231
1018942 165020
756380 1488507
11994858 442826
12222069 68613
9632713 164942
34959992 290641
12541363 728506
2018291 43933
19132308 119894
907549 399838
7994513 427399
31894898 17794
6812918 859768
22536699 103628
1925703 102719
1798814 91413
6357686 707283
5600267 328724
20434737 515865
16004249 104102
1247997 559709
933298 671144
346443 1154716
35001960 304051
35002766 561886
6936331 403076
9387170 88493
7761099 195208
6812919 1511379
6936333 169489
2201376 688675
35007290 27556
35008414 3038
7905544 413095
35013189 362033
1925636 100194
7562648 65873
32051453 703621
2073085 91736
7495019 300897
320020 807069
28330814 456151
1005916 121628
35023284 576440
8082410 364871
6329639 369349
7317388 635197
35039442 470254
14539086 184136
824965 927778
2087160 44605
8111060 168785
28594429 916119
2488561 818492
35091007 162833
4839992 1646934
5600254 78099
1022741 396789
3754595 46701
1396462 66173
5601056 2300480
12292688 576723
35099471 261612
4902241 227574
18484673 2356648
9406884 1787544
4339254 934633
8054405 125265
35106510 269330
5607607 872630
3804403 407803
35112840 933246
35120249 264868
3804461 375897
1925692 456849
9806619 1473926
7369999 871253
28444579 1028419
35174414 2585196
35182914 358414
6217543 402268
35184766 244645
35201836 6053
1089961 364429
4848211 494632
1516282 831688
16128560 573710
35236956 1775001
4042724 1869091
3804428 235302
35240264 1305329
35241994 907493
527383 1077675
4171433 213760
1731896 974923
7369971 554569
912468 21151
2108148 161989
3804448 313520
35253538 87857
4837423 475246
25879165 241371
5055660 19414
7562651 910119
1475692 402978
35260279 76683
35260362 259386
3754592 376
35261650 2962
35262170 337082
5980275 1492040
5048548 164932
35276261 689253
25510025 61481
6217546 18279
35283532 127254
35284574 467136
35308028 235015
11994855 388086
35322271 223402
16754438 365643
21911647 1095068
4470574 2085973
35363093 920683
5600249 4274288
35371438 740905
4153896 309482
4768730 241216
2070872 102933
496076 431783
35393765 161667
4783839 1141718
4914496 390920
22926160 697877
734854 737092
934701 501500
35410454 130754
23324524 65741
2108135 978302
6290684 926391
23282271 79490
34105233 3019
764582 139773
35424959 266320
4368123 828905
7819270 59934
2073283 486122
28310757 343341
8011596 505185
8816422 72806
35454157 453656
35455122 182372
5845684 708998
7085761 60950
4195061 293908
7181696 1657058
4074039 162580
35467456 1626360
16128860 139768
1680069 957
13386677 229413
5600250 874444
2108075 2616022
1029261 607403
3804421 103158
35478080 343790
756382 1742641
23038380 128765
4837415 1888198
35483001 1955355
1844310 1137218
35499768 554481
3804467 1251181
15122316 459160
15211323 295918
35528030 34726
4742204 278982
16733776 460197
1942232 101390
1393164 277008
35539845 131033
8494462 399833
6426040 779834
35544695 105380
35560220 150149
8005772 1190253
18842525 198040
933299 690324
14204060 61108
1494716 252727
4906244 356719
35585241 236197
756384 246751
35602102 318912
14887497 1186860
6290745 3906983
20748020 98960
35642292 246259
4225085 426404
3804429 1866661
8066937 1287674
6743562 188432
35669882 249720
7787742 962895
35676152 3184128
35714337 627712
33076281 59572
17072429 251125
35728902 611771
30497987 21501
35736479 1234715
35738167 160649
12532160 238765
5603695 2342138
6868232 131062
31923242 705408
14024936 241329
4791608 1727853
14028174 3465614
14954047 22565
35842518 851057
22222351 337388
6826903 538621
35846338 275110
35847259 416213
28300060 617645
35847378 58819
35850353 344521
12180649 136336
15211319 642171
35853136 1216969
29763358 696589
35863194 142439
35863667 171135
35864151 588839
9632712 281653
21902665 7271
35867957 37253
20510609 906568
35875177 2130741
35875279 781039
35875312 175195
15211309 537460
35876661 320986
1925669 344318
35885195 90688
34466832 235734
28948555 957926
7816207 3527759
35893003 480144
8668424 1297424
35905804 1180007
13670492 979743
35907675 284886
21601275 162955
35909630 1932042
35909856 319895
35910614 766679
21484608 643989
15101563 1040729
35918631 719394
35921214 1339788
36005693 108496
4610875 80522
29763350 10647
4836872 1246974
37273202 1611755
6211545 315881
37332659 2730883
6218600 1131704
5217485 265099
4850367 866971
7542069 1351925
6332219 1584417
1467414 524364
5839503 690205
5854240 4067854
22536906 40475
4268021 1950814
7096556 704809
5151177 1540748
7298042 3035472
37503179 50304
37519030 5368
4875578 263430
6230351 577815
37655326 3641967
5088424 2410432
5623180 584047
22359472 1092932
8086639 408380
37883777 1414716
37947222 1621437
4848071 594610
6290679 421930
27648738 1432608
29763353 807951
38656761 295552
6349961 2022534
8040517 1381979
39022105 349965
39455288 631103
39460327 556617
39485949 619135
39716728 80592
39748626 729365
40391888 1115499
3804456 376120
624640 60631
7615690 687609
8078356 730170
22507897 1372231
23041588 707921
40636458 243848
8641936 1148297
376423 226044
5216823 743536
9762682 488722
1014989 188569
1787348 2995839
370069 88713
7769354 1156957
1112266 134707
40705937 9929578
40705939 61789
1998741 221183
7614263 857522
14844941 263400
23068399 132058
6373928 552112
40732590 132378
507671 126046
2285606 744729
7354437 1352956
21399668 876298
5582201 256183
1998781 466186
5600264 1756534
1677169 2420272
40752868 1078556
4747012 273749
1925649 739755
14858530 752745
17189267 297195
1550229 1365414
1004923 228457
747253 340466
40780778 1356956
40780830 437280
40783662 365367
15026631 1267655
1550200 241505
40790653 820194
21508955 633031
3804415 184385
810862 14673
3387674 242670
4872735 4421687
2281210 200870
2132427 496841
759561 637378
16699168 435589
1942223 602673
4747018 1058879
16491531 699955
4165830 825856
7298812 2853929
11613217 2306021
19391085 201121
672657 149049
40811910 16033
1302438 243031
758970 62463
2082459 201148
1900913 919376
40823795 278223
5593826 1811787
40837106 2089704
7905204 17659
40839379 409977
2087078 967379
1754097 482627
2073218 60597
5974170 541771
4677321 309191
1998720 828405
1119211 499227
24009907 374573
7984048 466493
40848405 598273
4642645 624516
1925694 326344
6554568 119083
7851759 292094
14024949 263317
23389285 691187
32752785 208157
22921366 760856
19274294 258791
15038475 88632
21114036 90889
7991930 245912
1391885 1566785
4759161 36536
22537009 134147
653285 217601
2070807 381241
16464121 559538
1542995 106506
9339094 300789
1697493 44751
907548 2707943
22965618 34264
1925713 248310
7620741 11562
40876776 345584
1942231 131240
1787342 156493
2954687 2109836
1925686 1092093
7851745 231703
16283085 417271
40892458 593907
6458601 1081767
12180753 2257454
33856611 562212
13600245 141573
7369956 65765
5583062 1024022
16802370 238369
11059080 302945
634972 618899
40900917 381124
6217532 123505
34912885 318615
9755365 6926
2103974 270233
12179980 213664
14541194 182605
40910332 583499
1014980 589316
7819237 360356
1925708 431038
7639287 672126
1942209 450023
1697494 900964
15209981 1233102
40925326 367370
4846798 441072
1022771 1674995
40934580 382770
40934682 351867
9796152 598286
1925674 138264
9163978 109573
16423739 1746238
4590211 283418
8399263 885534
40967461 788547
6308095 1534487
14706198 623975
3804442 207358
40972024 611875
4836705 752536
2065822 562181
8098831 495182
40883392 705208
2065823 269614
320017 219261
912466 56232
7293258 17101
2073247 279848
1439480 592848
4305808 706903
7621133 26922
6005625 226202
1925702 172878
6290678 287849
34111643 1137739
20459738 458678
823988 339841
40996638 1442901
21009976 74196
2108142 641394
1385608 319616
7698523 194127
7529357 588197
41012137 417676
7310637 623141
2043874 365413
15132619 76214
41024489 519170
23357278 1217747
1925691 153198
16756740 1919177
1439478 88500
5600255 804931
5998898 51710
4097069 516684
27677625 169137
3268352 292152
8730059 119034
23389286 1343106
29455124 659973
624639 255301
4225089 79446
14887504 128119
1612500 341086
41079229 346686
7621153 1162453
2073251 48350
9749518 844419
9693456 136391
7905199 364405
41088126 173757
16304362 67398
15210251 1222192
4872163 411809
10923247 213145
1836288 80525
28306612 384241
5196808 1234990
41096547 207212
41099618 1325671
18373434 854082
29630222 246155
41148587 232546
6461798 1365374
21357830 620973
20434245 271490
39714059 1083
5086098 3036305
5081231 230727
41175857 1196352
3804422 497729
41184459 707919
22290647 813960
2043868 132706
7621157 107272
41199326 91635
5612174 771294
25026894 1104295
41208898 409267
13317695 105597
479427 135153
713914 808275
4131533 316341
14900220 19834
23396879 127892
20910272 693072
1542981 9574
9462005 132675
29149246 151866
4640398 479809
2073027 259796
4875918 308757
5854241 258092
41224036 19604
7614218 420680
2082454 85063
33319216 12424
41230184 2613696
8533807 205788
41232875 754389
2051943 24378
16128561 535452
1119212 2213179
4195063 1512883
5190790 288088
9066999 379153
12406640 942355
16067962 24826
16128562 388508
7695215 769381
3126986 48273
41279971 827524
41281237 384135
28371820 743590
9693457 257522
41313721 1045158
21934764 463884
41324847 264607
7369983 1982557
41328723 4465
15207229 819027
12148237 318375
3804439 249499
7354454 841686
9632718 455623
41357808 49057
2034753 714538
23114914 1711630
7747146 1842182
1627063 539274
11994853 4746638
8086647 239369
4628856 447136
20779076 613319
3126978 303741
15101561 215700
16802277 330564
496075 65878
4915949 508784
14651382 645851
41404714 534872
907498 215755
41417784 445988
41418101 2309502
40920966 135036
41420809 73979
21784996 210341
35197001 800862
41432867 85963
23091476 177938
8003926 356366
9333609 2856526
2108071 257351
653278 496831
770284 942658
5860553 812610
41454528 282747
41456403 241736
2018290 115421
2073331 80499
35180325 795393
41478329 88744
5600252 617114
34830101 2300454
1925670 501323
8687542 96167
8049749 539724
23041589 389841
2132424 731431
16653991 388880
1942183 106572
25551019 650444
3126969 1172616
8398256 685701
9906452 307087
22531499 329851
15130963 143735
645572 640721
15796460 168391
9125975 23097
9406885 76658
5106489 47883
41562034 2619091
6436686 150250
5209800 170157
41570109 411086
25357752 642225
6754904 252542
8904192 443452
5216572 437054
9730430 97430
6334248 842220
41601366 42668
8086626 91541
41613533 775501
41643239 704143
23379244 66081
4966806 1349382
21911653 44181
11595475 3507
7185719 218646
12911798 225095
19928538 48712
21269528 128786
7552967 388064
41687375 1236280
1393165 288809
13641189 473216
4628857 590468
1627816 242271
35104682 735719
7369970 417407
15211339 121479
9632708 195412
41726573 270930
3804430 3300924
9328027 97529
20746472 236248
41749032 48299
18496448 210131
1925655 493942
25617246 15076
41769509 580351
28240363 1126696
41787871 27577
1677171 1183995
41796989 226203
41798258 178351
41798635 579603
41798788 6184
13748618 471254
29763349 740636
41802730 91240
13748617 1093530
41804010 996152
29763357 825399
41805664 676894
41805676 1446591
41807990 254587
35773063 624679
21254627 528518
41816513 469526
41818384 196540
41819228 27954
28314864 603933
1029260 43177
41825375 766823
8669738 76839
29554838 407900
41827368 813671
41829007 1216782
29763360 49204
41836504 70677
41844001 967488
38486996 1693398
41846331 1813986
41853920 349001
41858427 110298
41862756 758167
41863202 349895
15211332 1391334
19033605 628604
41870405 792869
7300272 909885
40485794 303989
42547075 783431
4835418 806753
5183453 621489
6440042 537180
6715146 915677
4906492 769081
6290685 1138384
43328295 625770
6211546 776778
43337299 59958
43383782 289288
29670497 298992
9632711 498522
5179545 574070
4906497 216512
4906502 63477
43576743 815897
28567705 69227
43757903 948157
21491179 363543
43807373 790403
14272704 289950
43817318 629317
43817905 654253
43942841 56990
44001371 846569
32730194 1342381
5974171 3064263
44284049 1514893
25551017 475555
4794463 203001
8669737 488598
44353802 46625
44367265 477866
44530925 626102
5867495 1234877
9755586 239186
45023139 1475770
45058147 275856
45320341 88976
40485793 19473
40485788 461104
45824784 614861
45834858 9760131
45947556 393633
46203297 271727
8087811 297532
21838149 905569
26136354 264382
9755532 1052105
2087080 2723776
1315187 1095354
5591494 1012129
7298040 1057890
46428937 414706
46431610 916503
29189730 699379
7994490 891092
15469596 662739
46460682 1499028
652508 275576
1612646 212173
4702131 2955484
2497591 669815
21911649 125991
2087079 1085969
20459050 2593207
2070792 226900
346437 362209
14497191 1236309
2073041 322518
9646632 125020
3804462 1239613
2042374 735452
15210250 395410
25550383 105742
4203907 1072922
4203908 158216
1942192 225130
2070808 432213
46577925 240189
346440 202888
2103975 1201000
376402 251263
1618386 149879
1014988 303800
5594286 682870
689679 2035999
7747142 61419
9374877 96317
1787345 303164
8986505 1027166
1385609 815500
8109090 254270
370078 623733
1925664 187829
3518961 219286
857980 330484
46634089 362159
942205 715946
46636185 35141
2108125 310644
4872287 1178986
3804454 158859
46656415 453411
46661028 802262
942206 1358742
5183451 277094
2034757 265160
934673 1420280
938951 968973
2108097 71729
2108094 76273
370063 170924
320019 289861
5085826 661482
7816199 1011890
239325 325553
46671382 329582
5868253 2148927
1925687 588537
4835780 777437
402230 1813246
4131530 234523
3416135 559628
1014991 823004
1014992 593311
2073220 339988
8399261 266782
481030 916823
3804425 421818
28190991 223948
2042371 284232
9646635 666891
16318139 367157
5086097 1375624
925422 493286
1678699 736947
5189601 1865918
22869782 490383
1998699 529163
1542930 1136014
33123984 498565
7354407 156857
1302437 364028
4368098 4296419
688701 470943
5088425 687648
5085825 747576
1942227 11154
4966807 610362
3718260 164546
14900219 233648
46715310 129195
14685737 18580
6330608 892411
159939 625391
1715433 1837675
34501070 1287294
1271599 94344
3910166 94022
2101391 2222535
3387671 9451
17817347 82648
46727405 1327140
4746211 989404
370077 247978
824963 169921
3427382 328438
46740040 71458
37760204 1015806
209241 219608
46744032 973507
26817921 48148
1294021 512438
28805112 220478
2034754 420314
19004256 41501
46766904 117807
35563632 314178
15938132 349633
29723368 71474
1401644 97345
3884744 828385
3804434 360971
813346 101447
1942221 887268
29763347 772570
6400850 97357
41280587 132311
20347946 1003786
225867 547291
8048270 311239
209239 298560
7369938 700771
1485517 34109
624638 390576
370075 405825
2073281 113253
3804412 665951
6332216 267972
46800903 499992
4073636 161687
3804413 254613
7185717 4040385
5048547 211885
19274296 797585
7339982 1612165
4835707 43134
2108150 580845
5616292 1276597
46820996 658158
9568843 175505
46855390 4499
46858193 208878
8908272 1488954
8177196 771023
346445 709580
26189910 579900
879651 390130
1014987 2756517
27467804 265830
9930901 778225
16653986 222740
46879871 309587
11524250 514757
6365862 1440366
6217637 19563
6288674 436197
6331358 185447
31820361 468321
1900918 267649
9933261 10313
4073634 1185583
3466985 921150
8078337 371838
46901184 7635466
5216830 454991
933294 64008
1925696 59995
46906878 139357
14301669 12342
487637 349006
8071212 1478500
34904037 96413
8043427 361724
2034744 48319
12560011 507745
4841943 4798762
3763272 7685
1828473 135535
2102815 341213
15079253 814356
23173163 209215
12406829 194136
7994491 613785
6374544 861792
39147212 533214
1162239 10118
7085874 303456
2108093 345197
8047842 1451464
934675 250494
2034748 193706
47016762 240724
8578872 230723
14777194 273983
33002617 1443122
2108088 557163
2073233 309147
7093687 705861
22615197 305939
8661714 1176391
47028879 1061522
15965477 445479
7806549 2013761
16756755 504595
5216824 1039887
4074485 159629
8293554 142725
1525306 62552
29397275 65188
22607894 156481
47042940 121124
2073042 409252
18503018 23952
22178453 109998
6812924 621724
7542074 1967542
47081166 1033799
3431618 50337
4041446 42432
16763688 795734
35784807 252144
7528575 964669
16699167 127414
47123693 440822
1942215 100979
1228199 278964
47179033 203897
47180508 391091
9568841 67518
1297470 593115
1942193 62482
12179976 642169
3387675 117223
2065824 349662
47204609 446929
4131499 23071
764583 920228
5195565 959484
33892447 375258
4906254 98479
2119352 296011
47230393 543338
11999325 1107859
7994512 460086
7949929 480031
12180634 199613
39649836 1580469
47244057 747388
12292685 147851
8078351 450578
10927700 698462
47277818 1171374
47278116 818960
29763361 669642
47280979 585283
12180752 1422788
20436997 789240
2097107 761478
8087171 538362
23250573 1026552
2034758 484621
9210315 2242
8103405 239462
46340797 925449
12283458 55893
22426569 177966
16640975 612596
933295 146945
5600263 394739
34258861 333702
15227954 1085049
21491191 126672
47357969 110922
17605015 37974
34500675 295802
47366482 72027
8076207 657564
4628852 486753
10927707 506002
11977340 1285295
47390488 49290
19915449 7337489
6868205 4560495
47395854 212970
4746216 608843
793835 702980
879009 1312827
15715313 420677
36016624 249813
6717402 931775
6211542 494631
47433066 6045703
8485137 515495
29630231 4415043
46317768 193497
9632710 155907
1942210 357000
8687548 137125
46121472 623321
47470547 1232466
21399666 926943
15215207 80971
40460358 544506
7084755 1492386
4914498 678761
5984118 338234
5623178 230172
21491187 73699
47516718 122927
47540975 132060
47545689 787359
4793745 647486
47547974 1258959
6381872 80078
29424907 451718
7315165 2399595
47575984 340461
12283446 459242
47583524 1994085
47583669 212931
221513 166114
47586180 515407
1018943 272659
39190016 5103
47598139 589470
47599587 188940
47600517 220205
47603742 217574
47610250 107968
47611926 11574
47612302 311054
33118581 244778
14951061 2445264
47613227 262608
15508788 325574
47613931 771575
34260244 408309
47627187 236052
11610924 253422
47629895 130537
13778654 359423
7352785 1480645
47632607 206743
47633728 833828
47638995 680950
29617862 249607
47646764 90562
13701035 637639
14951062 2831174
47653261 730103
47653794 157469
28774977 643165
47655302 134363
19140574 97697
6816890 233792
6429319 109104
47982815 375196
14282203 1130234
3200647 1199301
48454831 3249698
6365861 129072
48530343 798277
4836703 2610261
3804437 1157660
5178604 3433558
31810855 872662
5081689 5694855
49041100 484060
44343488 606083
7742328 390301
49075611 261993
4906468 495368
4872732 2540704
4768575 1043694
7181686 1482434
5988251 238969
49313487 1259753
6315251 3672541
6230207 805561
49537308 1087251
4848072 113162
4803076 3797621
49841586 739072
12921079 429707
12180651 2822
14951047 318859
14024942 555808
34500681 1769657
50066511 300317
7042989 1389724
6230352 10548385
28300062 160488
51007765 318062
51493853 770528
51832718 1401345
51866423 692274
51968068 872820
