3284 3364
664 3604
1165 4294
4690 4764
113 4915
1171 5604
8495 8573
9603 9666
8525 10464
11650 11748
8508 15001
1394 15056
15733 15763
1409 16242
17370 17402
18213 18254
20138 20173
10265 20843
22094 22118
14073 23862
24560 24588
24590 24622
24655 24702
25267 25376
27080 27096
27493 27531
32 27567
29683 29729
3381 32236
34148 34190
38859 38870
18079 40525
40811 40853
48663 48672
48723 48738
48901 48915
48956 48979
49811 49824
55804 55824
56387 56421
56476 56493
56599 56635
62305 62320
67244 67248
69722 69755
71276 71303
6589 71474
82943 82967
293 83900
87393 87413
92574 92601
1429 94991
95876 95891
99237 99262
108797 108830
113069 113106
140665 140695
157748 157772
158517 158546
159870 159888
126013 160445
176464 176468
226796 226853
230216 230232
255110 255130
260180 260232
285822 285833
286974 287840
8720 185735
292192 292232
295111 295127
303042 297885
260478 304123
309571 309587
311119 311133
312673 26199
209904 313971
322223 322266
76370 324127
324875 324900
330391 249845
333580 333588
2614 344503
346416 346429
374441 374462
376682 123561
386629 89356
387661 387665
388626 388640
389879 264983
390150 390156
390285 390291
390486 390493
391404 391418
391471 391481
391626 391633
391651 391661
391747 391756
392129 392136
392458 57810
392854 392863
392952 392961
394849 394853
396371 396379
400607 400613
401267 401278
401776 401783
402024 402031
402119 402124
65120 49794
416633 416643
420362 262918
422187 422193
422937 422944
426462 405198
428837 428843
428864 428866
430736 430747
431265 431279
431273 431337
431593 431598
431830 431835
432132 432141
458768 458773
461932 461942
351063 255787
466986 466997
467255 467271
467420 467434
467796 467804
468072 468082
469514 469529
469552 469566
469610 469620
469762 469781
469798 469807
469891 469896
470473 470482
470583 470588
471582 471613
472497 472520
475041 475049
475076 475080
478466 72773
484104 484108
497042 237263
502042 2252
1663 321975
518512 518519
519273 519277
519296 394586
519344 519350
519384 174766
519904 519911
520057 520061
520132 520155
520612 520617
526602 12342
528865 528885
529831 284470
532975 532997
535588 535659
537378 420150
541909 541916
543569 543578
557500 557503
569103 569104
578471 97208
587237 200095
595009 595016
595686 595690
599098 599127
600494 508109
609625 266328
611596 611608
615176 615180
615578 615588
618756 618771
627174 627184
630378 630381
273985 552825
643249 643268
654368 654377
659146 659149
659218 182119
677167 677172
685250 685257
685274 685279
685445 685449
685829 685832
685835 685840
687689 687693
688329 688333
688686 688690
689000 689007
689335 512546
691867 691872
147000 696722
543571 696801
699246 699251
701200 166844
726891 325109
582060 72211
744193 744221
750350 531327
754023 616246
762228 764861
458067 258135
769653 769658
441479 603933
773718 773723
774038 774043
781555 248801
1845 92836
795424 795425
803397 12638
805078 805086
805114 805121
805331 805337
808914 808916
151595 667323
302507 48886
823309 823313
823372 452901
823512 823518
824072 73911
351039 492140
833103 833105
7527 837531
837987 837993
849211 662753
850903 781529
856243 856256
865791 224926
868988 869000
874939 13370
875942 875947
876204 876209
878205 172540
883652 883655
889338 889339
890814 890826
891268 891274
893900 271095
894023 315156
894038 624679
894154 350354
894487 454114
894496 625286
897739 453325
463363 129796
911679 249267
912023 912049
915426 915432
738628 257164
927023 409788
295988 114670
935669 935686
282828 29228
975110 421782
975165 533460
975195 325368
975217 465433
975237 303607
975379 975384
991614 5701
995603 995608
996953 292067
1006205 957926
1006473 642291
1006699 1006703
1007441 129700
1007937 1007939
1013075 4565
1018092 1018099
1021819 178390
1022992 281653
1023001 122757
1024852 288088
1049799 351841
161021 1050863
1054916 583666
595159 48540
1064323 317776
1065810 1065814
1073020 1073024
1078662 553328
1085910 1085923
1094084 1094118
1097216 1097219
1099545 400906
1113583 1113589
459893 262486
428857 94313
1125609 1125613
1128162 1128169
1130179 120032
1141117 1141122
1147887 1147891
1148049 820326
1162840 1162849
1171151 1171155
1177782 644249
360392 452351
1217889 514371
55 1228899
1240271 582219
1252884 176227
1259394 710983
1268110 24372
1289160 1289164
779579 878807
1292977 142350
1300929 9470
1306082 1306086
1310648 1310653
1321335 1321339
1347707 781698
261529 575660
1362382 1362399
361062 351854
1365369 216239
386937 1398475
354366 91248
354366 728438
1411250 1411253
1430237 135723
1432591 1432599
1455510 1455514
467731 44873
1470085 684880
1505771 312119
1519623 330963
1598992 617419
1622968 140356
1639003 1639019
1654741 1654742
1675084 217958
1679789 1679794
1692580 1448994
1744013 209379
1753253 1753257
667518 1771001
1793319 920466
1818748 1818781
1819400 752090
475077 732620
222141 1821121
1825537 1825543
1825685 1825691
1852470 1250751
1852627 49765
1854090 6585
1899291 802536
1910904 1910905
1922187 1922191
1923348 1367379
1932615 304916
1932955 377804
1932980 22614
1933203 107990
1933235 1933245
1934820 1127647
1935402 474127
1937496 645160
1937496 240778
471346 338321
424904 2011059
764847 1313218
2114263 1339812
2277328 1401
2298555 15967
2303425 209549
2304428 2304431
2304428 344571
2308350 619641
2308483 228897
2321680 2321686
2322173 2322177
2322349 2322351
2326119 2326121
2336005 37079
2337427 579900
2338183 680755
2342648 1117924
2344124 89880
2349265 2349269
2350019 2350021
2352172 2352175
2360053 348227
2367724 22800
2369988 2369996
2372032 2372034
2377065 255757
2380158 354267
2380160 265740
2380224 49176
2380236 500995
2380348 865473
2380682 819936
2383349 2321018
2387138 271459
2389839 322845
2389840 660986
2390107 1547831
2394258 148426
2395880 1371570
2395893 510714
1472302 2396645
2397677 591889
2398276 44763
2398314 2398318
2400139 333106
2402675 1772489
2404698 2404701
2405718 2405720
2408245 328438
2413057 809055
2414445 1119866
2415516 1222448
2422212 623138
2423246 1013687
2427259 275945
2428121 2428123
2429757 286243
2429841 2429842
2429856 69818
2431897 103512
2434999 678765
2435009 17582
2435039 824337
2436991 1756245
2438772 2095602
2439874 2439877
2444802 2444805
2451044 2451046
2452577 2452579
2453839 938087
2454005 2002302
2454255 2454259
2454532 2454534
2455434 2455440
2459832 2459834
2460444 2460451
2461125 1638869
2463452 2463454
2464429 417104
2472983 557222
2474007 2474009
2477876 2477883
2477958 1726469
2478216 537196
2478441 437055
2493519 564514
2495339 794695
2499941 471298
2503976 1042502
2506582 1135913
2507106 147150
467450 48344
2508501 2508508
2510856 2510857
2531087 1154075
2536047 2536052
2536676 2536683
2549114 2077728
2549844 806309
2551485 800613
2555127 2237470
2556019 1519020
2558704 711143
2558811 1884569
2559297 2108245
2559331 857223
2564165 1959087
2582605 2582607
1793322 54406
1793322 2594594
2623457 300024
290339 364005
2641536 802370
2643500 865585
2648195 1057858
2649646 2649647
2649657 294015
2650014 607401
2651854 2651857
2682101 2682103
2687613 1596848
2703561 2703564
2703577 105813
2706072 1772415
2719707 2719717
2728079 1671808
2749185 56088
2750446 379309
2750457 898084
2750500 1248882
2751045 2751054
2755506 648423
2758292 946934
2775326 1301719
2793033 624998
2796514 2796516
2802776 2802779
2803467 176136
2803563 2803570
2805636 659863
2809458 2809460
2814491 1489150
2818578 92617
2826157 1552711
2826202 1047429
2827879 2827881
2829208 762102
2829254 1058842
2829367 923933
2829492 216512
477832 2008455
2831297 585964
2836282 2836293
2837654 2837656
2842258 632090
2842293 2842295
2842813 2842818
2843303 131421
2845583 1381317
2848794 1958512
2850385 1152037
2851626 1129044
2855519 2855523
2856063 2856067
2864658 2023532
2872593 949012
2880371 752717
2882974 1035567
1692596 490692
2887548 617979
2888119 2888120
2888475 522904
2889442 502927
2893692 1453861
2894069 2894070
2896331 1932007
2897608 1552958
2898112 2898113
2898353 1540217
2902353 2902359
2911283 1566010
2916219 2916221
2916234 127234
2916241 486532
2916308 2916309
2929933 490359
2930365 1497636
2930379 400402
2930428 295637
2932749 2932755
2934284 2934285
2943121 187883
2960371 2960373
2960558 2960560
1381520 1205126
2969196 2969199
2978629 661517
2997842 1092110
3011649 3011652
3011984 1221087
3030438 1785015
3037909 3037911
1219122 372294
3042113 1755728
3042311 2718204
3042313 558724
3042566 1908811
3044313 3044314
3053862 3053865
3056732 2761414
3058357 807435
3060398 2140059
3205412 237860
3292886 1034560
3426808 40345
3438479 1245896
3453895 3453899
66687 91231
3519508 58289
3557608 3557616
250626 2058290
3782842 50106
3817881 1321261
3818871 1058654
3865599 1688875
3960955 2009702
4040854 4040856
4086336 443780
4110386 4110406
4110522 289
4092743 1037467
726511 4152882
4194024 4194026
4198553 403271
4201128 255373
2916080 259794
4202340 771853
4202547 1835659
4202906 374033
4203790 4203794
4206395 237458
4206852 229720
4206947 1009884
4207020 4207023
4207769 1776303
4208416 1894694
4208456 22676
2337428 74158
4211753 4211757
4211880 156847
4211880 3879146
4211987 4211990
4218393 4002316
4218399 26059
4222709 2021278
4222829 148296
4224779 4224780
4468103 443635
2540126 48099
4560934 2684447
33299 280964
4599966 4599968
4721824 4721827
4755208 618178
4821274 4821281
4837284 4837288
2916328 4844980
4906065 4906069
4912449 4912451
5067714 1858115
5068129 1093319
5089312 2175814
5109039 631850
5617376 5617379
1352556 814358
5940879 303686
6314945 4835841
6343971 943739
6352861 5394
6366789 158626
6368776 661430
6381567 4604067
6381568 1060796
6383099 1390035
6428952 1876790
6765406 436633
6767467 207726
6771401 682593
6774611 2295094
6774624 2714390
6774630 485898
6775105 271151
6777307 471464
6777321 2331529
6777417 1500609
7079498 529660
7080139 1835369
7158809 3219952
7158809 657284
7192894 1224135
7193340 66323
7355636 952536
7469909 1095619
7501419 1803034
7678181 1015212
7678343 777963
7683392 7683393
7683394 508812
7683395 1509734
7683418 4008667
7683419 1290259
7683424 461644
7683425 1589536
7683426 1072732
7683427 1927707
7683428 1381832
7683429 276889
7685554 161039
7685555 81680
7685556 87803
7685557 7685558
7685559 442083
7685560 238141
7685561 93618
7903284 671651
1248 310320
1248 958331
27214 166640
1180 460929
6932 2036573
1223 66810
538306 1180007
1210 748241
1217 400350
3554 15004
43516 1143315
4613 435178
4610 763082
3538 1675247
4951 307899
464949 140434
42850 43609
57897 712075
887601 786295
8128569 8128581
3521896 336481
5042 569246
8131545 541063
57217 386471
2075622 8131909
8132219 1075014
8132227 386965
8135098 970229
91694 2066975
518884 1147917
59246 1305771
4835682 2977756
8463 773804
1915957 8140045
8140047 3465682
262113 269702
1052222 629870
8147665 1975850
2285048 8147908
313308 1086291
8148244 8148248
396255 2881777
834333 929621
357200 44923
67152 36978
8157311 436287
512817 162727
15156 4913541
912963 2625134
28184 832992
2737678 792811
793787 1776792
31 2264596
1767876 811902
1647928 4401790
7613774 421771
566592 245996
8180888 1513973
391899 196425
113438 771389
8200582 4454292
783985 2421481
8223659 3300890
1908298 488080
414754 48362
8262582 8262586
8271181 1186578
970087 6528870
665406 938013
8285568 8285596
5822993 1892958
8298182 846555
8299118 62364
8299826 2441806
80720 69498
423816 3804159
315648 1707714
49 1681046
61478 544856
8315151 476673
8318217 1496487
2085206 906103
1195840 346946
8326076 1780345
86889 1809738
1624520 3527727
8327503 2406583
8330970 735781
8333201 448840
342288 1753853
342288 8333989
2739165 734327
1015618 1775192
8338558 635546
11079 1373025
8345266 810943
1670 780968
8106588 616430
8358175 409844
3008140 2644830
771396 2297124
4757430 8362752
764853 761075
8368640 1138396
1435984 249124
304079 5188174
8370157 1523552
58967 1034163
8371190 147131
2619824 250889
8385998 2137222
8396237 278624
609630 424938
996829 432632
8400527 8400534
1932981 5404349
8400842 8400844
8401114 1175438
8401336 3780826
8401395 4064116
8402337 8402341
8402534 8402539
8402952 4645216
8403901 4994850
8404630 2509802
8405068 441194
8406109 8406117
6906 4307686
93762 2404278
8407568 8407574
8408357 92399
8409492 6034787
8411167 414003
160429 244775
8419337 8419341
8423370 7107753
8427781 8427800
8267720 8427844
8427882 2652377
2431844 7417923
8429614 1601106
1223479 861355
3103805 3533994
8446064 2198546
2650935 94910
2312652 4628049
341394 2193747
8457410 488696
2653969 7818566
8457544 7761870
8457907 8457916
8457920 2755454
8458053 3286713
8458069 1481301
8458183 8458192
1333583 7417932
8459641 337822
8461074 8461088
8461649 8461653
8461668 3571285
8461687 1431662
8462149 2076289
8476044 999046
930166 1895180
8486791 2517915
8487217 2847826
502043 2739515
8496052 8394965
470481 4628429
8496152 2977525
8496177 8496189
8496250 8496252
8496312 8496331
1024872 8496464
8496664 5314868
1050767 8500311
3007198 636772
8504206 8504218
8517996 226035
6368894 628884
6368894 2261440
62422 1584563
8543839 357169
5624204 8546442
1024766 8554548
8555057 3013772
8555390 7818773
272599 42370
70398 1552290
8561666 4605477
8563665 63919
8565388 237742
8568108 1363783
366267 291710
8578615 558345
7683564 381275
8593439 230362
8602889 2598746
8613058 15184
8625439 312784
8625697 8625702
8625812 7418554
8626625 5135011
8626728 8626735
8627483 2021187
8630145 2088263
8630382 1750637
934745 827444
886707 226111
388630 3025161
8641535 589178
8650267 2081389
8673410 7771544
8676334 8553755
8679869 8679873
8680078 8680085
8682304 3240388
2971304 155977
913615 1744988
8693291 7288625
8693388 1923228
8693505 211943
8717443 4019055
322284 1006196
8726561 8726566
389649 793058
8731005 8731011
8731257 2761846
8731730 385026
8731842 936806
4180320 380133
8731981 353490
8732000 653132
8732348 637664
8732380 825452
8732383 1096128
81786 2086765
2869344 154922
8748573 923570
365597 814579
8770360 8770361
8770818 8770821
5694373 422096
8780228 8780233
8786128 141546
8786161 32133
114274 2100522
8791830 518107
1310652 902551
8794496 270363
2816334 1943808
226802 1252958
946612 48304
1268 172748
3106993 1534296
8848999 228069
8849098 443010
8852538 694834
8865976 545257
8866110 261856
8866156 160374
1159818 4453857
8875067 384873
8876167 1480665
97438 480085
8885909 533305
8886836 266568
8886948 82904
8888472 101390
8908528 3545018
1334584 220707
8914496 1493623
484111 1021161
1138619 410700
5863329 414791
8961151 2761138
8962629 1628679
8971630 8971637
5133478 957727
5133478 119007
9008278 743626
9008985 9008987
9030042 4599748
175068 712111
9031504 9031508
9034892 1206671
8123928 307741
9051184 1646709
9055046 1117558
9057595 1389646
9060807 332818
1565760 2975759
1481503 1357549
56490 1867633
9076516 416333
2997747 2874844
2524574 451768
9111835 420218
9125774 1937217
9128884 700806
9129462 807072
426013 323969
9143659 2153366
5004082 112192
2950340 9090574
9182977 268232
1301510 3240559
9198310 942835
50931 243406
8479612 1805003
9232817 2206676
9242818 2899321
9244228 1386997
9259140 101772
9280813 962743
9283809 257486
9286080 457088
9295614 2078407
9296616 9296619
727096 3819983
2822714 432162
9321075 945006
9325661 1172350
9344848 5005448
9349102 842507
2349765 1449688
9408117 1389010
9413767 9413771
9424226 10483
9432699 936558
9434692 4047757
9455697 3654447
6525608 359665
9467085 1998411
8228007 1372249
1696175 3213825
9490013 1676804
9501856 226917
9505813 804111
9551451 500321
4470140 2146131
9573937 220767
9590247 2165633
9607787 205493
9609853 293299
9609866 385579
9611547 471937
9628226 289572
9629855 1725929
9637938 1235540
9659505 3571595
9659569 9659571
9659819 1010059
9661213 6222472
9677886 625343
2911938 1442538
9680957 871517
42817 127136
9756070 235242
6456855 6473968
9790918 165609
9794450 9200052
9805826 246652
9814786 665636
9895927 2027511
9904542 3571421
9908476 4902219
9218977 2146515
9926968 26847
9928306 9928307
9541582 215695
9952298 123819
9952390 27834
9954059 9954063
9954432 9599323
9959532 2027081
9961261 40774
9965476 9965477
2419328 9969453
8041194 179301
9981907 25586
9985266 7903
9985414 3524
9985944 136367
9986448 6250
9987077 304239
9987173 1156942
9990900 1526159
6777354 542665
9994279 3572926
9995705 843679
10004977 3276843
10015031 124465
10017159 10017166
10017841 128791
10018021 582748
10018024 405131
10018193 351816
10018312 829362
10018323 586032
10018349 323832
397751 195212
10018410 1734335
10021366 1322387
10026769 127420
10028410 1910472
10031782 296129
10036332 600054
10040083 1349833
10046646 314479
10046650 622359
10046653 755671
10046661 1004839
10047256 159874
10047336 218013
10047859 8948118
10060264 640779
10060269 1183529
10061508 375747
10061590 1155336
10064784 18562
10064944 71136
10066495 581015
10067791 19187
10080293 10080303
10080902 10080904
10081238 10081245
10091074 2291979
10100811 354567
10102923 159523
10103389 9257584
10113371 4185583
10114702 349650
10116177 1431150
10116390 498821
10116751 353892
10116977 3083932
10124586 408151
10124687 579286
10124708 1478509
471590 2329862
10128409 1711409
10133801 149427
10136462 3557024
10137677 1249707
10138746 572385
10144294 235727
10147338 771295
10149850 269631
2290873 1018355
10151769 1332813
10153837 1516060
10154477 10154481
10163096 4025177
10168939 1597141
10170433 4828983
10174682 573817
10180322 9306196
5090350 267018
10225252 926281
10232625 987417
10238459 4153081
10238907 3046821
10238917 1361514
10250468 3196762
10250542 957653
9127552 1003810
10255354 732994
10266156 4092300
8164639 439677
8981194 10272064
10272113 10272115
10282757 10282759
1432852 226899
10298464 102088
10312284 705413
10315666 1491290
10316021 3744797
10316368 3569660
10330859 1289395
10339623 1332185
10342877 952870
10346220 4875348
10346746 655783
10360056 330261
7092683 2168354
10361039 130798
10367301 465536
10386930 772248
10391563 3752215
10393559 2158166
397642 2327587
10396635 390897
10401660 849826
10402420 10402422
10407249 669401
10407311 7397776
10409859 1409501
10409884 59080
10410157 162663
10410169 236039
10410334 1994814
10410912 667291
10410966 810468
10410971 2696748
10416038 2162213
10420946 5797545
10421093 772148
8260006 9172080
10427815 2123946
10431575 132716
10433801 1541391
10438067 3531937
10438335 10438338
10443642 10443644
10447705 728074
10452092 627507
10454748 307740
10461772 3220793
10463240 1532340
10464722 4207684
18113 2113620
10468474 1187563
10468615 27656
10472407 1357911
10480929 143264
9239487 3252674
10481325 1047202
10483627 323954
10486698 449692
10486830 136926
10490019 317576
10490534 1037413
10490534 3662770
10499719 10499720
10499729 2630943
10500213 10025057
10514468 87797
10515041 2214693
10515919 6606814
10516697 1773190
10518418 272292
10518420 175528
10518664 783292
10518720 67998
10527384 946044
10530874 2055024
10533265 472880
10537977 537568
10545812 608214
10556137 589059
10558702 88105
10571960 1001878
1790826 2272991
654374 520109
10577517 10577520
10577525 2435659
10577531 10577533
10581238 828910
10581455 3195523
10581460 1498086
10581747 2069857
10588599 3546536
10596372 9309548
10597955 2297376
10598445 2545168
10598758 2080760
10611906 791023
10612454 2618256
10616050 1060332
10616634 2761181
10667065 13044
10696468 410980
10729947 336389
10648928 479210
10818556 1530748
10878969 250531
10892134 230274
11033416 2259943
11047706 11047708
11169075 2390106
1002217 743678
11347720 3190867
11495727 1286522
76595 2226995
11573362 1356631
4790789 1863241
11625012 6420695
11625378 5315
11626134 744927
11627133 1073276
11641144 1132375
11641707 4854095
11641758 11641761
11642775 353145
11643288 904693
11644247 953379
11644950 3022962
11645454 1458034
11645513 1180201
11646010 2926322
7487685 32990
11647254 74427
11647368 9312541
11647404 1438447
11649523 1689629
11649659 440698
11650411 415640
11650413 4038600
7776435 10928053
10367201 10754151
10367201 11655607
6777333 1319464
11667378 2847676
11739146 1594492
11792156 613359
11883178 436032
11891478 1199889
2788634 6885614
12061346 3226327
12122671 252006
12142177 1493101
12284610 925699
12285224 4001612
12293256 10135712
12341851 396025
12375050 837187
12463083 1349834
12471773 11091771
12561789 79510
12576020 3064742
13112237 13112238
13124824 13124826
13217992 175256
13218022 9988037
13235450 6421994
13243673 319461
13266077 11530487
13575090 5332518
13594143 1389667
13597492 504798
13599880 4501941
13611532 110925
11781059 1142501
13623070 243326
6369249 3539020
13967606 3456930
11235757 107903
13980503 869969
13981696 1625601
13982472 6444503
13983596 95809
13983720 235034
13983736 229627
13984000 141962
13984005 720094
13984756 1541822
13984789 1190236
13987440 1112596
13987451 4107186
4211881 6873750
13992278 260680
13992578 8292845
13992612 676330
14016241 602119
14033389 4344839
14329755 564493
14361048 690922
14374694 2040873
14500953 5106654
14630434 1685956
14649697 11458
14653269 1345850
14792143 3576347
14828236 711710
14828312 296587
14828317 566087
14828318 1458225
14828322 37908
14828351 2357269
14828352 132880
14828353 67021
14828354 528923
14830353 328516
14830354 14830355
14830356 274017
14830357 209759
14830358 65892
14830359 48402
14830360 38240
14927168 177468
1214 453409
1700 256469
15238260 951668
3921229 5061472
227318 833748
704 317760
221639 1360419
1190 2127206
1397 930543
1242 148623
1439 1650796
1157 158234
1147 22012
1249 334177
700 803395
210873 143354
137798 468081
234134 382608
9610 844425
909029 413035
9292 2141447
30503 1559012
256778 592848
2266275 306855
2284 70111
2310 59791
9218 177941
26122 2039576
8322260 9627334
1018093 685180
133701 3234825
1762493 309953
11627230 1760336
15256539 268800
486341 1556316
155974 266634
48908 586875
712771 594780
2566388 4307013
79242 1788089
10838858 25816
202833 560563
281555 1131985
2278467 497729
1970884 1612886
735415 10748461
2577115 8812768
984566 927824
15269557 1805431
777652 6053470
97232 1193912
56410 513466
56443 644871
33987 2508358
15274159 77866
282338 630815
316927 134693
996584 821221
117920 113747
190302 9447242
1940055 628323
11977184 298191
576739 2416284
2830533 18178
1660676 13579926
388040 9322076
211088 131896
15298755 390522
9635294 3793792
966510 82703
15323895 3433757
15338473 250819
23338 9780733
39952 3119160
283448 1723333
8390170 4035551
356176 937286
1125685 500424
1125685 1643409
15405505 1196591
15414102 912760
461541 3539456
2270867 34607
2429008 238480
9114601 591521
8794905 688569
720295 8292538
158774 1075949
15447389 6503188
15448003 1836150
66470 436122
2270908 32750
762231 8671596
2089097 2760942
6397174 3578515
915427 562792
96290 3682763
366604 431231
15470410 15470413
15479253 3572574
150707 387638
10650999 652316
15489752 1051108
6775938 85935
10286552 8068156
55695 347763
15494024 5597016
894497 5299320
15497269 1772836
15498058 97431
1826542 7818757
15499810 406077
1631657 2166218
15500879 128338
15501397 15501400
15501485 15501489
8866111 14367
15503817 436800
8731843 5083207
15509257 3941297
15515992 10100
8886821 834317
15494755 15517497
1854302 5013449
15518094 1701677
15520534 2965128
15520558 1868342
15520651 10733866
15523437 9626188
15524218 9836981
1006758 1943833
15529113 2934511
525467 3842863
8314997 2872822
15547779 10305278
15548714 2740685
15548862 13649058
15551490 1245899
15551543 2632207
3097614 2190088
15552064 5595523
15552585 1935197
15552843 1336075
15552875 15552889
15553089 1597781
15553974 3240271
15557005 8290913
15557293 7837190
15557725 9464517
15557731 412347
15557974 337965
351756 614366
15559801 2433377
15559829 9183222
15560362 25821
15565954 4874917
1342583 744360
15577896 4258330
15583415 9786093
15588000 9246943
15589064 7818564
15589076 9424924
15589133 15589145
15589335 1827773
15589485 64729
1894918 3062734
15589630 9530969
15589676 5006698
15591062 6872839
15593154 323402
10459991 15595094
337104 3833373
15621854 8329472
15627316 1960202
771476 2014379
15644160 539724
15646387 2958670
15646636 15646640
15646646 3945826
4116264 470749
10830786 993455
15673999 2955673
249432 798864
15681136 12999942
63700 549697
15709934 5018090
15710003 2364776
15710055 8182007
10090613 11060015
15711491 1171204
15711578 14584139
15712654 8228606
1176854 28098
15713000 15713005
1932923 416645
15714388 7174897
8849116 5788873
607476 854252
15717787 740157
5874802 106442
4815588 8404653
8397203 3945884
15754488 9582820
2281694 344364
15759717 15759720
1576474 388574
15761217 15761225
15761675 138582
15761867 12901654
15764643 9263216
1877189 228978
15765858 2149448
3104220 128362
1099326 379397
200196 353078
472869 363484
15768921 11441174
15769053 8104457
15771058 15771061
15774899 416313
15777669 467944
9573921 2179794
15798210 950583
15798750 15798757
15802388 547155
15804263 2140629
3122630 7430429
858642 9114896
15806343 15806350
6419402 255623
15806540 3500403
15806858 203090
15807094 320863
14332711 360708
15811472 822616
72847 7913956
72847 753812
15827756 1872890
596046 261783
15834320 557228
2786498 1564418
15844620 224932
15857989 551040
15858011 1197801
15858077 804116
15858256 322701
15863251 47950
838992 1618538
7301955 556674
15876539 359085
15882155 396976
15883080 681935
15437885 2133782
914920 1821379
15915766 967247
15916170 1234508
15930317 980109
15930381 391257
15930415 1155062
15930556 999106
185132 753104
15935881 1729238
1024714 868028
15938048 6077525
15938089 8047
15938225 136343
15938585 23714
9811851 1459073
1201327 1550601
15947033 303728
15950275 381527
4429054 3930366
563309 2000574
1018988 803775
5905259 234585
7302722 3749747
8951921 566245
15991457 1831532
15998068 15998072
16009928 3130448
16013811 2122888
16018237 335116
4574764 44846
16039592 3943039
819426 412392
259590 1692918
4612765 866118
946611 266860
3334277 406453
15248982 25708
3105570 570690
16065647 937063
360907 1305403
16095175 5673746
1765236 1666909
4556916 381114
16109330 2433243
16111547 16111549
16120434 598977
2551728 915478
16124867 2176774
498958 1775371
16145825 130268
2620154 1320499
16161043 61690
15907409 3986818
472396 4877403
16197316 379243
16197832 7418026
16200492 683485
16201479 2005230
15743919 80494
2920497 42211
16223381 1039272
16245056 1806126
16245304 1852477
16246520 1224812
16265320 622825
10711591 2337656
416634 1034072
15834410 16287126
16297061 4590463
16299911 1962768
15443391 3190761
4697686 1661560
16350781 5792033
16355768 60673
16391277 1059282
175545 664147
11527677 348389
16432049 2252106
16444402 2063139
16450763 4808644
3095606 323096
16474601 7819077
12012 671464
16511985 228201
16513341 442148
16540551 1285688
16542633 427862
397647 457793
609626 984852
5062573 3441
16584571 125704
16585769 59995
16585816 121016
16585866 753278
871837 1061250
16600894 2101214
16618874 87277
646236 618999
16646203 1135518
16646282 429715
16646379 172878
16646734 1447271
16646831 484798
16654561 417789
16655894 245680
16667821 5714383
16690716 18279
16693220 293823
12571255 3604619
9801276 2253911
16757967 787694
16768820 319892
14653323 604854
16799587 3962220
16810037 2164611
16811669 4105125
16865252 8416593
16874713 9243775
16886243 1093350
16931480 39894
16935910 133750
16937224 411242
16937254 455623
16947286 60608
16950106 277889
16953551 5714758
2902756 81985
8189530 141532
16960302 9758392
16964536 359423
16964572 100355
7851222 243711
16964604 24887
16964654 14736
16966512 7818741
16969224 8285860
16969416 71459
20086 409239
16973751 4475373
16976056 67272
640060 81334
16976561 201239
16979783 428931
16982526 495180
16982789 505162
1111994 112037
16985908 79460
16988548 795161
16990334 9088999
16996017 1187897
16997065 407523
16997067 694472
2429227 209214
16997290 263534
16997468 78078
16999869 4274288
17005057 241361
17005374 626102
17020051 502536
17021380 9005331
17023300 7419065
17024212 7385179
10335028 447982
17028237 905355
17031424 475921
17033466 797404
17037810 1837602
17037963 418143
17038027 143057
17041732 168696
17042058 1450291
17045619 337069
17051228 16284723
17052044 19765
17054474 3465504
17059310 10063528
17059579 4594408
2519439 185425
17061470 389203
17062447 17062450
17063280 247725
17069351 1158444
17072235 13143248
17072978 3356136
17073877 65993
17076930 36200
869144 555995
17080501 2077543
17081944 1857627
17082697 15518668
17087365 345167
2295722 304883
17090868 2176589
17100595 697877
17102398 73650
17104122 293968
1593963 8559174
17110084 382770
17110106 618718
17111405 3571910
17119585 371439
17121499 410583
9260500 707006
17136102 1674846
17143157 1924757
17143355 17143357
17146269 11534068
2794020 1365770
17149394 374095
17150248 4296368
17150920 465001
17193480 1618931
17203773 414989
17206629 11060018
17212478 17212480
17212494 640122
17213797 1111897
8058006 83632
17215815 597824
17217269 848902
17217290 2584280
17217644 224558
17224942 8524501
4877682 4089591
17238032 1250935
17247449 10856377
17247991 2178609
17254531 15523428
17255195 16237483
17255563 3233372
17255930 8516928
1932990 10268398
17279768 17279770
17281170 85638
17281213 1155124
7504354 1770046
17283412 11932972
2956514 4875372
17299646 5854887
17299646 11171865
16124409 119000
17304097 5597098
17304269 6023125
17305890 14584281
17318992 22387
9164896 9656952
1790827 82912
4566029 16032
17332149 2118665
17343938 1778451
17344849 866780
17347562 9184551
17347723 8388401
17355923 238148
17357758 81451
17357986 142334
17365056 579372
17365247 8543191
17365295 1542480
17365310 54463
17365331 2492332
13090358 16503360
17366343 3088584
17367216 10727954
17369311 628897
17371143 5714833
17375303 809223
11976175 6421549
17385616 524352
17387664 1701407
17387664 3525849
17391899 1078507
17394908 2003185
17396899 4893819
17397591 3566263
17403971 1676868
2803216 386260
17406561 1389034
17407100 1604585
17409084 2530191
11692997 896729
17413466 11058336
17413467 1592971
2330920 1566336
17422296 1922927
17422967 15619236
17434136 17434138
17434609 1324199
17435181 17435184
17437540 2298282
17437556 7027778
17437586 53254
17437631 4752045
17441826 672736
6773417 769911
17448548 655201
17449280 264077
17450963 1888440
17451930 12665538
17452682 2780648
8219535 344708
17457853 72640
17462169 3539518
17463982 2512058
17463999 434886
17466438 792520
17466784 1617976
17466784 1575961
2438509 2331931
17482227 9095633
17486389 2549082
17486934 164399
17486972 3065596
17490380 181334
17495982 1361961
17502521 1931914
17503987 2734051
17509835 2340341
17510818 4036651
17513517 4159543
17516579 9260098
17521542 650127
17524355 266210
17525156 4242302
17525373 613923
17529411 4590731
17530793 1134246
7313157 2569753
17539014 3576402
17541871 3549714
17542099 550198
17550360 3743973
17555288 2498988
17559489 1416995
17561375 605767
17617248 77926
17749949 1842710
17821637 1740541
304972 9305805
17848312 841154
17957444 7417735
17965533 817542
18072540 59210
2493648 819195
1714943 1407683
18173152 596476
18242020 12759729
687466 13864357
18384722 7439374
18425846 2133502
18426687 517230
18456921 18456925
18460874 532241
18519071 712811
18519133 1180789
18519162 1137735
18519233 1872479
18519624 768549
18520005 8422010
18522206 1209247
18522452 578339
18522684 489041
18523521 2504361
9541581 9357939
9541581 2208120
18525045 543697
18525286 2404223
16998395 93212
18526799 1676791
18527028 1011850
18527137 18527140
18527934 16313149
7711660 264365
18528523 314618
18528524 987844
5789957 1492175
7995695 9532427
18531297 364534
18531331 1836001
2426340 1893559
18531894 674462
18532572 2723396
6777342 1689393
7776460 1449762
18534015 9068619
18534206 2369382
18538489 933959
18752904 1450758
18761294 5152624
18832463 6613280
10257918 10393415
16050456 3901467
19030579 65918
9343201 2902062
19071365 19071367
19077677 16597
19077760 13085388
19299038 443927
6456859 13130055
19696392 8438164
19726188 362089
19728866 8062941
19773391 591448
19798905 59219
19908015 2409526
19913344 1625540
19938512 1251994
19989919 1829958
20002556 386157
20011035 330668
20065372 50239
20066101 10114258
20376971 2554766
8355530 2774363
20388612 2667198
20453957 95092
10486903 399125
20733173 506057
20734453 8051
20734642 1340386
20735371 195897
18514959 19459363
13990696 367140
20741730 269900
20741737 7113661
20742205 117996
21055549 493333
21077777 722946
21109347 552900
21207785 7472617
21254128 792191
21356197 2372906
21356212 892245
21385540 11496696
21387706 441727
21387708 1776718
21544954 3151767
21544955 2223908
21544956 1148669
21544957 1153933
21544958 2935364
21544959 366344
21544960 1169479
21544992 1184948
21544996 314608
21544997 5217689
21544998 1004867
21546715 5862496
21546716 19054
21546717 260662
21546751 995178
21610380 655587
17394 542494
2902 2253272
162057 17491804
1230 335912
3310 268430
50811 172819
1143 154447
92 1064746
93 395973
3204912 195455
8147 2033786
1718 341433
6478 15262763
1243 496776
7632 2309882
12575 153185
42555 278841
1088259 183522
7301380 560943
11717 320302
22885 4449876
1353 7919113
77509 4358334
1671 1086246
35 2492502
1177640 993241
1658 624518
21953694 565214
10645023 850088
301836 946778
552766 609862
1771504 3471360
192022 285881
18656 225038
21958651 5217666
21959601 9690930
289785 3604148
57220 5905
2395584 17691326
100256 63840
1082495 799705
21969533 2151738
746659 593242
12469700 4054204
2332206 769844
2332206 1885017
5588891 3234650
25661 192336
2974472 422435
8315152 60922
1267 2273548
6813007 3038320
21982836 101131
1289035 783503
875367 2723038
315717 3553498
21993202 10442754
21993961 16896203
73698 52534
21998211 12089
41146 9606923
95073 642225
530602 876307
918345 999517
22067278 22067289
12791 1073700
22097433 294808
1176949 3260953
63358 1426747
22109397 127419
710783 111355
22121344 5193725
17687178 676273
11830538 2842426
244306 14326844
2936166 3543283
1692469 179198
3089021 163583
18110 1141791
240056 567672
3917 2260087
254436 2740477
44653 481900
1239624 12903660
22133260 4810290
546688 9268802
382901 10819904
9415221 2603219
3097781 449470
469530 3946996
15932 22144815
17433035 3943259
8148497 10109476
22150142 3267254
1050002 318874
1047455 2230707
8224835 26408
15293632 2333496
2185080 17882790
894024 15799156
22182969 11027601
8865890 22183017
22183141 5597747
15551551 22184246
22184497 1747107
22184856 3226342
22185385 22185389
22185781 3615961
684009 9323556
1854091 757929
8629089 9727929
5529 1111917
1254816 306056
22204314 8268485
22208343 4017248
22209389 2754142
17335042 6234096
15951839 3465660
12219656 1244923
8135930 2960665
562586 2185294
22230935 14953434
1305416 845277
18847510 101767
10330847 9247116
15171023 5014727
8457541 3240704
22234877 2830794
1844144 1250733
995173 2527980
22235388 20050806
22235641 22235646
22235700 1459648
22235735 10845688
22235796 9479423
12224792 3746931
22236347 7418333
22236558 15623974
16948935 17412761
22239314 425049
1899434 15257343
22239680 1167565
22239749 904340
22240068 3599411
22240103 16099589
407268 1700670
22249592 396712
22263069 909741
22267738 515101
295995 1171175
22270190 2141496
22270338 3722065
22270627 3971077
22270782 7195669
15807162 1450321
22270832 12049908
22270859 7418108
7308058 71675
337098 9052970
22282307 373447
2371338 2315780
22295747 282734
22297366 3557695
22314769 49854
1897617 1134351
22323546 915433
8849331 5714332
22323805 11059702
22323854 9861341
22324111 10118361
22324133 5181461
1371476 1430545
7948548 411867
187427 907128
1560793 2653665
210216 4033216
22335964 2620760
22336212 438085
22336552 1346633
285405 2280484
56037 2569366
1018323 3796360
22357808 16280733
22364875 497790
3090138 765553
22373801 3506556
966607 59413
22380067 3026344
22380607 965869
22382869 262862
1920699 2541285
22383289 3109329
22383336 5732938
22383560 9373336
22383632 3233301
22383839 18993064
22384746 1631721
22385292 9601893
22408499 99353
317475 2626378
13126430 3526088
18159286 2607939
1143438 5701220
22426380 4206562
22430061 1144763
22436292 9141842
8786162 11404119
1044884 4985040
22439122 390416
22439179 5040565
5622870 1748826
2332780 1138217
66159 420966
22461437 1453744
22461828 88642
2726193 356375
22473151 2142270
22473183 12513223
22473235 7410404
8873915 9809279
21772142 196668
22476000 251151
22481122 361980
5827297 2347142
19003798 10759372
2449108 9646181
2449108 5103
1825858 476386
2942962 252836
2915320 703961
14708788 1779245
22513175 1265391
22513505 2227323
3010717 725450
1226296 857205
38052 1110425
22520881 711645
22521023 665980
22527701 344557
20940179 10215706
15550992 1864672
22536385 14077936
472874 254398
383110 1139963
21829048 9376549
22576726 793075
22576733 803720
22576797 302600
22576817 131449
15065551 1494465
22576930 734804
7329093 2253095
22589044 19202758
243934 1015239
22591169 124508
22591313 492100
22598746 83577
22598778 771982
22598993 1386398
22602800 957382
22607236 125471
22608273 586161
22609435 87963
22610485 3727
22611939 66091
22611960 737087
22612077 970599
22617567 1905101
282824 51392
22630863 1504928
22632426 1203227
7299826 2597225
2783636 10587512
12471825 367459
22646964 599753
1447829 319724
39733 3686254
76582 142969
22685907 6311435
22686651 1095698
2351317 2615987
3783507 1255172
22703591 1236280
1253589 2935122
8112930 238474
4554727 4000583
22722267 327575
9390009 2035539
22752127 57493
16996 598431
22762792 1438844
15587817 370113
22774747 1209464
22777770 12360413
4092511 1165998
239905 1393492
22803325 996631
10642925 91194
22820898 442078
22821882 1553929
2983765 579501
22847003 574355
530471 2577720
22868335 964208
2738363 17407707
22905656 749258
22929192 1765932
16135179 2450142
1545851 12353781
22941313 1661908
8380107 754094
22947970 2038071
22950806 762850
22970705 9906693
2426021 108146
4429053 2743475
23002536 3052131
10441986 783667
23011129 3395501
1641175 1276135
23026756 2115062
23043336 88703
23046988 2881477
2009428 263371
841527 1927581
23098946 1371389
17636396 109666
871843 237329
499892 3068983
23159686 2119012
2569420 1806429
23160961 368924
22623304 2738711
1223428 470287
23197401 158704
19336025 22460290
22370986 815498
23216744 662739
23217697 944856
21771315 1031166
23217972 84075
424828 16862085
3101658 2980349
831655 504171
23266248 273631
23266252 1240283
23266341 1110775
23266387 26922
16007734 80464
23275224 147575
23275344 195150
23275702 316301
14348159 281473
1852471 2370107
23294736 438559
3017398 2177927
23295502 4877491
23295876 3571323
10329271 3569382
8116057 9546279
1560546 756915
23341642 2959770
23348234 275980
23379430 104180
232417 11080649
15764646 10152524
4146126 77315
23420900 425362
7760312 355768
23531799 377016
23543146 275915
23545248 56039
23545253 8504
23546057 2372430
23547271 44394
23547274 487134
17004573 15182919
23556790 22439608
113099 264171
23563175 11867402
23576342 2972
23576350 100184
23576352 61353
23576364 192135
23576385 127502
23576466 3341379
23579823 33531
23583143 18071799
23591946 387174
23593605 1662197
23594586 3572761
23600401 7491030
23601369 5836102
23605551 1153693
23607523 229062
23607532 775706
17034452 1533526
495606 2195097
23615059 333057
23619128 258115
23619654 425259
23619658 190757
23619659 1193440
23621432 605125
23626996 832263
23631117 1696541
23636829 219560
23637228 15480887
19201931 531897
2426568 1340604
23641917 4522979
23642011 4048193
23645284 396977
23645613 4409435
23646510 573671
23646518 250885
23647301 4998811
23647472 45528
23649432 9423725
23649432 729307
23649582 1766435
23651016 86918
10057951 1488529
23663247 2778021
23663477 1788907
23663515 11403836
23667141 433564
15976727 9128158
23670263 337633
23673149 2353918
23674198 1925561
23675820 16113699
12153770 5006660
23676636 2129756
23678623 2345958
20742169 103534
23687134 4159828
23689462 950002
23692807 2360614
23693524 65906
23695228 543545
23696079 1868583
23701758 1698574
23705411 487339
23707177 1180419
23707181 840885
23709331 2120372
17290065 3202673
23712469 1826441
23712594 5393596
23724124 1054534
9560108 9768944
23738609 263625
10570572 3570440
23741729 762422
17582803 721176
23744552 88435
23744873 266053
23745741 17589320
23746674 9300526
23747138 3828572
23748574 2889167
2313070 464616
23773811 620676
23798077 217727
2662725 1589923
23814935 625109
14499772 479436
23815716 951340
23815719 1590447
23821045 14953402
20545158 1487257
23844231 1368205
23845917 17993894
23850642 787937
22482199 710878
23855802 7408187
23856889 11531667
4834014 4445188
23876024 1225294
23879349 101107
23881945 382139
23894857 207988
23896999 3226291
23915560 1062444
23915563 505725
23920728 302797
23922633 2369905
5991337 1107321
8132222 18590
23928607 9247955
23929856 4034380
23930783 16511223
23251034 633859
23938185 1553542
23941039 2235407
23941102 2990387
23941684 5181103
23942264 238230
23943115 3572559
7711584 105875
23946002 7340145
23949742 371680
23951725 1886436
23953857 1395175
23955606 373375
23957988 373592
2140420 1262224
4847369 55186
23958949 1405947
23960143 9964492
23961651 19817661
23965727 605573
23967208 23967209
23968325 1377038
23968328 116758
9430156 2969493
23974696 10275199
3100858 565450
23978336 1935138
23979366 1928712
23982253 1282263
15427478 3796973
23986642 2689813
23988087 790206
23990800 8684748
23994934 2446594
24004983 8216922
24005601 9049343
24008030 3035718
408031 6047343
24017370 324688
24023920 13959419
24023924 8585451
24026906 1957665
24027137 14953907
411772 128643
24030102 820454
24030190 3799755
24035827 2960122
24037410 1938409
24037987 9656437
24038455 867757
24038456 1247163
24038477 385330
24040364 161845
24044686 3565719
24046225 2208307
24050997 2317052
13574214 3218805
24052649 790813
24053157 2092056
24054977 3800107
24058549 2276655
24059221 2115430
24070722 1739970
17186862 1042105
24073926 238013
24076396 645000
11558486 190500
24096146 1083235
24099020 16842351
24100262 845521
24101933 3708212
24105623 8937208
24108612 3979945
24108927 402673
24109039 4223811
24109063 1743178
2618686 101529
24111951 10260645
24113308 436058
24123718 3272180
24126331 1585036
24135065 1635753
24137766 2160325
12892381 3532879
24468942 688894
24473165 998869
24489569 1605633
24517112 1807163
24517119 3228523
3686144 2784334
10167291 358472
24731560 961420
24773739 644873
75120 1690810
24944869 24686596
24985690 11552600
25002443 60178
25005898 2630060
6773968 1410348
25063647 77129
25064122 751845
25066153 1887207
25066290 6943
25066461 3859713
25066581 903893
25066863 750273
25067748 16216933
25067754 640480
10522911 232316
18136848 7459311
6773311 237128
25070828 3534341
2916176 897067
25071957 1542250
18384431 1009376
25088426 9978655
25283861 3555997
25284211 222367
25293438 658105
9500597 350753
10486787 1507158
22610504 3737231
2538497 1075090
25532325 4588876
25587160 8249745
25588422 2824371
344414 924247
25643783 2993826
17127640 3157152
25733303 1626905
25809862 4558526
25855972 498877
25876045 10420815
25880719 306160
12355641 585447
23990801 1464057
1700060 184609
26311897 247611
26382766 10513716
26389055 1036191
26389163 1087116
26408505 24128451
26432162 1366117
26507403 2408116
26528550 76827
26827919 238945
26828202 208157
26838625 1779299
11784192 752167
15742951 252753
9952343 1026649
26841997 86639
20360063 8237342
26887893 1820598
26888030 2430090
26888030 1526371
26916633 265561
26986178 577264
27170137 1961668
27171004 1167609
27174023 48548
23922798 3174908
27174185 348548
27174442 417108
27175076 642495
27176654 66324
11625379 533454
27178416 829856
27178629 516041
27180882 254270
27181608 295023
27181629 1124186
2814038 325212
27182387 72083
27182597 419386
27183019 1327531
27183242 193526
21926943 1846463
27221462 373068
27258049 2385844
27469149 376431
9178797 101186
27535397 8621022
27539149 4989126
27642914 935442
27652929 839353
27657647 4411526
9349783 15739409
27677862 1038248
27773509 423594
27774833 1073690
2308488 1292286
27921571 2192482
27958222 1705801
27958223 282687
27958224 2293442
27958225 831508
27958226 634743
27958268 1680338
27958269 4806916
27960171 2822
27960172 21856
27960173 24547
27960174 1123673
27960175 69400
27960176 223038
27960177 40726
3548 218661
3308 1861476
2283 848079
28339707 2292708
702 367138
1159 214028
1741 3003
1202 378926
1232 2877
1207 295746
707 1002949
953404 777831
1011372 14790083
29082 1917331
3539 99298
48760 291073
12576 571631
3303 348537
11383 426966
19849 148072
6959 537214
577852 2882879
853067 686375
821356 452781
21080580 479966
282542 2526364
1247522 18281286
840131 1805478
377823 735848
5552 60294
2857083 1185794
988535 500140
28353805 317003
28354152 907191
381807 421891
493 351781
19934238 788857
3150552 85617
1864 6220953
11696 1616165
317476 1157072
367527 3082453
71198 241730
304383 1776536
24158577 2784407
2279684 6985080
105806 234092
50926 16617150
56471 343502
52937 880539
5822994 17679732
4729129 380475
29839 233623
889369 3524064
8351897 6352739
209897 401557
1587731 968681
868396 11734531
9881 671472
1620463 2010185
5984871 2109333
28387366 127007
1991875 1869068
2264565 3453702
6153 1942725
5685 7913385
121997 42822
28407936 122927
749546 218204
28418891 539209
3093072 1567150
769518 3538487
1669 522785
571128 804040
26867833 1052105
4612059 671651
39905 1113185
3066252 3922064
3097437 2418918
1297329 1078545
8308300 8356380
10027738 16741206
5206 348529
4600577 28502004
26245993 49543
15237750 1175765
28510481 519116
1674 6748907
15642482 3763256
8175794 4579084
717010 436728
2263085 93880
1815311 401424
594717 2687182
215356 556686
11647211 290176
20940175 886549
239442 1134425
25378518 8726488
28534363 1256354
2143828 1258782
8890492 9030575
10639431 1031675
2519797 13402603
203450 1962050
707783 2795745
2595528 600769
828507 1268434
543573 276081
2378363 9611469
282827 1395634
1532121 1625786
8417704 2089653
28552391 416483
28562185 1165053
7353339 3690468
161923 892971
26016725 1149785
28572980 9257706
9572772 9974563
22576798 2618057
28574016 3044256
22598370 5322524
2859057 1294555
17467678 959431
28575808 1890718
28575993 8707059
28576047 10020310
15938586 8900838
28578025 3572361
28578327 3202347
28578568 16388021
824423 8820801
28582254 17245488
15298173 2456717
28582857 5022126
11022605 89879
824073 1063309
6398946 512516
397644 1443122
1011704 1323912
1049804 9598887
61466 538542
20940177 172018
28590842 959764
15950221 8711112
7112427 22541868
975166 8404339
28596488 2738342
28599079 7417867
28599114 1850738
28599939 173236
28600344 5874188
1024905 9789450
28600565 4617501
28600679 2083227
28600764 2658556
5980798 1752222
15650683 2464455
11649488 1000905
28614508 249813
28621583 1742317
28622141 1571524
28622195 2142090
28622320 7418845
1932841 4684447
2866421 7418105
28625618 2635779
28625634 19708036
28625809 2027742
15938049 2547677
28626855 28626858
28626921 8677035
28627032 2140653
874198 670939
7996947 3006120
28628842 2074275
28628897 18649045
28629908 1470367
28629918 16709474
28629942 5708177
28629981 4119777
28630018 3047605
18756121 2984386
15737100 4822500
27915204 64870
8823446 285098
28659818 3571863
8875068 11882037
28661023 1383847
28661035 13710460
2521953 9464
224373 634474
1459958 11026582
28670987 1222455
13692427 27543323
304358 707358
244292 583530
16243546 58708
28698162 3356413
2484528 34688
14021637 564724
8783402 429717
28711807 20858613
22598994 5722576
28712150 25708527
3129461 182150
28712301 3571330
28712314 7818723
28712364 3610223
1159526 3029
260139 100212
4560847 2000299
28748272 2140395
927699 1360888
28750214 2536250
28750595 157299
28769799 14953774
28770426 9222213
9609854 5722599
3179941 157426
28772012 16972796
28772751 215063
10643281 72806
1432836 28773652
25068075 3212244
10647340 662098
1311740 2516139
288907 241734
294585 2651874
3085652 2136829
16252291 9229803
282822 12413473
6440657 198252
2373787 4135386
17594211 254675
15948181 330958
28821162 2866958
24044014 3507159
28823997 2862169
8849165 23918689
1131982 223766
28824181 18494213
7096073 1892830
728982 67503
2398878 193823
573582 2566173
2326020 12604504
23168397 17009926
9541578 1111130
23275707 2820372
893901 2067878
28856985 777210
28856994 696589
28857030 994586
28857092 703971
28857283 50283
702577 5672057
563308 166032
10149200 647243
2608164 2378977
2378804 4828526
469915 7913447
656058 885272
28873817 397036
2106893 8475
7955390 1377701
126826 3919380
8578663 643470
4468113 241003
365243 113784
8786436 257747
28902513 67624
28902639 704007
1780498 1193825
2378365 264305
28909970 859426
28346318 34139
1588125 1882106
20470797 384799
12542721 277897
8428955 49228
1899294 270710
684848 30526
28932366 2253190
588433 812492
441478 1992162
28943657 613964
11607389 28952144
28954550 1426088
28954648 145643
28954885 528518
573524 526136
28967750 1676354
28967983 367999
2414699 3416038
11253087 3200184
28974578 389129
28975613 311028
28979327 8426430
28982089 391640
28983184 707343
22341095 1212318
14329958 608567
3048516 157428
28984948 17860
2455250 173658
2516894 3467089
9677888 51516
6697291 1082548
29020376 11059559
1064327 323692
691868 1065688
5192323 8998599
29048882 9167345
28233469 9176500
10642452 3508643
149532 358548
29105153 1418923
4051959 454115
29110071 745367
422658 2109330
29121401 2310805
392276 3527134
29125053 694429
414808 4176
10644809 1448328
469554 605899
16529215 12509
262026 223153
29196870 2416045
29203848 8716690
29209209 29209212
29217544 60008
29218047 1338560
473423 1117318
29231701 434852
2259831 426453
16514288 8283134
9512444 296104
29256904 1613333
2432695 1004500
324359 4978388
12135657 732629
29288234 32845
9003787 506258
712492 5372
23914358 3568475
29322073 9268443
2697321 16687825
1239942 8428224
8961801 140378
29393680 6640265
2783248 627796
476743 6938226
346859 661426
29465388 2881749
1460954 1273963
29505821 1494115
9158038 543294
29524012 245244
29546654 1059058
29546674 58840
24011150 1455187
2620483 2732290
26877129 1059730
9639155 11258061
21025387 168074
29564205 475874
29565143 594425
29565314 146011
15364057 606443
29597003 713685
7096040 466950
29613557 775930
21083834 602179
28177549 1042815
492314 744035
25886255 3223733
29641799 3921871
3105896 28705076
29641840 104639
29644400 509121
29659581 1511239
4704567 2552996
29667110 76678
29687967 41711
382868 3546518
29770380 984698
29875144 5310
29878261 118694
29881354 133765
29883217 833996
24151075 1740587
29897026 567855
15637729 212154
29909444 99063
29909473 37991
29909543 61900
16012947 4398
29912703 9573186
29914081 1266284
5056303 161839
6007753 440822
29918155 7818645
29921077 110311
2812132 1481483
29929111 224776
29931223 3433740
8113272 1425499
29935760 13005228
23219144 333854
29937217 748437
1984315 128926
29938838 2175627
29938947 77040
29939526 1659197
29940033 161372
10084774 628886
29940071 171633
29940081 416118
29940125 389801
29940199 18516
29940273 92487
29940321 2445326
29952280 1072342
29953657 203200
29955622 15716358
2788633 1329011
3469545 1367754
29971470 991116
29976749 6069847
29977733 1355220
29978077 8511793
29978820 1333727
29978975 582783
29980552 740640
29981618 210103
29981784 6940821
3445380 9007586
29983908 689438
29992779 7418441
29993180 4257650
29995150 2463555
29995672 5446228
29997251 1566934
29998436 1416198
30002302 2124580
30010964 3994773
3086035 23058064
30011955 2760745
30013050 880981
30020345 983687
30027042 60385
30031699 10020899
20858379 2356888
1913435 436437
30039496 1655244
30041881 1002747
18998662 1257105
741085 17294190
30056860 275111
30061856 1235460
30068949 412711
30069528 112775
30069694 9560682
15739458 1795299
30071226 22846186
30077536 1569617
30078190 5816085
18752930 792670
30103636 8224147
30119837 1063792
30127102 375597
30133824 1005830
30134139 1727281
30135295 788056
30141205 954606
30144342 148429
30145437 749955
2362939 767736
30156926 3043177
30161711 9618591
30174148 4000949
30187418 1758644
30187618 16767865
8914532 1562817
30193178 3323538
30193363 9292617
7762961 8684016
30214977 1667417
30220775 801857
30221857 594023
30238023 15773
30238500 48007
30239629 377845
30239630 3823653
30243606 614272
30245136 9704392
30246008 6954640
30248935 214401
1429740 116960
16977236 1757708
30258836 9367123
24125933 5587195
30267318 547286
16322166 722230
30281536 7702734
30281660 607672
30281861 581729
30282319 711902
30282320 2043116
9926974 160282
6777409 320965
30292529 994901
30294642 2407186
30307030 3902579
30307980 2049542
30311907 3261323
30312263 1021595
30312443 2029707
2963733 3637141
30320542 1507465
2465632 1420263
30324245 840446
30329452 1373685
30329593 5379851
30331483 1885138
30331620 278441
893908 4250110
30342008 3683218
30346532 1415918
24987159 4072209
30346617 3317798
30346712 4981320
9958740 6956204
30346726 4035482
28979978 2915273
30357544 414857
10507418 1352693
30366681 1855859
30373156 2384933
30373198 1931399
30373200 1440646
30378588 1077040
30385336 2163151
30385817 1674521
30391868 10369930
30396426 297845
30403942 752000
30404553 1390036
30415171 1921011
30417728 3592633
17368504 2053891
17368504 584911
30419205 1262621
30422578 4837434
30424907 2804173
30424973 711955
30425720 1949618
30431662 10041835
30438071 1123401
7764222 3136973
30442422 9664793
30451390 270275
30452668 300579
30456474 26206873
23476456 445985
30781389 9838955
30787155 5017801
23816127 838782
30814641 29591362
30814700 1156931
30814725 30814736
30985635 12365036
30285938 1321624
25640815 396057
31336796 783214
31338110 799335
31338654 1183527
31345993 466569
31346511 267849
13988330 1442837
31350749 9312495
31353333 6528712
31354526 1240973
31354804 985134
31355259 350287
31355446 1994520
31355474 3414034
31357193 510187
31357232 6933
10461282 1530089
10486734 9419020
31358353 12361639
31359970 3677373
31363965 11062513
3317029 1803634
31567492 1083405
31567826 761357
1459720 3577999
31643199 1311984
31645421 776544
14834541 21571931
5195596 3970279
31685687 1935711
31755607 102763
31773271 1055158
31779925 2501526
31780911 191357
31825474 12547818
31872190 990292
31875410 1902472
32044447 3425849
32133975 1116561
32172958 66062
32317600 2747529
26208687 10036318
32612809 561193
32621868 2086023
32660615 873705
32682171 888456
32686659 53698
32694429 2317731
32720746 6473643
13266686 256597
787429 92560
22530017 2982741
32959748 3617382
28902250 14078861
33033910 22269941
28526620 3980128
33049487 264289
33052351 136745
323093 129228
223602 1084692
33059702 1763815
7105333 409855
33059704 502731
33081886 2087951
33185360 4035426
33363274 483461
33385473 2959626
33386486 251268
15112159 434339
33390009 5152562
33390480 4030521
33392551 271007
28867071 361764
33393796 1494130
33394695 1887786
30985615 1892703
33394742 207643
33395553 128122
33395961 69940
33396106 3405340
1407034 16400905
33420328 3869786
33464896 16741263
33691594 15735636
33725557 1090765
33878404 6873772
33973375 2746077
33973578 18030
33973630 1255192
33974130 2303457
33991920 239939
34148123 2786130
34152637 1143317
34152656 980338
34152659 1273119
34152660 1427779
34154377 59867
34154378 455810
34154379 20861456
34154380 51759
34154381 3547856
2495 941962
1247 666198
21604 243139
6120 9647149
11164 4028568
175206 266303
23309 257453
1731 862372
1719 738774
978808 377843
1161 6078356
106 2066616
8521 257351
1568197 715507
24577 1864276
4607 1254808
674887 826859
13619 261082
22708 748220
2192 52792
202577 345040
34534058 881928
19913 346857
10079452 14755
10079452 22804069
12341802 369328
662080 1490610
1453910 326595
40229 1178360
11603 21674464
1664 2448964
56380 215167
286620 1381749
19077872 1698770
986007 5190399
24490096 396174
689745 370252
227255 465367
2977502 10921085
35263 3786108
543572 3541777
1794568 2914988
2565219 2083719
23378 1037685
92519 4580112
2834413 580554
281 267772
3105558 335335
285830 3617565
34555778 1380693
762894 1887228
1934802 354914
3521407 1501140
589227 2121619
544408 1109633
286126 3898004
16970692 1174728
3084412 218694
50509 686596
1676 675592
2161622 3205715
10441359 518942
2770144 254066
18881342 76683
2610 1280363
2610 1527787
9111812 2434386
406768 5820762
3184536 83121
442965 4005305
111097 62942
226844 261240
50940 609991
584350 591485
10453018 2647945
839075 141226
850280 22126436
1686 1320631
23258830 146938
81399 1200642
19168971 40474
2143302 1022852
49514 2098551
315157 2309658
2596749 385358
29797 1113731
144597 237369
30477351 4616796
1766420 933120
454350 958088
34705339 640723
974864 2880424
12254040 19204725
1866488 164943
2911520 34717296
571161 1315377
681002 11449439
16064 14650784
34721505 7746702
726517 2208965
1584647 312178
2285013 80273
35308 430875
8496965 14193
508814 414733
34748982 20349951
30483350 1156573
34752914 2458951
34753708 19360229
1019678 5979963
10571501 2885287
34754571 9714579
34754648 149091
29595100 7403554
7795223 8646920
28857031 1028557
34755436 8256720
15938010 581318
34755838 7419115
9609867 12461777
34756070 11056649
11648443 2629917
8886929 15872433
22611961 9802788
22612078 10503294
34759462 3047952
34759470 1264263
34760824 12902772
34761540 752525
34761582 19079707
22576818 5739926
34761810 9542400
22610361 5418571
34772436 28649904
16451255 30343529
34773102 4001886
34777218 741161
34777222 263507
31950471 2631177
34777741 150217
23275590 11492637
34778502 1631326
22591062 5722556
9461199 5597931
1024771 9025191
2960040 2093475
23128003 427298
15614206 4609643
34803688 2059198
10602724 2574174
34804116 1383175
28857104 306187
34804483 1183192
26404437 1241859
30126795 3572688
34804548 5000396
34805031 13010496
34805115 493084
8786129 10237278
34805653 2296016
34805684 1715804
4210396 5430619
34805695 5723342
2422445 174089
34806870 7418992
34806954 9911465
34807537 1980247
34807585 897457
34808359 1570757
34808433 868687
34808655 10458964
34808658 11478882
34808660 1481052
1897565 1404575
8645401 349817
282820 128479
34831490 365574
10916921 3148683
4557901 332030
22470258 1291205
1691529 25709438
34837707 4482638
34837712 285049
15930431 1652466
34837969 20255622
34838045 16658118
34838222 1891831
34838271 3921821
975130 9510638
15881988 720655
1002170 58133
2304309 37361
22081162 4542516
304379 2524274
34880338 9374159
15857990 1505529
29597004 5050428
15930416 1978921
15710009 4040187
34887802 11099232
34887951 7818684
5582991 1153858
28371598 7175963
4729176 219924
22373803 3401770
380779 755869
17322419 4739155
34943279 5422383
34943602 2587788
34943882 701126
34943961 902569
28954860 5010184
34944828 699737
34945598 8770194
34945933 4052862
34947154 2320976
9638763 4477638
992437 2756419
2142827 63094
34967242 965950
48728 3974621
122840 474999
30041322 19305677
12536026 1725119
34984694 3989612
995229 8990688
34986702 16224062
34564068 291053
22610318 8385220
34993459 1459321
28543617 5314867
22590958 11473963
34995841 5379852
34995903 4786023
15950397 5108286
22599352 8325858
34318 127198
35016753 2177940
93557 470500
1897542 5010687
35028522 18494993
1473937 1608657
16554672 3746045
2791665 1098948
22486530 813765
8314995 17056372
5582945 79176
2842814 63689
17492904 49201
1376825 93611
8135973 11403042
730291 20613
27187426 321257
2353317 208793
2283824 9049612
35059904 610283
35061548 1087635
35063307 468507
35070149 671856
35070149 169982
35072324 276201
35072429 690667
35072578 1326401
35072665 272584
35072694 289561
2596502 159478
33582409 60597
1815598 833179
1049331 616336
20770934 674115
2528565 786585
35089338 1753164
2557327 358516
19077873 521347
8351721 716517
35101622 968577
28233468 1464163
862351 3233792
35125083 84581
35125144 424853
35125193 1917348
35125199 285061
35125310 171024
23901167 3838625
1122492 248287
35137726 114390
11739516 301526
35137832 386149
35137887 375492
1466469 397246
35141838 205365
8112934 8869474
35144594 294280
35144695 1116019
33698484 744917
35144860 596186
35144934 294749
14488641 57804
35144964 63149
15916060 843976
35145506 256751
35145572 229963
35152505 1135131
2337439 14935
35155423 260787
35155455 376116
35155468 348168
35156633 295535
35156697 316745
35171785 921573
35197089 853486
35202600 424676
35203171 1581635
35205237 10998119
35217028 5046809
226489 574403
146298 16053
35258742 9641626
35267751 1773795
8268807 2566
8112931 551912
106754 231867
4222946 558805
35276330 9315653
29107351 66948
35284973 5671839
35288329 2810720
35291821 196567
35292304 91167
34373997 8315608
22933096 1531584
1874783 1842474
10327546 2752250
28366131 4560615
4193043 80169
4193043 1876080
35315698 3758075
35331206 142913
13595048 31102
2869510 4191748
24048355 1086988
2945049 53579
630430 23643615
35366268 3942241
15739457 534090
35377290 9967295
35383130 1775709
6455086 4031630
673483 1086716
10647458 408119
5875408 133409
35406218 1095590
2299657 457861
35420842 2120501
35424244 1180725
21744927 613786
623604 541557
1440259 1685515
35452551 19127017
2720164 941550
2313314 2992337
35484390 1155170
35490252 11367570
17590527 1180450
35495423 247792
388148 24433
6313218 1747484
35568178 301928
629166 307351
35589958 1121037
4325854 320628
8984144 106481
35677630 1714816
35678754 4022482
27528738 29113512
515133 682870
35722167 731110
35722950 1062333
35723060 81835
35723222 7200311
469553 1820620
35751792 1589003
35753352 111671
35768971 1297854
35776773 8926447
35778381 619135
35778554 163863
35784907 2288333
209201 1035160
35788536 1877898
21645132 393823
942874 11434
35796510 756888
35796631 194446
35797580 18297177
7030373 3163479
7030373 1862834
411618 1089337
66160 1202464
17233603 8149657
393672 1057007
594767 694457
7094376 265365
35896097 3692022
35898450 1493003
35923381 813657
4061017 74238
17073630 18299635
31998578 214769
36021645 10032733
36025973 551894
36026108 79190
36033282 7418207
36037591 2716811
22236551 12253133
36038640 40785
36040186 127315
36045229 3571365
36045447 64046
9954062 1766564
36047412 99130
10033886 345310
36055597 97318
36055613 104028
36055641 133909
36055691 250674
36055710 198704
36055747 428063
36056617 438928
36058529 9691404
36062787 741849
36070935 10051588
36073733 451703
36073761 406709
36073973 13547
36076881 1276075
25629608 432243
36084805 25810433
986008 70867
36085346 505795
36085363 424689
36085400 54063
36085406 48451
36085408 555768
36085476 187165
36085496 704588
36085540 178440
7855592 492019
36085764 389344
36086395 1340384
36088331 43172
36089406 1366582
36096946 784993
36104033 290189
36109835 168263
36109841 1638820
36116343 707937
36118743 4010976
20020694 1045983
12061825 2022470
36123669 991940
36124647 730807
36125075 7412557
36131309 1068999
36132293 11994347
36136871 3970497
36145679 3239952
36152055 2651493
36153555 122629
24085076 584080
36163010 20208312
36164357 5732912
36169132 1690649
17552706 1323469
36178604 834844
581944 619934
36183288 20373
36185651 661482
36191976 4018747
36199842 470145
36200340 2808675
36210349 1082164
36214805 3629116
36214900 5722619
36216858 16033205
2004039 3896093
36222195 765731
36258906 413105
36261278 1229756
36261278 135803
17583939 4608869
36267189 1002862
36275001 15035047
18838565 1553419
36283182 2197860
7990018 580395
36283351 251826
36283421 410977
36284452 626786
36297675 1624272
15512449 55465
36302808 7417857
8886949 2722222
36314885 13050677
36322194 329414
36322440 13171570
36323624 1487067
36324372 2503012
15552593 1369987
3036735 194447
36342052 867078
36112642 629907
36353451 1318507
14663320 280459
4823955 433620
36381550 9250148
36389111 8225140
36392920 84853
36393871 435592
36395917 81890
36397135 4733780
36398571 3147046
36399186 15817184
36399851 703681
36411376 1739607
36413762 1102854
36414120 3065616
36414527 274596
16988080 3210089
36415570 15938341
36417726 154865
36417759 1417668
36418733 32035355
30400165 781243
36423603 8977794
20743664 1431368
36425803 1129032
36428925 652027
21939198 3891992
36434567 8228164
36436353 5060364
36439515 144793
36439696 1782322
36439696 456851
34613525 955745
36442915 7418949
36443018 12385680
36445102 966437
36447852 1443275
36448452 5392585
117461 2658680
17646926 3535590
36455920 791904
2916035 2857520
36457463 10426532
26908655 3762160
36463451 574847
36463818 1884498
4968666 1662296
17373354 3798695
22648053 3897390
17396547 9071091
34451165 1775687
36481286 9249737
36488406 950725
36488998 2494745
36489010 576759
36489039 4045113
36493589 630135
36494446 2210801
3056262 1855399
36500933 2560958
36502967 255170
36503324 889798
17502220 3917935
29203851 2770690
36521815 3744292
36535300 7157515
36540148 639525
36541134 11059937
35722169 7202190
36549588 354537
36549590 378007
36549997 936065
36550062 427006
36550063 2998457
36550078 3213468
36553014 1202095
9545576 1802727
6773565 458554
36558592 36138286
36565234 235759
36565672 4829064
36566716 5319941
2911284 6937729
36567408 1922442
36567413 103968
9811549 2760860
22383292 265073
36582339 3887008
36733768 697792
36738714 1228443
36879740 11036212
36921751 2593781
28356426 11148482
37090998 1730789
362070 2711019
1205536 921408
17471042 477540
37387855 277181
2783615 2446549
37429079 1591529
37429966 5087696
17895945 306162
37438640 1296048
3098857 1552982
37441746 3848946
37442397 16355840
37442674 805712
37443748 4686266
37444077 2401257
2421129 2390979
37445297 76839
37445903 4045167
37447021 1000284
17279424 344879
37449218 355245
27174258 17682271
37449259 372082
33387055 3260060
2728073 780330
37451766 367198
37452743 937373
37453995 1131078
37453995 21048944
37527131 2056826
36110358 924871
22680901 968857
414811 4086464
37769377 19422098
37853654 9370442
20050913 17663798
2558705 1884456
37913815 52829
1701161 175386
37949878 1208295
37950067 1482410
37950094 127780
37982241 877859
37982439 265907
37987399 16373426
38091759 1207054
38094433 235121
38149888 200097
38150726 385792
38152604 1522021
38157258 4098223
2508503 1257393
38215184 711116
38390051 14541279
22475710 1957145
38546315 9522709
38676723 1076349
38676758 163745
2477961 17544904
38760235 338839
38791684 262060
15916171 2453446
39059497 3874924
39074899 2117
39084611 574450
39084908 2078589
7968520 1645831
31477251 274285
39144127 3335580
39201729 728706
39363058 2547738
30302558 661023
10461336 1322932
10486856 3680448
838546 1277034
39404670 43933
10461311 4097743
39406502 314664
39407321 1379315
17525172 1416412
18534208 422068
39410595 556908
2990084 362384
39412195 430029
39692826 10187277
39705896 34577
39713866 134053
39730626 407269
39743004 1049943
39743004 609384
39885163 1009801
39971885 6446800
40142206 13159543
40146535 364147
40146549 241002
40146561 3525177
40146562 6224475
40146563 212
40146564 463674
40146566 817580
40148318 3219422
40148319 34142
40148320 13394
40148331 404015
1156 1648863
1156 1944767
32219 309042
1174 247621
278231 250728
57842 331042
8 535563
3815 302929
86154 21499
9207 196122
4950 4349199
1437 1860923
104 675622
7306 812280
9211 1994085
354970 390795
9208 333204
357187 219065
27092 2821592
1410 358553
10481574 3869221
414153 839219
27413 275538
2609 461558
378096 16777002
393212 17871642
27552 738309
1550226 6873079
20809 300620
913099 1003028
1900359 610199
11629711 1668538
132549 739236
4907593 307087
904030 1865772
19721 389044
1428 2087195
2282865 1497719
2279489 139768
762229 21110705
78502 204632
2527500 1942048
329301 579283
4243 445856
86752 1003786
1258419 247742
30504 1669010
24522878 1267809
319799 17866
8630 109572
398208 96408
48764 522395
38667899 109138
308321 438437
401279 200882
288754 231130
1335175 137406
513481 61904
17438843 83238
573662 684951
372370 608459
2908759 222063
3461785 3220355
2146080 804031
346682 9982452
16988 1398332
3073808 216258
51197 447702
126401 859469
40637068 8911340
8510314 1306211
40666102 1509785
82628 3797077
224371 9325930
16409229 128375
34332 581605
122819 323153
8112935 452830
262864 4992383
184466 2900970
15511986 368793
10185538 34949
679595 443386
8011342 109573
169829 81363
778620 168800
7584282 2146183
327884 1487274
34401075 7914043
34401075 319850
10361127 3706478
40716418 2021917
2340941 2197223
10330848 20330607
30176901 481680
15937587 700766
40730853 779834
2435872 233331
3024518 3570672
28983180 8779908
8726286 8981910
40736957 10956834
40737148 3674943
40737408 583712
40737979 2065860
15938284 23484784
19044400 7597436
40738792 9207866
40739067 1769266
40739165 11042341
8849099 7419105
695480 17134229
40739616 14953557
40739766 30803919
894488 10778553
40742180 224696
22576668 1049961
15948240 16226159
5875543 3456404
15916061 11036497
29565144 3070838
15267916 17220640
40744146 10175936
40744540 2209147
40744673 2451134
737688 2535743
9639199 59572
40756640 9148596
40756966 4002436
35753373 15905936
40759489 5710763
40760427 10478812
40760934 5747037
40760941 30723567
40760987 3992636
40762708 9144164
40767005 16215092
1802697 1774492
1650368 72774
40782330 291030
40782428 7109900
1007309 1890826
26799338 9004108
15938560 10343578
2521795 2094168
40785925 9219068
11774768 3220801
40786253 2852044
40786613 3944723
204976 7012076
24992399 10766933
40786973 204668
40787936 8894144
40788227 846356
40788798 1085756
12153777 5736260
40789408 18025831
40790055 18523165
16584572 27820244
40790266 8176298
40790483 642857
20319161 3944666
40811019 14588261
9686782 13558701
8518512 295546
40818677 2000786
40818721 40818729
40818791 280994
39665176 2522998
1024854 663053
27277761 296111
927957 641297
21828014 20826005
62679 17119
39665175 4460013
40868687 30942433
28391840 375421
10562179 2605218
274761 2046816
445268 711842
21738438 6023275
803400 403531
40891710 332598
40922079 2872553
22520882 9623038
37654438 11218675
23266388 9164626
40923664 1443209
40924288 2144006
40924572 2519151
40925756 15840948
11573880 676894
40925957 4982647
2397678 506652
40937321 3832199
20748532 534142
1259411 2758895
701973 54219
8260012 658917
40948794 22586889
40948835 1838959
4176409 2029988
22463959 1976802
40958342 15988546
39659206 1416899
2313241 259716
1091253 160758
40962959 7818820
40964263 1162871
15964839 1811205
1933205 1495355
368208 1311766
1298040 2900809
9221758 458614
28902500 16215511
22520615 4560990
16646646 10762079
22576753 1064448
1793323 6819352
40973452 10562067
40973608 9784981
40973696 4062314
40973772 5198478
2145526 358803
40974837 2313689
137782 831387
2944232 355015
40993920 10555026
16646833 9718626
40996260 1662096
36647361 1096319
41000908 30825905
41001631 363598
41002335 397590
35024015 1305883
41004310 152440
10631527 443399
8874835 4976208
29565330 5056598
41005135 2176686
41005268 2097548
21767867 789982
21254680 52818
41009630 295045
17285453 9663174
16285393 656439
1143023 149168
2505225 232765
12925 87857
6783474 7432198
7254 993242
1628937 396785
23495335 152254
10367016 359789
14488628 1223156
766124 463825
4925596 2873180
41055640 388386
4974652 514175
24170234 1762003
696799 88769
22306046 1381230
41073368 1066686
41089850 3117543
41097747 437871
41097763 88950
41097840 1676123
859907 535452
15064683 295538
41117014 682682
41117027 96663
41117482 776320
41117646 312211
31353623 393758
41124602 474143
6839643 2086391
9723106 11873113
41127148 306470
41128253 324725
41139935 5598253
41140054 1560308
41141515 8187678
10648248 1955927
450154 693077
10897598 347486
36604771 79484
36604771 1226787
2355280 802262
8113852 627291
282830 494048
10415530 1060799
41164757 48282
682074 664973
8313427 164894
28492737 333927
703713 2566652
24102308 21312139
2887578 223445
992436 56189
41218980 6897590
2534900 1169599
560935 1042853
41229991 2013491
41234836 448380
41242346 8762314
41244865 8757757
16335748 244273
41251773 786424
41253563 22550271
12399423 15417771
23988855 2760973
3068636 933354
282825 742944
28366132 254532
8817343 1037969
15539540 1253072
2889556 4504792
8661612 1521691
9055052 1666543
29382389 3233112
41323193 10901750
41337581 1658917
41339770 2177083
41352846 14584297
683162 240310
41239152 222578
750783 2762243
50934 10723497
1844153 1059270
4657198 1430591
68106 380804
14971649 48704
1132999 403536
41411445 1092741
7774716 3433730
1988189 1695337
41419146 3738221
1397968 702779
41430850 1703327
4184916 8131880
30532564 2520601
156332 2038913
41440245 7418551
41486974 8601492
2450387 1160934
41536166 680705
41541103 1315677
383750 1777550
2213834 1124919
41553835 19830771
41553997 397967
26952486 431503
41567757 1979101
23958151 1051564
7183481 34256
15979142 1445815
41631157 420465
16757149 3231797
1104089 2230138
41673646 1255557
40062319 92049
41681399 828385
41681437 88770
41681478 564727
947968 1551962
41711546 206518
35011920 1865297
41727935 445853
330257 593342
234108 640522
17662145 1043482
41745076 2572685
2879933 1398010
30297130 15532768
41753410 6749318
39466072 538688
41756404 223400
41879774 14584629
41929539 3527759
41977559 3683559
16969168 18170
4788442 9583888
1146098 9285
41990018 238937
36124469 5179521
40405428 9845676
42004014 495622
42004054 86864
42006658 129030
42007387 456734
42012146 1911702
6778857 3593955
42017323 8536303
27185889 1384086
42022572 49240
42030926 518324
30994316 15665221
42032518 172140
42032573 61800
42032596 112411
42032701 56823
42032706 913076
42032707 2951
42032710 152256
42032804 316878
42032805 551921
42032810 1188192
42032811 130330
42033245 11249894
42033568 129687
42035127 2139119
3400039 63234
42036348 351154
42037131 1157226
42043134 551442
4883164 1494310
1657981 642539
40920615 325699
27909010 450263
42056384 97619
42056855 355169
42057918 582142
42057988 512506
42060762 1980214
42063609 1118061
2868308 629208
42067021 16956040
42068001 1343293
42068064 98103
42068092 775351
42071166 1819633
42071173 931083
42071441 597515
4309867 1161362
42082829 1657071
42084422 567252
42087415 394095
42094122 405557
42095542 635194
42100690 74372
42101999 745609
5115953 1311215
42116257 11495156
42121730 77198
42124383 1534202
42125716 1856116
42126813 1622953
9881404 1462751
42132627 1160933
42139916 23053
9590418 2598554
14160431 233430
42145235 478437
42145788 2109751
42157911 1243342
42160979 1074516
42162453 18578434
42167181 1581714
42167658 2664174
42169078 505365
37123718 2152327
42173443 1872480
42188256 208788
42202423 3094553
42206935 11059548
42211908 474774
42221335 931419
42223752 65873
42226351 9119792
42227468 290642
42227494 667776
42232829 1073974
22198635 586056
42238732 29799233
2930386 15835308
36310371 3548828
42264904 3627583
42267961 4590595
42268685 2992029
42287294 1699748
2799891 1976511
36442685 267668
42297617 2212626
42298163 277094
962247 1074480
42315658 10913602
42287323 165919
16555250 7166684
42316281 46976
42321750 303390
42324437 2511441
42325854 384245
42326874 5836094
42327999 40366
42330922 2973126
42339190 10754418
42355111 19232
42355159 944575
42355298 1814407
42355354 543180
42355535 1873342
42355554 1036515
42355579 7416586
42355579 765205
42360348 2482550
42360484 1380539
42360582 6454707
36442686 1385410
42364202 1501609
42364424 3465206
42364923 235596
16555251 515934
42372618 4119102
42372644 1895391
7631744 430214
23896807 8492634
42376066 8282838
42377218 3239763
6333395 3572671
42382540 2902076
42383151 3533299
42383699 1214756
42385708 21663630
42389127 1860205
7471827 931767
42395916 929889
30016859 795903
42396760 1895357
42397914 1437981
42398035 1892519
42399689 198499
42403262 1039934
42408401 1909321
42408403 4504359
36450141 11036187
30351349 1924962
2189867 3744462
42427472 453364
42427479 726687
609627 156468
42427497 1319868
42428461 1881911
42432340 408130
3102712 551286
42439424 1697877
42441479 1209226
42445434 10335793
42451617 7848360
42451659 1289147
42458545 2255182
4757829 4167919
42484278 3697743
930473 5108685
42484741 1004710
17278128 1417876
42488255 322975
42488261 3544407
42490581 3825262
42490621 7596298
20743655 3274296
35279263 881317
42501389 1704465
42501391 2637222
27170491 1635174
42503524 1439288
37089438 25954696
42519839 1238471
23899954 1522513
42554665 9748335
2593812 952934
42642588 1948949
8367287 303189
42844534 2690030
42844559 17694161
42844573 2218244
43035154 3741100
43292240 2774733
25073518 653964
18460976 4569963
43347032 11060
43348886 2487191
43348952 18265474
43349790 75656
23723266 361757
17470968 1213521
13117155 7625286
43357032 361698
10612743 3525080
43360024 706793
20345713 2863882
13987852 2496722
43366024 64693
23896918 1338851
43366187 7586397
10581452 525361
19995497 1613328
43367920 26871910
43368012 3243114
2954356 109257
43372257 14118318
43372766 1191355
43373994 569797
20435329 10086996
10486916 322767
43573874 1618939
43637010 1138608
43640276 4769178
2961033 562039
3041820 1958088
43764258 12179663
2829603 16821307
18987423 2108811
43786348 3119119
43802639 4745260
43830783 80264
43907280 1177698
43907770 21263513
43912664 2172382
43912668 2426807
44052641 326590
44412046 2522075
44527903 2959465
44531304 15276653
26181229 388384
44541093 707883
44543312 1701881
44558745 2477083
44573977 29503122
44591299 80577
44629052 608329
44660734 759224
44892605 9985195
44894849 400612
44924676 492449
44926922 6460110
44934916 504510
44946365 618132
19695899 3210887
45252446 8474371
2907896 238017
45254385 978901
45256839 9714761
36503162 894795
45258044 469134
45258132 2543163
45258606 1108425
45259016 2394776
45260763 24990585
36351306 3543680
45262337 2521810
45265136 1936802
45265266 3914859
45265588 93794
45266518 55455
45269622 16026292
45332298 1352749
8131907 148689
45460731 3741308
45638214 522101
45668533 725923
45724011 1027166
45815048 278621
23595731 9640390
45982071 4326441
45985981 441749
45986195 288211
45986196 150612
45986206 2262410
45986207 551130
45986208 710736
45987844 122365
45987845 179831
45987846 10152392
45987847 2797315
45987848 236881
45987849 129243
45987850 1243465
45988118 2668367
40773457 55447
1153 28195
3795 605772
91690 4448563
9200 711358
112 432187
5 342847
336852 918982
67127 2517
102 771166
498559 3023007
1197 254072
1740 266480
4770 894349
50359 431343
5763 821696
87539 412644
7089 461104
1938132 12179402
9210 1009641
312272 4194
3312 7873670
2496 1340499
1701162 182497
279921 72839
476 10724733
1442 11243
1022630 419394
1427 124812
9216 1475315
2855 130698
2430019 402142
2430019 85009
77508 3236852
59343 214809
1086690 1944537
8826021 1091098
216892 300887
1965343 9664253
1965343 815896
2833514 142335
2833514 2310270
886984 276939
1034115 381709
16962612 684536
17172 1539577
4164310 16741507
8147666 272485
2281803 1080177
681001 1446752
11813 880806
56472 1367882
48796 32625
3003127 139005
31264 688575
189525 794867
17265 375769
72445 601876
1131668 243801
219113 637726
64035 1550560
38114 1776332
12926 3387162
10142 176000
548064 853312
1650 843817
2457782 655380
12491 8935861
3017500 842689
4098 794891
184465 1604188
46387883 1056808
665124 228078
46391002 248957
824223 5019088
8719337 6254510
524989 136407
113074 434907
189332 59228
337011 21548
2692747 355655
21114156 8871144
991429 1777222
2315052 561777
44115718 587395
2507110 4306773
549939 120254
8116132 250408
245140 243848
3098645 6074693
28640265 163931
1550513 10767271
300022 59896
17371 452242
17371 1668538
7344397 3690810
1953 293460
1314081 1480634
1472384 1048664
7793242 2321444
1288764 997143
28900353 7425619
7793443 315150
11030928 4971323
23266882 734764
14503890 122442
39732 610396
39732 589416
7026677 2601676
46527715 659755
46527969 3556782
10331853 37286654
15733144 1219692
30388009 21546
367554 4598
593474 394877
39730 830677
22634509 3542738
46547957 1459221
46558166 14958156
46558349 8313307
15858191 10171594
2703778 1968655
41005378 23007668
46559416 10097210
46559432 8275998
23266523 9471597
1932450 14581390
46561550 7419050
4911450 121126
41127107 13006742
28975614 19203780
22576861 16861233
467708 3613330
46562242 9389763
9008314 1083958
46563242 9279388
16585817 14584294
41736633 7195798
35125194 1845762
35778452 7418989
16585770 775701
30526671 16708
46577062 252402
975111 14293089
35137851 7195646
4216 172633
46581998 2024511
40722603 22580408
995569 9754365
252273 2944690
46584517 929891
1007763 691572
531088 214967
46603420 16305616
46604115 3572595
22598383 18457862
42303868 6057070
35072430 160876
10081239 2058383
16827432 10218722
46607383 14357397
46607444 1757712
46608027 9691220
17063557 6036918
46608381 5717348
46610488 4217558
46610691 9312452
46611076 2220622
23217698 11404901
46611126 7413758
46611374 4261018
46611400 9252370
3021570 4542563
46627022 455880
19943806 105169
35072695 1459401
46636981 5722634
1932437 9247041
46637593 1839941
1022993 10295539
1023007 3921288
1854165 21113644
46638153 3286848
28913821 328706
46641025 3991209
46645162 146494
46646292 1690791
1236151 8658277
25676728 3709742
842352 1048262
1463865 40232
46686108 3943843
22610252 23269418
17059769 9646452
46686646 9175920
15858090 14584334
46686898 4887327
22591160 9167027
1932974 82897
959483 3670707
1381516 12219478
51113 104751
46711623 29180694
10650785 551803
29603214 302363
46738514 503453
46738600 5296176
46738602 1405512
10336854 5845658
46739948 8418124
22610379 10401114
46741894 5341758
2350822 266531
46743022 90313
46744285 9178534
10478743 625770
97648 2021940
2307312 1478381
23664430 801268
8766 1064675
46778135 11060202
938019 1591301
6067546 1310248
42533811 9554
1852628 5736428
35769036 12559625
22297643 4016249
46784787 11215191
46784805 13031526
29622344 1570864
28954939 1077683
30174285 1324163
1021820 1294395
22610260 3709075
46813683 750202
303583 2196696
46816039 2602705
46816074 11811234
28235929 4116266
46816145 16559582
346549 460373
40737152 357246
41097907 3971189
39705034 227774
46816743 169664
26409067 3834771
6285 512205
66376 2634771
46841188 1361258
329467 6373945
29496855 3233909
46847206 6746260
2313574 2064932
254171 227190
46854746 353091
60253 1912314
46856041 504710
46856324 210035
7934672 492539
46856459 575777
46856483 501587
46856790 572753
46856834 517498
21373 249720
2882971 453843
8498018 62688
46866808 431056
2911684 8285621
46868233 3444357
10648765 3908729
1295800 9518157
1769655 124291
8124413 2003632
6432265 75157
10063059 344562
1899293 332494
1099886 4639984
392855 1121762
46889008 4707053
22600978 2225040
1691830 778007
46903639 88341
46904035 600995
46904096 362525
46904135 556882
46904316 944327
46904333 1990174
2946653 1384364
21938735 354805
46906454 10390582
2323176 2171130
19306728 10589653
29139085 1477685
46915780 271849
301633 39017
46921714 1304261
46921902 531214
46922090 338003
46922378 380577
46922692 469389
46922770 40448
2869269 26913
1254813 5285381
10654352 799029
46929156 682918
46929162 474058
33654287 325949
46931115 479809
21771302 160439
46932697 423712
33698569 522272
14487853 498914
897813 256480
10065657 2427498
15117953 18909027
2655540 476443
548269 2435792
2809576 1982274
14265 453431
40848904 12000372
2490627 1464498
46959364 67565
46970054 12921553
1253442 7429848
642338 224967
175543 41605
23679 3081986
46072138 968271
46997436 1961275
47001193 22765
1430494 749268
24160179 443011
39838481 3254847
2198387 5597252
37153427 9409068
6783287 136540
9055051 810315
21953621 315028
17569788 949211
47089229 5253563
47090220 9733013
2553580 3220213
47093672 4560390
47101019 565143
1971429 249055
467044 2962963
47122303 3572675
15777672 1507777
2701341 800891
561951 3716780
47169208 2132388
10144842 50409
17149615 1440740
2770668 577561
693381 801254
47256188 1725157
299552 3547136
17589631 1578925
47287193 1210253
47299853 311212
47305170 358613
2906375 2263139
35666908 317551
23032232 4557515
47360891 361018
2498774 326707
10658798 1358329
892301 8644903
47416346 6074285
47422590 361144
28737006 231997
4301480 4589045
880329 2449697
630379 3932829
47471309 115432
47472062 490833
47472200 123573
47472276 138264
47472292 300454
14899344 869036
47516503 1358866
47516642 304293
8558855 2179165
47524642 362467
47524652 2495174
47524656 1711630
47529844 256985
22655054 496379
47541317 1021825
24004956 1224010
6785158 2161600
909385 352769
47556470 2542779
47593864 1247133
47603387 4316278
47646610 725855
32621544 173077
47652933 139274
47682488 1510705
47710793 669975
28648569 3427531
17110492 8393921
9320710 21501
47756661 77167
47756838 72409
36272550 33910
47761856 2182684
47767186 1992913
47767566 56485
47768586 8305643
47775236 2002270
47775519 113620
47783943 217565
47783983 20422
47783993 130368
47788664 579001
47801283 61128
47802064 327952
4906291 19279102
47806713 10783665
21368870 304193
47811943 237969
47812179 22859
47812276 148737
47812351 435480
47812605 854135
8810786 2310863
47815764 909156
46343315 127243
47824717 1084072
47824741 1542606
47825883 362948
47828054 1117553
47828599 1798052
41057193 127892
47829210 623184
47829427 843690
47829609 1922
47832593 1194010
47834657 839886
47834660 296302
47836269 223774
47838073 9091228
47838510 383564
47839143 14583795
47843316 987641
12302263 10776793
23744403 241477
47846496 1066973
47846585 689247
47848021 1434995
47849464 265791
47849678 459165
47849754 1292055
47849877 1609593
47850026 2388443
47866728 494600
47867140 12049903
47867414 3239704
47870729 3523303
47873263 5005168
9131664 809397
47878493 1061027
47884087 2573620
47890268 1934354
47890319 644561
47891794 22511939
47893934 3944117
4992196 692025
47894669 23163381
47900977 1956041
24936764 62910
47916246 13671300
47917718 620985
47919085 1539262
47933910 3190805
47937598 1574785
38006199 3510281
36157298 5302330
47940597 16406219
47940603 3672545
47940632 1167805
47941369 8365639
47944706 923618
47945562 2333980
47949001 1047440
47949053 11192666
47957662 3534765
47978915 1113103
47998808 3186180
28186672 426185
48000210 369637
48001417 2935691
48001921 1035991
48003099 271808
16197321 23926324
48036427 8586781
48040188 2517542
147001 489694
48044339 498727
48054497 10397063
48060175 937482
66523 4179446
17579357 286237
48071193 1882390
1239557 7527676
1118217 465621
48087766 336003
35279753 95721
48092920 243781
48094145 1025725
48095240 10147118
48097442 797997
48101555 777262
15553911 149279
2392775 680846
48110738 7292153
48121808 3013417
48123226 11261000
48125467 7197021
24733272 17172327
48125838 351103
48125899 3139427
48125906 1398147
48129996 22479868
48133508 1295375
48133996 414713
48133997 1429148
48134001 369201
48134149 2462286
48134151 9836084
48136634 4231360
48136696 2255445
48137597 23043
28596489 4459162
48139565 6654967
48144776 3797072
10420778 1009640
48151854 990357
48152506 8612365
48152604 2394733
48161467 3538327
48165224 391870
48167342 5090100
48167733 1078603
48169367 149049
48171293 1185612
48177498 734496
48178849 1270553
48186076 3916061
48186076 530727
48186113 1542573
10210459 15408568
2916258 2328037
30481145 53355
48186189 1963680
4201218 12564297
9304523 1397744
48195399 486997
48196035 3849799
48196062 3544354
48196324 826105
48197805 1462344
48198414 2009346
48202243 411186
42540892 608498
48207400 866922
23858657 1680277
48209555 1166414
48209600 1134541
46397176 1067840
48214352 3536033
48214426 726801
21506637 698339
48218752 5178560
23559841 248325
48225263 796363
48227091 14584266
16979204 3544851
48245972 14583645
48249273 11404341
48250475 435836
20930262 3627611
27369314 1208746
6456246 8956340
48262820 395233
48263040 14583490
42171008 379307
48270714 734041
30418869 697669
48270947 930915
48285948 31579
4579615 166390
48524957 1960958
48567178 3008355
48575343 2643286
10479171 10188710
22699626 3107393
48778088 1353557
48954489 993371
49009715 148026
49018297 1823708
49041040 8849628
49044146 259215
49048734 66453
49093244 1367288
49095562 508720
17170959 4873498
49100218 19209320
49102496 294238
20738333 2865045
4185516 1021676
49105353 1158436
23913031 600823
49106458 2024982
49107189 1548772
49107208 2816518
49107471 4469910
49107562 3996716
49107712 1037949
49107833 466268
1156809 34226
49108349 1279230
49108355 1195958
49109187 209863
27181864 121799
36443241 3898707
33390777 30076572
49109783 2739816
2379989 3426458
23723559 8163384
33394726 2332542
49114997 237681
49115521 118235
49182595 1460689
49219770 3952057
28396105 3932837
8298666 475606
49296358 358597
49310719 17697115
23266439 2495730
49374061 268222
49375349 1078035
10498249 1738130
8224838 8814072
49496019 24507998
49496735 1076103
49524566 9947079
49586985 1867359
49619047 5305484
49619096 16269444
40208165 410329
49637381 403169
49695487 1087327
44032560 70677
49782460 21306451
42363905 3419747
36194536 837171
29614106 817212
735559 1183542
50228219 752913
38684712 11484170
50229695 583514
13770406 523695
50229860 606627
50233757 1095137
44554691 3939657
50305155 1600620
5851835 24204019
50623140 309191
50625946 615004
8359621 681538
50687586 627498
13248246 4222085
50924483 1270632
47793785 724097
48159974 2555251
50935913 1294435
19280289 4497859
50938308 1514166
6000168 441347
50942964 2950
50944497 719542
50944665 289842
16363503 9881205
10595938 3035407
50948986 35421
50968510 619081
50999181 9831883
51109713 131961
51126278 547687
9057765 951596
10597959 2089733
51261498 62248
51342506 1042505
51483131 229081
51484471 442615
51647208 120039
51651501 349554
51651502 79311
51651503 9443
51651504 1712803
51651539 5217117
51651540 3934901
51651541 87150
51651542 2293007
51651543 108932
51652995 268373
51652996 35849
51652997 4847301
10170435 19811860
