90640 282971
400378 170743
357536 1318380
441555 2025369
2676689 2427545
4340802 4340805
4740073 4740076
4740112 555327
4763286 367324
4834415 4834418
4843796 3575367
4884319 1312361
4884321 4026703
4884323 649338
4884325 1982701
4884328 3711094
4884330 4884332
4884344 4884346
4884347 4884350
4884351 1790375
4884354 2354583
4884357 1808992
4884360 4884363
4884364 734103
4884368 2867690
4884371 1017718
4884374 2751312
4884376 1295793
4884379 4884381
4884382 4884385
4884386 1058655
4884393 1665905
4884402 4884405
4884406 1022226
4884409 1234019
4884412 4884415
4884416 4884418
4884419 3430237
4884421 1063304
4884428 4884430
4884431 311958
4884434 327499
4884436 1659459
4884438 723944
4884441 2441451
4884443 1774797
4884446 2227945
4884448 3081396
4884450 1893765
4884452 1607372
4884455 2680634
4884457 3169935
4884460 1086290
4884463 2528600
4884465 3081437
4884467 1184325
4884471 275482
4884473 4884475
4884476 1461106
4884479 3217476
4884481 2891568
4884486 1030542
4884489 352824
4884492 3566549
4884495 594304
4884498 213778
4884500 2567151
4884502 4034747
4884505 4884507
4884515 4884517
4884518 2949305
4884520 826646
4884522 3524252
4884525 96805
4884527 3806788
4884529 4884531
4884532 3806810
4884535 4884537
4884538 4884540
4884541 4884543
4884545 1362086
4884547 4884549
4884551 1239565
4884555 1503090
4884557 3234047
4884561 4884564
4884565 230934
4884567 3548995
4884570 1716881
4884573 4884576
4884577 4884580
4884585 1871045
4884587 4884589
4884592 4884594
4884595 957756
4884597 3785011
4884599 4884601
4884602 4884604
4884605 3791040
4884607 764032
4884609 4884611
4884612 3499542
4884618 130576
4884621 2604986
4884624 808031
4884627 2711392
4884632 4884635
4884636 4884638
4884640 3053235
4884642 4884644
4884645 3258935
4884651 4884653
4884654 2491554
4884657 2404927
4884659 4076368
4884661 1100344
4884664 4884667
4884668 1836273
4884671 3442772
4884675 4884677
4884680 4884683
4884698 2528847
4884700 2122779
4884703 1344888
4884706 4884709
4884710 1277621
4884712 4884715
4884716 3229766
4884728 376787
4884736 3682332
4884739 4884741
4884750 3638574
4884752 3524899
4884754 3638566
4884763 4884765
4884766 1053169
4884774 440558
4884777 2683413
4884780 261336
4884789 4884792
4884793 3229654
4884795 2407176
4884800 1522738
4884803 4884806
4884808 168059
4884816 803349
4884819 800608
4884823 3553505
4884831 4884833
4884834 296320
4884837 182054
4884839 2179375
4884841 2426653
4884843 4028150
4884847 1484160
4884850 4884853
4884856 3627253
4884859 4884861
4884862 223997
4884864 3207564
4884867 3904142
4884869 4884871
4884876 4884878
4884879 1889764
4884883 336922
4884886 3245585
4884888 1606674
4884890 4884892
4884893 1524898
4884896 511101
4884899 3701325
4884902 1390019
4884904 4481520
4884907 4158479
4884909 4884912
4884913 1545754
4884916 1587396
4884918 4884920
4884921 3255226
4884923 1540711
4884925 1774816
4884927 4884930
4884931 1141667
4884935 4884937
4884938 3431085
4884940 3023585
4884942 1429832
4884943 4884945
4884946 4884948
4884949 472836
4884952 4884954
4884955 1062557
4884957 1908987
4884959 4884961
4884962 2990776
4884965 561908
4884967 4884969
4884970 2083763
4884972 2293365
4884975 4884977
4884978 4884980
4884981 2782365
4884983 3562346
4884985 4035068
4884987 3562354
4884989 2602376
4884992 2465156
4884994 4884997
4884998 1929803
4885000 4885002
4885003 4885005
4885006 924306
4885008 4885012
4885014 2774344
4885016 4885018
4885020 2329307
4885022 3453716
4885024 1908152
4885026 4885028
4885029 4885031
4885032 4885035
4885036 268749
4885038 3545083
4885040 783254
4885042 3562782
4885046 2565097
4885049 3405355
4885052 2725892
4885054 1433778
4885056 4885059
4885060 2231054
4885063 4885065
4885066 4479078
4885069 4885071
4885072 2744919
4885074 1656645
4885076 3544927
4885078 4885080
4885081 4885083
4885084 1935959
4885086 4885088
4885089 4885091
4885092 4885094
4885098 4885100
4885101 4885103
4885104 948338
4885107 2674200
4885109 1554898
4885111 3536105
4885113 4885115
4885116 1615213
4885118 1559138
4885120 4885122
4885123 2125370
4885125 4885127
4885128 4342650
4885130 4885132
4885133 4885136
4885137 4885140
4885141 4885144
4885145 4885148
4885149 4885151
4885152 4885154
4885155 4885157
4885158 4885160
4885161 4885163
4885164 4885167
4885168 4885170
4885171 4885174
4885175 4885178
4885179 4885182
4885183 4885185
4885186 4885188
4885189 4885191
4885192 4885194
4885195 4885198
4885199 4885201
4885202 4885205
4885206 4885208
4885209 4885211
4885212 4885214
4885215 3076669
4885218 4885221
4885222 4885226
4885227 4885230
4885231 4885234
4885376 1268598
5199254 2261191
2174667 3599661
767531 97651
1149919 8177703
776416 816521
8317203 8317212
4755335 1977390
8517990 557273
8546084 8546112
9601500 2807470
3359829 938039
9796758 954095
10057104 1686998
10554951 2251477
12135595 856041
12170586 6615873
12176041 3216079
12188298 921138
12222320 2343713
12231182 8413468
12232235 3237183
12262810 568838
12262812 7700430
12262814 730078
12262816 1114187
12262819 8817212
12262820 2013516
12262822 2572464
12262824 8634416
12262826 9623974
12262828 858161
12262831 5252558
12262833 2429544
12262836 1554680
12262838 1880228
12262840 7545918
12262842 748638
12262856 2405028
12262858 2068086
12262860 240909
12262862 8407671
12262864 6592377
12262866 1402814
12262872 5594374
12262878 3445951
12262880 3849529
12262882 9354423
12262885 4614529
12262887 3723384
12262889 5597042
12262892 2348404
12262895 12262898
12262899 1982669
12262901 6564047
12262904 6589632
12262904 12262908
12262910 3187442
12262913 250262
12262915 143865
12262917 508409
12262919 3989660
12262922 1811290
12262924 2497124
12262926 207765
12262932 10127245
12262934 3965094
12262936 9205561
12262938 1746049
12262941 2379833
12262943 1630931
12262945 12262948
12262949 780055
12262951 2477036
12262954 1043895
12262956 2974648
12262958 11048556
12262961 9516897
12262963 12262965
12262966 4034794
12262968 10141545
12262972 1652951
12262974 9679054
12262976 9392681
12262978 1719935
12262981 12262984
12262985 255822
12262988 4033456
12262991 9619182
12262999 3559204
12263001 1654487
12263004 7192066
12263010 1149137
12263012 9800581
12263015 2858614
12263017 4305283
12263020 203478
12263023 3253311
12263025 2607012
12263027 2849074
12263029 1857334
12263031 3271011
12263033 988598
12263035 3117859
12263037 2572355
12263040 9505445
12263042 6295051
12263051 12263053
12263056 4250815
12263058 1112425
12263060 1985146
12263062 1805711
12263068 3552575
12263071 4614933
12263074 4033770
12263076 1178260
12263078 3869757
12263080 2120348
12263087 3553044
12263089 1074716
12263093 2474323
12263121 2093518
12263123 638284
12263125 1344920
12263127 2968618
12263132 1342041
12263134 1885833
12263137 11286515
12263143 3559154
12263147 906152
12263155 3205044
12263160 1002932
12263162 1620384
12263164 4163946
12263170 9962557
12263172 425229
12263174 2934420
12263176 1163644
12263178 2097441
12263180 2586313
12263182 2801232
12263184 7387644
12263186 10293209
12263189 1939773
12263194 9426778
12263196 2036427
12263198 9373536
12263201 1504304
12263204 1133278
12263206 1730105
12263210 4599383
12263212 3686252
12263226 916948
12263228 9835076
12263231 3244660
12263233 9400835
12263237 623937
12263239 836749
12263241 3073921
12263248 1360085
12263250 1983667
12263252 1205327
12263254 3038615
12263257 1406337
12263259 7400681
12263262 6060721
12263265 4034521
12263267 523807
12263269 1774934
12263272 1458998
12263274 7403024
12263276 8553765
12263279 2786030
12263281 2316438
12263283 1827544
12263285 2060120
12263287 3562390
12263289 4034912
12263291 1385755
12263293 11488904
12263295 1661159
12263297 2426731
12263299 2112937
12263301 843879
12263303 10260676
12263305 9367488
12263315 3433208
12263318 6994838
12263321 968186
12263323 119134
12263326 12263328
12263329 2800324
12263331 2715827
12263333 3198429
12263335 3228483
12263337 6998863
12263340 3473493
12263343 9272421
12263345 967654
12263347 2253093
12263349 951631
12263351 1513629
12263353 1360361
12263355 11092480
12263357 1687946
12263360 1726886
12263363 2357243
12263365 8295879
12263367 4588666
12263370 2596356
12263372 550011
12263374 8397968
12263376 4872242
12263378 1759533
12263380 2738174
12263382 3541647
12263384 5000561
12263386 2742694
12263388 2365758
12263390 908420
12263392 2365688
12263394 3641017
12263396 1049453
12263398 2785270
12263400 9129794
12263402 4045625
12263404 9696027
12263406 670066
12263408 4046144
12263410 2738061
12263413 1029413
12263415 1781008
12263417 9652677
12263419 4753179
12263421 3253494
12263423 1764471
12263425 10301664
12263428 2758924
12263430 4045891
12263432 12263434
12263435 12263437
12263438 12263440
12263441 12263443
12263444 12263446
12263447 8910660
12263449 12263451
12263452 12263455
12263456 12263458
12263459 12263461
12263462 12263464
12263465 12263467
12263468 12263470
12263471 12263473
12263474 12263476
12263477 12263479
12263480 12263482
12263483 12263485
12263486 12263488
12263489 12263491
12263492 12263494
12263495 12263497
12263498 8305502
12263501 12263504
12263505 8334270
12263508 12263511
12263512 12263515
12263516 12263519
12263520 12263522
12263523 12263526
12263527 12263530
12263531 12263534
12263535 12263537
12263538 12263540
12263541 12263544
12263714 3562926
12263716 2177091
13664229 2215597
14840841 3211410
6884451 402195
1478466 5666653
1946233 5599543
357576 2632473
16531768 253999
7298013 2427407
17280658 17280659
17492492 4155614
18988257 18988260
19005100 1424333
19040143 4567548
19112751 5234421
19112753 1735152
19112755 8574729
19112757 5075078
19112759 570965
19112761 3243703
19112763 6576811
19112765 9809983
19112767 2129314
19112770 9451285
19112772 19112774
19112775 1898441
19112778 2725653
19112784 1604134
19112786 12279135
19112790 8532977
19112792 136963
19112794 2189407
19112796 2965205
19112798 1776074
19112800 1073135
19112802 549997
19112804 1648319
19112806 9620629
19112808 8263723
19112810 91538
19112812 11576876
19112816 8135864
19112819 750572
19112821 1327247
19112823 1780846
19112825 9299252
19112827 435546
19112829 8914384
19112831 1998623
19112833 1155227
19112835 2302850
19112837 2088188
19112839 1362441
19112852 308093
19112855 2388617
19112857 2543615
19112860 2358844
19112862 4905628
19112864 141838
19112867 2270338
19112871 9122482
19112873 19112875
19112876 14351592
19112878 4043937
19112880 361366
19112883 1613054
19112885 141849
19112887 891301
19112889 2514683
19112891 4917196
19112894 1035497
19112896 1805779
19112898 3214522
19112902 3081440
19112904 2250414
19112909 2252132
19112912 10490696
19112914 1995786
19112917 1893287
19112919 7175276
19112922 15965094
19112925 3531809
19112929 1494287
19112931 1758527
19112933 13512040
19112935 3707105
19112937 2488067
19112939 685473
19112941 11019824
19112943 1882354
19112954 1321392
19112957 3531727
19112959 16037393
19112962 1780873
19112965 2508364
19112967 2658863
19112969 12277928
19112971 514923
19112973 2086620
19112976 1822579
19112978 2974002
19112980 14527649
19112982 365999
19112984 1807031
19112990 3346192
19112992 2152856
19112994 4169694
19112996 3234722
19112999 2570532
19113001 1631902
19113003 1073784
19113005 9689413
19113007 2791153
19113010 9606231
19113016 1472732
19113018 4056648
19113020 7850377
19113022 1836167
19113025 1986898
19113027 3548800
19113030 1025008
19113032 1420093
19113035 7549325
19113038 3516007
19113065 8914240
19113073 3533670
19113075 3030896
19113078 1146725
19113089 1527196
19113091 10083625
19113093 7454774
19113097 8680736
19113104 506068
19113113 1009001
19113117 3247506
19113123 909523
19113126 1917328
19113131 3314996
19113133 1962026
19113137 441250
19113143 2236748
19113145 7887310
19113157 4033909
19113159 9943186
19113162 3208938
19113171 19113173
19113174 7458999
19113176 4324388
19113181 1778606
19113183 1236344
19113187 2432979
19113191 4849202
19113193 2690472
19113195 3678356
19113197 1412968
19113199 3221094
19113201 2388875
19113203 1647164
19113206 3204182
19113208 1250979
19113211 663104
19113217 4209662
19113219 4338659
19113221 4306491
19113223 2563596
19113225 3227859
19113230 2169853
19113232 1028928
19113235 584482
19113238 3687334
19113241 9331003
19113243 436026
19113246 706314
19113247 1473591
19113249 380238
19113251 17701506
19113254 2113277
19113256 1767377
19113260 3575365
19113262 1307431
19113264 7625717
19113266 7082771
19113268 425304
19113270 2629081
19113271 4198483
19113273 8409178
19113275 3256697
19113277 1181156
19113279 3214583
19113281 3694897
19113283 1434365
19113286 238295
19113288 1844401
19113290 582714
19113292 10061146
19113294 8244217
19113296 1761593
19113298 1488782
19113300 1325922
19113302 3806242
19113304 2654283
19113306 15868372
19113308 402304
19113310 771016
19113312 1630202
19113314 1069857
19113316 3818167
19113318 2130420
19113321 8915169
19113323 3527640
19113326 1737650
19113328 2252735
19113330 761445
19113332 4306390
19113335 1511221
19113337 3692316
19113339 7787949
19113341 1430416
19113343 3519132
19113345 9993780
19113347 3527862
19113349 2166929
19113351 1434530
19113353 9663934
19113355 4017889
19113357 2655925
19113360 10582859
19113362 3662269
19113364 1584395
19113366 2047344
19113368 3693566
19113370 19113372
19113373 1479167
19113375 2143286
19113377 11173347
19113379 12747418
19113381 3641006
19113383 7203239
19113385 3551600
19113387 3494988
19113389 2140636
19113391 3077949
19113393 2103345
19113395 12349766
19113397 2789763
19113399 2758802
19113401 5086626
19113403 1215657
19113406 11496455
19113408 9574246
19113410 11163
19113412 8354830
19113414 3260505
19113416 867764
19113419 16539268
19113421 19113423
19113424 2820602
19113426 2742723
19113428 11702026
19113430 16338774
19113432 19113435
19113437 11850006
19113439 1137859
19113441 11768973
19113443 12768825
19113445 19113447
19113449 19113451
19113452 19113454
19113455 19113457
19113458 19113460
19113461 19113463
19113464 19113466
19113467 19113470
19113471 19113473
19113474 19113476
19113477 19113479
19113480 19113483
19113484 19113486
19113487 19113489
19113490 19113492
19113493 19113496
19113497 19113499
19113500 19113502
19113507 19113509
19113510 19113513
19113651 1078419
4884708 4262526
20434903 1183403
939061 432077
1523108 618996
4821439 7175220
295762 3820604
9602509 620188
23393808 16936452
5820286 3052178
24138879 6833794
25493214 2711347
25570784 92677
25627762 1752558
25627764 3441500
25627766 838257
25627768 3166096
25627770 390690
25627772 2428847
25627775 2374783
25627777 2141059
25627779 2036048
25627781 2642069
25627796 2193576
25627798 707061
25627800 10212892
25627803 7883843
25627814 3975314
25627816 1376957
25627818 579422
25627831 367471
25627833 8498692
25627835 2745038
25627838 3645353
25627840 2671393
25627842 1202235
25627844 25627846
25627847 15508485
25627851 228373
25627853 3250197
25627855 5278213
25627857 1466512
25627859 1327504
25627861 2984592
25627863 957044
25627865 58256
25627868 6763954
25627870 205319
25627873 423374
25627875 6809887
25627877 2502240
25627880 1643369
25627883 6764164
25627885 328564
25627887 7364178
25627889 2961999
25627891 8427256
25627893 11424698
25627895 1413181
25627897 17102329
25627899 1932300
25627901 8280978
25627903 2890273
25627905 557797
25627907 1316463
25627909 3524459
25627911 673113
25627915 3204725
25627917 595586
25627921 1170912
25627924 7192554
25627926 3032285
25627932 17189110
25627935 8468558
25627937 12220212
25627940 4245424
25627942 4259661
25627945 1659140
25627948 3717703
25627951 9386529
25627953 9714527
25627956 2875552
25627958 1088744
22571187 1883588
25627961 1082003
25627963 11463080
25627965 2532294
25627967 1696964
25627970 1613089
25627972 2828699
25627974 6750540
25627976 1609900
25627978 3546499
25627980 2587902
25627982 5067952
25627984 3559198
25627986 646461
25627988 3936638
25627991 515868
25627993 1878345
25627995 3032638
25627997 1716483
25627999 3868304
25628001 309988
25628003 3234726
25628005 54537
25628008 14567284
25628010 2441959
25628012 2669945
25628014 18442040
25628016 148518
25628018 1887895
25628020 9553423
25628022 2504467
25628024 16303811
25628026 3213992
25628028 10070234
25628030 1364599
25628032 4057751
25628034 765815
25628037 579523
25628039 1885568
25628041 674995
25628043 2363872
25628045 4560309
25628047 10949600
25628049 9599064
25628052 1800372
25628055 358263
25628061 10059455
25628064 1200485
25628066 3861424
25628068 1946524
25628070 8416475
25628073 90763
25628076 9114706
25628078 5332463
25628080 151146
25628082 6038075
25628084 181400
25628086 2122879
25628088 2131832
25628091 11084947
25628093 1806184
25628100 4847528
25628104 2746129
25628107 2803870
25628110 2164430
25628112 4075145
25628117 430142
25628119 77421
25628121 8604971
25628135 3638522
25628137 1546500
25628148 4032798
25628151 1552503
25628154 741289
25628157 3189280
25628159 3243120
25628162 7441180
25628164 2575670
25628174 2117395
25628179 2952224
25628186 1789903
25628193 9506429
25628195 3562532
25628198 3214287
25628200 837702
25628204 10059062
25628206 2145079
25628208 1814904
25628210 1430334
25628213 18019408
25628215 11759545
25628217 4034428
25628220 1595125
25628222 1156726
25628226 7398572
25628228 3246434
25628230 10906396
25628232 6220695
25628237 999887
25628239 59447
25628241 486167
25628244 1613844
25628246 3999946
25628248 11488698
25628250 1927968
25628252 3998814
25628253 2288940
25628255 711449
25628257 1796987
25628259 3627570
25628261 12351353
25628264 1624831
25628266 4034558
25628268 3268183
25628270 160529
25628271 3057790
25628273 4999583
25628276 1286676
25628278 2540579
25628280 800709
25628282 2137581
25628284 2001512
25628286 2302330
25628288 4128001
25628290 231584
25628292 3010895
18587442 5007803
25628299 8004883
25628301 2249908
25628304 3530962
25628306 3734773
25628308 8201139
25628311 11529362
25628313 307879
25628316 9550701
25628318 2826501
25628320 5407349
25628322 1173463
25628324 1926850
25628325 694694
25628327 9080845
25628329 2134702
25628331 3384385
25628334 1501630
25628336 5973858
25628338 3562288
25628340 604915
25628342 10906194
25628344 5795074
25628346 11285256
25628348 439721
25628350 9162791
25628352 2988996
25628354 1496383
25628357 3519118
25628359 4913771
25628361 3605944
25628363 3981655
25628365 1393051
25628368 1526261
25628370 2660486
25628373 9760543
25628375 1935305
25628377 2427457
25628379 10182088
25628381 3662655
25628383 2455145
25628385 5790842
25628389 2188899
25628391 2261632
25628393 2908347
25628395 2480129
25628397 3404863
25628399 10742160
25628401 187481
25628403 1944549
25628405 1881252
25628408 1571926
25628410 4841142
25628412 2364042
25628414 11975452
25628416 3693228
25628418 2812666
25628420 341051
25628422 9542831
25628424 3748793
25628426 2377619
25628428 3551553
25628430 4990482
25628432 9482843
25628434 10167135
25628437 1590375
25628439 2091776
25628441 25628444
25628445 12666276
1915942 9323402
25628448 2848741
25628450 17695062
25628452 18642271
25628454 6915000
25628456 25592892
25628458 2731510
25628460 8370009
25628463 25628466
25628467 6450574
25628469 25628471
25628472 25628474
25628475 18563195
25628477 25628479
25628480 25628482
25628483 25628485
25628486 25628488
25628489 25628491
25628492 7573141
25628494 25628496
25628497 25628499
25628500 12602023
25628502 24152628
25628505 25628507
25628508 25628510
25628511 8850349
25628515 25628518
25628519 25628521
25628522 25628524
25628525 25628527
25628528 25628531
25628532 5792029
25628534 25628536
25862052 1699921
26869252 1707339
2642246 634354
22376626 28634579
5183528 822917
5183528 1158405
29593145 1667092
19113320 7203238
11789643 2758650
400329 908325
31664338 4533099
31782022 2953771
31805298 1462871
31904596 10251270
31904598 3443923
31904600 7174913
31904602 204619
31904604 1793848
31904606 4159202
31904608 1013746
31904610 2505356
31904612 5308933
31904614 9372270
31904616 2368547
31904619 2642424
31904621 10962843
31904623 2572011
31904625 1984363
31904632 9193748
31904634 299938
31904636 441342
31904638 558789
31904641 3040583
31904643 1343760
31904645 10333572
31904647 3218870
31904649 1996798
31904651 3204334
31904653 6962570
31904655 2426833
31904657 2615903
31904659 22933459
31904661 17868071
31904665 705781
31904667 280649
31904669 4166259
31904672 2328210
31904675 2549077
31904677 1759214
31904679 7466695
31904681 1501492
31904688 9855609
31904690 69283
31904692 1397376
31904694 3025393
31904696 2981654
31904698 1255804
31904714 9424260
31904716 1613475
31904718 327770
31904720 1070456
31904722 8746480
31904724 1099301
31904726 916999
31904728 6764472
31904730 2938660
31904732 3563539
31904734 997773
31904736 728653
31904738 3331555
31904740 10528285
31904743 1156202
31904745 180257
31904747 3558436
31904750 10675424
31904752 10526982
31904754 22911672
31904756 254517
31904758 1832440
31904760 1977522
31904762 131490
31904765 731718
31904768 1287359
31904770 4739397
31904773 1043755
31904775 3934426
31904777 2393018
31904780 3506914
31904782 2179060
31904784 672983
31904786 1493565
31904788 945432
31904791 3813307
31904793 2094561
31904795 8368826
31904797 3840259
31904799 6206580
31904801 2453308
31904803 2639655
31904805 2392869
31904807 1871794
31904810 10122765
31904813 2157859
31904815 4697962
31904818 17055497
31904820 2740829
31904822 607266
31904824 4217770
31904826 2492330
31904829 2688531
31904832 3249351
31904835 1881509
31904839 4032467
31904844 15277621
31904868 4234861
31904902 2609268
31904906 1013656
31904917 935059
31904920 145722
31904923 22379454
31904925 1778440
31904927 2608240
31904932 6311362
31904934 981068
31904936 3561194
31904938 1662291
31904939 1884662
31904940 1888595
31904942 7450438
31904943 16055138
31904947 1093482
31904949 8782551
31904951 561743
31904953 461632
31904955 1384839
31904957 9685449
31904959 3011690
31904961 8348366
31904963 466809
31904965 9778732
31904967 3228022
31904969 3524059
31904971 3999495
31904974 284120
31904976 1507830
31904978 443618
31904980 141577
31904981 2367745
31904983 2990259
31904985 3241470
31904987 900854
31904989 10097846
31904991 2370084
31904993 7438789
31904995 1910258
31904996 2833529
31904998 16475777
31905000 2082164
31905002 3211966
31905004 9229015
31905006 1165162
31905008 2976521
31905013 2443929
31905015 9008479
31905017 1134989
31905019 16262297
31905020 1408542
31905021 3983560
31905023 221221
31905025 10189263
31905027 2462899
31905029 2056216
31905031 4753523
31905033 3561843
31905035 2747318
31905037 3756022
31905042 15495983
31905044 10348388
31905046 2009057
31905048 6869129
31905050 2946799
31905052 1862887
31905054 525088
31905056 8934528
31905058 2208878
31905060 2810870
31905062 10256997
31905064 1597065
31905066 9301949
31905068 9303051
31905070 2269897
31905072 1135764
31905074 2484799
31905076 2253826
31905078 4135458
31905086 923709
31905088 2652924
31905090 1844396
31905092 2884821
31905094 1382860
31905096 2914159
31905098 1883407
31905100 3562900
31905102 1785541
31905104 2738753
31905106 2899481
31905108 3930542
31905110 1699804
31905112 2455152
31905114 2438222
31905116 1457854
31905119 1201960
31905121 1427247
31905123 485710
31905125 1166245
31905127 10125268
31905129 7121712
31905131 2052904
31905133 3263582
31905135 1290517
31905137 10137963
31905139 2071798
31905141 2345818
31905143 637420
31905145 9784444
31905147 2366050
31905149 2656626
31905151 3546439
31905153 1131864
31905155 4174670
31905157 3551606
31905159 7508609
31905161 1586327
31905169 2790835
31905171 1705435
31905173 231506
31905175 8938313
31905177 9578864
31905179 1659633
31905181 4592246
31905183 2440704
31905186 1360045
31905188 18044823
31905190 13503377
31905193 9871541
31905198 25177852
31905200 19204048
31905202 4342599
31905204 1976477
31905206 2870247
31905208 6915490
31905210 13610623
31905212 28657470
31905214 31905216
31905217 7411978
31905219 31905221
31905222 31905224
31905225 12766868
31905227 31905229
31905230 31905232
31905233 19506990
31905235 31905237
31905238 31905240
31905241 31905244
31905245 31905247
31905248 31905250
31905251 30466962
31905253 31905256
31905257 31905260
31905261 31905263
31905264 21748589
31905266 19568701
31905268 31905270
31905414 419332
19113285 133171
3444123 34559709
36273024 3277023
36283135 1850426
37458392 2374192
37871019 412739
37894798 10056018
37913444 2009095
37953511 1456276
37970569 3531786
37982466 3029478
37982468 2014341
37982479 236040
37982481 356609
37982484 3201256
37982486 1565804
37982488 862504
37982490 1588518
37982493 2481147
37982495 2883756
37982497 2885419
37982499 2091915
37982501 13822846
37982503 1117395
37982505 9645158
37982507 1779580
37982510 8768276
37982512 545230
37982514 772614
37982516 7176476
37982518 970498
37982520 2063873
37982522 1475764
37982529 3030164
37982531 624308
37982533 1496929
37982537 1148666
37982546 2438886
37982548 1104273
37982550 2415626
37982552 4657271
37982555 712071
37982558 491989
37982560 1143462
37982562 1705002
37982564 1860476
37982566 3064386
37982568 14603690
37982570 2171496
37982572 1042630
37982574 1310317
37982576 9858443
37982579 4466421
37982582 2208165
37982584 3867538
37982586 580847
37982588 318041
37982590 1121829
37982592 7360870
37982595 6845728
37982597 202470
37982599 6754082
37982608 358503
37982610 3438237
37982612 4057311
37982614 5061497
37982616 2303727
37982618 9199903
37982620 1247452
37982625 10675832
37982627 1358989
37982642 3531776
37982644 7400381
37982646 10483842
37982648 22943996
37982650 9026035
37982652 1442310
37982654 3529656
37982656 14483102
37982658 7401329
37982660 2566739
37982662 20345374
37982665 736593
37982667 8975119
37982669 3242665
37982671 1943811
37982673 5436655
37982675 405013
37982677 5867209
37982679 1766624
37982681 2279144
37982683 2308874
37982685 5424475
37982687 1218599
37982689 15681157
37982691 4651736
37982693 9809113
37982697 2026790
37982699 3216910
37982701 4060657
37982703 8744
37982705 11025526
37982707 2578035
37982709 2300376
37982711 8488147
37982713 10190829
37982715 3804918
37982717 1357772
37982720 782047
37982726 23037826
37982728 3237186
37982730 1479272
37982733 9027237
37982737 10349491
37982741 1526139
37982744 4047171
37982746 1594734
37982748 6289598
37982750 4164510
37982752 6897747
37982754 3449970
37982759 11937305
37982761 3229422
37982788 2578683
37982790 8960495
37982798 5051505
37982801 2905145
37982803 1630152
37982805 5181730
37982813 1657998
37982815 4062178
37982818 218821
37982820 2376573
37982826 3937851
37982828 1554681
37982831 1066060
37982833 87873
37982835 1806594
37982840 2264453
37982848 3132299
37982860 5865559
37982862 4985447
37982864 2316475
37982867 394483
37982869 2430707
37982871 3678533
22303171 2636058
37982875 214968
37982877 2873214
37982879 3225927
37982881 8538398
37982884 5246812
37982886 1819393
37982888 4847724
37982889 2170574
37982891 10448073
37982893 265643
37982895 3533394
37982897 739866
37982899 9538433
37982901 618160
37982903 1485062
37982904 1010175
37982906 2929020
37982907 9414770
37982909 1966656
37982911 10748683
37982913 7514344
37982915 1526425
37982917 4034825
37982919 1364714
37982921 18333966
37982923 2342147
37982925 2203812
37982927 2335731
37982929 3561720
37982931 4803227
37982934 7501070
37982937 8675869
37982939 6220925
37982941 3408095
37982943 10103972
37982945 16682718
37982949 2544309
37982951 2819797
37982953 1385758
37982955 10921162
37982958 2778186
37982960 1549512
37982963 8289519
37982965 11403652
37982967 811886
37982969 1505833
37982971 4652098
37982973 3821296
37982975 2021703
37982977 11052212
37982979 1417089
37982981 1676598
37982983 2943674
37982985 3538256
37982987 1968038
37982989 4200468
37982992 15799653
37982994 1295497
37982996 2253918
37982998 5285393
37983000 3460817
37983002 1425586
37983004 2363961
37983006 6701500
37983008 4045935
37983010 4046262
37983012 3891944
37983014 17351146
37983016 11037211
37983018 5846993
37983020 1119627
37983022 959704
37983024 7506620
37983026 2738056
37983028 6360560
37983031 2118320
37983033 2659465
37983035 17949480
37983037 2793357
37983040 17923605
37983042 11994990
37983044 1572734
37983047 16935056
37983049 18642245
37983051 12363063
37983053 9674893
37983055 11768962
37983057 30308802
37983060 4342673
37983062 33951857
37983064 27738446
37983066 37983068
37983069 17345755
37983071 37983073
37983074 37983076
37983077 19460226
37983079 37983081
37983082 25706590
37983084 37983086
37983087 37983089
37983090 37983092
37983093 37983095
37983096 37983098
37983099 25534709
37983101 37983103
37983104 37983106
37983107 24189022
37983109 37983111
37983112 37983114
37983115 37983117
37983118 37983120
37983121 37983123
37983124 5312740
37983126 37983128
37983129 37983131
37983132 25846335
37983134 37983136
37983137 28517174
37983140 37983142
37983143 37983145
37983146 5995891
37983148 37983150
37983151 37983153
37983154 37983157
37983158 12494364
37983161 37983163
37983164 37983166
37983167 2885539
37983297 1749098
4885068 1716487
39113250 620323
442655 14210431
4182569 2499491
42068576 42068577
43814061 3561102
43822731 10319974
43855375 903303
43857362 7699896
43868735 6584876
43890774 8326838
43890776 8731396
43890778 1521183
43890780 1431504
43890782 6958706
43890784 12348738
43890801 6435026
43890804 7397390
43890809 9392455
43890811 917407
43890813 434923
43890815 11437570
43890817 2441340
43890824 604283
43890826 899198
43890828 1201349
43890830 838275
43890832 210132
43890834 2497999
43890845 11251816
43890849 1823865
43890851 976772
43890853 239079
43890855 699447
43890856 494044
43890865 979595
43890867 492861
43890869 11143847
43890871 5119847
43890873 6580008
43890873 43890876
43890878 1363678
43890881 3034675
43890883 3223455
43890885 3231289
43890887 3459686
43890889 1930503
43890891 1778095
43890893 2366880
43890895 2388861
43890897 505796
43890900 1356614
43890902 4289315
43890904 2395226
43890906 4057488
43890908 979663
43890910 658178
43890912 1256825
43890914 3235516
43890917 6764019
43890919 1778976
43890921 1100282
43890923 657123
43890925 683220
43890927 1594578
43890929 6913363
43890931 17086943
43890933 11048546
43890935 11049150
43890937 2379524
43890939 1708451
43890942 592825
43890946 3531774
43890948 1263474
43890950 2489661
43890952 2298230
43890954 4034641
43890956 3542378
43890958 1610739
43890960 8184949
43890962 3857758
43890964 826708
43890966 2643966
43890968 10737368
43890970 2175056
43890972 15522579
43890974 2773392
43890976 2607927
43890978 811624
43890980 3149883
43890982 9353236
43890984 3405338
43890986 10022498
43890988 8280611
43890990 9956348
43890993 2010965
43890995 2264355
43890997 4061371
43890999 7360309
43891001 3894122
43891003 3211960
43891005 9132729
43891009 10634085
43891011 2907980
43891013 774446
43891015 11509971
43891017 519048
43891020 2453027
43891022 14567330
43891024 1289638
43891027 243457
43891030 4523370
43891033 3805842
43891035 204633
43891038 3279144
43891040 10219590
43891042 11687589
43891045 9326286
43891047 10767824
43891049 8668042
43891051 9364341
43891053 3757411
43891055 2105945
43891057 6995434
43891059 3868828
43891061 3847219
43891070 2600021
43891072 2110330
43891074 1788530
43891076 7401850
43891090 7903588
43891093 2600893
43891095 1206245
43891102 10559220
43891104 9914869
43891107 1496437
43891109 18649088
43891124 12358156
43891126 17352210
43891128 1252476
43891130 1408291
43891134 24241824
43891135 9233087
43891136 3446550
43891138 5409517
43891140 1210565
43891144 279986
43891146 2652355
43891148 23346
43891150 156363
43891152 1500565
43891154 8871650
43891157 3387729
43891158 6252367
43891161 1886878
43891163 1322829
43891165 14374899
43891167 7330909
43891169 1778744
43891171 1696052
43891172 11688661
43891175 2234703
43891178 1802415
43891179 1398131
43891181 10066017
43891183 8387168
43891185 322816
43891187 402402
43891189 2162585
43891190 7545483
43891192 162573
43891194 1749519
43891196 2343589
43891198 635755
43891200 1322607
43891202 8340951
43891204 1650445
43891205 1355610
43891207 8265063
43891209 1687232
43891211 5008002
43891213 12232659
43891215 2069466
43891217 458453
43891219 2461781
43891221 923391
43891223 2487220
43891225 2786460
43891227 5240611
43891228 3620699
43891230 7194054
43891232 1527781
43891234 355075
43891236 3605736
43891237 1457520
43891239 3134029
43891240 2822786
43891242 2747813
43891244 3976407
43891246 2735726
43891249 1359631
43891251 5853506
43891253 2432617
43891255 1871297
43891257 843247
43891259 11895561
43891261 3835077
43891263 1367318
43891265 8979780
43891267 2224384
43891269 2088839
43891271 1398557
43891273 388079
43891275 2003000
43891277 5339561
43891279 6292566
43891281 16987015
43891283 3693863
43891285 3577985
43891287 2823423
43891289 2937946
43891291 467109
43891293 1143131
43891295 3640158
43891297 415866
43891299 7194306
43891301 2365718
43891303 16558867
43891305 4459740
43891307 2746811
43891309 7445422
43891310 8991274
43891312 2141679
43891314 4030427
43891316 2908799
43891318 127922
43891320 22403421
43891321 11293503
43891323 3048073
43891325 952482
43891327 7370232
43891329 18642279
43891331 2859678
43891333 10445512
43891335 16247047
43891337 5948620
43891339 43891341
43891342 43891344
43891345 43891347
43891348 43891350
43891351 11994487
43891353 43891355
43891356 43891358
43891359 43891361
43891362 42068577
43891363 43891365
43891366 5362716
43891368 43891370
43891371 460224
43891373 43891375
43891376 43891378
43891379 43891382
43891383 25855296
43891386 43891388
43891389 8208545
43891391 43891393
43891394 43891396
43891397 33002115
43891399 12625616
43891401 43891403
43891514 10772100
43891514 572025
37983039 8773935
46552018 46552025
578668 9399829
21952300 10815025
47643907 3241551
49471577 2306134
49579651 7377279
49590910 1874043
49619328 1274455
49619334 1059364
49619336 2757228
40003369 497314
49619340 11235273
49619342 8639298
49619344 1400047
49619353 3924038
49619355 317791
49619359 8968443
12431308 2741036
49619363 1453063
49619365 1015353
49619367 5150951
49619369 3604402
49619371 3064971
49619373 1465598
49619375 2223228
49619377 206647
49619379 1443108
49619381 1247043
49619383 249453
49619385 2072274
49619387 4328107
49619389 3881310
49619391 16481709
49619393 3890239
49619403 3863822
49619405 1675924
49619407 2579047
49619409 6589241
49619411 3623846
49619413 21075984
49619415 1030355
49619417 1366972
49619419 489028
49619421 635519
49619423 2432533
49619425 197823
49619427 1365510
49619429 1800740
49619431 9581561
49619433 2086990
49619435 2342309
49619437 2312597
49619439 48833
49619441 9420648
49619443 6763707
49619446 1598503
49619448 16880302
49619450 6763923
49619453 3756492
49619455 3962180
49619457 9603694
49619459 449362
49619461 642856
49619463 9328639
49619476 2873815
49619478 3737563
49619481 1290448
49619483 3210318
49619485 1364222
49619488 9017546
49619490 10742094
49619492 4128646
49619494 3761570
49619497 4570980
49619499 1868850
49619501 1250510
49619503 254727
49619505 2032584
49619507 8298647
49619509 9811842
49619511 1369633
49619513 3919924
49619515 6906737
49619517 9618961
49619520 3531815
49619522 2298222
49619525 4019037
49619527 163063
49619529 2589218
49619531 8593738
49619533 16953329
49619545 2997273
49619547 1969916
49619549 23564417
49619551 20143816
49619553 8594549
49619555 1440331
49619557 60766
49619559 1386789
49619561 1140265
49619563 3059502
49619565 8993396
49619567 4060888
49619569 1340265
49619571 3981123
49619573 844977
49619575 902899
49619577 1726453
49619579 826452
49619581 412484
49619583 1908950
49619585 1091667
49619587 1933507
49619589 3276851
49619591 4057792
49619593 6448655
49619595 10804585
49619597 9671354
49619599 1286923
49619601 18221962
49619607 834574
49619609 16660396
49619611 2743067
49619613 3391157
49619621 9027530
49619623 2179273
49619625 2203811
49619627 4572046
49619630 492012
49619632 255948
49619634 10601
49619636 9798767
49619644 2172845
49619657 327227
49619660 12041178
49619663 3638583
49619677 689036
49619690 694243
49619692 7817588
49619720 2318688
49619722 7546539
49619728 195207
49619730 9096623
49619732 464718
49619734 7363041
49619736 2428420
49619738 2432434
49619740 2005499
49619742 3199837
49619744 13776109
49619746 328569
49619748 150852
49619750 198488
49619752 1678717
49619754 4344166
49619756 10754237
49619758 3685829
49619759 16957008
49619761 3692825
49619763 493038
49619765 2463187
49619766 4034619
49619768 2135927
49619770 1167397
49619772 1377539
49619775 924079
49619777 452753
49619779 9352192
49619781 646349
49619783 14535876
49619784 3218279
49619786 951672
49619788 9510373
49619789 430097
49619790 1406586
49619791 521156
49619793 5769192
49619794 1677871
49619796 1967423
49619797 635699
49619799 3563201
49619801 184576
49619803 719796
49619805 10765191
49619807 2985777
49619809 28379
49619811 3758692
49619813 2017674
49619815 1261840
49619817 458328
49619820 11424159
49619822 5279687
49619824 2393861
49619826 578444
49619828 1106561
49619830 2695206
49619832 3241247
49619834 186868
49619836 2759986
49619838 262405
49619839 2843475
49619841 1903847
49619843 5586311
49619845 563016
49619847 1698384
49619849 4034483
49619851 5115675
49619854 8627839
49619856 10504920
49619858 7434571
49619860 11668742
49619862 3259921
49619864 2494575
49619866 1497622
49619869 16417838
49619871 2312550
49619873 11129459
49619875 3631583
49619877 1725367
49619879 4782152
49619881 8577878
49619883 3605758
49619885 2653920
49619887 10047124
49619889 9343465
49619891 4035232
49619893 5595276
49619895 7345894
49619897 9759041
49619899 4749283
49619901 336153
49619903 2560737
49619906 1732864
49619908 3611189
49619910 6126824
49619912 2666256
49619914 8785079
49619916 5045609
49619918 10614203
49619921 683570
49619923 3010456
49619926 4006027
49619928 4046182
49619930 873866
49619932 2414346
49619934 1974041
49619936 10004897
49619938 12116648
49619940 14665368
49619942 2157778
49619944 2757101
49619946 227530
49619948 2155844
49619950 9627817
49619952 6234719
49619954 10290202
49619956 23026659
49619958 9616718
49619960 2301404
49619962 18299069
49619964 15682765
49619966 5175625
49619968 4997356
49619970 30570545
49619982 16096457
49619984 44957880
49619986 49619988
49619989 49619991
49619992 49619994
49619995 5383638
49619998 21468957
49620000 49620002
49620004 49620006
49620007 49620009
49620010 49620012
49620013 49620015
49620016 32665107
49620018 21197951
49620020 5315106
49620022 38287252
49620025 49620027
49620028 49620030
49620031 49620033
49620034 41071037
49620036 49620038
49620039 49620041
49620042 49620044
49620045 38204064
49620049 38170573
49620051 49620053
49620054 49620056
49620057 49620059
49620060 49620062
49620063 32183863
49620065 11693367
49620067 49620069
49620070 4114875
49620073 16852729
49620075 17762323
51213803 7450124
51866172 5143569
51889662 2759609
