5954 6826
40402 40409
40402 40404
48809 48811
74522 74523
88379 88383
105217 41854
143940 143945
159599 159601
216690 216692
216690 216693
216690 216694
225315 225318
227166 227168
227166 227167
250232 250243
299017 299028
312649 312650
313270 313275
313270 313276
322531 322532
340510 340511
340510 340512
14399 348265
399035 399046
414205 414153
414205 414206
420827 420829
429367 40409
446291 446295
447398 447402
459726 459727
512576 512578
512576 512579
519190 519194
519370 519372
521616 521620
590210 590214
592601 592622
604378 604379
615971 217124
617280 617281
10167 630089
632476 414153
3347 668891
675394 675395
682594 682599
679289 679290
698972 698975
710555 710559
710555 710560
711618 711623
711618 711624
711618 711625
720770 720772
447399 731797
740887 740888
757706 757707
760621 760622
762958 762959
764691 764693
40467 40464
40467 769814
40467 769815
770110 770113
293073 773951
426678 778937
783705 783711
786376 786378
807054 807056
383306 826314
858431 858435
866463 866467
867522 867526
867686 867688
731825 881061
431588 881493
884259 884262
884259 884263
884259 884264
884911 884912
10070 895127
895512 895517
896141 896144
897274 897277
897301 897302
742249 898997
926123 926125
3934 95699
74528 947679
689134 956996
978053 978057
978465 978469
9974 989190
1005619 1005622
1050396 1050399
1051688 978469
1060050 1060051
1069118 1069120
1132028 1132030
1138913 1138914
1145765 1145771
434508 1152168
163144 583855
1162283 1162284
1170025 1170030
1191268 1191269
927328 1193803
1195533 1195535
1195533 1195536
1195533 1195537
1195533 1195538
1199461 1199473
1208399 1208405
957799 1217826
1233065 1233068
91018 1237156
592608 1239079
1243155 1243156
1247851 1247853
1259243 1259245
1259243 1259246
1264352 1264353
1030830 1264385
1277464 1277466
1277874 1277875
398452 1280158
398452 1280159
1295201 1295203
1341771 1341781
1341771 1341782
1376808 1376809
1381677 1381680
1385798 1385800
1399122 1399123
1400088 1400091
1408260 1408261
1429403 1429405
1455644 1455645
1484260 1484263
10083 1489434
1491213 1491217
1495392 1495394
1208401 1497113
1512766 1277875
1518782 1518784
1543225 1543227
1549161 1549162
451435 290701
158097 158095
1586593 1586599
1636962 1636963
1636962 1636964
1648039 1070863
1752497 1752498
1796213 41854
1825002 1825003
1940916 1940919
1965642 1965643
956996 1945958
1888802 1888801
1966085 1966087
1975227 1975228
2053271 414153
2059023 2059028
2180570 138399
2208985 910796
2233714 2233715
2235753 138399
2240842 853067
2242006 420829
2277210 2277211
2397133 2397135
1055398 2414105
2472944 2472945
2719593 1206093
2719593 2719594
2732617 2732618
2830340 916330
2844308 2844309
2857598 2857602
2921835 2921840
2799256 2954244
2799256 2954245
2799256 2909417
3059572 3059574
3135640 3135640
343654 3254341
3255608 3255611
3255608 3255609
3255608 3255610
3267707 3267712
3273145 3273146
3308241 3308242
3308861 3308862
3348086 3348093
3414433 1241819
3414433 3414435
3426402 3426405
3428205 3428206
3428741 3305026
3470238 3470241
3470238 3470242
3470508 3470510
3470508 3470511
3470568 3470571
3470568 3470572
3558197 3558199
3636492 1345943
3683269 3683270
3760325 3760327
3789700 3789701
4041646 4041649
4068116 4068119
4145778 4145780
4311644 4311646
4352268 4352270
4372433 4372434
4597480 4597484
4606345 4606346
4678069 3435605
3423129 3423128
2946627 2946622
4700462 2570221
4712448 4712449
4722029 4722030
4739487 4739488
3421081 3421079
4794917 4794918
5086124 896144
5180395 5180398
5180575 5180576
5180736 5180737
5180805 5180808
5181122 5181125
5181122 5181126
5202313 5202316
5202313 5202317
5202313 5202318
5600458 5600460
5600458 5600461
6416270 6416272
6823470 6823466
6823470 6823472
6823470 6823464
6823470 6823473
6823470 6823474
6823575 6823515
6823580 6823582
6823678 6823681
6843408 6843410
6912194 6912195
6917315 6917316
6903539 6903538
7281423 7281424
7310966 7310967
7318869 7318865
7319974 7319976
7320515 7320518
122713 8115621
760470 8141893
760470 8141894
760470 1272068
760470 8141895
760470 8141896
851207 41854
851207 138399
10238 1060047
32693 1888897
1040237 8155588
8160006 8160009
519191 8196865
519191 1147374
519191 5181477
519191 1504768
519191 8196866
519191 8196867
1217105 414153
4836224 5180623
1097752 8313755
379036 8316189
1081413 587919
1081413 1401196
60752 3390694
60752 8349987
1618541 8351373
808453 8361284
159146 8362489
159146 8362490
159146 8362491
827711 3421991
827711 8363353
2241956 8368052
8316190 88554
621210 8396961
2301601 2301602
8301180 8419451
1648040 8421730
505955 8428244
447297 8440314
32577 1125877
8445039 8445040
8449048 8449054
8454726 8454728
8479089 8479090
8536419 8536423
4353333 8568442
7189831 991665
8639243 629078
726743 8639662
726743 8639663
8208663 8640207
8651487 7793921
617586 617585
617586 8659098
823613 8663538
8674652 1471778
8693883 40656
835591 8697596
1521410 8706011
1316061 8719057
8722755 8722756
8722755 8722757
8479090 8479089
8735786 8735788
8741062 414153
1230251 8742047
2330785 8746667
8757994 8757995
2252020 41854
2252020 8289746
8767279 8767281
8767914 8767916
8775156 8775159
8790558 8790562
4187443 8790657
2401510 8794950
773942 8804116
8808963 8808964
8872079 312650
8873620 978469
1857320 853067
2576480 771330
2576480 5180363
8879167 8879170
199148 955713
8914635 8914637
8953904 8953906
978467 978469
8956598 8956601
581001 580999
8973959 8973961
8979774 8979775
8986095 5089560
4150778 8987119
4150778 7091128
293336 293335
5082404 1155208
9004452 3255611
9004452 227168
3434805 9004817
2742154 2742153
2742154 9011649
2742154 9011650
9020346 9020347
8196870 9025929
1312032 1312031
9034968 9034969
9036452 9036454
4815646 9047773
4219889 8479090
956995 1912514
956995 689134
956995 4591953
771332 8689689
9062848 7037172
9062848 7091128
9062848 7037720
9068818 9068822
9073993 9073996
2903693 2903692
803859 803857
8142060 40409
9122808 9122809
5851428 9132413
1584309 779653
9143969 9143970
2233337 41854
9151076 9151078
9153035 9153036
1145346 1264353
9159576 9159577
1642826 9171608
9184247 9184248
4142445 9185881
8301172 9188101
9195553 9195554
9197334 8264169
9201245 9201248
4184528 9203277
1070869 1070863
9248594 9248595
2213137 41854
4826032 9273218
9278346 9278347
9158030 1264353
877647 877646
9196599 2491567
9292143 9292144
9292143 9292145
9324794 9324795
9352559 7091128
9352559 3235613
9352559 9352560
9355273 9355274
1070868 9414714
1196282 1698885
9440692 312650
1460924 9452625
9458422 1700070
9541740 88383
9101319 9101318
6810957 9644575
9496802 9496801
9496797 9496796
9496797 9496798
9496797 9662813
9496797 9496817
9663319 9663320
1888803 1888801
9673925 9673906
9701833 9701834
2159920 138399
9829695 138399
3345 9835167
9845781 9743223
9861229 414153
2191491 41854
2188870 9891722
9903320 41854
278763 278750
9180646 9180645
2279343 2279342
9644576 6810957
9644576 9930398
10038891 10038894
9180648 10148674
10332833 10332834
10370514 227168
10410687 10410689
10501230 10501232
2437807 2409416
10748081 10748082
1941030 1941029
1941030 3255611
10777132 7037172
10779634 10779635
10480558 10781322
1592611 1592610
9644578 6810957
1939213 10825697
1561636 10825728
10920918 1241819
10920918 10920919
10933549 1152169
10924222 10924221
1280151 7710580
10970042 10970045
1300852 10970651
5180718 11288135
11458585 11458588
11587864 11587865
1053224 1053223
11619317 11619318
8052648 8865835
8052648 11641821
11724796 11724797
11724796 11724799
11777692 11777694
12001440 12001441
12083155 10164849
10822739 4712449
10822739 10822738
12093166 12093167
8821322 604379
590637 590636
12159063 3697241
12527078 12527079
11632464 12527112
12527234 12527235
12527296 12527297
12527296 12527298
12527426 12527427
5181080 5181079
8196903 12527444
1966076 12527446
1966076 12527447
1966076 12527448
12527452 12527454
1966077 12527468
1966077 12527469
1966077 12527470
12527985 12527986
12531813 12531816
12905691 12905693
12905904 4827210
12905908 12905910
12905908 12905911
12905908 12905912
12917421 12917423
13553254 13553255
13659987 13659989
13662895 13662898
6823679 14034113
6823679 14034114
14034121 14034123
14058287 14058288
14059699 4166134
61644 322532
14638 2018750
16129 15245159
51573 9149724
11624 15245192
11624 15245193
11624 15245194
11624 15245195
11624 837509
11624 11090179
593367 260301
14349 8983803
45249 318699
2156084 15251331
14937532 15251351
15265057 15265058
5613657 5613658
5613657 10653956
629079 629078
629079 3104837
629079 10188742
629079 10653965
629079 15266346
629079 15266347
4868 4865
298970 14841989
1273703 8646464
15327127 15327128
71475 15335511
71475 512552
275059 15335932
2054084 414153
22355 15367074
8492890 15403436
290703 15406534
592604 644792
15440906 15440907
1315319 15445605
1315319 1315320
1170943 8722756
1170943 1170942
1170943 9053839
15453970 3095532
15453970 9458423
3299183 8920686
2921823 15489222
4143738 14931133
107394 15493150
107394 15493151
4706652 15500665
698628 15502699
11662805 15522661
451443 15541533
451443 290701
905170 15578584
2147749 11879758
1230199 9496243
1230199 15592374
15616583 15616585
15237050 3435605
1351009 15652454
1513513 8960070
11610041 15661631
2367868 2367871
867069 15706305
8681912 15707637
15709178 15709180
7080870 15718598
1616356 15722691
1224995 1224994
1224995 1224994
15703002 15727211
15745532 15745533
1050397 15745658
8141902 15764161
21156 1632368
451442 290701
91016 15776374
1310965 4329680
1310965 15794697
1310965 12249553
1310965 15794698
688633 688629
688633 3414103
848769 15799324
15804897 15804898
15804897 15804899
9331946 9603082
15828692 15828695
15833465 12527081
8316192 15835439
1203377 1203376
15243008 15852940
1236972 1236971
1774418 8878823
758470 15856328
15858742 15858743
15864947 779653
21221 15866904
1367087 15895436
1559485 9278347
9018986 9018985
592611 56951
224918 2425171
472021 472018
858427 15957785
1586246 9603189
1110196 1110195
746157 15977524
628670 15983079
628670 10782031
884914 15983804
15983802 15983804
1264382 8973284
9961597 16009284
8286129 16030321
12527104 16036495
2331998 16039013
16040380 16040381
3387305 16078675
16084693 16084694
4154426 16085572
2974086 414153
10589912 10782031
16092443 16092444
9925932 16102964
15440407 15440406
16110715 16110724
1140565 1140562
1560364 16114918
15236864 16084694
16127025 16127027
16136554 15066118
16144661 16144663
15923847 9278347
16160994 16160998
16162176 16162178
2204409 910796
9180810 9180808
747311 16178646
1118124 1118123
16202337 16202340
4698773 16215387
15529138 16215486
16216921 933773
16216921 16216922
8963257 16223655
16225875 16225876
16243986 16243987
5180842 16271387
764698 895613
2202121 41854
11012606 3515794
16316783 16316784
9011653 16326359
9011653 12527193
1781159 3273146
9346858 16333712
16341687 16341688
16353348 1647621
16364201 16243987
16376058 1277875
16405658 853067
15502697 16422748
15403432 16437436
16473707 16473708
8686391 1901228
16481034 593141
5022688 16499748
16525666 16525667
15250948 1243156
1055397 16646240
16653018 16653019
16657317 16657318
519198 519194
16705316 16705317
278759 278750
2486283 16726715
16746610 6823439
5985890 414153
10858191 10858190
16860683 9891722
2208192 2208191
9857689 41854
16889876 853067
11879759 11879758
16894953 9185878
16895226 9743223
9468541 593141
9468541 3095532
10741398 3223173
10741398 2719594
17058329 17058331
17185729 3023661
16175488 16175487
15248436 17272697
9883139 9883138
17366088 17366089
6903563 6903562
17378397 17378398
278758 278750
12531700 12531699
10424003 17512380
10424003 17512381
8920151 17518689
17536625 17536627
8115660 17622367
17683773 17683775
17687674 17687675
17687674 17687676
9645611 9645609
9645611 9651138
17710044 17710045
17732185 17732188
17732185 17732189
9644577 6810957
9644577 17750109
17750175 17750176
17750178 17750179
1259248 1326632
9259712 9259711
17839593 1241819
17848431 8821327
244564 16195703
9845216 3255611
9845216 17922585
3520920 17930158
5180239 18077640
5180613 18157447
18158641 18158642
18407466 18407468
10317656 18408678
18472305 18472339
18472305 18472340
18472305 18472341
18472305 17885889
18472305 18472342
16026432 16612364
10934026 10934025
10934026 18651651
2338252 2338251
4372412 18940503
12094157 12094156
9743829 19025241
19278805 19278807
5180361 5180359
12527039 19360537
12527039 19360538
12527039 19360539
5186028 5186027
19362460 19362462
19362460 19362463
932845 5185909
932845 19364368
6038862 6038861
19710643 19710645
19710643 19710646
19710643 19710647
9114107 19710670
19710854 19710856
19710854 19710857
19710971 19710973
19722189 19722190
14052607 20783971
14052607 20783972
20784072 20784074
20784072 20784075
20801029 20800937
20801077 20800953
20801077 20801079
20863401 20863403
9835275 41854
7950 20844756
7950 21943313
7950 17015082
7950 21943314
7950 21943315
7950 2774092
7950 21943316
40403 8202982
40403 12146258
40403 740888
40403 21943606
40403 2604489
40403 8685019
40403 8683166
1505127 2740184
1505127 8893730
352479 1226372
590963 40409
590963 205838
2711717 16657254
767100 9022904
2207033 2173780
139484 16084338
1277465 22021017
1277465 22021014
1277465 22021018
1252148 16246000
1252148 11633717
1252148 22021853
239302 725086
2644583 22058362
2644583 8816834
1257909 22070165
22073136 22073137
6022 22080819
14398 1243156
80036 13198520
80036 1343231
80036 1966082
80036 587919
9927 8309687
255721 1521596
255721 22097898
255721 1521597
255721 1638217
5086125 22131821
15264010 204847
8795661 8795660
22142742 10648695
523236 22070165
1694293 878886
22176308 853067
15245016 22188194
298453 298452
1489369 22197299
15501204 22197352
4845236 22199193
9934 763965
617361 8571706
455992 22221614
8983835 22246409
4738755 22249349
1643198 11972695
2019226 12925374
22266211 22266215
15804900 22286688
22329078 22329080
2964453 22335399
3516456 22349308
1473268 9821421
8673045 545069
22083922 2605885
1882871 22390363
1586595 16266158
1672021 17771873
1672021 22405540
445563 568987
445563 1463523
445563 8789637
6833653 22415364
16025779 22418516
1204834 16174580
494091 22424416
40468 40464
40648 15264078
40648 40647
1186072 1186071
271048 905728
22463025 5089481
15250947 1243156
1067372 22489546
638936 22510326
20866811 20866810
731830 14473201
544443 22524302
1067356 22528593
16110299 22541034
16223693 16223692
972170 22555499
9438157 22570399
1647941 22578245
11528058 2531296
22618174 22618175
8990826 9112977
9109502 22651800
15745656 22679297
22683316 22683319
22683316 22683320
9158031 1264353
866900 866899
1030998 22252131
1113265 1113264
1542454 22782750
22787792 22787793
22798361 22798362
2158298 22815226
22846427 22846428
8421725 1070863
1227919 1227917
1664485 1664484
15264711 41854
22889375 10648695
1178124 16159400
22784574 22784573
1254930 22902400
3716972 15928018
22920621 22920622
22928554 22928555
1297014 1297013
1474549 19281513
22940164 22940165
22668503 22668502
22951999 803860
968605 11669535
968605 4278010
968605 22970464
5192539 10086284
5181398 5181446
1362979 22989438
1071011 22998428
8799708 23011270
11011864 18595035
23036866 23036867
22604371 23040765
23068273 9278347
8142059 40409
9329492 23081526
9050770 9180825
15403420 15919840
23182439 853067
8144957 23272147
23286554 23286555
23286554 23286556
23294685 9658827
16612366 16612365
17526165 23301311
15969491 9603189
23364322 23364323
23364375 414153
878858 689134
10779475 11641642
23378903 3023661
11879760 11879758
23447327 9743223
278756 278750
278757 278750
23465612 853067
15450470 910796
23470467 9185878
23470659 9743223
23487176 9185878
15264717 41854
10858192 10858190
16208374 9919247
23504696 853067
23507147 9185878
22142391 138399
23510793 853067
22142393 138399
23518979 9743223
15264721 41854
23546583 23546584
889251 9146227
19025241 9743829
22539678 23744998
23752052 23596345
5987242 5987241
22879116 6903456
23894913 23894914
6906306 6906304
17285595 17285594
2178128 16561918
22127580 24249418
24258119 24258120
24262635 24262636
24270831 24270832
16670685 7006609
8846131 22625106
10823801 10823800
23280660 10825697
8363336 23515871
24410790 24410792
24410793 24410984
24412782 24412783
24414482 24414483
24448437 17886342
24448437 14052522
24448437 24448439
24448437 6843330
24448437 24448440
24448437 6843333
24448437 24448441
24448680 24448682
514003 514001
514003 11258318
514002 514001
514002 1241819
24709349 8309687
24954270 24954271
4339074 4339072
11662556 11662555
22850098 22850097
11257987 11257985
22827096 22827094
25327885 25327886
8568444 25473178
25473196 25473197
25476776 25596937
25476776 25596936
19085034 19085033
5180581 25867360
25867377 25867379
25867440 25867441
25867440 25867442
25867440 25867443
12527428 25867158
9643778 25867675
25874421 25874422
26188958 26188959
26189049 26189051
26189049 17292778
26200762 26200763
16004158 27221773
6823475 27222019
27222178 14034063
27238759 6843302
27244774 27244775
15718602 27284723
14493243 14493241
3417 290701
3417 451442
827221 2146600
9933 28344658
9933 22201289
9933 1438610
9933 16256626
9933 9230024
9933 28344659
9933 779653
9933 8675116
9933 8587380
9933 8957648
9933 28344660
9933 9234157
8405101 8415668
672112 28346767
3587 8144952
3587 10653956
3587 28360978
3587 21090939
3587 26200439
3587 15265058
3303878 24171819
48812 11591591
10214370 10214369
28366029 308320
323949 1169214
1745798 22591478
2196219 3305909
2196219 9185878
1758467 16044345
1758467 12528086
1758467 28374810
1758467 28374809
3393513 11005836
15390266 28431682
1451428 28480703
1381678 270403
897409 853067
150106 9670861
7793367 28524323
15992112 28535351
88433 5180729
88433 18433709
88433 24976847
1881053 28536586
403413 9603164
18870 23023337
2034775 9723156
278751 41854
278751 278750
230604 1152168
191425 28545529
8610879 9205942
1125877 28610182
1450326 22803537
8126036 5180363
1737984 12892449
1079879 9132413
28340599 28701585
377406 377405
451424 451423
451424 8792796
758469 8690422
1457836 1457835
856168 7083893
9297383 762959
2146746 10429486
15409822 28766332
1086928 1086927
1086928 22920622
1086928 28773416
657365 28779415
1369627 23043555
1369627 1369626
1369627 1939651
1369627 28799123
8286128 28800259
16533053 28808250
16127045 762959
16127045 617281
8196868 19360372
8196868 19360840
8196868 28817302
20227672 8428072
1487390 2156887
15653865 9855345
9983591 9983590
16385884 16385883
15620649 28869760
15245220 1218993
1051689 978469
15866903 28875611
15415081 28884402
28884405 28884406
3933 15808716
8313748 28525692
786383 786378
16044351 28910164
2904923 28929791
2412886 771330
2412886 1408261
1402439 3792712
206059 1277875
994749 1263605
10358670 22875599
28773420 1138706
1645206 22654430
9912 29047939
7435918 1408261
29058444 16386812
29064306 29064308
1680200 29068267
1680200 29068268
9179861 29069341
22920623 22920622
29077130 29077132
22893828 29087244
877648 260301
877648 877646
8755253 8755252
29103887 29103888
10177 29105937
10177 4700205
10177 16918239
10177 16918240
10177 29105938
8883766 29106231
8408539 8408538
2805102 10480052
22603082 22603081
15923845 16223690
29138648 15066118
3709873 1408261
29146543 1241819
4699834 9121859
4699834 4699835
4699834 29164101
4699834 29164102
4699834 29164103
4699834 24020974
4699834 29164104
4699834 29164105
4699834 12527106
8762026 675395
29175568 29175570
12023978 29176838
1478622 1152168
1478622 1478620
29182448 29182449
12905845 29184276
29185795 29185796
1154199 29192412
861601 16286377
16047774 11215790
1649392 1649388
926128 5846710
9004818 29221432
29227693 29227694
926126 25765333
451441 290701
1149481 1149480
1296112 15823976
28945759 16243987
29113613 29113612
564970 564971
773941 29300403
28773421 28773416
1379979 1379978
1973977 9081900
1973977 23243381
1973977 423674
29078261 29078260
15291933 1521236
29254897 16243987
8440308 29188886
29421852 9020347
29421852 22965235
671997 29425813
29430111 29430112
29441176 414153
16486511 16486509
278755 278750
27211572 853067
17684304 1940912
29645082 17710045
28955691 28955690
158096 158095
23390360 29695688
24264224 29697241
15264712 41854
15264713 41854
16909317 9891722
16909317 17717448
29813402 9185878
9880325 138399
22142390 138399
278761 278750
16384851 8368052
15264718 41854
278762 278750
2198882 41854
2164505 9185878
1399125 2743672
29945428 227168
4190788 4190786
16212254 16212252
248658 248657
13693565 13693564
9135385 9135384
23758364 3023661
2352704 10332460
10020703 10020702
30518140 30518141
1941024 30549391
1941024 30549392
1941024 1941023
1939235 1939234
10756097 30557368
30557430 7037172
1206093 1945958
1381963 1381961
24284233 24284232
30568117 29475131
14947982 16652945
14947982 30574487
30578871 2719594
1940929 1940927
16469571 16469570
9645612 9645609
9645612 29629258
29629412 17922585
29629412 29634361
22207340 22207338
17717449 17717448
17717449 24284232
10823803 10823800
3308092 9663320
18954707 18954706
30620127 30620128
18952177 11458588
18952177 18952176
8821323 604379
2570221 668891
4794884 30716480
8742037 30748416
16004157 30749183
16004157 24448307
16004157 24449269
16004157 27221805
3036021 9180846
30996630 30996631
31002802 31002804
31248529 8706772
8821327 17848431
18997325 17750255
25473178 8568444
22117526 1345943
31897131 31897132
5180333 5180332
5180333 19364589
5180333 12527076
5180333 32132119
12527117 12526955
1218742 5181268
5185874 5185872
5180704 32132803
25870990 25870988
2742186 32430663
2742186 27221848
2742186 20783958
32430783 11587407
6823684 6823455
6823649 14034055
6823649 32637665
32998703 32998704
33432881 27221826
33432881 33432883
33432881 14034048
33433021 33432896
33448778 33448780
33448778 24026557
33448783 27238662
33448783 20800939
10971697 27238731
10971697 6843381
33448807 33448812
33448807 3544989
3544991 33448814
22577344 22577343
33640922 18595038
9044885 20851780
9044885 33494391
9930 675368
264738 588728
2740186 2740184
2439067 34533755
628203 593141
40466 40464
3943 762959
5613503 21267613
5613503 8144952
10240 34569198
2022180 34578944
2022180 18182680
2022180 11285457
2022180 15526091
18952879 22024532
18952879 31755756
1115484 853067
2658493 30057138
895513 34703631
176310 17227635
2052344 583855
6850758 34720934
8853397 8853396
278754 278750
363613 15443614
15500666 28610947
3470239 34773940
1262149 34787959
866940 34793092
22876409 34794384
34678585 9231433
15923839 9278347
520354 520361
5202314 34839630
22579397 34842788
9424462 121938
1218732 25866960
1218732 1218731
395238 15865917
1307434 9248112
8789631 903570
680830 9417645
34883486 7091128
10752017 15403484
21943579 34913916
451440 290701
731804 14469943
12906833 16047006
22266212 34938283
9296627 34941873
13206770 34941938
55871 8648104
5192557 34954966
2922865 23635092
2135222 16768376
22171350 29835372
2006949 29456446
2006949 17919984
2006949 24703026
15242827 34973369
290057 1323695
978466 978469
40410 22436052
28734282 34983570
1251599 12146258
9284018 34750803
8142058 40409
605592 15861565
34994274 34994275
9215676 34382890
8119739 763968
797381 1699982
8442804 28610182
8442804 1125877
29065005 29065003
882384 35035024
322543 35056552
22115895 35056632
35057230 35057232
35058136 35058137
446294 7853864
15122376 9068207
1823853 35065660
8912403 12127737
26800299 35074747
9418192 9418191
4226284 4226283
8115637 15589906
10480039 10480038
13938256 22010664
29363002 16243987
28349088 853067
1220729 1220728
340514 35166162
340514 9603065
340514 23243290
340514 1888784
340514 35166163
340514 10996198
340514 35166164
340514 24472578
340514 35166165
340514 35166166
900527 8264169
2158772 138399
2158772 8368052
11934160 7037172
1086930 35178951
8278843 1975219
5114356 1408261
22142743 10648695
18158755 30996257
1400089 16223683
16154705 23281556
29382284 9743223
8363333 35252821
25389684 35256026
35280125 35280127
10584780 10584778
29243193 35283945
9415571 9415570
18552836 1408261
16135943 29250397
1036944 1036942
1036944 1457835
35314009 35029920
993542 16130077
29442330 29442329
1966069 35322955
5181432 12527453
35352034 1638217
5180655 9011651
5180655 5180790
5180655 25867200
9157796 9197752
8349400 8349399
9276721 9276720
34531658 35420318
9984 1098735
9197652 9197651
1086931 1086927
1297699 35450185
35454764 29186157
773935 29242968
17316651 10576628
35387464 35464029
15245056 29125765
8956599 35492142
22781960 35492148
34525368 22957300
8123189 4059161
8986096 5089560
29374116 35571338
1648887 1648886
28342585 1408261
28945760 1277875
803860 803857
9893224 9893223
9134 1913618
10822718 35799562
10822718 10822717
9658115 18241443
1888804 1888801
1761794 1761793
1761794 35657343
16877828 15691073
28349082 853067
28349083 853067
15264716 41854
2193175 138399
15264722 41854
16384852 8368052
15264723 41854
15264719 41854
22142394 138399
34657437 3095532
30221301 30221300
36251868 3023661
4156870 4156869
8196869 12528068
22199774 24703031
36439765 36439766
36439766 36439765
29629281 227167
29629281 29629279
9645610 1640987
9645610 9645609
30549390 30549391
1941125 1941124
1941125 1941148
29645083 34893304
29645083 29645082
27238779 23773591
15798971 3413586
36827930 36827932
36857198 36857200
36858142 36858144
36858142 36858145
926135 35631354
36911691 36911693
36911691 30200286
3181663 6458163
18952902 18952901
33973742 778937
8854433 8854432
11259883 24647991
519196 25476773
37398586 10971129
4304001 4304000
6211171 4712449
6211171 6211172
1053213 1302539
1053213 23888984
16118651 37757021
16118651 37757022
37822930 37822932
11257986 11257985
8363349 37836542
8196896 10330891
12095913 37836754
37998523 15794697
5180463 5180462
5181050 5181048
5181050 10264300
38131980 38131979
22867577 3470008
22867577 33432874
22867577 6823493
38476905 27238718
32616635 37892074
38677355 38677357
38677355 38677358
19038316 39105767
4142815 39448471
39464257 39464172
39464259 39143315
9185885 20800992
9185885 33448764
39987700 39987702
28813351 40107201
63981 41854
1259244 24205380
1259244 40520277
1259244 30688864
1259244 17822202
277742 9108772
873587 9834914
873587 22510824
2236618 40524593
2236618 40524594
613764 7792328
16130 3728344
16130 40656
16130 8693883
16130 751444
16130 8752415
386393 386392
386393 29590975
295640 23026959
2208197 41854
1304537 22127575
3932 3176207
9696022 815387
7691229 40648005
3149394 35078265
3149394 3391215
3149394 30687123
14052580 36913612
14093 2226678
1112873 1114031
896142 896144
15237040 15697599
1468542 2260426
8739360 8739359
60999 414322
10038892 40754034
1946637 9050611
9314020 35057232
786379 1560877
1267291 40771517
1267291 1267290
451433 290701
15452614 8722756
9961 29065932
9772758 16136828
9772758 9772756
2275505 9187378
2191653 16541204
8967236 8967235
353377 28910052
16223699 16223698
1345437 8202982
2297514 884912
8564313 28532071
22637780 10065413
298464 40974035
40540406 40974651
22105838 40974933
1158666 850194
1644473 17486070
40679050 1152168
40679050 14280760
8316191 41014872
1233593 1233592
9877572 2209820
7799880 16075502
9417886 9417885
1051506 24703399
1319923 1319922
8442807 1125877
2232891 9680720
2476199 29236717
40532356 41048703
17836119 1241819
15923846 9278347
8929688 41064791
22489543 29236726
164021 878886
1484102 28784374
938759 8860931
4311645 30944908
8829919 1707242
1635037 138399
1377614 23979280
958745 868104
18906 35325434
41110554 41110553
977902 15066118
15243003 22637177
40937041 884912
28542218 28789654
322545 41183502
1116464 29232483
41137968 41207777
1484261 41212137
9035123 41222959
40937040 884912
41233529 41233530
2014271 8115639
2014271 2014269
313277 28939804
15237069 14931133
278753 278750
29254896 16243987
34531634 41266231
1608030 1608029
1300849 37398550
1300849 17885897
1300849 36857603
1300849 41274587
28388762 41289438
9158033 1264353
34531657 41302916
2326085 23683890
31564083 31564081
41317867 41317868
16038765 41318656
476876 15709179
8680123 8680118
1073933 1457835
9068819 12284744
8261333 9037121
10932046 8568442
10932046 29229597
41385664 41385665
476260 41385948
8674779 8674778
3015786 28956111
15253907 644792
382189 12234688
5180536 5180701
5180536 7320516
5180536 12528189
5086127 896144
1263608 1263605
8793598 8793597
1341774 41488417
25130880 28708420
22522583 9060037
1443807 138399
16110721 29273947
1341778 24447410
1341778 33432960
15781547 29421194
9180809 9180808
713379 713377
968600 610025
968601 610025
8664332 414153
10657616 41739494
1940919 1940916
544333 544328
1945958 956996
1945958 1206093
40519845 414153
41878177 312650
15264715 41854
2218941 910796
15264720 41854
22142392 138399
10364004 10858190
16223553 10070010
23613043 11587865
6806380 10441355
8144726 21238084
8144726 27661176
4739488 4739487
1166485 30785413
25056290 30237907
42346673 42346674
28342586 1408261
2486397 14116562
17015248 30301002
30221335 17427236
9050750 13514695
34966521 121938
41742162 41742160
1939237 791850
1939237 1939234
15502785 791850
23281332 1940919
23281332 1940912
29629328 35193381
29629328 29629327
16670684 227167
16670684 7006609
16653105 16653104
1940913 1940911
1940913 35784044
10823802 10823800
10897695 10897694
10965950 4924794
42781290 32637671
42781290 17886717
42781290 10971648
20801038 30194933
20801038 42781405
14787068 24469735
14787068 36877238
14787068 36135596
14787068 18474595
6912391 6912390
12531684 19362464
12531684 12531682
12531684 43021489
24948280 24948279
16026431 16026430
43272344 43272346
24296149 24296148
20794520 22671825
25355267 25355266
9666893 41442929
17748637 17748636
9644575 6810957
2946628 2946622
2946628 43747129
23596345 23752052
12156516 25871179
5181187 5181186
12413002 12413001
835593 835590
11632463 32132003
12527133 12527131
5180854 12527235
5181557 5181556
5180397 25876016
5185954 44106670
5185954 44106671
5185954 12527711
5185954 5181600
14034248 27221856
14034248 20783960
14034248 27221854
33432877 20783998
33432877 27221814
23608118 44563732
23608118 38773584
23608118 23608117
9318398 9318397
19710859 33432872
19710859 20783937
19710859 45300466
33432884 27221824
32430867 20783925
32430867 27221834
32430867 14034045
32430867 45300473
39464240 35868468
23368263 39464208
35868486 36477266
42780956 36857840
33448835 33448718
45353309 30785325
45367401 45367402
45829763 45315655
11240 217124
928693 8408538
432913 15814803
609244 2397435
6901835 1521597
6901835 1638217
1222832 4192111
6923843 46362350
1072121 8866222
15303666 23047280
32690 3176696
8194624 12527382
24950647 24950646
2279341 2279340
614410 16441667
3096784 15759700
335749 22127575
8292815 40668309
125942 28814957
1225274 414153
40521232 46512330
15276277 15830102
28985793 7335338
2179913 138399
21943620 28361155
8623813 46597131
1016014 35294873
22207341 22207338
8440542 737184
655469 46627114
15859105 29733308
6851172 41423830
754535 754532
698973 46695718
35593598 1264353
1019152 725086
16223592 23037875
138520 1592614
1196124 737184
1056459 29331426
8301181 24405572
38158217 91218
13769 8809603
8115634 15388184
28347948 290701
28347948 8792796
46528003 22329080
34548059 617281
17179733 22430429
8177598 22395312
207594 46792325
650215 41406481
18473017 46816108
28349087 853067
9146228 9146227
22861855 19281513
14521851 45319733
10332295 11187910
868313 1308440
2577399 33497851
1459037 46845322
878043 878042
1966093 4906115
1966093 46846565
190743 46857353
3268225 24405517
22936036 19281513
23068274 9278347
23753178 24703399
915170 35403134
976287 1263605
6806467 3036052
6806467 10424878
6806467 46921120
6806467 46921121
6806467 30336395
6806467 46921122
6806467 10331967
6806467 157134
16386810 16386809
1379490 1379489
18942729 3435605
28773417 29021282
1614399 1614398
40679049 1152168
668891 3347
9197771 3760250
1206757 1206756
43574246 22671825
28777069 35080128
16310600 16310599
3468679 20783898
3468679 47004027
3468679 27221803
3468679 20784222
9116630 16525667
12093946 25146019
3204082 35315339
3204082 3204080
3204082 47021327
31927039 31927038
15707636 19286187
2731943 312650
41217556 16069245
4059159 9022904
2241928 162918
230607 15642635
15248446 1119484
35312262 40959425
1900746 2920845
29130512 47004813
9139881 9139880
964494 8144952
15237077 47117433
1040021 1277875
731850 7891708
731850 7891709
1515796 29129761
47126810 3391217
4068117 47128888
28945761 1277875
23598332 1408261
22867755 22867754
8303400 41558709
1036943 1036942
29047458 16084694
4059789 28905247
16310723 16310722
22774285 46565654
978449 978446
28349089 853067
3470465 2058450
3470465 23368259
3470465 30345958
3470465 36356262
4193628 40774208
1307638 24944883
12229638 5180389
12229638 31412568
779065 9124919
15923840 23683890
47267930 14109995
34532778 41325572
278752 278750
1664486 35006374
9180797 9180795
41137969 15066118
40519846 414153
16673728 35747885
9123823 9123822
15237119 28721771
16653019 16653018
9668542 9668543
1888805 1888801
41004945 41004944
9053421 4734813
8303411 47623167
22142387 138399
40519844 414153
15264714 41854
2208193 2208191
22142388 138399
28349084 853067
22142389 138399
278760 278750
28349085 853067
28349086 853067
8144743 48012055
11258034 48071375
17394467 36925148
2008787 23421261
17683775 1640987
29629280 29629279
29629280 35784033
1941031 29629327
1941031 1941029
35293464 8525578
17710045 29645082
40679051 1152168
1941000 1940999
1939236 1939234
1939236 1940916
16909318 9891722
47240863 39464204
47240863 2059011
47240863 48401683
47240863 27238707
47240863 43431933
47240863 45315667
47240863 14052550
47240863 2780722
35432079 35432078
886538 35307256
46983781 668891
46983781 4794919
10804161 10804159
3304358 3304357
23896052 23896051
48536541 48536543
731868 1390616
40709492 1241819
40709492 25874659
6823644 4142525
6823644 33432858
6823644 2742183
6823644 49060424
22097126 35471285
40522675 47873452
23113122 31409252
23113122 23113121
5180806 32135669
1257180 1257179
37086238 37086236
5181215 5181214
5186029 12527186
5181133 5181131
12531737 12531815
12531737 38203082
12531737 44104003
12531737 38206092
12531737 5186161
12531737 25867274
10264302 10264300
22634330 32135827
50055498 50055499
6843420 9432491
6843420 4596922
22784036 3469645
22784036 27238664
22784036 6843326
40531772 35454978
20783955 50980530
22867579 39448380
6903510 6903509
51623235 36857819
51623235 17943392
46111582 46111581
