66625 66672
78131 78162
91360 91419
96210 96218
98381 98403
100170 100223
101742 101775
224895 224969
226038 226049
226890 226920
228563 228574
233592 233659
290336 290345
294762 294775
303946 303992
308018 308065
318878 176819
320849 320887
327554 261749
339143 27299
116406 112137
348961 349006
352504 315853
374563 374586
374879 374886
375175 375266
387216 387237
390405 93444
408879 408912
416808 347946
428788 428809
451142 226900
454872 454904
455669 171947
464173 464209
474168 432043
505150 505157
512220 493718
512862 512874
520240 520271
522262 14284
583551 463906
586020 407040
587391 22456
588165 588209
588991 589040
591503 591529
602813 602842
607928 19563
609292 481886
612713 126899
620822 619352
623131 209183
625249 532421
636678 325949
636831 636862
651055 102970
655578 552591
676561 676605
681866 681889
697542 697544
700743 700771
702738 475557
715094 364548
722922 216003
733970 442281
740555 435592
740669 740706
743807 743816
750834 233880
752711 523960
771005 771032
771296 771325
773042 91250
776381 776401
778329 778367
779951 779964
800235 348684
810461 810506
822186 8784
825437 121415
827514 34577
828561 58901
828893 515143
831382 362525
833481 443010
846097 83343
846157 153143
849787 849825
867129 867168
868025 111430
869864 622327
870311 870363
878801 477311
883807 883852
890236 890240
899516 621170
921124 93219
927696 927708
934412 568663
940552 270570
942644 445092
944570 562101
950147 628115
955514 533524
965354 417271
968396 968414
970967 970976
979500 979532
995158 224327
1002641 90759
1004840 1004879
1010138 29702
1021370 1021376
1031494 1031524
1042201 803003
1047996 903874
1055649 360987
1056069 318897
1059988 870062
1063903 187692
1066058 379658
1066785 1066793
542776 1081485
1081505 391143
1083607 1083620
1084554 1084572
1085226 531377
1087629 587696
1090798 98191
1093311 732099
1093949 254057
1094267 1094278
1094892 1094913
1098080 1098084
1108724 1108728
1109034 1109043
1109209 1109216
1109620 1109625
1111592 111355
1114650 1114663
1134235 100116
1142723 1142762
1145070 273738
1145105 348695
1151039 337070
1154200 88770
1186801 66905
1198909 538704
1200296 609802
1211778 17866
1217468 515900
1233169 811689
1236032 662557
1243125 454695
1249699 1249720
1252523 1252528
1254067 1254085
1266870 255527
1295370 1111660
1042000 315229
1313078 1313081
1315672 1061095
1318551 701440
1358724 1358742
1360098 384868
1361228 100818
1361612 215373
1364942 18804
1368793 1084024
1371530 872925
1372223 1372249
1379719 1379727
1384982 475437
1389317 601808
1439217 1323462
1442321 428776
1444178 585747
1449153 827836
1461464 1038120
1476850 1476855
1477216 1477223
1479815 341706
1480143 1480145
1482761 195455
1482949 726260
1483630 1483632
1487573 1297160
995172 332428
1505504 319885
1512273 178087
1515821 828457
1540251 365566
1545161 572498
1546523 77143
1551535 1551538
1560958 1162386
1561060 221243
1565433 116494
1567107 621135
1576889 430396
1583239 1420414
1583699 624172
1590064 552571
1591022 1591034
1616973 113604
1618167 1616937
1622928 73999
1628371 220452
1650790 355470
1651761 1651773
1653850 125721
1653968 1653976
1657794 1657801
1659215 394992
1673187 1673204
1680865 1556856
1689126 1689152
1691832 628463
1692628 290966
1692685 1692692
1693206 1693237
1703480 204965
1715266 182226
1717825 442212
1722503 1009084
1722679 1722684
1725072 1595780
1769148 1111918
1778090 147452
1780797 243604
1791753 1125884
1793176 780473
1793675 125111
1804939 1678819
1842707 1842712
1845061 113361
1845949 259811
1877304 1128462
1885067 312197
1886502 711447
1886540 1223315
1887224 680170
1888556 813184
1891251 1228926
1892564 1892584
1892807 1892812
1893076 1544330
1893446 90697
1893493 1893500
1894513 24915
1895282 1888250
1896643 919705
1901490 917765
1906577 967174
1911078 1008696
1911377 273470
1912516 1891929
1915577 1730358
1931763 674932
1938658 682921
1948341 804034
1959933 254613
1970430 222532
1989545 390437
1993270 255221
1993290 262369
1994079 274087
1998509 714752
1999324 438144
1999763 208464
2003289 299052
2004571 685010
2007203 1959947
2009779 56728
2010920 1747484
2020682 1483788
2021241 1500622
2021641 316313
2021946 128375
2021952 2021957
2021976 1809650
2025511 562244
2028589 137323
2035728 83342
2039622 241975
2042632 1704474
2043930 525540
2046123 324758
2046149 379902
2046243 627768
2047626 554609
2049115 1155461
2049238 489662
2051790 2051795
2051933 2051937
2051954 2051956
2052250 110720
2059231 726133
2060446 82062
2072445 629635
2072532 340640
2073461 1588775
2074584 636036
2075323 83345
2075540 512298
2075553 2075555
2075692 1396090
2076361 2076364
2076402 600081
2076704 1947192
2077491 499878
2077631 1156601
2077639 838365
2078536 1032122
2078749 968349
2078804 176493
2079138 932406
2079183 2079188
2079216 582527
2079322 1447323
2079411 286320
2079566 1084071
2079679 576094
2082954 162250
2082970 58854
2086164 616659
2086263 564031
2087215 2087220
2087317 417108
2087553 543416
2087580 187628
2087699 934299
2087809 1142707
2087847 115019
2087972 277231
2088202 1267030
2088302 1649964
2088422 2088424
2089068 320302
2089347 1427779
2089373 97762
2089458 2089463
2089672 1085938
2090348 1544205
2091261 1912913
2091974 538542
2092053 1408894
2092422 975001
2093321 325981
2093905 666163
2093911 1309513
2096959 1403574
2097264 988524
2100579 605548
2104777 2104782
2104972 992553
2105005 173314
2109685 2109693
2114480 1913097
2115032 546476
2115275 483112
2115357 244865
2115474 1223219
2115487 2115490
2115532 1384370
2115554 1925561
2115751 406338
2116634 608982
2118136 661623
2119382 1735547
2120006 834656
2121599 280884
2122084 265071
2122095 250893
2122561 501370
2123953 586045
2124172 1775625
2124749 995174
2124829 1419462
2124888 1206957
2129679 2129683
2132622 911645
2132730 1392159
2133808 965191
2134040 1030285
2134069 2134073
2134172 1480108
2135674 137012
2137184 1922346
2229211 821038
2231309 2078646
2353282 80271
2365608 1056121
2390620 303326
2393924 299237
2429365 29291
2434060 267893
2473323 249813
2474026 18992
2475426 268647
2507124 653453
2515660 786685
2570640 83116
2583297 59315
2583428 1809284
2635133 369349
1794409 2811760
2813310 906674
2854006 227086
2881054 335915
2888045 804694
2891164 618218
2895876 1887749
2933948 1824922
2957583 218694
2965106 487163
2975756 210478
2976750 704700
2978989 1911831
2980344 449003
2983479 2535743
2985007 1437011
2986692 731785
2986722 280245
2989641 1761315
2989814 289973
2990993 176478
2993240 2227323
2993483 484397
2995477 134055
2995912 625462
2996905 4555
3020196 280259
3031542 1897207
3043836 63244
3060734 168391
3197185 260662
3198087 968591
3198105 46206
3198402 1672524
3258736 787326
3258987 71402
3276752 293312
3278942 1254743
3308816 2360730
3392105 3392111
3393854 423541
3429261 177443
3436594 563009
3443169 389801
3444768 2291
3445069 3034577
3445120 384462
3531917 1871034
3534410 615492
3536447 943380
3536737 965458
3538786 191133
3540304 449040
3560952 2820568
3563103 1650796
3564099 950243
3564111 1628993
3567045 246427
3568537 286858
3581926 2319968
3749753 3749768
3783438 1448424
3786324 984796
3793771 370418
3804787 480449
4024296 1397682
4024971 207434
4025182 254162
4025545 207206
4026649 281483
4026713 747376
4026820 85778
4027906 4027913
4029511 4029515
4029702 574994
4030135 115928
4030180 752090
4034004 487288
4038688 60922
4039155 426238
4039950 100627
4072001 230836
4148117 75883
4157843 159898
4160206 1774041
4164691 4164716
116407 3545032
4304267 715552
4467100 536594
4556598 285061
4556612 381953
4713053 86912
4769134 3152007
4782069 305972
4782087 293589
4849454 519168
4855535 437490
4872337 80475
4916284 92933
5013358 1044287
5089224 5089250
5115676 220719
5587916 969558
5693230 4847751
5845584 922007
5845662 667896
5846987 4028844
6236884 607850
6236887 583155
6236900 132169
6236910 681872
6321639 620993
6336142 823534
6347191 958974
6363174 804145
6377590 3524255
6427545 152108
6439940 1372615
6459947 779082
6461878 1364948
6717191 4576991
6718280 2097971
6812601 1551611
7012129 1055995
7166317 2743170
7331021 856650
7352815 1287294
7468046 7468048
7479857 1965563
7562983 4232738
7615407 700347
7686971 3082138
7844251 2578732
7983457 1103399
8043687 2959272
8078314 6746485
6185379 267536
8168707 694457
8178047 874421
8181645 693795
1657925 2621012
8226818 1124788
8290947 1429838
8302842 349244
8303112 23065
4910026 8315235
522402 754910
2088480 2480543
8324542 681166
8328590 1531784
8330920 2791317
8335713 2287686
6230155 63089
8359763 2520599
154245 161144
8361061 1739399
6272845 209678
8365927 2424455
8375663 1641346
8389341 4299437
8396428 433939
8399242 74715
8413041 916686
8413550 2597905
8416046 6913299
8429307 630721
8431026 212155
8438608 565145
8442896 512608
8450168 48507
8450925 356546
8453922 817959
8461829 977471
8476705 37801
8494113 1093201
8494945 4439169
2224686 1148297
8515292 930612
6346522 73124
8543042 222852
8543671 3680448
8551314 121732
8551679 82643
8554783 276004
8562236 213872
8564059 11107
8578053 198490
1234264 572701
8594920 1167568
8595749 229098
8595896 4289151
8602451 320873
8605266 481741
8610337 7857
8611089 679381
8618374 510388
8621918 314484
8623261 947833
8635770 138199
8641117 289947
8644816 12095
8657670 1281547
8658501 2744
8664263 498008
8668920 414435
8671277 8671299
8672272 3787910
8680054 845460
8681947 1806616
8716387 3889
8730280 66077
8742868 242095
8743825 465795
8745530 1019455
8748751 345155
8758165 412507
8761750 1105142
8785345 2200222
8785594 845864
8791518 727109
8792575 387899
8803173 705666
8808261 1074595
8808965 1927228
8813303 652920
8813848 1645680
8818778 1064498
8827704 1157614
8834269 1568435
8837197 415156
8850720 1245387
8863376 324138
8863387 442558
8893534 83334
8893936 290295
8894319 352280
8907225 271250
8908459 1676804
8909389 1912629
8911904 2533675
8914118 1338774
8922175 1854826
8924158 1488747
8924584 228329
8926039 236910
8926156 906422
8933382 832345
8935553 472301
8936007 520789
8936175 60360
8937232 1705342
8937772 328612
8941282 134815
8942502 1325159
8942556 431190
8942615 69339
8942728 1872416
8948576 1043458
4155758 1961564
8955149 981642
4230013 966928
8955409 241769
8956534 1180072
8956973 2257218
8960924 252542
8968356 465123
8969722 647243
8975712 879761
8976546 432306
8981964 354122
8982653 2331794
8983334 959093
8983445 333752
8985521 19091
8986520 574661
8987315 1999858
8989430 236305
8992121 252336
9010667 314169
9015808 454995
9018103 3797523
9018607 1840009
9019186 952205
9020087 372146
8351182 769398
9052975 1190248
9069163 5709991
9071486 349717
9078524 97531
9079752 1883334
9079885 231852
9080007 247031
9086136 56060
9110776 1164758
9111488 498565
9124191 843306
9162739 739890
9162819 352226
9164699 41600
9164939 403728
9165035 1808846
9186804 1692691
9192001 424219
9205492 1969
9224504 2013328
9230954 664527
9244406 395410
9261853 1312946
9264561 935349
9265501 231827
9266397 327959
9266465 173689
9266805 577816
9267468 2116759
9267690 402148
9272948 77064
9276762 222197
9287252 2622210
9291453 3605106
9291968 1084493
9294619 384101
9315257 705406
9316261 165820
9317270 386227
9318091 246167
9318210 2568369
9322360 3463003
9333822 1634859
9337469 642224
9350612 176960
9350729 609980
9364195 873613
9368346 1103987
9374865 7140524
9375097 1324589
9379978 428430
9384640 5119196
9392537 266478
9411591 402040
9413001 387127
9416684 1541879
9419960 191927
9425904 2780717
2087237 680174
9461744 26019
9463434 443011
9463739 74809
9464650 4120176
9470881 9470884
9471963 388121
9474623 589323
9486471 39907
9488480 2810802
9498366 1417632
9520859 2061203
9524333 83207
9527763 574449
9530316 263597
9535209 91123
9537400 263948
9538787 1240362
9544953 224950
9545133 248720
9546942 1567127
9550467 136624
9566798 419622
9573958 1345346
9577148 139214
9595911 397487
9598957 200095
9599031 278363
9599238 814840
9599733 782338
9600130 1201527
9600165 755509
9601236 696306
9601602 322755
9601787 855852
9602181 588942
9602316 294878
9604464 334986
9604573 447773
9604662 61434
9607529 246882
9607574 137554
9607780 570377
9608468 16022
3096689 850977
9608852 395381
9621212 505300
9621413 680491
9625783 8451
9627224 3956893
9627258 4269771
9639262 225660
9647485 2618428
9649733 1055150
9649936 1467511
9663868 54051
9664166 552255
9673830 108079
9679208 163642
9680546 918034
9697215 930252
9700812 97537
9710093 219948
9711635 470547
9711658 312834
9712021 133305
9712241 223616
9713818 40144
9715939 18452
9717117 743066
9717716 1274109
9718659 1541030
9718685 233635
9720654 9720657
9723306 1759065
9724454 749641
9725892 265936
9726866 36207
9727104 1749449
9728442 311480
9728505 1978681
9729965 502357
9729998 1020617
9731223 514505
9731280 254497
9733401 1573278
9733417 249738
9735026 1401368
9735195 1910601
9737092 1710589
9737983 643066
9738267 1671900
9742025 176008
9744547 429005
9753469 1193557
9756990 383980
9757830 390416
9758202 902542
9758693 460926
9758829 1531515
9758875 633477
9758886 4204505
9759791 132384
9759796 2122009
9759835 359557
9759913 3938503
9759985 1894568
9760033 763345
9760236 456882
9761180 2074790
9761757 1102468
9761929 1335837
9764214 899446
9766270 22953
9766298 90661
9766361 373010
9766509 93608
9766904 336630
9767105 267125
9767341 771723
9767419 905051
9767500 1542496
9767648 291273
9767659 434784
9767711 904510
9768885 1324136
9769431 490203
9773397 96494
9775095 390920
9775117 296026
9776124 295918
9776542 3093861
9777178 2314574
9779685 776169
9781168 108295
9781841 181730
9782341 116704
9782524 6013481
9782977 1080279
9783677 224301
9785742 945573
9785755 942521
9786605 994806
9786733 1994259
9788493 316211
9792316 34555
9792385 1701700
9792464 1223701
9792484 153365
9792803 503410
9796069 59173
9797987 3060822
9798259 131558
9798595 31522
9798663 3895308
9799307 636180
9800547 8129538
9803122 188220
9803966 305148
9805554 3795457
3698712 821854
9806855 470833
9807676 2786869
9807886 1523501
9807908 1313329
9807978 481617
9808051 229439
9809153 2669731
9809968 3202951
9810434 894688
9810557 4539850
9812373 1962865
9855581 1084115
9941919 62799
9942388 111671
9974328 879640
9993590 28553
10006262 1340010
10022512 423781
10024319 2674103
10040571 187079
10040627 871253
10078814 1277333
10084794 827547
10095956 1669172
10099528 788461
10109570 322896
10113869 49652
10133372 115926
10147790 93201
10148499 1095094
10183997 1826084
10248956 489119
10271538 1787086
10325168 938826
10329867 47072
10334419 777802
10352646 1798465
10359830 705594
10373098 1151172
10399569 363357
10423251 276390
10439289 77670
10497177 597937
10500861 240552
10502961 950680
10503815 412644
10510618 474
10514461 136377
10515483 653641
10523696 824421
10542891 98862
10544180 82714
10545559 83110
10549849 194938
10553338 229450
10554865 518652
10555272 495002
10557054 178366
10557153 1100999
10558144 139571
10558158 1455261
10616800 360970
10684851 324725
10057156 570617
10704583 669265
10736263 241203
10786379 329833
10788091 1910347
10788509 541063
10788525 160741
10790026 274274
10790269 675136
10790292 415543
10791328 1679813
10791344 18523
10793402 217981
10800186 1353557
10803097 36159
10862675 309002
10921328 69813
10931287 1309666
10949187 250715
10949329 470845
10949883 478114
10950014 301555
11021441 3587658
11026991 253914
11028485 1740587
11030432 904013
11032187 25967
11032373 2299637
11047253 115543
11051912 4338471
11052855 889843
11052864 1153693
11053611 443118
11054603 1266882
11056288 44516
11069577 200078
11172030 1338566
11189071 365024
11189133 541592
11189665 8243687
4466901 45738
11227408 131449
11256889 3244059
11269318 1229265
11453863 283157
11479838 1681131
11480441 41719
11480986 112960
11481843 358868
11481901 231581
11482487 1369778
11482836 1635561
11483013 416813
11484819 301062
11486141 490634
11487600 710879
11492365 133846
11592154 239939
11598813 4512595
11600615 325891
11600626 571430
11601127 1788406
11602018 1870271
11605896 919923
11642723 4756819
11649288 268007
11651677 469177
11733990 149656
11760690 246482
11794256 11341346
11891944 814617
11963803 204663
11968094 76989
11990281 298610
12085022 1985836
12167768 123925
12168289 305216
12168383 609379
12168484 782709
154252 589770
12220285 1882473
7159446 1173680
12294817 513653
7852091 1573627
12345013 241740
12361105 445276
12375981 1293834
12462291 2455199
12469405 443645
12983587 48704
12983590 4482
13104935 2031861
13129285 3763095
8658524 12127815
13266080 267547
13497227 240964
13621121 2260799
13655111 2261036
13776269 274553
14024416 44843
14033971 1074559
14067102 564492
14124549 5980053
7967981 3902871
14270547 1344610
14328762 617987
14349257 284442
14461924 681935
14474604 869968
14518159 2462113
14524226 425328
14524305 414981
14771670 732304
14786594 4304870
14979190 289985
15039706 2032426
15039712 2917647
8940685 3207555
15224212 3530773
10387241 1092741
959506 1117923
1431056 635452
15292743 157038
15295368 807069
15303925 646613
15327359 1244885
15337558 6597512
193304 29447
116404 1705720
15389466 163697
15392217 512931
8119370 579641
15397316 551245
15419869 1922191
4155754 1480644
15425116 2334520
15431120 1243215
1371831 2790908
15435489 173378
15439313 277312
15449558 773066
15449909 2739380
15456787 1047232
15458876 570308
15462453 883291
15467954 1375907
15468954 46537
15472438 229249
15482923 524890
15485823 2790
15495827 7476
8925179 1931134
8290949 1594929
15529744 1640559
15542893 578054
15559383 22359
15565213 356660
15577574 607851
15578089 336670
15578930 408792
15584321 1704148
12285526 931767
15607355 1566395
15607642 802808
15618733 324086
15634445 407892
15637203 351899
15637350 1222203
9489782 744344
15664367 49132
15681871 279294
15688658 95355
15691332 1353932
15691900 888850
15694617 2755161
15704251 524068
15705623 1762759
15716061 294786
15717038 852189
15722454 364559
15727459 922685
15736099 565390
15739197 962488
1708981 209537
15740864 813108
5652217 2366602
15744691 241133
15751482 3035185
15751538 267895
15763555 707049
15770266 687241
15786763 709206
15787182 17235
15800053 552021
15800497 1034389
15803505 1084034
15804335 160452
15806484 142721
15807968 1209979
15808026 1415297
682911 16638
15810043 4826556
10091257 235878
15813150 34459
15815895 63816
15818208 1840159
4222434 1137615
4200611 2258500
228057 768549
15831015 2299753
15834317 435554
15834752 797157
15838928 365941
15843955 327841
6186566 130727
15846396 372368
15848552 254571
15851127 1169599
15854514 1385077
15865481 15227
15876058 2726933
15880171 1883094
8370733 818590
15884565 2386820
15884592 848649
15895382 126470
15902355 319191
15902491 1061083
15910478 264041
15911053 459200
15916772 388529
15928484 322758
15930696 6827974
15934196 146008
15937338 6032944
15941127 4296684
15956449 2823494
15956809 603090
15961334 49725
15970334 93605
15970484 2262944
15970894 731784
15972968 143704
15974371 534134
15974885 840763
15977915 245419
15984593 216316
8494948 219731
15985683 90589
15986252 402258
15990659 725444
15993218 246472
1493925 416213
15994156 632026
15994817 1218491
9709565 1033559
11007576 87029
15999152 937260
16000213 807312
16000382 216454
16000590 254790
16000765 469649
16002593 2664177
16006170 2409246
3229933 344782
2824948 1529119
3519299 830710
11599278 165034
16016761 2461975
12343094 396667
16041633 1196181
16053239 1401298
16063938 1246168
16079902 542270
16082172 1488511
16084802 1233190
16089130 3820756
16093374 172748
16095724 2600327
16103763 422622
16118091 159864
15303160 931426
16118779 2123929
16119073 481429
16126273 440346
16134406 127005
16151351 1453873
16154782 1585262
16159527 1399439
16165110 2585386
16171750 466560
16204988 1467744
16207119 2724584
16207898 169542
16208019 846722
12219633 646035
16209434 224216
16218412 996631
16227469 309784
16235055 1019869
16249272 2570673
16266670 129679
16268666 390229
16272714 1843266
16279198 703621
16281601 2429937
16287521 525046
16287603 1630481
16287610 628327
16292816 1054952
16298922 610389
6419691 2611538
16300674 1063728
16302372 1180484
16305879 9855
16305893 1428051
16306603 691651
16319834 1266278
16329836 92560
16349875 969767
16353183 1825162
16354270 1042416
16376327 351118
16376520 8440
16377910 655564
16379188 360708
16390174 114233
16401511 794333
16412807 16066
16423160 1191585
16440577 889070
2471582 642092
16467046 528482
16467777 1862311
2996277 1386932
16470440 1834462
16478579 154987
16482549 1468193
16485453 624807
16485487 763008
16487475 61294
16503288 3547541
16528138 33668
16547305 706954
16548695 151866
16550414 951759
16553881 22888
16555105 1114581
16558288 235351
16563108 411552
16563137 2931357
16576286 155621
16577005 419087
16586600 1065662
16590492 188194
16600796 1531738
16600926 1884859
16609320 253785
16609414 162727
16610191 813719
16611309 1387238
16611630 499339
16613875 796159
16614476 593786
16614499 4055924
16614856 826778
16615351 4123024
16615819 242508
16616574 59226
16616849 776967
16616958 224892
16617090 588950
16628713 25386
16628886 178789
16629214 20261
16629256 67647
16629720 1550013
16630206 384799
16630337 3064136
16630397 1833937
16630540 620018
16643665 752745
16651184 1070900
16665653 877001
16668114 391640
9741374 216512
16687558 172819
16688961 461528
16694936 966715
16695271 1788818
16695648 1193456
16695842 211081
16696236 1869234
16696319 253652
16702382 802696
16702685 158814
16702769 13908
16706457 130905
16715928 48320
16717712 269214
16719746 1891451
16720151 626898
16721127 1214998
16721314 345510
16722366 288042
16724331 2726515
16724792 33492
16725178 1584813
16726457 240760
16727941 2179164
2040842 626829
16735346 545265
16735987 1960017
16737882 269246
16739534 77204
16740060 526075
16740198 66344
16741493 4499438
16745749 781694
16746327 1544199
16746332 1297827
16746786 686339
16747278 1758538
16748571 285909
16748780 613272
16749664 236956
16752619 1057350
16756229 2943407
16756388 1409339
16756393 831456
16759275 1485717
16759297 174035
3511372 968185
16760014 118490
16760039 367158
16760160 284675
16760543 4030840
16760913 967900
16760972 208668
16761077 429023
16761192 757980
16761213 768748
16761230 99254
16761469 66810
16761845 252773
16763945 1572402
16765770 1578468
16766635 393301
16766943 1743283
16767086 1522412
16767300 1127836
16767303 385465
16767838 372751
16767882 738610
16768206 147510
16768242 397328
16769068 150502
16769153 1142967
16769174 686596
16769223 2452927
16769726 164425
16769732 4299823
16769887 1927263
16776138 424879
11007611 1581235
16776435 940545
16776891 1794307
16777029 339111
16777896 736786
16780337 1856114
16780696 313955
16781002 781161
16784137 1059848
16784582 1698606
16784683 2737
16785060 934158
1955932 564436
16788902 84315
16789586 223404
16789589 1763862
16790997 180778
16792382 7075631
16794691 3795488
16795357 648210
16795459 1743041
16796468 939102
16798577 6054636
16798632 262650
16800603 48886
16800973 6519
16802737 4296499
16802911 1780086
16803478 61595
16803599 912990
16803640 1082168
16803656 574260
16803700 301788
16804063 92588
16804077 543126
16804080 461654
16804811 455994
16805469 229112
16807130 549697
16807346 518053
16825378 2066160
16827065 751786
16839269 388042
16865509 70223
16877253 334441
16904464 127779
16934800 281059
16945247 38249
16963289 307801
16965931 155079
16969997 288618
16976564 286351
16981769 647152
16994410 1156942
17010816 239784
17046528 214462
17055797 1730961
17064474 3690927
17073099 769070
17073740 777074
17082342 426420
17142012 1546079
17170560 136110
17241732 944081
17244638 263022
17274141 12042
17284135 8822007
17310957 725622
17351718 2617496
17356348 1086667
17371937 132684
17385014 488954
17406229 253689
17434885 208190
17467229 202558
17471404 474327
17490704 134075
17492580 1136908
17493423 73923
17495785 441746
17496413 430760
17497532 145285
17497540 4048193
17497625 255623
17498422 2292220
17498457 6419554
17501874 281023
17502556 114771
17505021 1512974
17509492 3959807
17509732 325553
17513731 1823309
7109178 7084472
17516335 558802
17522658 286350
2159222 249124
17553664 1229650
17712815 2373833
17717904 91220
17823863 1707856
17825916 388276
17862077 387790
17865409 340466
17866084 9679
17866337 265895
17942580 229741
17943265 1926129
17949920 515424
17957011 381170
17962220 241316
17962247 48358
17962993 523772
17963904 2087643
17964798 319962
18064488 2781369
18136954 294644
9629882 4514272
18154331 12441
18158843 799137
18159060 513466
5653493 2023620
7838063 855954
18371024 535452
18371043 413095
18371116 192163
18371902 330138
18372033 1372139
18373280 1081754
18374636 402295
18376309 354640
18376340 128949
18377428 681274
18377458 710843
18378125 734025
18379131 898697
18379145 124391
18379211 220317
18381668 396320
974909 437181
18382544 410156
18383847 693049
18413927 10797
18425216 1916943
18487039 510304
18487943 92011
18488366 2258383
18497632 1109864
18503102 271912
18505372 1294410
18610603 707053
18610718 1019598
18751646 2790684
18752298 567468
18761855 2659158
18829448 1839281
18850301 2812062
18860560 969175
18976452 2716391
18986910 574688
12285527 2949614
19004639 488078
19036639 469117
19131415 19131426
19257579 693119
7159447 526034
19390239 1443909
19391215 3872656
19657749 28885
19712543 6960484
19727666 5726896
19919548 2261577
20033652 7547968
20057393 447731
20270373 366394
20330100 958134
20349702 12361
7838064 2515668
20440662 325446
20774568 8793194
20818855 6421465
20925352 99216
20944736 601781
21027486 608494
21043841 2180981
21084789 1803168
21206992 477970
21494259 9349146
21498009 521788
7967983 753105
21551491 2603218
21653355 920439
21772165 542345
21890509 2062260
21947729 818712
2601273 915295
21982385 232591
15841388 4629993
22021451 893957
22079320 458998
22087618 1885743
22088388 252283
22094415 222474
22097932 1573074
8390937 385699
4765925 330974
22115646 240016
22116465 555231
2644872 434461
101700 121159
8640232 2043132
22127336 1998178
22127826 2712005
22129007 322149
22130097 1553738
22136971 7332125
2485298 1371966
22144059 28942
8557000 1618941
22001128 950947
20388731 336473
22155748 535578
22156290 98300
405501 3067590
22170073 249421
22172531 1242303
22175401 224337
22181078 202361
22183711 632724
22185855 512469
22196281 1872699
22197025 230205
22202921 218600
2534458 271165
22224157 185984
22225665 423017
14947931 152617
22233065 937665
22259727 2883484
22261136 141802
22266091 191125
11008979 430766
289559 132727
22329183 828494
22334524 302582
4976216 986924
22348153 66389
22352229 1172034
10547393 1470700
15303162 757223
22376052 4050106
22378812 776929
22379095 3518722
22384674 1768393
22392788 85938
22400332 702986
22406908 473792
22408510 345310
22409671 1133583
22412332 621889
22413425 1059730
22431488 495541
22432178 2207130
22434175 10320131
22434225 1223914
22444558 1550708
22462559 211339
22467326 833709
22467443 4076867
4558307 1177502
22470373 861478
22366596 32283
22474541 823343
995170 849442
22479277 248728
2056221 833444
22484325 9347141
22485329 2188152
22491584 80167
22496729 1978970
536210 1880203
22502803 500785
2027350 1021319
16625087 276103
22510504 2865229
22511729 1655036
22521506 1308534
7620364 2683871
22530801 438022
8324555 717634
22535172 307215
22535675 269266
22536353 22568
22538312 261520
22550256 208363
22550930 49682
22553015 387759
22553767 360206
22554875 399199
22566732 126967
22580323 358262
22588596 2468220
8324547 1142501
22604546 236278
3509851 2334810
22612148 934891
22617370 243757
22618862 771370
22625052 241742
22628931 2078357
22629987 3472172
22631202 204472
22632908 3795943
3017228 273739
464186 52907
22639998 1489363
20313936 3127136
22644203 389722
22644605 1610723
22644789 760836
22649032 936614
22650907 1654867
22651860 192513
22652807 656161
22652919 317103
22653622 230149
22653959 135920
22654010 18509
22654229 343086
22656314 68042
22656831 699236
22657148 1173470
22657502 1966524
22657635 843683
22657672 958315
22658530 1613822
22658928 1067633
22659070 566650
22659759 262856
22666434 668976
22669417 2628650
3519284 897060
22679396 6293869
22689636 943738
22701449 1016042
22702093 52836
8368662 1324695
15577580 1761296
22729174 489109
22737951 609723
22741843 807824
22744835 151572
22755506 1393730
22774805 973775
22779196 925942
17255256 330484
11599354 921572
22789603 782664
22789700 66971
22789773 1441882
22809564 40729
22809602 388938
22810827 1218830
22815882 528428
22820534 357808
22836019 236608
22842504 275134
22854017 950250
22858803 645975
22860111 568976
22860919 1083894
22861723 29677
22862195 558956
5601236 1512243
22886283 567276
22897505 181723
22919183 2123772
3509886 936214
22923836 652316
22929815 612636
22932934 841328
22934788 11175
22935802 78160
22938220 264130
22945175 79921
22951300 318861
22952479 233046
22957756 2511557
22963563 7187234
22965077 502790
5108065 663561
22980674 755684
22999847 2124754
23002290 1258959
23011591 1127965
23016182 158868
23020282 58139
23020906 61145
23029977 431873
23040509 974923
23041691 2796602
6416159 2225987
23053801 806964
23057303 645372
23058382 204632
23061125 934021
23075344 1087211
23078956 394685
23082522 628886
23083360 1240150
23084060 576744
23088423 867892
2018251 565497
23094533 365089
2983490 152454
23117882 114464
23118387 373554
23120063 689161
23120159 488436
23120565 458981
23124472 3879373
23127555 450562
23131836 2235446
23134100 864350
23151013 781404
23153693 404024
23161969 257210
23168495 1152425
23170886 165297
23172994 24863
23174327 306012
23176517 132007
23179752 2545945
23184727 1075920
23185740 39439
23188518 464337
23190470 428915
23194577 1248249
23196155 89368
18483841 1849437
23232287 1095588
23232654 9891682
23240486 871054
23240511 3463032
23240763 416937
23240996 1779299
23241375 160735
23241613 1116237
23242136 825833
23242470 805286
23244914 58554
23245036 387693
23245179 1084515
23245269 11743
23245438 1109671
23245565 7415312
23246250 97697
23246397 36577
23247240 92549
23247631 2327913
23248367 555421
23248632 456720
23257788 70221
23258628 220992
23258856 1581894
23259069 555177
23259611 160374
23259961 50285
23260245 880046
4155723 669272
23267714 545595
23272210 1681869
9676031 2046756
23296290 824149
23299593 34726
23302527 437026
23310391 416084
23318764 294511
23319188 1083161
23320604 3661862
23321013 737566
1389767 375390
23324232 476539
23326260 526255
23326639 23326644
23326691 214267
23339818 405221
23341769 2868616
23341863 1249707
23343823 281742
23345781 214516
23347218 164263
23350291 1306661
23350854 1904353
23352246 85360
23352683 651939
23353024 690947
23353834 2402554
23354047 66058
23357329 494631
23358211 1180879
23361231 1344492
23362536 1686577
23362949 1496231
23363729 1992658
23367131 1376815
23369107 436157
23369964 846252
23369966 1517846
4155805 911997
23373641 2659083
23378693 967440
23379968 1201777
23381027 10318409
23381474 1063913
23381679 1241248
23382172 871793
23382465 185404
23382524 199683
23382544 1224319
23383009 40200
23383263 575403
23383564 938594
23384400 452988
23388754 87803
23388761 64004
23388915 1273832
23388918 842128
23388945 507924
23389022 356901
23389036 172154
23389330 1589935
23389540 115613
23389586 1135105
23389651 146007
23389665 2255591
11007586 419231
23390011 720004
23390133 708016
23390178 227021
23392703 552258
23393708 1036282
23395990 1559042
23396744 478628
18434974 73615
23399535 901747
23399618 1756557
23400195 1025865
23401615 3430941
23402887 428577
23404048 3720637
11599350 1677940
23405256 120032
23406269 2103202
23408848 2714462
23409194 756984
23409669 937876
23409797 429177
23410411 2294473
23410874 2846134
23411322 4063290
23414641 1984211
23414897 65253
23415450 2903380
23415756 266709
23416357 2087248
23417876 1058113
23417910 4102680
23417917 1413710
23419532 400408
23420780 941790
23422108 3739573
23422733 581472
23422753 939603
23422769 414624
23422787 259823
23422840 73843
23426276 3328127
23435628 3444986
23468770 909741
23480522 618539
23538497 1577747
23540562 1567284
23543700 246782
23544313 937063
8671834 28355
23601422 561154
23625354 1230246
23625486 375258
23657503 152666
23671071 725967
23704831 48400
23713783 337089
23714763 434707
23722040 1790629
23735349 856068
23785669 243688
23813023 1172334
23917004 18779
23925882 3035444
23934480 1061519
23953379 795501
23953392 334498
23966210 568593
23968870 1368473
23971620 70965
23988849 521985
24008677 278938
24031669 919113
24041304 196595
24053581 209906
24053745 290307
24055717 29619
24076510 793347
24076963 601845
24080527 1267382
24083222 1095334
24083774 1891298
24084549 16031
24084563 450601
24087490 822387
24089934 676894
24120560 1582770
24164466 600713
24164641 238168
24233153 681261
24260360 1738429
24276210 292136
24279869 331756
24281832 93549
24283984 1005091
24284285 892304
24292221 784993
24292354 330129
24294817 1383911
24312702 657170
24372983 103770
24394849 1369488
24396173 483100
24396179 1544523
24397262 489803
24409913 657514
24428236 260642
24428275 1854787
24428617 919041
24500171 87385
24500904 1906985
24502391 479436
24503056 563053
24503692 815181
24503758 731388
24509170 992587
24513378 1209592
24513390 4069658
24516868 1892931
24520851 1176138
24520867 2088790
24524477 63247
24528018 135386
24646881 61295
4665588 8921367
15256622 1893707
24701425 439383
24710306 1282801
24918692 570099
24919386 200092
24919446 386147
24919528 2729891
24920636 1868030
24920654 901577
24921680 76689
24921853 459050
24921869 420302
24921924 108499
24921937 146581
24922213 2097432
24924722 179753
24927223 288521
24928284 15394
24953274 914819
25025850 520423
25028064 2107465
25031045 2402244
25031456 1372639
25031586 5848789
25046510 104985
25088726 463907
25147607 2478694
25150925 2014379
25157478 2387606
25390591 428636
25518187 685180
312887 3053836
25698471 4580112
25751998 3046799
25815926 2657078
26258223 592008
7123842 3468831
26499860 129415
23889260 6703959
26727858 987865
26782782 2928159
26807322 8431
26831433 1946740
26856387 771885
26856425 244053
26877422 1599592
26881659 3837925
27207456 6749198
27212683 903891
27258675 1155601
14203908 1238958
27349049 794815
27366722 1185356
27448983 414707
23342741 3543369
27513152 2913053
27647371 2927112
9400345 578314
27677692 443329
27679511 497170
27910885 1968429
27911335 9398848
27963133 906606
28065341 28065343
28107247 1266478
28134306 1982974
28154875 3399769
28216840 28216842
28329850 231033
28348207 2396403
28348454 498270
28361016 317413
28370978 308436
28371045 1240800
28371249 70426
101698 371439
22021453 489530
12221725 3407351
28419121 131896
1581287 303991
28479322 335549
8907866 2647730
28492566 461154
28492858 1102800
28498991 452576
13111289 92902
28504980 430018
3509842 1180237
28510060 1919473
28510225 1485633
28522863 184042
15438606 3426364
350909 1291118
28532630 6861368
21109542 1793504
20772946 173749
28543330 116499
28551182 55425
28551399 160067
28552023 129142
28556328 447060
28563610 657153
28577439 4051444
28579155 251026
16053164 1150497
28589919 1902473
28590779 2549499
28592161 2058940
28602673 9248755
28617788 6011092
28619724 346946
28630368 956004
28648165 623041
10284953 81821
28650603 782490
588722 120352
28662907 254632
28672538 137416
1109793 1942902
28676474 490799
28704725 347054
28708148 52016
13705734 5113869
28717176 97345
28724379 625978
28731240 357727
28731609 1702861
28739296 98320
28739637 1399902
28741443 1388518
28753638 786898
28774351 3605092
28777537 12547
28777824 353782
28779355 104102
28785394 236020
154251 1035567
28792128 2967059
28794824 740936
822190 82732
28800184 251340
28806856 85416
28807308 414732
28808357 369060
28813104 900118
28816542 649827
28816872 504064
28817674 615048
28818071 548660
28822782 501038
7520987 780192
28824847 66453
28829218 330265
28847532 1240354
4160756 628132
28858409 606446
28860124 1036777
28861411 1589822
28864421 3796334
8174135 2806832
28874414 726482
28880665 1515404
28885129 748910
28885792 18505
28886187 765414
28889039 153190
28890230 4575
28891475 1007792
6720572 320966
28906301 557748
28918134 1123985
28918177 1276593
28918210 684990
28924770 1654263
8893536 8805
28931105 214276
28932380 920683
28933038 931120
28935431 736721
28940181 567273
28941932 1177882
28944074 1541668
28950102 2997772
28955495 57964
28958196 7901082
28963414 187995
28965942 497079
28966234 2963610
28967469 1390391
28967609 503637
28967803 325982
28976990 2358259
28977223 1683861
28988452 125293
28990776 137157
28990827 196341
16043789 1054606
28997695 3253
28998245 400389
29002976 1252756
22598419 188777
29008760 2083793
29011565 1175908
29017706 114250
29025589 64008
29025747 586017
29026177 3464981
29026635 1066427
29030098 663787
29030117 390148
22510249 367820
29030850 956591
29031039 120320
29031522 22448
15970896 1107095
29035837 979002
29040841 523783
29040905 1610582
14025055 1152299
25026026 592000
29047515 796258
29059378 154912
22703304 96711
29080271 4038348
29084514 1034596
29100729 442273
29102480 691175
822189 2857597
29106950 349323
29116021 1815891
29120451 1739180
29120708 334555
29122667 163622
29124138 605054
5830150 1070954
29130136 2057161
29139767 3004114
29145089 1801135
29146458 302436
29147533 791479
29157433 1327507
29158963 1209191
29170557 2707943
29175861 4994736
9595914 1188304
29182474 55142
18483800 136290
29211403 914682
29220215 146577
29222219 628257
29222325 364322
29222909 79299
29226069 2524404
29238465 1020531
29256517 1475935
29261062 261242
29265751 1130326
29275649 400612
29281030 2526255
29283278 316878
29291451 1039375
29295462 3465246
29300923 532276
29303349 764154
29306246 10100
29307142 1273723
29307586 812455
29308014 596921
29308825 8110660
29311658 23412
29311908 103978
29312160 95531
29315003 561155
29321660 4887353
29328694 993403
29332543 7333634
29341759 298191
29352385 3027450
29357577 103568
29360352 735719
29361457 665145
29372636 242831
29372813 1449133
29375525 3253681
29376682 172279
2461573 353148
29376850 625757
29378693 345555
29386996 16588
29396964 801566
29397282 939491
29398880 6156290
29402249 1100895
29402927 1987651
29403281 62907
29412514 1808998
29415459 568084
29423255 635757
29429146 60168
29433104 361169
29442519 11088
29458442 1642328
29478220 151025
29478227 265160
29484157 930749
4155826 391789
29509095 288061
29513315 1605825
29513387 869029
29530244 727575
29541970 417414
28055038 3542260
20414187 62491
29568177 1129129
29582165 616775
29587644 20952
29588153 108533
29588521 254081
29589570 566894
29589599 3851740
29589836 32778
29590430 1305669
29590690 511158
29590806 550116
29592085 2205283
29592369 9765
29592387 489455
29592596 235015
29592856 1401892
29593095 849857
29593131 196456
29593920 267553
29594055 63492
29595676 141337
29595897 322990
29596115 531075
29596487 175433
29596517 2334842
29606608 311212
19186761 3217316
29607419 101441
29607559 74238
29608187 435026
29614085 942586
29619149 1099368
29621747 401796
29629616 1311148
29633165 508312
29633686 199004
29643119 206468
21025402 1530143
29655689 52818
29656121 530074
29657231 2352210
29660847 29660858
29666685 115854
29667634 576520
29672643 1568855
29673004 67457
29673663 67909
29675042 166600
1183239 1003064
29686697 18565
29687562 27893
29689396 20846
11623684 1644501
29689824 128111
29689838 318598
29689907 26381
29690738 129718
29691799 1911730
29692355 350990
29694009 939524
29694246 862838
29694830 440744
29696026 660262
29697057 1206773
29697621 47735
29699197 164222
29699203 542402
29700049 1310248
29701783 255214
29702664 4469093
29703334 201690
29704162 776784
29706332 242263
29707435 3795178
29707861 295053
29707877 483388
29708221 1873882
29711190 43093
29713477 1450570
29716815 2075992
3509888 1535249
29722680 1638985
29725883 1531713
29725966 929138
29726012 226909
29726054 60634
29726124 679233
29726242 239369
29726557 310158
29726753 321598
29726889 459005
29726985 505491
29727037 1574785
29727082 8609626
29727123 659577
29727353 412964
29727477 128425
29727515 338003
29727831 1600825
29729175 3510896
29731188 1804859
29731967 216770
29732081 1083473
29732180 165802
29732197 248549
29732454 407523
29732507 1681744
29732543 1950700
29732580 1929548
29732660 243848
29732680 456495
11007608 1548292
29732924 743678
29732953 1845170
29733800 132659
29733891 1303028
29733923 211259
29734139 407682
29735326 502661
29735521 2607264
29736792 349516
29736987 1620180
29738541 344856
29740188 1953504
29740734 4634295
29741259 186168
29743992 695830
29744062 5854960
29745514 992525
29747405 549663
29748883 1960996
29751500 590965
29751774 1167942
29751905 916216
29752085 599212
29752093 3912860
29754922 558194
29756037 1137895
29757663 2357939
29758542 362254
29758681 1113078
29758696 628653
29761894 870073
29762610 2108668
29763633 424713
29764528 1010735
29764610 16040
29764872 226589
3509924 456280
29767427 1568030
29834785 4573953
29903005 493836
29919493 574355
29920163 105742
29926377 86407
29929187 1570552
29956896 276933
29957524 1594076
29960969 2994015
30016321 1490184
29678406 847205
12285528 1260367
30079283 4495855
30082316 1827810
30085748 310240
30100967 343970
30102246 294399
30138177 155863
30166325 337061
30208557 4188889
30208583 210398
30244311 1866974
30244496 928813
30294643 751153
30302130 835826
30318435 4578796
30336769 949156
30336989 437871
30338006 72376
30354224 579707
30357969 844654
30362266 965222
30369619 582225
30374461 3293172
30393676 45255
30394196 234831
30394609 67523
30398432 148136
30398501 886091
30399166 214054
30400402 131595
21907256 370258
30404693 61205
30405984 547291
30416196 229627
30417289 1261012
30418457 480711
30424413 632143
30430026 1615932
30452593 906672
30456945 364283
30487305 2021090
30537334 693276
30581009 92066
30581998 257202
30584260 920228
30584983 1376003
30587080 692985
30588971 263499
30589014 433335
30589123 1668343
30595876 1445029
30599106 148499
30629573 195784
30729641 1477253
30729707 773555
30800258 629515
30800483 847711
30800520 1437304
30800973 93792
30801761 1480103
30812444 1170029
30817805 1095028
30819272 589785
30834160 391066
31011736 147178
31025015 4512308
31083119 2384500
31208942 426141
31209093 175074
31209486 1673857
31209973 78669
31210716 459244
31213833 1049043
31218788 349145
31219846 170949
31254283 3570767
31270105 568455
31316512 359343
31317039 545371
31317186 882883
31320284 752615
31323884 1216969
31340316 80999
31358582 187077
31432903 1932952
31432915 137949
31566266 1926631
31641734 828895
101703 3807160
31663686 113605
31768827 2857710
31770724 256517
31794721 1843850
31818739 31818747
31819464 488584
1609817 225023
31894918 531527
31896578 1994842
31919805 414988
31923612 164256
31974644 1576047
32000730 870346
32021795 648416
32083294 4636279
32160545 1436413
4522209 768936
32443970 1163313
32617922 2164218
32953519 67021
32953522 639038
32967011 1885085
33048666 2259319
704328 1085474
33118241 9037303
33316423 2759251
33328440 817470
33376887 10779573
33417444 3447939
33423983 1025228
14678962 7919113
33431266 247836
33646408 1775340
33716750 3396978
33832129 1583491
33873130 2349204
33878160 6079247
34045859 7591766
34295617 636861
34399498 151524
34409175 1666159
34455275 1554478
34462439 7913504
34552070 233281
34556894 212503
34558874 8279914
34560619 39570
27208588 400029
34581960 630428
34587602 613660
34599351 789226
8606892 568757
16214790 2663231
286263 673702
24495936 1493532
34658470 358760
34659273 1994086
6001322 4562
34670289 480081
34686480 1400512
34686487 2386666
4274003 53192
34690253 857657
4875555 1090914
34580110 452324
34706074 93946
9121285 777377
10055589 267078
23177848 524310
6301597 808865
34733442 263420
20253998 2021189
34737119 362148
34737155 399194
34755512 967224
34756301 1096242
34758795 119619
34761999 253187
34765366 2964565
19194013 573162
34792049 166871
23961 1671172
34797048 1152987
34807051 1010021
34809339 780056
2027349 365932
20224108 515307
34831196 708332
34832135 1579131
33965641 793751
589347 658191
34853625 475009
34875751 1248768
34884097 979526
12012519 1976331
34897996 1281767
34899639 512114
4994011 414708
34904775 1955395
34905389 1026648
34911222 272426
34911387 137425
34925505 233216
34929160 1120918
34937467 1356848
34937541 224702
34938510 1537977
34941337 3082160
34942122 461387
34944449 2998399
34948391 643941
34949074 54383
30030624 1978402
34952305 619652
34959977 1010662
10725031 747140
18500412 1723135
34984186 644871
34986104 488644
34986129 2614234
15974373 1287323
34990571 435589
34992688 308429
4913443 233522
35011115 251574
35013271 2047985
4713020 3532704
35018379 11574
35020476 1908122
35021128 912939
35022700 737314
35027481 462842
13111517 1492569
35030637 1834496
1901379 2489380
35031936 329611
35032847 127547
35032980 1266243
8752046 3116209
35052975 1021912
35057238 1074868
35060470 256702
35065235 265746
35082210 838899
35084090 267323
35086937 787646
35087794 1032975
35093182 35093200
35093830 608318
29845038 1138591
35102967 8198976
10613852 364431
35109750 81822
35110695 1682907
35111319 642176
35112391 247975
35121343 606596
35136045 477894
35136123 647375
755845 851134
35141070 189531
26409173 835154
10295771 147297
35155989 227495
479217 563015
35161895 1172847
35164506 9666769
35168023 98758
35171474 3684672
29169854 35171876
35172416 161881
35174822 1162412
35177089 306283
35179141 561319
17486233 100076
35185409 127484
35186732 386151
35191251 73422
35191355 883282
35193974 464336
35194124 411865
35194434 115027
35194954 628096
6181050 488170
35195168 892012
35197908 235368
35199408 505062
35199583 1811189
35199650 241781
35199817 203914
35209759 266811
35211464 946131
35226730 144921
35228269 2117560
35228382 396664
35233353 193011
35250069 772798
35254205 1886996
35263239 257060
35274011 459551
35276856 69335
35278936 768950
35287784 3920837
35291546 80134
35297636 1269443
35303753 1470434
35306563 974530
35308064 24301
35312207 94861
35312448 804095
35332127 7610062
35338852 501717
35344617 1698576
35345100 2875258
35352380 598289
35353631 1531584
35371708 481941
22554483 1541510
35386829 147079
35389046 399900
35389153 2371525
35184432 810078
35254206 1281529
35415473 58154
35420075 2131451
35421435 48503
35451167 1920342
35451403 725237
35453742 533793
35461327 1054276
35468951 3033649
35469128 337182
35469182 152704
35470206 306983
35470494 196164
27229359 522397
35473313 81022
35475352 434913
35475514 354920
35476897 370417
35476916 500523
35503215 660232
22483712 423594
35513017 1693725
35513086 887961
35516270 232930
35529595 3416311
35534062 4200153
35534407 1886139
35536422 1531834
35543622 1579024
35546768 967548
35557047 276760
35558732 444134
35558965 122864
15974293 1905121
35585627 190500
35606779 1550571
3509994 3133663
35618635 1683722
35619854 906031
35630031 421870
35632305 497946
35633067 2066600
35637743 706378
35680099 453470
35682832 66172
35685292 53726
35687050 2334951
16315422 338676
35700589 1173543
35700704 1576162
35708714 894137
35745212 3556704
35745324 575620
35745531 982
35746162 85005
35746205 251534
15982313 126106
35746648 1001723
35746715 568609
35746808 687730
35746897 186843
35749208 362396
35749396 250819
35750685 820483
35750861 224070
35750904 80176
35751074 240955
35751495 309024
35751680 169375
35752135 1065653
35752867 1806386
35753716 1488796
35760575 304817
35762890 323910
35781332 187059
35782295 375492
35782839 938255
35795916 393737
35798560 927778
35798684 194167
35801195 2364923
35806968 1026552
35810499 1624620
35813777 54939
35813973 1354941
35818108 2539124
35821050 90664
35821788 1070955
35822226 1705416
35823212 1318823
35824407 1198062
35825222 45599
35828388 201232
35840262 4048121
35840519 971613
35840658 3619538
35841161 21568
35841164 49890
35842073 2978
35843841 339190
35843887 93618
35844861 801959
35844898 130001
35847223 1834225
35847228 610253
35848716 77347
35849492 1481352
35850134 93683
35855676 3091859
35857133 666382
35857507 257121
35859047 1892218
35860344 2909639
35862079 323961
35862203 522985
35862282 716680
35862338 2118355
35866464 1891734
35868450 1948702
35868899 516715
35870742 1579130
35872410 152696
35875497 1139572
2128376 1297264
35876816 2087118
35876833 481600
35877029 1335506
35879338 8592508
35879984 259453
35880084 3008365
35880563 756475
35880574 1722147
35880584 1153782
35880722 1384976
35880771 46989
35880825 1381747
35880943 358834
35880962 1021662
35880984 895099
35881069 4274386
35881079 1896797
35881988 1814381
35882409 3427987
35882427 1675867
35885749 978580
35885806 37513
35885808 3795070
35885894 818453
115759 43177
35886393 1032152
35886441 268529
35886575 225564
35886735 1021960
35886785 77472
35886796 1134097
35886802 59203
35886927 317776
35887594 478973
35887609 2080696
35887626 65990
35888370 1040632
35890047 1312813
35891604 1674995
35892538 3641967
35893485 1632514
35893501 831688
35893861 518338
35893972 17595
35894074 81430
35897241 817441
35897386 2130806
35899078 743367
35900009 727066
35900126 15889355
35900464 2991065
35901142 826606
35902204 805695
35904508 156454
35904583 1194857
35904937 1183510
35904956 3203623
35904958 246990
35904989 161667
35904991 443635
35906016 3799667
35906583 642588
35907642 2947160
35910561 13962394
35910904 1082826
35911100 1448993
35911128 1933956
35911438 224241
35912738 2938315
35912920 2426997
35916628 1446521
35916863 201463
35916880 16548
35917186 1553419
35919371 407540
35959646 1056543
35972768 93393
36002315 9333810
36003431 1779353
36024088 274265
36042269 263494
36075651 71447
36091270 4163905
36095989 19700
36111711 87801
36116658 411357
36125500 108415
36126005 332030
36155200 428500
36184589 504090
36186008 123176
36212794 85169
36219405 92333
36243800 247669
31359629 2624349
36336973 4501379
36349162 553295
36371028 1716828
36375337 257149
36381731 908294
36382582 924188
36392849 1818362
36417638 277509
36419916 842501
36464348 452893
36468287 118695
36486133 547483
36494317 1417844
36523752 1308673
36523982 110529
36524538 604330
36524793 1517838
36527194 61074
36527544 48328
36529259 63257
36530615 2946088
36533132 78137
36533139 347878
36536052 49527
36539607 506056
36539935 793075
36539948 78317
36554556 272671
36563104 140431
36568706 1171277
36582785 20793
36602069 574347
36602163 573321
36657781 1228200
36661937 438218
36663450 906045
36680788 804284
36696440 4910
36696954 14736
36698646 847579
36700596 1466654
36702588 1554057
36712498 9007
36809505 32891
36841458 218341
36908110 13394
36908961 231204
36910740 107235
36924883 1406664
36925953 647982
36928985 715711
36939956 912495
36972660 349609
37041075 831063
37049407 623046
37080947 407633
37081082 233110
37104375 121018
37108709 332830
37113598 237333
37261789 141078
37267555 1093048
37305390 262874
37306088 512773
37309683 1833441
37309870 15153
37310913 69445
37310925 1998578
37310948 1878072
37312370 225157
37312424 1145669
37312440 195449
37312514 329851
37386520 2049618
37402308 411274
37407503 518324
37408893 244983
37409987 18652
37410318 188798
37410872 1014544
37411020 78593
37434218 8068809
37439563 2261343
37444186 138247
965047 2847650
37519992 3816479
37522698 4019591
37522723 837141
7893232 1208182
37662095 198971
37698152 1260132
37753908 432630
37848193 394547
37848198 361761
37857119 3190812
37868065 160674
1550674 3449698
37898924 634457
37899131 505031
37899166 79320
12436330 1135298
33343190 739182
37998348 1961313
38010151 6069943
38113089 771715
38202301 11375615
38237910 2089414
38478236 1215762
38628804 1037958
38673124 227500
39032261 11171735
39037975 306288
39049490 81833
39081550 6749104
39101192 212928
39101320 6072690
39144649 78463
7893233 303869
21197492 1374230
26968638 2781411
39434416 463748
39439730 8268428
2485299 13346520
39462230 10529559
39488963 354213
39643146 75728
39658589 2655247
39717406 2903109
39835724 541783
39863266 1068194
39877367 425633
39880370 862994
39961884 3755124
40104986 3516042
40108210 1895182
7646982 505258
40127029 1732654
40208570 90568
40332312 566034
40383281 40383283
40393621 43715
8174134 8499848
15303215 197836
40541876 44835
40551543 1191259
40561755 567699
40565417 265439
40598128 1740707
20361990 140520
19278566 792190
40649611 334497
36464390 235034
40659836 1063401
2644862 959457
9820063 413618
40661544 1574847
8358205 1274903
610314 166878
40672213 795175
1624315 386148
11018868 1099081
40680479 3794858
1707704 1980644
40689478 269723
15428593 2778833
11532024 172747
40714305 313062
474215 758681
40726909 2792156
7838062 218593
40734332 1882070
34699852 227850
40749684 2393970
35364984 1197951
40752156 40752166
24044390 1258619
40774333 606335
3085753 1442616
40784313 1526360
40789144 98560
40809657 2034223
40811097 1422223
40816046 991450
40817688 60673
40817806 677254
40832557 1351089
40833825 607778
40857686 94624
40858837 389799
13250225 1788411
8910647 1603118
8694198 1152843
40867588 1896915
40868017 239792
28706861 233926
40884153 227890
40884435 66347
40889988 1233104
40895307 372263
28637425 954600
23555479 402931
40907607 148345
1491954 712067
40916300 1084358
40916404 1672512
40920132 2893751
40923080 236114
40923469 431343
2276447 916823
8359132 239452
40935116 329853
40942106 807820
40948617 1680785
9397515 932227
40949788 386415
40950318 2569947
40951620 467293
40951755 481942
27996886 2924937
40962670 82151
40965866 1213034
588723 498124
40968633 1399069
40969569 767503
40969836 158937
30781911 2540778
40972242 466936
40987192 2297587
40996870 470417
40997180 525523
41003630 1760874
1162243 4055230
41004397 693839
41008114 353145
41008819 1552458
41009054 2508483
11007573 243537
41015165 147871
41021503 1498400
41021778 190992
41021827 3034216
41025010 3452
15830921 1711704
41027855 1347757
41028310 7128224
20814190 1306397
29105967 666140
41033652 260797
41035193 1203146
41036543 1199236
1004843 1059270
41038344 571431
41045299 2013811
16039263 63919
41049073 2299992
41051649 2089581
31866503 268575
41057392 61892
41067825 642900
41070375 342110
41072797 175898
41076525 4200641
3509899 855681
41081773 2632428
41082950 610436
41085148 707346
15898868 680989
41093895 384300
41098748 187155
41105506 638260
22175410 849056
41127569 979620
8893537 136553
41131796 3221168
41132033 627712
41132312 968973
28984686 284662
41143121 559708
41143409 8308038
41145236 2488852
41145815 470702
921126 1692267
41150739 1949422
41152487 486098
25025999 1170692
41157437 1225649
20817026 182220
8362102 635536
41165723 1726469
41166148 508617
41167024 561019
41167046 285080
41169971 1891900
41170118 428807
41170791 362273
10529272 436064
11599338 1185002
41182966 1468039
1977970 860608
41199627 62740
41199850 164581
4155790 163364
41236446 466917
41156325 234404
41251441 32503
41260920 795239
289942 1655037
41264984 142913
41273372 2070320
41277814 1553997
41279060 1534154
771299 2932508
41290671 228909
41292660 24088
41293066 366442
41304138 262861
41317352 492764
41321417 821176
41322480 130414
41324448 1563085
41341123 1364484
41358213 54522
4043078 813634
41371833 190094
41372688 610390
41381647 515602
41382296 103364
22158182 2994005
41397836 718822
589348 1084026
41414433 2438442
41415352 311243
41418039 1880205
34143484 1670698
41426192 8730288
41426961 9758894
41427210 417291
41428557 2619682
516573 1033273
18483740 4031202
41433331 705516
41437591 1364022
41437969 5091711
26726257 142286
41442175 388692
41442469 131270
41451566 223948
41479750 257032
41481109 840008
41487636 1116769
29593725 574159
41490943 1545582
41503699 1813130
41504290 89063
41512561 93202
41514341 961587
41514349 1128833
41521694 721165
41521877 6974945
9452748 181072
41530223 245790
41531958 252833
41538134 2618301
41551164 1160594
41553439 279394
41555368 1886111
41560560 672611
41563204 741849
41563508 1292055
41566090 655997
41567461 2585196
41578439 1589210
41580293 1054733
41583056 1105157
41586204 1912912
41592839 455152
41595621 1542287
37361878 2082128
41626024 226205
41640701 1629837
41641333 41641341
41641528 1125371
41646117 2239
41647412 90681
41647619 769874
6407246 217297
41652996 568430
41653750 201239
41654482 326178
41655233 2617831
41657302 924185
41660631 983644
41661758 1368798
41681949 1152474
41685188 2917647
41688529 724855
6409682 193860
41703617 464710
41703816 966430
41704220 612259
41704230 252583
41704564 1180007
41704647 451764
41704652 1185544
41704870 412119
41704882 391792
41704943 914828
41705006 394954
41705025 326344
41705315 265034
41705322 1104738
41705444 442162
41705760 1207021
41705863 78146
41707459 128166
41708210 589931
41708309 297396
41708453 380358
16657556 1836223
41708803 720548
41708853 933636
41708883 1151856
41708968 2130380
41709318 1360615
36192093 48088
41709945 249629
9540395 776371
41710294 63979
9608281 564727
41711151 135957
41720917 182318
41720985 512692
41721070 1440255
41721406 642497
41721453 1162529
41721614 331880
41729131 126117
34881869 620511
41755834 433586
41765866 71434
41770379 420308
41772729 2265194
41774995 655196
41775014 445561
41776964 1505458
41777154 410722
41778498 551194
41781169 7901669
41781609 1345576
41783217 120292
41797617 41797619
41797837 1703008
41799497 34688
41801540 6330403
41803724 515725
41805776 475126
41806313 733851
41806334 871788
41807298 1188191
41808747 251969
41808768 794867
41810895 422441
41811840 7464
41811909 747787
41815336 8780901
41815593 720300
41817005 1184407
41817044 189134
41817080 137881
41817304 741837
41820865 300192
41823158 976107
41825493 860431
41828414 3073379
41831169 1923957
41833901 2302927
41834185 786254
41834336 672480
41834345 717477
41834365 451381
41834391 712814
41834798 1155085
41834802 255017
41834832 1026944
41834958 792706
41835038 892739
41835063 378587
41835159 1643120
41835231 738516
41835340 640726
41835342 3226982
41835377 1669480
41835749 1077675
41835762 999106
35726039 65706
41836848 833886
41838793 1446202
41839409 506692
41839759 982062
41839850 857205
41839930 832414
41840013 846128
41840025 1292286
41840099 2560482
41840445 1595853
41840452 91387
41840516 1181061
41840523 432478
41840543 495303
41840785 699735
41840911 1608624
41841747 130368
41841772 12047
41841782 1509770
41841788 63263
41841847 294646
41841934 434028
41842380 565235
41842545 5134265
41844505 4874715
41844721 1284816
41848028 1788948
41848195 3021543
41848348 686158
41848777 2173294
41849868 1427739
41851047 156666
41851067 925855
41851560 220082
41853543 972547
41854061 149321
41854348 1119237
41858469 320208
41858650 8184433
41859981 196700
41860117 1031601
41861254 577360
41861483 280512
41862761 55453
41862888 577140
41862925 944840
41862928 429010
32621522 1824384
41863586 1517612
41863613 1563404
41864078 1892701
41864249 659742
41864316 934834
41864501 211609
41864594 813304
41865557 223261
41867427 1094702
41867975 1086970
41868659 1239863
41869203 1895588
41869205 718296
41869214 3852118
41869227 180040
41869677 554492
41869974 1567548
41870034 1253071
41870133 910378
41870168 3332225
41871283 914604
41871928 1707300
41872781 300203
41889509 76462
41902660 241338
41920175 608329
41924621 9395876
41930332 133823
41930984 226197
41949844 577218
30006379 272509
42000543 4508939
42034874 547768
42055913 438921
42067396 304051
42067587 968942
42077033 60287
42086746 18602
42090339 35693
42100094 505321
42111808 149952
42114056 316305
42131991 292778
42132565 1007883
42143048 512719
42153682 297984
42160776 669958
42177965 265143
42215386 292877
42225887 1110032
42233888 245019
42248991 255463
42263053 650546
42343652 297996
16766870 2058011
42357030 394715
42362540 560783
42424640 2801267
42433198 124771
42445684 100068
42459571 968331
42461574 469859
42461917 681829
42462893 356820
42464987 365094
42465876 811152
42465882 675693
42468187 836269
42469306 140475
42471120 224929
42483131 368151
42493413 2310193
11647120 3016956
42542469 1742280
7953299 1005143
42589439 327452
42591768 1749570
42624377 10464
42624387 1506166
42626668 244848
42626938 77409
42630374 350988
42630799 41540
42630803 95077
42654740 764132
42762440 507242
42762443 782619
42762714 585210
42830931 1192746
42831084 84383
42832245 1013772
42837265 2992149
42844178 93147
42849379 241432
42850692 267353
42851222 1323332
42851875 1193408
42859676 436499
19131417 2760860
42953450 931104
43002553 379772
21111127 1567428
43018853 779708
43023875 797375
43100276 449211
43185985 196462
43198709 600780
43225085 761075
43226237 1911237
43227011 709197
43227018 4252457
43227610 475510
43230645 168074
43232093 182119
43232706 432653
43233742 97356
43234637 679979
43235581 139770
43267034 358120
43305471 2584626
27253382 1886810
43328451 1135108
43330799 2034852
43332618 1214636
43332947 551129
43332984 2296755
43339180 4514646
43346327 622788
43365505 1938317
35291550 1805300
43369096 634337
43371202 280895
43431312 546055
43439202 1793684
43439221 508482
43565312 675680
43567604 1296880
43641587 3154097
43679056 1697039
43681183 1200984
27993458 1403505
43767184 968362
43803925 141731
43807732 159747
15203534 2894612
43810344 859890
43882759 71063
43882795 1248915
44059110 3572916
44345059 122441
44350004 10075863
44367317 2581561
44414943 196887
44540483 375196
44549703 7594860
44568310 636988
7696090 1198408
44847501 194934
44855477 2259496
44879284 1374968
44894899 6373945
44898893 3816577
44920625 11947980
44980174 4421280
44992640 9518815
45003769 67518
45003776 2371976
45005694 6385228
45033120 1686758
45053514 556686
45371534 2598028
45420067 9782275
45456480 2254021
45564968 333683
45675129 1489609
45680728 3250807
45717081 1133222
45724845 1107782
45956703 915725
40885494 3534976
46072646 264021
46121744 804097
46221577 132624
46224648 46224650
28329853 2023263
46350692 136612
46372047 115771
46381150 1198857
10756168 316421
46415214 1313218
46422074 373255
46425705 7693
29069513 422093
46427154 1945492
28456740 112203
46473341 870514
46476080 1094399
13478781 545140
33446528 485280
740273 777341
46496136 600813
46496753 405960
46501472 837395
46505306 411807
46505538 878814
8175433 512830
21642783 423540
46520323 7713
46523963 2124466
46526370 420995
22148116 771098
8778820 745121
46536935 612581
46538819 362556
46552484 70418
46556810 1091598
46557015 340038
46558128 589806
46561069 707169
22195301 1044754
7685990 703966
46573325 1290909
36532592 496461
46583082 66832
2287437 6615986
3509837 301943
46601502 324865
15559384 43303
7796825 819179
17921392 543393
46666203 138195
46667666 650121
46439576 157061
46677003 959392
46679279 8641075
46679729 387653
46682174 7605873
29146005 886165
1707703 694420
46707135 1886607
46707870 326615
154247 1518895
46717646 296182
46721204 36536
46724024 1618216
46730335 438872
46739908 803025
46743525 1459639
46745538 691790
46745984 1177520
46749120 957133
46764150 231267
46764166 324688
8688939 2924775
46766966 503103
46770215 3020858
46773794 134231
46775616 1184971
46778883 230493
28381459 78596
46783389 557544
35142720 588062
46793721 147159
9110712 277556
46807844 214778
46812136 1915558
46812539 1690
46812705 474746
46814535 10279262
461718 1087568
8174133 16609
46822547 484557
46824875 248310
46827423 396857
46828203 992599
46831538 357072
46831722 176214
46834054 244709
46845719 1092051
46847338 878452
23315559 117219
46848101 2114488
46853053 3800924
46858694 281067
46860892 241748
20388733 9409068
46871223 166606
46871438 40441
30731994 1687633
46162819 628000
16681795 1598654
46884546 520255
46897452 128648
23618058 539918
46905287 152348
33352618 143075
46914207 803395
46914235 131660
46921861 868870
46924178 1007490
46925556 904259
46931775 129459
46936345 1356006
46936406 432555
46936492 248565
46936782 11405
46943767 111355
46945562 637717
46952943 483443
46953022 2208181
46953770 836428
46953988 3799942
8421294 876497
46956305 660674
46959602 221023
46961286 532941
46961948 133607
46962497 1459126
46962760 430931
46962818 1386117
46963788 517237
46965732 688564
18383793 165148
46968012 437172
46968225 650281
46968236 110551
46968972 230805
9800416 739072
3509859 454982
46974411 841965
21998569 163350
4155760 147675
46982238 40463
2368802 260128
18483790 260883
46985149 519998
46986616 78260
46990448 1247852
8473999 1826492
47002132 328516
47008102 584799
47027266 956247
11599331 3433558
29875965 818879
47071109 250006
8298776 1756491
47083198 510453
17500899 7603493
47112608 1115595
47112878 269433
47115265 1104987
47119025 640724
47120184 1170699
47156943 2267813
47157481 381789
47159405 593115
47172231 542536
25066612 2387686
28774357 1386480
47180748 2063262
47181228 942119
47181929 824520
47185033 3672
47193021 358221
47205043 1085484
47208335 1616588
22878033 6203925
47219465 2346661
47220362 291844
47221257 265082
47221815 166448
47224618 2883
47226350 1838764
47226569 379318
47229003 769707
2012997 396511
47239752 476360
47263777 2729160
47276198 253760
47282854 651061
47285561 770614
47294514 206678
47297500 522986
47301697 354362
47303804 1083789
47316272 815481
47318484 1544358
47319838 2557611
47326798 814018
47326984 63148
47327477 544530
47331042 527525
47338403 9082381
37123293 42875
47346178 713685
14521300 2319972
47374321 235859
47376442 434789
47381008 277071
47382339 456668
47383859 170773
47384487 1397642
47386591 1092622
14609294 367137
47387398 351736
47387433 121430
47388208 1602009
47401853 1840600
47402656 137275
47405751 821222
47406587 78602
47415184 1850279
47419545 202358
47430904 260521
47436498 2001059
47437267 222008
47451737 146283
47468836 373455
47472113 261641
47472267 756043
47474021 81492
47489745 3285725
47490101 249055
47493020 4400534
47494264 25913
2056172 231093
47495484 238810
47496849 1801408
47497068 332906
47497352 382050
47497566 1228889
47497827 709845
47497969 462941
47498218 1012004
47498232 620837
47498335 406286
47499977 329873
47500204 392411
47502047 193497
47519344 7039658
47531218 467601
47543103 62364
47544129 59939
47552253 28532
47557186 239927
47561176 1213318
47567172 196047
47569719 8937335
47570031 133291
47570299 119094
47570856 227679
47573063 63783
47573732 1040232
47575034 531155
47582117 2322824
47583466 524774
47585748 209267
47586163 9074482
47589503 62502
47589968 283994
47589976 791198
47591677 443187
47591751 407198
47592730 1912817
47593355 2523190
47594132 855681
47594352 1444260
47594717 60311
47594722 1855982
47595832 295802
47595891 440796
47596955 648910
47597025 4117494
47597284 1047222
47598685 200190
47598867 819874
47600276 1725075
47605802 1143162
47607685 216850
47608333 1126953
47612824 1074702
47615290 2924771
47615316 497690
1252159 119634
47616219 629008
44640724 1657802
47617265 1057758
47617726 1374120
47618124 207869
47618150 1013246
47618188 60240
47618200 1085214
47618225 976152
47618278 807369
47618304 229413
47618840 308549
47618888 1092135
36895832 1981642
47619079 5855447
47619113 1674372
47619161 1540246
47619399 1692939
47619800 419394
47619813 3798319
47620291 2300454
47621223 2502608
47623382 1526332
47623847 200665
47623935 1229217
47623938 144894
47623943 110925
47624438 200257
47624561 9982452
47624628 476673
47624721 609917
47624730 1172299
47624746 261082
47624795 263979
47625011 811579
47625018 1706552
47625051 303746
47625079 649251
47625113 2574913
47625142 984247
47625147 2164009
47625183 336863
47625805 130147
47626166 325109
47626954 167542
47627142 1091899
47628497 308559
47628662 1742989
47628919 914870
47629767 326654
47630669 716382
47631225 190176
47631532 4047045
47632217 8486443
47633284 2059729
47633721 324665
47633750 1233576
47634728 1008453
47635315 902464
47636308 3201365
47637663 14444
47638112 650893
47639310 3527751
47641960 1087277
47641971 442760
47641973 876972
47642262 3551701
47642396 1075202
47644423 2379423
47644650 721334
47645063 1495113
47645990 2223936
42813718 114287
47646649 823361
47648484 1847032
21829235 631583
47649463 758398
47649533 1590565
47649688 1022789
47650434 878476
47650849 133508
47651376 3444885
47653339 340006
47653379 147950
47653408 2001415
47653943 1133078
47655802 1056329
47656496 1914574
47710763 827285
47753131 2039570
47760640 367890
47775492 379229
47784645 1073481
47788552 161585
47798723 35135
47806995 668972
47807040 616336
47815727 887326
47817802 555062
47818728 757756
47850678 309472
47850952 316461
47851454 18226
41157645 3237310
47864466 128382
47866808 1174724
47868219 336690
47904490 7116975
47907613 109314
47937976 443494
47944998 353363
47994685 614118
47999737 1090573
48012283 1126172
48090707 704187
48091357 794144
48099390 198704
48121940 238831
48162277 560801
48170586 116505
48184977 148739
48193303 296033
48202191 258387
48207150 1138161
48223851 88652
48224144 589486
48227504 62116
25150934 3972408
48231956 169216
48235206 708520
48235980 290967
48239591 1531345
48240133 178358
48259234 430415
48268975 143255
48283306 3794660
48308168 199507
48348626 592417
48348675 268231
48365030 1292224
48371953 1942533
48381157 654839
48386997 90756
48387329 67624
48387459 62420
48393777 900973
48394337 165096
48427725 203010
48488874 49242
48517802 61790
48517923 125900
48582136 1785737
48583940 241574
48584160 410329
48593824 1182728
48600280 916365
48600665 1197197
48600930 91645
48604138 859768
48605563 754379
48717127 1146174
48733425 189289
48770402 506273
48908677 814196
36192094 127198
48946270 47419
48960969 10817
48969792 171345
48970540 581364
48970710 688575
4291051 2287348
48971055 689774
48971064 571729
48972662 561875
48973912 420150
48973939 2120624
48975134 58474
48976505 1058
48976532 459032
48977032 1883434
48979892 693766
48980137 446976
48980171 208788
48980559 791861
49071299 1468001
49074435 574330
49093789 94644
49104750 819097
49178851 3537620
49203025 410756
49396908 181120
49401119 1370318
49404324 643429
49420839 800247
49426472 2406855
49483352 845354
49495088 1451904
49519865 1286495
49527033 197007
36731463 1981570
49537173 943387
49537178 93621
49537213 49537215
49537324 77239
49580872 49580875
49623583 942465
49684160 2466336
49743025 6400457
49822381 3498803
49835366 2136621
719560 792943
50056684 10236758
50056779 330865
50110680 387026
50161680 3801576
50219973 1544006
50336787 172093
50345398 18079720
28352687 8876262
50582890 1245352
50582923 555797
50587939 1687519
50598924 428810
50606917 490696
50624878 1500720
50648923 50648925
50972356 1951529
50978986 2759452
51007710 1119386
51064978 1093982
51122266 2971852
16836354 231501
51241237 4517810
41162131 2252106
51395102 693502
51395137 8285072
51487589 2347844
51663175 434907
51742935 85455
51751644 1339281
14842589 8941475
14842590 354356
14842591 1707375
51865420 1063222
51900343 375415
51943276 588834
