2190 2235
3622 3720
5235 5385
9415 9519
13136 13219
18437 18479
18529 18585
18671 18714
19579 19614
25235 25260
19559 26204
26296 26361
28330 28384
21513 29161
37315 37377
54531 54545
60529 60559
68531 68555
77250 77308
83807 83855
83901 83925
9559 88581
1692 91770
93738 93796
95086 95105
97262 97325
111466 111501
115667 115699
119118 119198
131298 131328
135762 135787
138231 138265
155394 155480
171936 171951
183191 183223
187039 187078
187581 187629
188745 188769
189480 189529
189554 189566
64911 214280
216077 216083
95576 217959
219015 219058
227370 227395
113036 231002
231443 231529
17706 235313
243804 243847
251916 251990
64383 253620
259395 259481
259834 259845
64400 262048
251823 265035
269950 269972
270315 270381
276275 276339
276835 276870
283343 283412
283666 283714
283855 283899
284173 284234
289238 289254
291560 291571
294990 295070
295728 295791
299581 299636
303663 303743
243603 306771
307119 307175
313001 313056
317056 317092
18470 329906
333634 333708
340417 340437
343941 343961
348135 348149
332087 362400
363043 363081
366796 366835
368365 368377
369256 369281
376246 376278
384250 384293
386420 386472
393628 393665
400048 400070
400308 400333
407758 407775
411758 411778
35734 426997
432953 432986
436085 436115
436662 436718
437931 437957
441496 441517
441541 441587
442948 442973
443560 443602
445649 445673
454975 455005
456710 456732
463809 463832
466465 466491
467299 467320
467464 467486
469841 469858
470255 470286
471181 471201
472824 472852
474715 474741
475231 475247
477586 477616
480929 480988
481413 481442
489347 489379
490604 490637
491287 491306
493930 493977
2236 495361
499184 499220
64471 506363
510416 510464
543623 543640
552881 552928
313683 554573
558848 558890
560792 560803
561194 561223
565999 566042
572444 572489
580444 580466
589444 589466
591857 591887
595498 595509
613884 613916
618891 618931
630880 630919
633569 633601
635364 635403
638321 638347
642579 642607
657634 657658
658083 658113
659916 659930
661273 661291
661598 661626
662478 662527
663077 663110
665180 665187
674041 674072
675109 675155
675593 675656
678756 678768
678997 679040
684313 684340
686346 686376
691830 691861
693032 693052
693093 693123
211216 696331
707739 707753
707872 707894
715205 715216
717375 717382
724373 724395
725987 725998
735199 735231
747197 747213
747429 747473
750170 750178
760701 760724
768088 768121
623745 775457
780374 780430
417268 781704
589085 786458
786490 786497
786506 786534
790952 790991
794645 794667
797951 797969
800455 800471
802176 802200
805634 805660
806284 806295
817089 817113
823335 823354
844070 844091
863064 863076
868839 868856
869704 869730
877533 877557
886268 886298
917201 917216
919674 919708
928860 928883
936704 936739
943820 943844
944008 944025
947547 947588
948550 948600
951725 951765
952262 952293
957508 957536
957828 957855
963925 963935
968086 968100
970218 970247
1001259 1001296
1024504 1024519
1026503 1026513
1042746 1042791
1045485 1045499
1050492 1050512
1062698 1062714
1076375 1076384
1103367 1103394
1123239 1123254
1129916 1129942
1137343 1137371
1152050 1152067
1159810 1159839
1162371 1162385
1172492 1172513
1176678 1176691
1184903 1184930
1185935 1185971
1192556 1192569
1195941 1195960
1196248 1196255
1215202 1215222
1222077 1222087
1223251 1223271
1224796 1224825
1225224 1225234
1227330 1227341
1227863 1227878
1231063 1231083
1232376 1232391
1235096 1235119
1235705 1235729
1239971 1239975
1243710 1243726
1246659 1246674
1248303 1248306
1101993 1262076
1266893 1266909
1290267 1290287
1295941 1295965
1304409 1304437
805545 1317774
1322629 1322640
1323613 1323650
1324378 1324400
1328681 1328700
1328813 1328828
1334101 1334111
1335580 1335589
1356708 1356713
1368967 1368996
1388566 1388588
1397161 1397189
1404560 1404579
1409811 1409829
1419671 1419697
1426363 1426375
1434742 1434750
1449284 1449316
1460167 1460181
1468577 1468596
1471964 1471972
569579 1479644
1491041 1491053
1494245 1494269
1532265 1532286
1534196 1534215
1554011 1554027
1576189 1576203
1620902 1620926
1657377 1657408
1659510 1659528
1659838 1659866
1660022 1660037
1673705 1673721
1677968 1677994
1680449 1680486
1685283 1685309
1698846 1698880
1720812 1720833
1737006 1737007
1737056 1737066
1741376 1741379
1742752 1742757
1745282 1745315
1748326 1748343
1749310 1749330
1765982 1765993
1784471 1784490
1785319 1785339
814923 1802502
1818523 1818539
1818597 1818606
1830376 1830383
1830959 1830974
1839805 1839819
1842412 1842420
1850611 1850626
1861606 1861623
1864588 1864597
295756 1864725
1870142 1870147
1871499 1871509
1872398 1872426
1889754 1889756
1905182 1905192
1921695 1921726
1922693 1922719
1924244 1924263
1925509 1925528
1930971 1930995
1368623 1932899
1950191 1950202
1934433 1950933
1958434 1958453
1960635 1960646
1867878 1961634
1968980 1968994
1978618 1978625
1978682 1978701
1982873 1982883
1993160 1993176
2022391 2022398
2022838 2022845
2023093 2023108
2024591 2024595
2024704 2024716
2027950 2027976
2029720 2029734
2033587 2033602
2046072 2046104
2046328 2046344
2052847 2052861
2066793 2066808
2082581 2082595
2083134 2083157
2084441 2084469
2085887 2085902
2108450 2108467
2111492 2111507
2138178 2138179
2169575 2169594
2171365 2171392
2186684 2186711
2195112 2195136
2203395 2203421
2205116 2205130
2264205 2264234
2296005 2296026
2306166 2306175
2307798 2307812
2311695 2311718
2312116 2312128
2322246 2322263
2327364 2327378
2328380 2328383
2334512 2334530
1419692 2347337
2355392 2355400
2358215 2358219
2358950 2358971
2361837 2361851
2382209 2382229
2387453 2387462
2412925 2412937
2418033 2418045
2421689 2421708
2423556 2423566
2433849 2433854
2433859 2433866
2439639 2439663
2465267 2465271
2467143 2467160
2480788 2480793
2481982 2482000
2482171 2482181
2482424 2482430
2483580 2483595
2484130 2484150
2486609 2486627
2488616 2488628
2492531 2492547
2497265 2497292
2503778 2503789
2421045 2527210
2528602 2528617
679023 2528944
2528960 2528975
2529267 2529276
2533874 2533883
2538961 2538982
2539381 2539393
2539803 2539818
2542715 2542720
2543100 2543104
2543227 2543239
2545434 2545452
2548799 2548812
2548843 2548845
2556062 2556093
2566579 2566594
2576173 2576179
2585590 2585600
2586185 2586208
2587090 2587102
2588227 2588248
2618995 2619011
2623989 2623992
2665195 2665211
2668084 2668089
2668475 2668476
2668633 2668643
1871607 2670268
2670321 2670337
2670683 2670694
2671463 2671480
2672254 2672271
2672824 2672835
2674083 2674106
2690281 2690290
2690579 2690595
2694220 2694231
2695700 2695720
2695750 2695784
2695908 2695921
2696082 2696097
2696858 2696875
657639 2699284
2699747 2699754
2700951 2700970
2703690 2703697
2709571 2709596
2719362 2719380
2728008 2728018
2752070 2752083
2790613 2790616
2798708 2798727
2800209 2800223
2801073 2801103
2820744 2820751
2828822 2828835
2837083 2837100
2861698 2861711
2861977 2862002
2862064 2862066
2867930 2867937
2869251 2869265
2869560 2869568
2871276 2871286
2891862 2891878
2892170 2892188
2899097 2899125
2900542 2900550
2901001 2901015
2908711 2908734
2909887 2909903
2910391 2910406
2924271 2924284
2924942 2924963
2943221 2943247
2950266 2950288
2962133 2962145
2969258 2969271
3000180 3000195
3000995 3001007
3002105 3002114
3002303 3002307
3002503 3002517
3003073 3003096
3003304 3003321
3003384 3003391
3003714 3003721
3005463 3005470
3009024 3009025
3025376 3025390
3037993 3038005
3047389 3047404
3048042 3048052
3048550 3048568
3048733 3048765
3049120 3049131
3050978 3050992
3051305 3051322
3051590 3051611
3051738 3051749
3052039 3052056
3052140 3052149
3052433 3052446
3052475 3052486
3053474 3053501
3072281 3072290
3140197 3140219
3391407 3391423
3417246 3417268
3437151 3437158
3439545 3439547
3461037 3461042
3520422 3520436
3533578 3533605
3547198 3547214
3549754 3549765
3690966 3690980
3789889 3789900
3888231 3888236
3903690 3903705
3929520 3929535
1146097 3952437
3953464 3953473
4025499 4025507
4089382 4089398
4089425 4089438
4089559 4089566
4089655 4089661
4091131 4091148
4093414 4093421
4099043 4099058
4099199 4099207
4102128 4102134
4102215 4102224
4102695 4102703
3003719 4103089
4103092 4103104
4103157 4103163
4118317 4118325
4125445 4125448
4156441 4156442
4178112 4178124
4187877 4187893
4187921 4187936
4202680 4202682
4224766 4224772
4267636 4267651
4267719 4267723
4292257 4292270
4341758 4341764
4344190 4344199
4367722 4367733
4369732 4369748
4468913 4468926
4478027 4478035
4570151 4570158
4570253 4570268
4570317 4570328
4570527 4570539
4570561 4570583
4570963 4570994
4571144 4571163
4573995 4574013
4574258 4574266
4574505 4574511
4576122 4576130
4576757 4576766
4577010 4577016
4578975 4578980
4579025 4579036
4584443 3048100
4586589 4586605
2929430 4587109
4587150 4587153
4590869 4590892
4603591 4603593
4603709 4603714
4603772 4603779
4603854 4603863
4603892 4603897
1137379 4603998
4604883 4604889
4605185 4605196
4605198 4605203
259447 4609711
4613516 4613521
4616224 4616232
4616836 4616844
4617335 4617347
4627810 4627823
4627903 4627921
4639938 4639945
4647367 4647372
4675094 4675102
4682456 4682464
4690717 4690729
1290280 4690790
4719732 4719749
4725624 4725642
4775538 4775546
4872434 4872447
4904598 4904599
4995347 4995355
4995451 4995457
4995532 4995540
5016341 5016351
5016553 5016569
5017639 5017643
5018849 5018855
5019394 5019404
5019764 5019766
5019978 5019989
5021114 5021129
5021237 5021241
5021265 5021271
5035185 5035190
5047051 5047055
5047103 5047105
5074735 5074746
5088027 5088033
5213817 5213827
5233534 5233538
5590390 5590396
5614245 5614250
5761959 5761964
5835227 5835232
5855180 5855187
455000 5871307
6087696 6087698
1775798 6204906
5876199 6211821
6334087 6334088
6334958 6334961
6408360 6408361
6512017 6512045
6512252 6512267
5584483 6516828
6517773 6517775
6780193 6780196
6780358 6780367
6812745 6812754
6958110 6958115
6972004 6972007
6975239 6975244
7080547 7080548
7112287 7112289
7157650 7157651
7467956 7467962
7538508 7538509
7618466 7618469
7623776 7623782
7623855 7623858
7623869 7623873
7624320 7624327
7624342 7624345
7625939 7625942
7640328 7640332
7690678 7690683
7695338 7695341
7760765 7760767
7814434 7814440
7900114 7900117
7900308 7900311
7904144 7904145
7958536 7958540
8046006 8046007
8052849 8052853
8078713 8078721
8084823 8084827
8084828 8084831
8093634 8093638
8094882 8094886
8095335 8095339
8100646 8100650
8103060 8103064
8112033 8112038
8112142 8112144
378688 8118263
1884597 8126346
241737 8126419
814656 8128180
349274 8129946
35727 8130241
145432 8132960
1455473 8147537
58033 8152056
2911682 8154576
1094850 8155901
786427 8156299
791492 8159491
251837 8161032
270333 8161866
21512 8163350
443412 8165604
1663273 1864394
3002618 8172824
1443897 8178947
1169736 8179023
359937 8179183
1998607 8179900
8060674 8180618
2170661 8187109
259104 8191284
830923 8192388
8193171 8193189
179411 8197765
164972 8197969
8201515 8201533
8202070 8202096
8211231 8211240
8212560 8212573
8213264 8213284
8216905 8216929
4738542 8218466
4577026 8218742
1101978 8219331
8221525 8221552
360952 8225046
17687 8227521
8229070 8229090
8241044 8241051
8245027 8245040
8246625 8246640
8249603 8249624
348282 8250112
2380539 8253123
8255158 8255161
2046645 8264996
4806484 8265216
8267341 8267377
8274613 8274627
8275802 8275810
8277188 8277210
8277949 8277956
1841001 8278193
480975 8279700
360804 8281707
113043 8281753
2911560 8282611
112580 8282803
8283384 8283387
8298182 8298187
1187292 8300670
8302294 8302336
8302731 8302743
2032486 8307694
4761966 8309129
357611 8315325
2135610 8318311
3108360 8318624
8319044 8319069
2715488 8319505
1042265 8319718
1042265 8319719
8320001 8320043
624211 8320631
8321240 8321253
436120 8325359
8345894 8345903
2325335 8350857
3020406 8352126
3178767 8355048
486526 8357174
462319 8360337
8362887 8362906
8364317 8364334
13177 8364532
2189678 8366525
6537014 8369844
581669 8381222
3021142 8387752
4828211 8390061
8399322 8399339
108610 8400019
8400845 8400863
64389 8407535
4762355 8413962
8414303 8414311
8418005 8418024
1107034 8433153
688802 8436644
3021135 8436741
6715657 8439880
4257870 8441261
908915 8441361
8443217 8443243
8443915 8443928
210384 8445339
657320 8445918
2544607 8446605
4576765 8447271
8447706 8447720
8449218 8449223
2421703 8450706
6318139 8451032
8451436 8451457
7332795 8451867
4584683 8453046
8457124 8457144
2204770 8457596
8458881 8458902
6332569 8459497
629618 8460245
8461611 8461628
635693 8462303
635693 8462304
1382795 8463149
8467005 8467025
4742189 8467293
8477059 8477078
833806 8479154
357635 8484239
8467063 8486235
374420 8486361
1037887 8488686
6297869 8489102
122725 8489240
8478907 8491081
4607790 8510900
8521283 8521321
115124 8522497
8522667 8522705
6332538 8525250
4607082 8527056
4850555 8530738
1102086 8531305
8532594 8532626
4272897 8539061
64303 8540223
1235576 8543566
834421 8546781
8548295 8548329
8549593 8549607
8549664 8549686
4765655 8550290
8554057 8554078
8572701 8572719
8573707 8573727
626265 8573858
8579094 8579118
8579572 8579596
8591892 8591916
7844679 8598768
8601023 8601045
4272196 8601311
8608451 8608463
664709 8608838
2379417 8610189
2081067 8611660
342506 8612384
8612939 8612950
8616799 8616825
8620074 8620105
357579 8622500
8624454 8624463
2956926 8624869
2956926 8624870
1284246 564894
4312419 8627131
5610506 8629050
7394095 8631433
4586146 8637172
8642363 8642396
8649257 8649277
4744794 8663504
8664194 8664205
305880 8668204
8670433 8670454
2995114 8672887
4180449 8674952
4307627 8680578
745996 8681397
8686899 8686921
834386 8697544
4225722 8699373
8715602 8715626
510028 8717125
1850476 8724085
8414024 8725031
2369915 8738301
4764498 8740945
8759886 8759915
4811654 8760056
8760280 8760296
8765157 8765181
357645 8765203
8776057 8776081
4829077 8781881
8753614 8786387
8799664 8799686
8806832 8806846
6313259 8814819
8818004 8818034
739051 8820823
6318174 8820954
8823277 8823316
8825887 8825909
8828339 8828374
4271732 8828581
8831747 8831774
8839094 8839124
316712 8846867
8847043 8847060
7332597 8857749
8389063 8863549
8868459 8868477
8869895 8869911
8875861 8875882
8877358 8877377
4584570 8879628
8879716 8879736
1972211 8885393
3056481 8886440
1323632 8895698
6319051 8911008
8917111 8917117
8929790 8929799
8947478 8947511
6333230 8947666
4607355 8950527
8957292 8957309
8968496 8968506
8968786 8968803
3403123 8974771
3793699 8981764
8990198 8990205
2156041 9018420
1594096 9021924
9038284 9038299
9038481 9038496
9040223 9040232
9044600 9044606
5860405 9064190
9072439 9072450
9076533 9076550
7753822 9079190
9091411 9091412
9095905 9095943
9102185 9102205
9102717 9102750
3038531 9119287
8610175 9123140
9130654 9130677
9131196 9131211
9138558 9138567
9139626 9139633
5969642 9141798
9142799 9142810
9145641 9145656
9145770 9145784
9147784 9147804
9149312 9149323
4761938 9158449
9171479 9171494
9176469 9176478
9202496 9202509
6332483 9212885
9218071 9218090
357627 9219480
9221238 9221250
9245213 9245233
9254597 9254621
7083892 9256798
9262822 9262835
9263328 9263348
9264765 9264792
412617 9266152
9270769 9270780
9284610 9284618
4844946 9293163
4811563 9309567
9309596 9309618
5609529 9341969
697224 9350221
9360297 9360307
1903778 9362803
9366551 9366571
5116841 9368972
9375896 9375916
9383875 9383894
616540 9385637
9394469 9394493
352535 9395784
9396764 9396778
3446879 9397940
9410049 9410058
4615131 9410166
9410914 9410923
2807613 9413633
5583272 9414593
4771840 9417203
9424278 9424303
9435984 9435989
6332502 9439103
9449754 9449766
4799969 9450016
5971860 9454177
7163745 9461293
9477022 9477039
614800 9485418
9490397 9490417
9498930 9498934
9515638 9515664
9516510 9516515
9536150 9536168
6328681 9542670
4318093 9549529
9554072 9554084
9555074 9555096
9556011 9556032
9556803 9556809
9556803 9556810
9580336 9580352
9582524 9582541
9584097 9584108
9586993 9587005
9591482 9591492
6314506 9592009
9595062 9595081
9595595 9595614
9613624 9613641
9613906 9613908
9614719 9614732
9627060 9627066
2409160 9628208
9639136 9639151
9644024 9644041
9646338 9646350
4762366 9649018
9639583 9653781
9653982 9654004
9655068 9655090
9655499 9655519
9659343 9659358
9687959 9687968
4731766 9691250
9691872 9691882
3053299 9702485
9703704 9703722
9709294 9709301
9720016 9720017
9726789 9726807
9737327 9737331
9752583 9752593
9753792 9753793
6214434 9755771
9762863 9762881
9763353 9763363
9775595 9775599
9787465 9787476
9818405 9818425
2334672 9854073
9893459 9893485
9896189 9896214
9909643 9909665
9917037 9917044
9957807 9957817
8610173 9958502
9958637 9958646
9958782 9958790
9958875 9958900
9959863 9959878
9967231 9967240
9969292 9969299
8734161 9972450
9978594 9978602
9991329 9991339
9992366 9992378
4728271 9996134
9997252 9997263
10015441 10015455
5585889 10017545
10019888 10019910
7043318 10021269
10042477 10042489
2390421 8610177
7630863 10042970
10044691 10044707
10045556 10045559
6497988 10045674
10045691 10045697
10045900 10045914
4817592 10052322
10056117 10056139
6315272 10062952
10064646 10064651
10067714 10067729
10099350 10099358
10104556 10104568
10106334 10106358
2842070 10106580
2956388 10107185
10107824 10107834
10108128 10108135
10112533 10112543
10119881 10119888
2467147 10120137
6304149 10120237
5589599 10132939
10141239 10141250
10145926 10145935
10155705 10155710
10155748 10155761
10156174 10156184
10156232 10156244
10156306 10156324
10156535 10156545
6314226 10158212
10158663 10158667
10158735 10158752
10158828 10158842
2909771 10159045
6007776 10163185
4834775 10163299
10164190 10164203
10166370 10166375
7342099 10172641
10176335 10176345
10177963 10177975
6382309 10185894
10192690 10192695
10195860 10195874
10195993 10196004
10198677 10198688
7634417 10226520
10256692 10256717
10265880 10265888
7751816 10269380
2543232 10271163
6386103 10284572
10287023 10287034
10287969 10287979
4828632 10288545
10288865 10288877
10268025 10292932
10293308 10293309
10294607 10294634
10295164 10295177
10295253 10295269
1720552 10296553
6313473 10297567
10297835 10297840
10300557 10300585
10300905 10300913
10301067 10301081
10316187 10316200
10383744 10383764
7753362 10392430
10419929 10419951
10437163 10437183
10441613 10441623
10443678 10443686
10448844 10448852
10480762 10480776
10483101 10483119
10488174 10488191
10494767 10494775
10526322 10526323
10541800 10541806
686353 10559880
10561402 10561416
10562781 10562793
10564161 10564179
10134380 10586449
10587724 10587729
4754250 10594987
6385760 10595004
10603301 10603309
4647400 10603527
10603834 10603842
10603848 10603850
10604216 10604219
10604706 10604718
10604754 10604761
5584564 10605381
10605505 10605513
10605659 10605683
6313341 10606808
10607523 10607531
42271 10608091
10608695 10608709
10609359 10609382
10609668 10609684
7670728 10896753
6393492 10915821
348180 10925991
4811509 10943942
11004471 11004475
11025389 11025408
11030606 11030626
11041195 11041204
4900341 11055402
4873388 11058366
11186396 11186401
9728340 11240209
11260863 11260876
2691347 11327844
11355665 11355672
11401208 11401212
11532803 11532807
11534899 11534914
11551009 11551019
11551133 11551148
11551182 11551194
11553951 11553964
11563378 11563389
11572178 11572186
11575230 11575243
11578211 11578221
11618650 11618658
11620770 11620787
11621546 11621560
11627419 11627436
11628552 11628569
5837976 11628593
393652 11628622
11629028 11629047
5609958 11656506
11701765 11701782
7332777 11711807
11739729 11739745
11792208 11792214
11876185 11876198
7523077 11882854
11976317 11976322
11976676 11976685
11976816 11976822
5595784 11976837
5858412 11977078
11977115 11977131
11977324 11977329
7344304 11977697
4573988 11980313
2700962 11980334
6327797 11980811
11980981 11980991
11981287 11981291
11981390 11981395
4647406 11992092
11992450 11992456
11995405 11995414
6328651 11995631
11995671 11995681
11999192 11999203
12007396 12007408
12007475 12007480
5584791 9341361
12008328 12008334
12008349 12008352
12008486 12008496
12008521 12008526
11981946 12008593
12015869 12015876
12016087 12016091
12016687 12016690
12018462 12018470
12018514 4120450
12019442 12019448
6333590 12029288
12031227 12031233
12040927 12040930
12041011 12041015
4817588 12047501
12085775 12085776
12085999 12086000
12110814 12110817
5061521 12110910
12115340 12115348
12119293 12119306
12130613 12130615
12130693 12130703
12130725 12130739
12132085 12132092
12135137 12135143
12184104 12184105
5934128 12218391
12254239 12254241
12279859 12279865
12336905 12336915
7333466 7319125
12373193 12373200
5120660 12374597
6314577 12378350
7526096 12378604
12380120 12380133
12380402 12380414
12380539 12380547
12382042 12382048
12382775 12382792
12392791 12392793
12404322 12404341
12405400 12405402
12405614 12405625
12406600 12406610
12417483 12417486
12417580 12417602
5107751 12418478
12418599 12418612
12573218 12573232
5583288 12889148
5584761 12889694
12890898 12890913
12890917 12890926
5594343 12900423
12980613 12980615
12998451 12998461
5837985 13094120
5858906 13146826
13257966 13257980
13555921 13555922
13609188 13609189
13922915 13922927
13936632 13936654
13937406 13937422
13952733 13952736
13979484 13979501
14079799 14079802
14095429 14095448
14170658 14170669
14188548 14188568
14232087 14232097
14460617 14460623
14511757 14511763
8447778 14523724
14609374 14609377
14703967 14703971
14746364 14746369
14776284 14776289
14776981 14776982
14777842 14777848
14778152 14778156
14778187 14778191
14779977 14779980
14780077 14780080
14780092 14780094
14780154 14780158
14780214 14780216
14793683 14793688
14829726 14829728
14830473 14830479
14835552 14835554
14899927 14899928
14901268 14901269
15033492 15033495
15043826 15043827
15112331 15112333
8020309 15146210
15209668 15209672
15211065 15211066
15211093 15211097
15219070 15219073
15219456 15219460
15219969 15219985
15220481 15220483
15227206 15227210
15227211 15227215
15227632 15227638
15236179 15236181
512638 15243673
471823 15243829
35728 15251134
251954 15251195
378690 15251496
158124 8652239
64315 15253845
405404 15254381
1049412 15254476
306490 15254573
83527 15257748
1265778 15258744
1599872 15261014
64310 15264890
15279398 15279417
261386 15283249
299582 15285009
229996 15285968
3537047 15289133
4764381 15289821
15292331 15292377
1101931 15293058
15293296 15293349
112642 15293838
10585318 15295516
1973020 15297548
4033748 5054267
1956483 15300025
3214684 15303010
342674 15309076
4984345 15310184
8634514 15311261
15327174 15327185
5583913 15329859
1357181 15332647
15334471 15334491
2992835 15338663
2499213 15339133
15356524 15356541
15357535 15357543
17626 15361360
106858 15364940
4605481 15380018
15381526 15381556
4607575 15382655
15383779 15383795
7036321 15384733
1389768 15385218
10653916 15392662
456147 15393010
2555646 15394415
115122 15404213
112579 15404297
147833 15404988
980521 15406406
357530 15411192
35737 15416541
4761906 15417173
357544 15425229
4664389 790987
178625 15432123
4891186 15432717
13578863 15433333
11524540 15434747
837338 15435387
544413 15436388
299586 15438030
8343569 15445452
1778890 15446107
2044618 15448546
15454177 15454182
77252 15456525
1612405 15460499
1578896 15462537
1101909 15474083
15480548 15480599
122434 15481998
1002236 15493480
4275698 15495053
211214 15510742
1323633 15510791
1932497 15511421
6693055 15511754
15523116 15523139
8380852 8140137
4182968 15536240
7849696 15536589
15538370 15538378
2046871 15541470
9698779 15542330
15543237 15543252
15543837 15543849
15544809 15544832
7544602 15547497
15547794 15547808
15546471 15552055
9999710 15552515
15552622 15552653
15553166 15553180
8436737 15553380
8403118 15555261
2809025 15555392
15556119 15556142
6316773 15561178
578060 15562006
15564902 15564949
368400 15568181
6250245 15569423
1207244 1933900
2511222 15574794
15574979 15575004
15576652 15576654
122437 15580477
15582744 15582766
15583473 15583498
15583820 15583834
8885659 15584596
4270691 15588254
6433839 15588341
15590393 15590396
4307413 15605609
4801074 15614580
4850840 15618285
4606454 15618416
665068 15621407
15622759 15622766
15623738 15623747
596092 15624833
15631569 15631588
814219 15634866
15645792 15645805
15647218 15647243
5076483 15655071
8840024 15660794
15664738 15664784
15670789 15670812
15670979 15671001
6385743 15672603
1397487 15678539
4275180 15682015
1828933 15689720
357576 15689778
4257879 15693675
1319886 15694657
15714684 15714698
14840116 15715175
15715640 15715662
2085904 15722175
4828883 15725448
15727093 15727114
145433 15728084
15737781 15737792
4799408 15738039
2568542 15750272
7487239 15750632
6869095 15751961
112946 15763903
112946 15763904
15764202 15764221
7487526 15765261
14718465 15771930
1422720 15775792
4791806 1168178
1971732 15778472
786530 15779841
5588709 15780627
303735 15787123
9580536 15790361
295761 15796215
13634436 15796315
4721440 15797959
15800940 15800958
14936604 15818107
7753674 15821968
1190338 15835380
15838669 15838678
456724 15855895
1444829 15860767
3197838 15865222
14892200 15865549
15880291 15880301
15893953 15893975
8624334 15895655
7298271 15896558
15900596 15900625
890632 15912426
6694159 15915617
11349643 15919466
15930475 15930500
15931030 15931039
15956165 15956183
7635054 15958889
15964341 15964350
15965149 15965163
7948064 15971086
15986153 15986166
4681915 16019424
16026619 16026630
13579822 16028100
16051484 16051502
16051619 16051636
1150321 16052191
1252346 16053373
16057991 16057999
340340 16059343
1745283 16061570
16063416 16063428
16063868 16063888
3195644 16064643
16074190 16074210
16074621 16074634
16076876 16076895
8200003 16081359
16086665 16086675
9451853 16089337
842905 16092177
16112247 16112253
14680798 16114025
16120948 16120957
5178249 16121077
6313588 16127438
16131082 16131091
4812249 16135975
16144438 16144454
16150485 16150497
9730216 16161066
5623021 16169144
16169318 16169336
16176562 16176579
16177132 16177173
1359754 16177800
5584167 16190832
16207690 16207698
16214001 16214014
12085800 16230035
6330493 16236946
388247 16237066
5590099 16237915
16240536 16240549
16260549 16260557
6382704 16271521
4585561 16271742
4800187 16275464
16279169 16279184
2222819 16290744
9708630 16295905
4607393 16303542
959900 16305586
6333323 16312930
5142934 16313501
16228109 16316890
16327775 16327777
10554867 16328531
12010633 16353643
16354481 16354485
1879343 16355943
16364289 16364312
4281120 16374287
16388567 16388575
16390133 16390138
16392871 16392877
14040627 16394573
16395697 16395706
9430087 16425354
8094059 16436569
16445079 16445093
4273975 16473384
12212839 16477650
16479634 16479657
1890343 16484281
7344311 16485428
16493101 16493112
7332692 16494500
16496316 16496331
4908223 16497983
16499692 16499711
16505528 16505531
16508909 16508925
6692014 16509078
16525433 16525440
5142402 16531954
2700968 16532033
16532060 16532075
16538834 16538851
16551915 16551934
1858818 16555546
16556098 16556114
16566265 16566287
16567323 16567328
16567570 16567583
16567721 16567722
1842304 16567808
16571019 16571023
6381996 16573201
16575060 16575078
16576183 16576189
16583547 16583560
16584587 16584599
16591063 16591066
16591552 16591559
16599071 16599078
16602792 16602817
6385436 16605591
13577622 16613598
16626274 16626281
16626453 16626471
4292276 16636034
131322 16637934
4725640 16647886
16653365 16653385
1106381 16654291
16656465 16656487
13634431 16656953
16660423 16660448
16671406 16671412
16674392 16674401
16679337 16679358
14893066 16691784
16695531 16695538
16705599 16705601
14346737 16707608
14892076 16707676
12244625 16707998
16708020 16708029
5586252 16715648
16718089 16718090
7342487 16719589
16721776 16721785
16729772 16729790
16733698 16733706
16739233 16739246
7333146 16742080
16750362 16750376
16753748 16753765
16754564 16754568
16763158 16763174
16768117 16768122
5216243 16773334
16775823 16775824
16783428 16783439
16815402 16815427
16847120 16847134
6382143 16871753
16877687 16877702
16882511 16882517
6311988 16895138
16897679 16897694
5584604 16930605
16931673 16931683
16943094 16943096
9975021 16958012
16960718 16960728
2311396 16961478
13541466 16979678
6317421 17016670
17022102 17022115
17026797 17026806
17034708 17034711
17051574 17051584
17055987 17055997
17078351 17078363
17079802 17079816
17080284 17080288
13561225 17084838
17092577 17092592
17111316 17111325
17112305 17112316
17120950 17120961
17125035 17125051
17125269 17125272
2956525 17125954
13574308 17126300
17126883 17126900
9063948 17128084
17130049 17130064
17131792 17131813
4744795 17138812
17147293 17147305
17153516 17153533
17154010 17154020
17163829 17163842
7753603 17164868
17164974 17164981
17165135 17165161
4468097 17165760
17167005 17167016
2418394 17167724
17176066 17176086
10010258 17195224
17198795 17198803
5799429 17231393
17232585 17232590
17232605 17232610
7753979 17232792
17233017 15664906
6313803 17236007
17241243 17241258
8007842 17246791
17249895 17249902
8058007 17250776
7752291 17251859
6327061 17251992
7751847 17252075
7753840 17254458
6006488 17255054
17255322 17255331
8624865 17256685
17257938 17257950
17258383 17258390
17258518 17258526
17260566 17260575
17263784 17263792
7975018 17264641
6003363 17323191
17332455 17332457
17224257 17332886
17341130 17341139
6386246 17347529
10513094 17364577
6383598 17370912
17374695 17374704
17393869 17393879
17397056 17397069
7163739 17399921
17400030 17400045
17400075 17400084
17402028 17402029
17424092 17424102
17424215 17424228
10291178 17424370
7941922 17424903
17291737 17426144
7634182 17426293
17428472 17428496
17428760 17428770
17429558 17429565
17431692 17431716
17444685 17444690
17444761 17444780
17446395 17446400
3391420 17447633
10288543 17452156
17454792 17454809
17459639 17459644
10141148 15432716
17461412 17461429
10483112 17467931
17476588 17476592
17504307 17504328
17507586 17507609
11282794 17507995
6332864 17508738
7752045 17509009
17513482 17513489
17531622 17531626
7753755 17546559
6329204 17546959
17548912 17548917
10441619 17549186
17549273 17549289
17550101 17550109
17550680 17550684
12889967 17550832
17551966 17551983
5593902 17552152
17552269 17552270
17555443 17555446
4760761 17558688
5600976 17564846
17607328 17607334
17662140 17662154
17842301 17842308
17859616 17859623
13573605 17860645
14893203 17862293
17929340 17929358
9624650 18023644
18135188 15439214
18145867 18145870
7623014 18255114
18260558 18260565
18266481 18266488
18305889 18305912
18314083 18314091
2083143 18371685
18372408 18372414
18373227 18373242
18421459 18421467
18423697 18423712
14777086 18428774
18429248 18429255
18435753 18435754
18438630 18438653
18438779 18438791
18452462 18452464
18461903 18461908
18484383 18484397
18508482 18508490
18510827 18510838
6385379 18510893
18510974 18510985
5585566 18511001
18511195 18511201
18511420 18511424
1948248 18519052
18530066 6556400
18567991 18568000
2189682 18580237
6332827 18580322
18613035 18613057
18638181 18638191
18759450 18759458
18841727 18841733
18841993 18842011
18844899 18844909
7752856 18845273
18845499 18845507
18845601 18845610
14777158 18845644
18845767 18845770
18845802 18845805
4616225 18846057
18846180 18846195
18847140 18847145
18847375 18847388
4187889 18847426
18850321 18850328
18856348 18856351
4590887 18856430
18859307 18859313
5583197 18870331
7295172 18870437
12419099 7646862
18870881 18870891
18877789 18877797
14774814 18877938
18880081 18880090
18885718 18885723
18891282 18891295
4603605 18893122
6328823 18897494
18903064 18903073
18905285 18905288
18909008 18909029
16972620 18945244
18951022 18951030
8748009 18955191
18990081 18990108
1742595 19011371
8962329 19069886
19129793 19129795
19135819 19135830
19181081 19181082
19190326 19190327
19201267 19201274
19219571 19219576
19219880 19219885
19222119 19222131
7633941 19222194
19223703 19223707
19224354 19224362
19225652 19225657
10603837 19226701
14931938 19251739
19256651 19256656
13922499 19257595
19278457 19278462
19470457 19470467
291562 19577389
19694605 19694612
19696790 19696813
19705447 19705448
13140790 19934832
19947756 19947776
20048562 20048574
13146050 20265177
20325573 20325576
14646620 20385558
20386913 20386923
20506213 20506220
20506566 20506581
20689993 20689996
20728618 20728634
20823859 20823867
20902221 20902227
20908267 20908268
9563803 20954579
20989725 20989730
20991315 20991319
21020077 21020081
21028155 21028156
21087337 21087341
21088046 21088050
21101596 21101606
7694403 21102379
21190920 21190925
21359739 21359745
21381612 21381622
21489430 21489431
21497501 21497503
21498382 21498385
21498388 21498393
21499905 21499911
21500035 21500041
21500430 21500431
21502070 21502073
21502163 21502164
21503412 21503416
21503736 21503739
21509758 21509760
21546269 21546271
21548767 21548768
21636688 21636689
21713955 21713967
21722300 21722304
21741333 21741336
21741421 21741428
21741469 21741471
21776769 21776770
11603129 21785711
21806987 21806994
21903721 21903723
21914726 21914730
21914736 21914742
21918319 21918320
21919478 21919492
21925049 21925052
21926769 21926772
63241 21939275
539542 21941437
3793694 21943074
6308621 21943106
369881 21945884
8824470 21949479
581097 21951950
2071079 21952071
11876 21954791
5584197 21962213
424883 21970367
60530 21971461
3818033 21979208
238419 1258845
252973 21984852
767446 996854
258718 21992491
4799974 21993588
187060 22004847
37355 22004973
22006240 22006273
263817 22012425
6920862 22013355
8197752 22025479
8153922 22026476
2034313 22033701
22038042 22038065
6331950 22062703
20058159 22064036
22064835 22064852
8601420 22072172
22072187 22072198
35736 22074926
22076165 22076183
2102744 22076635
15980881 22078799
1842411 22079696
112943 22080212
1460515 22082757
371197 22083647
227929 22084469
289148 22096794
357587 22097124
338363 10962420
1102100 22098096
317058 22098468
1100526 22101088
1575142 22102532
60549 22103430
2331167 22103717
869021 22108235
1382793 22108980
2560708 22112434
14335358 22112974
9971122 22114481
139050 22114908
8343568 22115934
834420 22117006
319484 22117242
1036964 22118131
35731 22121186
5136978 22121864
1941603 22124087
8318280 22124811
2189679 22126000
1818139 22126697
281451 4102699
8771795 22143014
3315073 22146028
618488 22146319
22148408 22148429
7884041 22150453
22150606 22150650
2232443 22151157
22151878 22151887
22153498 22153517
2432022 22155844
3086691 22158942
9680049 22160713
11495376 22162970
442142 22163183
13634796 22167434
4037373 2848514
10668575 22176242
359952 22180458
64295 22181046
15958875 22185055
22187685 22187711
454367 22190890
1105723 5607736
928272 22194907
22195939 22195952
6382710 22197531
10225833 22198184
8646394 22213475
3040767 22216379
842903 22216531
16188229 22217078
4617336 22217770
176641 15404214
509466 22222028
22224797 22224806
1978926 22226325
5584419 22226694
12196965 22226908
1586061 22227739
5969536 22230574
6382176 22232038
1031338 22234490
15890600 22235308
471910 22235335
4744754 22235471
22236066 22236088
471908 22237788
4640091 22238873
4800312 22239956
8439140 22240270
22241228 22241230
13577973 22241998
3031006 22243082
22246432 22246441
4274761 22246648
9453906 22247124
8668730 22248269
468454 22251422
489263 22253029
4592028 22256416
113014 22258517
22264225 22264241
4764007 22264561
4811959 22267993
22271782 22271802
4873215 22290173
456853 22290684
2433760 22292495
834417 22295861
22297992 22298008
4607963 22300847
8520274 22303384
2195561 22304746
22306260 22306281
22309770 22309796
22312292 22312305
14934711 22315061
4801829 22316633
22318468 22318478
591231 22321345
4605490 22331563
1102083 22339188
1720902 22340737
9583357 22342912
4707254 22344653
18434890 22344976
4800474 22348479
7958590 22352689
2085905 22357772
22372151 22372153
11981555 22375877
22378844 22378864
9496811 22379348
6730798 22387754
9973247 22387905
22388470 22388491
17238947 22399106
487048 22399353
4821439 22413276
22413796 22413798
22416338 22416371
1379282 22421147
22422522 22422541
792354 22424155
772065 22428320
295762 22434931
4764014 22437053
22440276 22440289
8391872 22450465
4585564 22452224
2716869 22454690
4762169 22456217
66159 22458678
19400799 22458900
22459827 22459851
22460263 22460305
13913448 22461796
22462501 22462521
4765959 22463211
12119301 22463727
7752156 22466414
22469052 22469072
6557626 22469648
4757828 22479435
1248043 22483572
21506060 22485930
1049393 22487170
2974692 22499747
217938 22511117
22511695 22511701
4270914 22517072
22520279 22520303
22522245 22522265
5586195 22524279
22527701 22527707
5925236 22537819
22540512 22540519
22545340 22545345
4089131 22547363
22548222 22548239
22548281 22548301
337523 22549300
22551589 22551604
22554423 22554434
4816576 22555209
22556189 22556205
13561070 22557343
16481854 22559800
4323883 22561364
235289 22562888
22566762 22566781
6383735 22569795
2111186 22571746
2670516 22574071
1820501 22575068
22599688 22599694
1602909 22603274
15566297 22603518
2300649 22604946
9496809 22607151
13568747 22625514
18925345 22631889
27090 22645625
14939510 22645911
10559876 22647410
4585997 22651738
22659111 22659126
22665419 22665439
662491 22667189
22667469 22667475
4757840 22674817
22682826 22682830
5584314 22683404
22684920 22684944
22685093 22685119
19696916 22692814
21648691 22695243
3391419 22700379
3175901 22700863
701201 22706069
6383879 22706511
9671927 22710457
22711283 22711298
6817168 22715145
357640 22715450
22715565 22715576
4590072 22715857
2516224 22720838
5142947 22721346
22725303 22725318
1928606 22727877
22729303 22729327
374115 22730039
22735014 22735018
6333050 22747140
10146002 22751379
22754743 22754751
14893346 22758356
4468096 22759281
6313618 22768785
22775880 22775891
8851325 22776326
6333303 22778315
3132212 22781525
22803785 22803800
4817566 22804501
1995178 22805186
5969342 22805990
22813374 22813389
5854588 22831082
5209417 22831310
22836495 22836506
22836983 22836992
22837472 22837480
22839224 22839233
22841213 22841238
22841733 22841758
4829402 22842794
22844753 22844762
20334206 22858508
22875099 22875115
16643296 22888496
971558 22901980
22908944 22908952
12923875 22911465
6352809 22917155
6416693 22917910
7949269 22924376
22955414 22955430
15751955 22955505
10559875 22988799
23011496 23011529
23014911 23014920
6381959 23017903
14892302 23023681
14473133 23045524
23047444 23047475
4271970 23059032
4869586 23060597
777933 23062762
21432659 23069952
2550066 23078653
4230027 23079074
14932804 23085832
14932804 23085833
2445923 23087006
9380950 23087110
10185879 23105691
23111031 23111045
6384593 23116337
393655 23119714
7905551 23134408
5959123 23135173
19100520 23135194
23144505 23144526
23150253 23150268
23151738 23151750
12430241 23159688
23162767 23162769
23165297 23165333
13942286 23166880
23167608 23167625
14892566 23167655
23171706 23171719
23176725 23176750
23191285 23191300
23195810 23195828
21033645 23200430
21243439 23200498
1108974 23201171
1185960 23202404
4274318 23203054
6692018 23203594
11029744 23203690
3508699 23203913
23208230 23208243
23209200 23209201
23209267 23209271
6111061 23216381
21502192 23216535
6558680 23217370
23221484 23221502
23222055 23222062
23223719 23223734
9490398 23224686
5200504 23225927
6556655 23226114
3065155 23227188
4305693 23228120
8008241 23230626
23239240 23239263
23252966 23252983
23253890 23253897
23254006 23254021
2205010 23266909
23277019 23277038
23277095 23277111
6375149 23277341
23278154 23278156
8668189 23284696
5586156 23287778
5066964 23288396
23309593 23309613
23316966 23316974
4873149 23317280
1972884 23323043
23010174 23338954
4336960 23345370
4575350 23352471
9553729 23353605
23354648 23354651
23354752 23354767
23358078 23358100
23362759 23362773
2492162 23371334
4615128 23374026
23374514 23374526
23376349 23376354
895370 23387168
6419219 23392280
23400580 23400596
750194 23401510
23405919 23405939
9991497 23413511
19040607 23414199
9206466 23425070
23440306 23440317
274694 23467836
473404 23474084
17498916 23498792
23499697 23499698
23500338 23500349
23504428 23504452
23209130 23545891
686354 23546799
23553432 23553437
23554080 23554088
9971073 23554115
23554435 23554451
23554561 23554581
23556028 23556039
6385384 23568037
5966898 23573824
23574316 23574321
7633853 23574344
23574654 23574664
23590584 23590599
20347528 23590723
7631671 23592907
23603739 23603749
23605743 23605758
23624955 23624967
3790457 23627566
12152760 23628796
23629229 23629239
23629363 23629372
5590088 23630403
7753333 23630574
18869046 23630602
4820690 23631869
23632222 23632238
23640927 23640936
14891935 23649061
23651297 23651303
23654208 23654222
23659023 23659032
12008306 23663086
23675730 23675734
23684591 23684614
4585556 23685666
23685712 23685732
7753141 23685839
8277194 23686043
7753433 23686880
8846860 23686927
23687508 23687515
23696269 23696280
23698345 23698359
23699328 23699341
23702377 23702391
7766515 23707447
9462143 23714268
23715221 23715222
4570579 23716025
23718438 23718449
20959420 23728629
23555445 23728760
657640 23731791
474785 23732915
23736854 23736857
23736882 23736904
23746688 23746709
4586718 23749031
5065681 23756415
17254235 23765868
4102704 23766060
10293447 23766735
23767654 23767678
23767792 23767807
15800954 23767837
13539659 23778929
11349642 23792256
6779966 23795726
23798943 23798973
4815763 23807377
2963446 23829330
6314418 23832032
7753621 23833349
12982624 23834836
4275604 23836229
23839160 23839172
15098313 23839679
23840050 23840063
14346824 23842550
23848468 23848475
6738644 23848599
23849637 23849642
6333506 23849686
10294622 23850102
1368984 23853406
3439019 23854378
23856244 23856259
23858276 23858283
7752732 23858799
23860086 23860096
4604653 23862966
23886525 23886553
6333658 23897996
23917832 23917839
23925252 23925262
992474 23927541
23933535 23933545
23967461 23967476
6393607 23984033
23993165 23993179
16327779 24007205
24014269 24014282
6111571 24014607
24015758 24015760
7752667 24016585
4102681 24019349
24019754 24019756
24019976 24019986
4816946 24025224
6979061 24034002
679028 24034051
24047634 24047639
24048979 24048992
12982693 24050084
24050210 24050214
24061614 24061623
24062025 24062032
24068202 24068216
8846858 24069166
7525640 24090667
24091663 24091674
24092246 24092269
24092863 24092880
14893212 24092917
24093036 24093056
24093292 24093302
24093669 24093682
24096811 24096826
24121521 24121542
20330202 24121842
24121845 24121848
24122046 24122060
6382258 24122440
24123393 24123402
24130513 24130534
24131245 24131255
24134241 24134248
24135224 24135231
17528280 24135376
24135505 24135508
24135546 24135559
8460231 24198678
5585864 24269476
24422218 24422229
7752227 24423012
20344847 24424543
3461366 24440888
6333582 24509523
7540912 24707744
24793747 24793756
4647405 24795986
24797272 24797276
24800348 24800366
24815729 24815752
24860591 24860605
5748938 24917609
24926861 24926880
24930402 24930403
1534323 24956621
24964728 24964739
24971211 24971222
24972936 24972953
4816317 24980729
24980865 7475870
8672883 24980945
24981698 24981703
25023114 25023135
25044135 25044146
22210279 25049388
25051999 25052012
25052049 25052067
6964137 25052403
25059656 25059665
8414023 25068823
12917855 25070147
4828142 25079070
178624 641818
25173891 25173897
23590707 25177191
25177215 25177223
25180832 25180844
25202757 25202771
25271627 25271637
25284648 25284650
5089350 25328161
19774834 25355063
25357122 1863123
25368076 25368089
25368361 25368375
25369263 25369278
15071676 25369696
25371786 25371793
25371896 25371897
25372083 25372094
25372283 25372291
12242233 25372798
25373522 25373529
25373621 25373630
25373652 25373662
25373686 25373692
25374371 25374373
25380011 25380017
25394113 25394115
12085954 25394843
4872437 25394897
25395530 25395548
25395565 25395569
25395841 25395850
10607029 25402362
25403884 25403891
25404116 25404123
25404607 25404612
6006100 25414152
18892008 25415137
25424326 25424330
25425541 25425542
25427245 25427249
25466266 25466268
25489312 25489328
25512315 25512325
6230785 25524504
25525193 25525203
7334549 25530712
25549313 25549331
25596072 25596079
25683858 25683870
25696999 25697000
25733116 25733123
13574398 25734153
12360218 25734336
23013093 25734362
25735447 25735455
5590172 9763551
25736786 25736794
25737542 25737554
25737875 25737880
25737914 25737926
25754612 25754628
25758971 25758973
20771267 25770312
25782996 25782998
25824911 25824924
5581565 26173974
5683970 26174104
13146113 26183953
2549393 2549387
19783712 26254754
26255508 26255511
5799059 26356690
26372967 26372969
26385820 26385821
26389129 26389130
20386922 26423575
26510136 26510137
26765902 26765919
26798843 26798847
26850219 26850220
7751902 26950643
26968815 26968826
27130029 27130039
27194880 27194884
27231350 27231351
27333136 27333141
27333253 27333256
27341000 27341008
27347457 27347461
27363973 27363975
27367432 27367438
27523553 27523554
27525427 27525448
27529109 27529110
27673558 27673561
27846835 27846838
27916198 27916199
27916325 27916329
27916381 27916385
27916439 27916443
27916863 27916866
27918156 27918159
27918594 27918602
27918652 27918655
27918668 27918673
27923502 27923509
27925943 27925947
27946247 27946253
27958053 27958056
27958227 27958232
27961502 27961506
27962152 27962153
14843081 27972104
28022129 28022145
28050459 28050463
28109918 28109922
28149387 28149389
28149661 28149662
28150939 28150948
28159247 28159248
28315479 28315485
28315490 28315495
28321437 28321441
28322069 28322073
28323000 28323004
28324204 28324207
28329965 28329970
28329974 28329978
28330437 28330442
28338301 28338303
2590626 28348587
120815 28349562
1890755 28350901
462304 28351147
329907 28352349
1247522 28352641
444107 28352725
2051717 28353335
4585798 28353443
819327 28354760
2533591 28354934
4257989 28365398
6383492 28371103
6006489 28371203
4273959 28373824
206571 28382785
1704581 28383976
2050026 28386065
2967 28386372
411453 28389853
3787494 28391042
5685 28392541
388719 28392887
14696619 28399771
111469 28401131
678772 28402237
1213432 28404885
22740845 28417902
28421273 28421292
992471 28423016
28424032 28424049
28427377 28427405
28427477 28427492
28427642 28427649
3151529 28428145
11755642 28431559
28435729 28435742
260840 28445376
28448187 28448207
7094453 28452307
28452708 28452724
1612893 28458515
13138 21954790
28474877 28474896
214214 28476845
1037885 28478050
1300639 28479658
4041013 28480649
2085893 28480975
230428 28481680
28485842 28485848
18662 28491849
153026 28493401
357571 28495618
7162706 28496565
357643 28499095
357560 28500711
4607400 28503430
789817 28356445
2905328 28506336
392354 28506371
971556 28507603
357603 28509889
362794 28511200
18755112 28512511
2635144 28520382
454058 28520959
645438 28521089
474564 28525442
1180941 28527857
236139 28528708
22042164 445259
6703901 28531034
477127 28533815
630621 28540253
828507 28543640
332032 28544180
12146591 28544259
1442833 28551784
112945 28552888
292025 28560589
4561993 28562888
2033145 28568470
5919492 28568722
40516 28579774
834416 28580490
28582652 28582658
1545807 28592677
3052792 28596430
2888094 28597199
6321909 28599799
5586242 28602963
2909770 28603148
877402 8280027
560175 28604095
755321 28604430
3792667 28607393
444865 28608009
2102783 28609581
6332610 28610353
28610450 28185841
834481 28616026
28616658 28616665
5056612 28622257
633570 28622990
5134360 28623833
23686025 28624831
3051819 28625056
8382687 28625239
13244693 28626109
5918916 28626571
2022197 28627415
23567819 28627538
366816 28627916
469063 28628183
346890 28628217
122525 28629729
28370025 28629846
66860 28630292
2106850 28632946
4751117 28634311
6317984 28636460
4269011 28638406
11479970 28640133
802182 28640597
20345725 28643156
1445797 28645109
1301417 28650877
16496613 28651148
5683801 28653257
4731800 28655080
2082343 28660424
834467 28677439
28683052 28683073
1748641 28683140
4188353 28685231
205234 28685548
9589301 28688122
5611140 28688830
4208779 28689152
2411460 28689781
4664263 28691486
1069149 28693265
2154682 28693719
2040122 28697557
8783041 28704393
22437815 28707719
1773672 28708368
4809557 28712482
8311712 28712862
6385962 28718759
4783019 28722528
15775328 28723008
28728182 28728205
3152337 28728226
1865620 28735759
357541 28743260
2134720 28746980
4816532 28747488
28748149 28748165
28752280 28752300
1291020 28753275
28753942 28753971
5688903 28755889
4587879 28757272
28759353 28759378
16583549 28761650
28763615 28763628
766327 28780918
28781069 28781078
5973474 28782711
6701613 28782807
28787235 28787257
2022193 28790159
1795997 28795002
28805668 28805692
6111349 28807171
6332884 28820319
3793700 28820788
291561 28822583
9034122 28822883
834454 28827625
4689593 28829420
7805083 28830985
28834045 27651273
4268712 28834345
518007 28834436
15733235 28840290
6332592 28843167
21707578 28843449
9726585 28846509
14987331 28848401
8646769 28848516
2114498 28850835
28852067 28852077
3017988 28852516
4325845 28868172
28880269 28880283
21410 28885771
10604073 28897042
28901634 28901648
4578234 28912930
28933927 28933934
176647 28944727
28949586 28949598
8391858 28952801
10164155 28971611
14345698 28974361
28975123 28975136
28991384 28991401
26183838 29002430
9133847 29011810
29012308 29012309
29015104 29015115
1487534 29021789
4265525 29035753
11656496 29035772
17089008 29036908
29037632 29037643
28626356 29039424
22603517 29039834
7291575 29051843
2750642 29052258
10320929 29055618
29055726 29055743
116344 29064735
12211560 29068982
632402 29074619
29077009 29077017
123257 29089190
29089938 29089943
8715622 29093727
29097233 29097245
29101381 29101393
20337666 29114654
868847 29126683
1400378 29141028
29168308 29168321
29169457 29169475
29174636 29174662
29201412 29201427
29204257 29204274
2837314 29238557
6383362 29246403
4802837 29248214
2432695 29257830
29262382 29262397
29263657 29263663
29267522 29267532
64283 29279524
29284709 29284720
122432 22402700
29297817 29297830
29305244 29305250
4695772 29306598
6695077 29314943
12150781 29315535
29327678 29327693
2418396 29354188
9973113 29354903
5142837 29355095
19268371 16789918
2407256 29357687
19079524 29358912
13377055 29359888
29366168 29366190
366820 29385107
9006863 29386481
18925344 29388965
11526136 29389302
29391030 29391043
6214461 29396160
5586267 29428477
6382160 29428855
1368985 29429526
22540080 29438863
16307239 29457714
29460486 29460502
8171997 29466554
29477869 29477880
29484195 29484205
29484333 29484348
29484415 29484420
8742387 8742386
29491350 29491368
29492133 29492152
22954205 29507000
29507149 29507155
26196829 29511486
29512986 16102086
1903779 9362802
4467684 29515251
29515484 29515511
23284301 29515651
29518337 29518338
29275691 29520145
4465776 29533752
6006208 29535580
10461316 29537701
29539812 29539830
29549205 29549221
29549903 29549905
29554313 29554327
29554365 29554386
29558270 29558285
5584630 29561803
6332727 29563945
10344821 29566581
29568737 29568750
26724097 29573866
29577000 29577020
29583239 29583249
11980747 29591005
29539714 29602805
4829699 29609454
9784156 29611957
29624474 29624489
23170079 29624649
29629569 29629594
29633030 29633053
29634386 29634402
29634686 29634697
23840060 29636230
19026456 29636298
16061565 29637282
29638184 29638208
5590134 29648259
29661483 29661501
29661483 29661502
29667110 29667112
29669558 29669571
29674588 29674595
14472391 29678626
26799039 29685804
29690167 29690172
29694938 29694949
29711202 29711213
29715699 29715708
6382661 29718445
29719109 29719125
29720261 29720268
29720529 29720540
29721910 29721914
29726193 29726218
2776025 29729679
9730038 29735553
29743502 29743520
29755443 29755452
29755979 29755994
29767138 29767155
4570578 29767300
29782259 29782272
16741469 29783299
29794710 29794719
14506019 29794814
28327209 29809124
10512524 29822253
6383437 29822466
10558487 29829679
4806333 29854606
8079594 29858251
7753012 29858944
29888299 29888303
6333566 29889818
469321 29889875
29893646 29893656
29897094 29897108
6313334 29900456
6327316 29907619
4884881 29907746
29942573 29942587
29945479 29945498
29952097 29952103
29961617 29961626
14952066 29962471
6382423 29963122
21605283 29963205
29963436 29963443
2324013 29964099
29964589 29964604
29981974 29981990
29994593 29994609
442982 30006688
4816012 30007883
14784482 30009639
13205895 30013660
7632620 30014241
10597885 30017036
30019761 30019776
30029027 30029032
15446077 30047396
30047624 30047631
3006409 30048050
30048068 30048075
4765188 30051587
2869254 30051721
1083485 30052945
633588 30053666
30055834 30055850
3000360 30061153
28384029 30061388
30061423 30061437
30061712 30061720
2943237 30063220
30064446 30064450
30068955 30068974
13579411 30087073
27220494 30093292
11654288 30125958
6333685 30128156
13785488 30157593
4605092 30161237
30161553 30161558
30162804 30162814
30163115 30163135
30163201 30163205
30163264 30163281
7752072 30163352
30163632 30163645
17413458 30163750
8285932 30176538
30176569 30176577
30176843 30176850
6111410 30177184
2462167 30177992
28384030 30180842
27915941 30180904
4274223 30182483
4789423 30183772
30184728 30184740
2262197 30184961
30185204 30185205
1812935 30185819
14892468 30185852
30185924 30185927
30186235 30186246
26178085 30186468
30188975 30188994
12007661 30189607
25476256 30190484
30191250 30191281
30203914 30203935
30225567 30225570
30228651 30228667
12917913 30232920
5056319 30245480
4591040 30252506
30254275 30254280
24049944 30281158
30281274 30281287
30287292 30287309
30295668 30295686
4575638 30304672
30306328 30306341
30311292 30311307
1101935 30312636
30334098 30334104
5799425 30338488
6385453 30340406
5050981 30352875
30366841 30366852
30370011 30370018
2635903 30374063
23091874 30374966
12205958 30392166
30409033 30409034
15780615 30409188
21605673 30409727
30410705 30410719
30410811 30410820
30410973 30410982
30411418 30411421
30431744 30431746
6299874 30432078
30436847 30436848
4617187 22131759
30437610 30437638
4834189 30440622
19170778 30444320
5593890 30445097
30445169 30445187
14891543 30446346
30446492 30446500
30447457 30447477
30448682 30448705
30449645 30449662
30449798 30449808
30506147 30506156
30543629 30543638
30692577 30692585
5584779 30724718
7642022 30724914
30782502 30782525
22604259 30933502
30999997 31000006
5584578 31001688
1156898 31011617
12892486 31025232
31082005 31082027
12892504 31087879
2312410 31126028
31143619 31143638
31245341 31245347
22522258 31255115
31258860 31258881
19201432 31259904
31260023 31260035
31260061 31260066
31260079 31260084
6313514 31261904
31268839 31268842
31270875 31270884
31271750 31271756
4630051 31278837
14682876 31281974
31294514 31294518
31336926 31336927
31337576 31337588
6333705 31337772
5603062 31339134
8846859 31339238
6332997 31339279
14892383 31339459
13741626 31357449
31360983 31360995
31402420 31402433
12264704 31404099
5585254 31404172
1157879 31411763
18957239 31423759
31433773 31433787
31434847 31434865
31461211 31461223
14506036 31486248
31486346 31486354
14519640 31548634
31559783 31559801
31567619 22132489
31568057 31568065
31575140 31575146
5603043 31639149
24919431 31641124
31643429 31643439
6208960 31651876
7752611 31652054
31652190 31652200
31652210 31652222
31652516 31652527
31652538 31652541
31655615 31655620
5089382 31655656
31655845 31655860
1749321 31655946
31656058 31656069
23087098 31656127
4575351 31656201
6302656 31656848
31656924 31656939
31656950 31656955
3072288 31657060
31659273 31659277
31668418 31668424
31668435 31668447
31672285 31672290
31678627 31678630
4576762 31678763
31684769 31684773
28834060 31684915
31685101 155462
8948835 31685142
31687249 31687260
6384889 31687296
31687416 31687429
31687934 31687952
31697902 31697905
31698449 31698456
31699443 31699455
31708654 31708685
31748022 31748026
31749511 31749530
31766292 31766299
31787222 31787226
25527713 31807323
31820262 31820266
379098 31820420
31867355 31867367
20390068 31903839
31987063 31987068
32004337 32004343
32004759 32004764
32005078 32005091
32005576 32005579
28018355 32005919
20392440 32006666
32007405 32007408
20389867 32007500
32007933 32007945
32021875 32021892
7751875 32028331
32033345 32033350
15446082 32158409
32161568 32161569
32417234 32417249
23294811 32417287
32417288 32417299
5595798 32427028
25466122 25466123
393644 32594039
26361826 32598780
32601572 32601578
32619431 32619437
7948063 32639643
32741371 32741374
31440637 32744258
32938938 32938939
33046494 33046501
32139289 33143389
7694402 33372110
33537163 33537169
33538515 33538519
33544605 33544606
33605349 33605353
33637492 33637494
33729054 33729070
33833145 33833167
33834697 33834705
33855878 33855879
33867028 33867034
33867046 33867052
33868498 33868504
33878691 33878692
33919523 33919527
34102896 34102902
34103562 34103566
34112524 34112530
34113234 34113238
34113926 34113931
34113932 34113937
34113998 34114003
34114406 34114409
34114881 34114887
34115872 34115875
34115876 34115878
34115969 34115972
34116142 34116144
34121912 34121916
34122842 34122844
34125965 34125969
34126421 34126424
12226821 34170154
34279950 34279958
34342212 34342214
34370232 34370233
34500428 34500432
34501355 34501358
34508091 34508095
34513701 34513711
34515816 34515822
658103 34526166
335089 34529067
64396 34529967
1026957 26984878
34535308 34535332
632202 34536781
35732 34536858
462303 34537337
2969 34538707
84600 34541068
471486 34543331
3444123 34559707
2397660 34560854
161399 34565612
9168682 34565934
232491 34566710
21418 34568383
614217 34570598
281455 34573125
8413221 34573262
303318 34584011
1171303 34584053
7801013 34587367
15329964 34588983
34591150 34591173
8203154 34591434
21411 34600391
25555587 34607613
837339 34611263
217892 34612174
2037024 34613179
229926 34614566
5584983 34615600
34615756 34615769
34616495 34616517
34617628 34617638
34618647 34618660
34623270 34623278
22416354 34624264
5797206 34625792
7753393 34637592
2598314 34650782
6332955 34663554
371213 34663990
115123 34672528
147798 34672982
61153 34675471
834493 34682121
400053 34682249
2487143 34683025
349031 34683392
1761902 34686353
4607360 34687283
834363 34687396
6382083 34701827
260843 34702020
64434 34705031
422237 34706272
1759562 34706945
8376687 34708150
319512 34711526
33020075 34715860
484892 34716880
1857530 34721737
64455 34722979
1460518 34723121
1432188 34725128
8363005 34725286
1890330 34743846
364861 34744359
81081 34744730
12283547 34745712
8476009 34747846
6110862 34752333
1896467 34759955
34771595 34771623
20790793 34772466
8446088 34774162
99213 34775883
452132 34672529
176640 34784717
1094852 34787302
311064 34789137
501355 34789535
9616128 34790221
472840 34790542
1046830 34791402
2132262 34791442
34795957 34795976
34798124 34798138
4578222 34798600
7753852 34801711
7081313 34803640
4585768 34804251
6704090 34804371
1005349 34804427
23158021 34804594
15900142 34804615
16452229 34807110
2556157 34807402
2539613 34807761
28625322 34808284
5859526 34809161
14934023 34811755
3137054 34811831
5137078 34815469
3474359 34816588
2097790 34818504
15638643 34818970
483866 34819528
22096988 34823146
3442766 34825985
9794905 34830860
4268976 34833078
4615372 34853105
2704384 34853927
7526283 34856229
462039 34856835
13576513 34860656
5067786 34861327
34861694 34861720
232173 8726453
34872146 34872171
3000629 34873708
5134412 34874318
34879129 34879148
4307424 34879471
4322784 34884841
357578 34887889
28331348 34897817
1248042 34901912
364151 34907997
2076127 34916654
14200186 34917344
22082759 34918221
6382846 34920691
1557016 34921101
31467278 34924171
34925814 34925815
1658414 34929474
1602252 34929685
3441419 34936347
34950127 34950129
34955138 34955146
20345643 34971944
28412269 34972647
16100024 34974162
64282 34979525
34979586 34979593
1132996 34989772
7802930 35000290
9784229 35001220
4809507 35003177
35007147 35007170
35008230 35008261
35008286 35008310
26953609 35012858
1102008 35013583
1969258 35019609
282829 35020544
736180 35022269
6345344 35024411
4975795 35037101
20507591 35038762
35043608 35043620
6698518 35048896
518465 35050576
22264644 35051422
8381224 35053787
20341673 35062509
1049331 35086357
877548 35088867
13578757 35090587
1222064 35091762
2094565 35094219
7751841 35094419
8274806 35097433
355267 34801327
25444187 35101096
5117026 35102551
35107221 35107241
4586150 35112078
28981575 35112197
1026523 35117181
35119472 35119498
1002230 35120904
1283542 35121317
6386404 35122032
17536784 35136957
35139679 35139695
17702 35163369
35164382 35164394
4575152 35168224
9389605 35184154
12228456 35186017
35205632 35205636
35206498 35206517
1780417 35216468
22364409 35247411
35248750 35248762
13634565 35258413
4465856 35259196
28535280 35260051
32644877 35260135
35263155 35263188
4799394 35263789
5215117 35263995
35270426 35270427
35284942 35284952
35311490 35311502
35328174 35328191
1628801 35349622
35367868 35367883
14690735 35370016
4275230 35371886
10332980 35373417
35374085 35374091
35374147 35374164
18849592 35384110
35387953 35387966
12925291 35388821
6333670 35405122
35416686 35416712
35421496 35421514
5799686 35434873
1901130 35441969
35442597 35442613
7623672 35444741
35448211 35448219
8491282 35448750
11608289 35454510
4592974 35456757
7623614 35466209
4798838 35492723
4738978 35509291
35516983 35516996
12424045 35518051
19957899 35519889
9115609 35530043
22848824 35541261
6316803 35547759
4734786 35547901
4873287 35548260
1722641 35549907
7162490 35558803
13548734 35563938
35576349 35576363
35580395 35580405
13579317 35581396
18922805 35590026
7633960 35592848
4306893 35598091
35599925 35599940
7332540 35600200
22433946 35600280
20390134 35606284
20390134 35606285
2601482 35617758
29411485 35626406
35627767 35627781
28224146 35639769
4817370 35641849
11742132 35643424
35649566 35649584
35649618 35649621
35650762 35650775
35656591 35656617
35674500 35674504
791514 35685959
1902682 35695843
33020306 35697518
35700016 35700049
35702146 35702156
35707035 35707058
35707118 35707140
6806442 35708236
35714567 35714571
35714753 35714760
914856 35715171
35717431 35717442
20672952 35717605
35727885 35639993
30157812 35727999
35728914 35728935
35729306 35729317
35730683 35730689
35731451 35731459
7526779 35733259
9316611 35755103
16623918 35769828
7632632 35770549
35770846 35770851
7526374 35779690
18849042 35790413
35796113 35796132
35803312 35803321
23096837 35804974
731317 35810902
6374900 35815153
35816172 35816187
35822713 35822732
2311395 35829957
35830716 35830720
35832150 35832155
35832358 35832378
35835702 35835716
35839278 35839291
35845012 35845013
35845751 35845752
35848155 35848172
35854088 35854106
22361978 35855919
629622 35860435
29765680 35869721
21381623 35869734
9385630 35871236
12919571 35871422
15964353 35874185
31256506 35874208
35874736 35874753
35882238 35882242
2624139 17258947
489706 35889316
35889881 35889885
5969315 35892377
5969315 35892378
35893711 35893725
11996432 35901399
11966434 35905548
9712944 35906393
35912239 35912258
14042800 35919475
35951970 35951976
569580 35953889
17332456 35954781
4086378 35958260
35981426 35981431
6310906 36006650
9622055 36013248
36025063 36025066
20346735 36025507
7753684 36032055
36036004 36036021
33123366 36036614
8879733 36046357
18875249 36046694
36048511 36048525
28979980 36052596
36053728 36053734
21774623 36068015
24034330 36069313
36084366 36084370
12228124 36084468
12096589 36092498
36097176 36097178
6111402 36099127
12119302 36108630
12892196 36109016
36109101 29964572
36109253 36109262
2328382 36118028
6314502 231164
36156014 36156041
31678520 36157498
35984840 36160596
13626971 36160909
23773157 36161211
36163135 36163147
36170013 36170040
20065827 36171391
36171489 36171500
36187747 36187753
5601886 36188021
36188520 36188542
19774830 36188561
36191681 36191692
36200982 36201002
4603893 36201524
36202004 36202025
4607271 36202304
14523265 36203104
18880612 36203271
13624666 36204031
17387348 36204644
36205681 36205685
32847282 36206603
34163845 36207461
17132106 22525970
6383802 36208334
36209080 36209093
36209423 36209428
31726814 36212359
5893459 36220800
32705830 36235804
5586034 36235961
15153769 36236568
2628238 36274377
36274923 36274941
22236081 36283410
27917669 36288809
35521505 36297310
20390988 36297812
36298667 36298677
36299132 36299149
5116220 36299702
17165201 36299813
2864596 36299831
995542 36300289
5871340 36311504
36312126 36312149
22692801 36313706
6382209 36314581
36314955 36314968
29735351 36315385
6328862 36318024
30395834 36318683
5584828 36319043
36320119 36320127
10288874 36321714
36322600 36322608
25569597 36323024
36323171 36323181
6385639 36324966
36325158 36325161
36325182 36325191
26870934 36325988
36326135 36326144
33063421 36338687
36359589 36359607
10522718 36359843
23149280 36362800
7028864 36376516
36385847 36385865
36392008 36392021
5583895 36396844
36398302 36398327
36398670 36398683
30061069 36405869
64323 36412411
7332737 36419356
5584190 36429746
36441545 36441556
36442597 36442606
18856937 36446015
1774767 36456543
22741670 36465725
36471041 36471053
36472292 36472300
5852674 36484639
36484790 36484811
4762558 36484926
5588563 20544987
36498964 36498967
36508669 36508673
2584577 36510360
12924398 36536419
14892341 36537129
7752224 36537157
18842106 36537201
9660224 36537407
1996084 36537577
19083491 36538064
36538805 36538810
5837986 36538962
36539269 36539286
36539379 36539396
36570462 36570476
36571083 36571097
28862990 36571121
18622913 36572419
5858514 36572662
36573168 36573191
7534111 36573903
36575321 36575326
4817005 36575825
22831284 36575996
36576238 36576252
25476255 36576642
13146897 36576898
5142437 36585566
18838502 36667814
2614360 36814745
7333187 36833757
36835095 36835105
7752007 36836193
36875684 36875690
25555589 37094113
37103779 37103788
1449647 37182297
5584595 37184663
16997107 37193858
37200605 35595242
37205388 37205395
8098557 37308621
37316531 15469395
13281640 37356206
33021180 37360231
1102039 37360585
1185961 37367318
37367441 37367447
5593901 37374505
6314412 37379865
37406547 37406555
4468914 37432219
37439102 37439105
37448916 37448923
37465922 37465931
11743416 37486658
37486773 37486774
37523700 37523709
37575764 37575774
26174103 37635493
20317026 37654390
37654679 37654694
31885236 20403333
13280193 37729992
37736300 37736318
37739023 37739040
37739066 37739081
37740130 37740140
5583750 37740334
37740606 37740613
37740847 37740865
37740976 37740982
5855057 37741110
37741168 37741181
37741633 37741641
37743298 37743305
37748009 37748033
37749875 37749881
37750043 37750047
37750100 37750108
10563777 37750122
37750288 37750305
7162630 37752393
7752038 37761627
12900484 37761642
5590111 37761717
13560936 37761725
37749615 37761795
37761796 37761802
37762231 37762236
37762837 37762842
37763041 37763047
6550028 37763834
37771394 37771407
20390548 37771755
37775793 37775804
36109125 37780967
4603925 37781038
12336788 37782697
37782848 37782850
37790308 37790324
4690643 37792216
37822979 37822993
37824621 37824624
37852139 37852158
4275900 37852177
37876005 37876009
37916369 37916385
37954087 37954093
6382969 37982222
38002690 38002693
16583548 38043205
38046061 38046062
38062593 38062601
20390454 38062610
6375185 38079447
6333559 38080276
13626430 38080429
10483111 38080677
12891760 38081065
38083013 38083016
5761678 38104676
31677841 38104879
38111953 38111972
5196291 38213818
5584308 38222204
26447461 38463753
38463791 38463792
5594289 38471477
12908424 38478395
38495976 38495981
32639533 38668535
38690286 38690288
38690773 38690778
27258347 38691591
38693890 38693900
38697571 38697577
38763850 37698131
38774216 38774220
38774252 38774257
39118915 39118926
7332946 39197392
21247557 39197410
39227985 39227995
39227999 39228002
28017221 39359213
39361770 39361792
39361797 39361823
39382089 39382099
8483861 39397213
39398854 39398861
39400495 39400512
39463019 39463042
39499423 39499437
39548634 39548640
39556248 39556252
39558846 39558851
14170666 39558945
39564065 39564066
16599080 39566117
39584686 39584693
39646418 39646420
39649910 39649919
33016116 39663354
39667513 39667514
39718413 39718415
39721339 39721361
39734843 39734847
39825540 39825549
39837100 39837105
39837297 39837305
39843178 39843182
39855425 39855426
39857984 5987121
39868080 39868088
39987530 39987534
39994404 39994410
40109815 40109819
40110285 833568
40110352 40110356
40110366 40110369
40110450 40110451
40111643 40111645
40111762 40111765
40112325 40112328
40112659 40112663
40116249 40116253
7752754 40122610
21556265 40156880
33831319 40247681
40270346 40270353
40328637 40328638
29098315 40328679
40328813 40328816
40485580 40485584
40492371 40492375
40498949 40498953
40500301 40500304
2968 40512401
329883 40513192
8133357 40515519
201939 40520195
1037888 40523378
1096138 40523415
273434 273411
5970672 40524574
40175 40532225
912534 40533082
361539 23190473
290341 40541211
1745354 40542442
4784066 40546173
261383 40547499
279864 40550726
446200 40557784
1335175 40558228
1873136 40558515
25119223 30157388
5188157 40560271
901210 40563800
1300220 40569402
114899 40569440
1613458 40571865
28409804 40577241
4270524 40578633
4758026 40579241
40581129 40581159
34624214 40584460
28056976 40588794
18566 40594430
8804892 40599057
40599618 40599621
2041923 40601548
7944396 40604206
40608135 40608146
40608150 40608174
583793 40611220
8911209 34914237
40618190 40618202
22057177 21082673
40624437 40624457
5877537 40625903
13914278 40632888
45448 40640228
40643193 40643209
10291773 40644864
2180345 40646128
3187526 40647531
615328 40647672
238399 40648991
21415 40649394
9357859 40650460
163170 40659257
361540 40660402
16601126 40661320
8277196 40664941
15393074 40667930
276965 40668370
2206349 40673315
2027705 40674388
2088224 15286703
1100495 40678064
388715 40681830
3443127 40683957
2991033 40684963
100811 40685501
6006161 40686641
292026 40692420
1228673 29537567
313364 40694724
654188 40696528
15501372 40706959
1864707 27790206
1330300 40709823
147829 40724912
251235 40726579
12559470 40727744
4806368 40728592
12202880 40733265
7944780 40734425
40747224 40747253
8165242 40747604
278214 40751567
661325 40755357
18159794 40755372
757312 40755449
28761649 40756171
8639851 40756353
26798142 40759161
34545999 40707139
6541859 40761812
8420004 40767565
1842021 40768150
2698889 40768733
649424 40768801
1657963 40771404
4586255 40771792
400321 40774529
1950294 40775546
4817044 40776774
4042720 40777057
40777946 40777960
33859761 40779090
21614630 40779363
11991596 40780984
4606839 40782898
8483555 40783727
39605697 40786665
8460951 40787012
10042877 40787845
6331483 40788221
10563750 40788458
541634 40789484
2482109 40790172
16164388 40793040
1861627 40796335
25250 40800866
9363318 40801513
1316880 40806504
1934238 40807488
13560529 40812893
4195435 40813766
35263793 40835300
4606583 40837778
17083963 30334699
4596272 40838445
7804508 40842363
932438 15751907
325700 40850348
833972 40851774
1002223 40861044
578061 40862558
14222353 40867274
14175782 40884415
4666728 40889396
4327149 40890202
14891459 40891515
40892330 40892351
971883 40894302
11964117 40898545
4757999 40899401
4233718 40901147
12000410 40902569
14935130 40906097
4587901 40908423
5138884 40909248
30800688 40909277
6488332 40915116
6316600 40918449
6342508 40922878
351008 40927306
3012627 40931494
5141109 40934026
7525783 40935667
6319018 40937535
629005 40942994
4159891 40947849
5197144 40949160
4762241 40954554
4850580 40960808
40964153 40964177
357572 40976745
7284844 40977963
40978722 40978753
5864066 40979240
7332557 40983641
6541783 40984280
40985767 40985780
2489181 40991586
40992037 40992063
40994035 40994065
4798923 40994580
12200962 40995852
4327094 40998503
41010173 41010183
41010630 41010651
20666306 41010767
41011781 41011793
41017103 41017127
6332466 41018911
41023297 41023315
41024636 41024648
6332897 41027180
41028979 41028987
357566 41031228
4884634 41042559
28389887 41053142
3403121 41073936
21113012 41074997
35232542 41075322
16598673 41076555
28762195 28762229
1366135 41085277
7632761 41087702
21954087 41087874
725033 41088016
7533989 41089935
6318826 41091120
41092566 41092596
41104303 41104317
992429 41108527
20346950 41110550
41113961 41113963
16719538 41123014
36739303 41123276
33834698 41127950
9068948 41131094
2522602 41152018
41152975 41152985
2429419 41159122
4578219 41160037
41173696 41173720
4615399 41175672
18949508 41176984
6332938 41180713
41187943 41187962
35821172 41192783
41200202 41200215
8593527 41210024
12212286 41213309
1423516 41221772
6692337 41223112
2896679 41223746
13623809 41227431
1248038 41229501
40234192 41235314
41238550 41238559
25430621 41238860
2428746 41244096
4574010 41245481
10086534 41251654
5588931 41252460
1332542 41255887
774761 41256196
4607934 41256542
41257643 41257664
41257737 41257753
2017676 41267982
1632158 41271414
41274036 41274053
19005792 41279467
41280441 41280451
41281196 41281220
4898466 41306460
41310630 41310639
41314802 41314826
4275396 41329067
4798339 41330955
41336816 41336820
6297865 41340088
1048719 41358008
41363626 41363654
41385965 41385977
41392029 41392033
41395367 41395374
41398968 41398976
6313313 41406206
20059855 41406896
41411262 41411274
2370981 41416559
41432063 41432074
41436578 41436593
9619781 41438870
41438878 41438896
41454038 41454045
4354270 41464921
18583049 41466080
14188370 41493116
11741716 41493295
1941824 41500582
5582205 41502035
4876349 41504962
18922659 38078556
20346731 41510755
41515730 41515739
41528089 41528099
6287827 41529473
38152101 41534955
41539110 41539119
7633122 41539514
20319485 41541781
4817526 41543753
6386539 41552329
7535632 41552621
41563282 41563300
41568965 41568982
41573049 41573054
25070726 41578843
4270701 41583604
4762137 41587075
4809613 41587557
5140894 41601046
41601746 41601755
41608990 41609000
18519049 41611267
18949509 41613757
35879032 41614143
41614936 41614949
41616907 41616917
9064185 41633253
41633911 41633924
16727901 41643258
18930192 41646248
39864280 41646496
40994294 41648118
41652467 41652473
41665561 41665572
8488511 41665972
41668972 41668984
23309592 41669565
16204704 41672071
15917942 41673162
6345517 41681251
5589631 41687806
40081104 41692275
6332553 41696646
40201517 41697139
41697774 41697790
41698484 41698495
41716861 41716864
4092526 41716943
8753316 41718457
12202480 41729458
661292 41729667
41737116 41737118
41745169 41745192
19327436 41748521
41760181 41760188
13578586 41760379
2979135 41769650
2475545 41779455
7752221 41788240
41807969 41807970
4815164 41814922
12485600 41823920
5116349 41824376
474790 41826644
41828382 41828398
41668980 41828521
22165342 41829945
474805 41837881
4338431 41839954
41867848 41867866
41867873 41867895
41868356 41868359
2076434 41869664
41871211 41871214
10603178 41929887
32003329 41948368
41956989 41956990
11964244 41964378
36452943 41982620
6382751 41986956
19225653 41987214
17388429 41992993
41997154 41997160
7695049 41997407
617012 42002082
42002681 42002683
41539506 42011236
42032433 42032434
42033750 42033759
42052937 42052952
660244 660263
2422201 42054261
38965518 42055454
8319700 42061190
42063662 42063678
21777724 42066030
12894614 42070497
42082764 42082771
7752069 42084127
26799292 42084836
42092758 42092762
40111215 42103888
42104772 42104789
42105259 42105277
13562031 42105361
42105734 42105751
9681857 42105812
2029728 42110368
42116525 42116536
6111176 42123070
8629047 42123127
42133979 42133998
9184367 42139055
5587722 42139450
42139509 42139526
33061815 42139576
13573683 42140375
9599642 42146758
2929531 42146840
42147856 42147859
42149512 42149528
6317539 42150354
6328827 42150472
4307434 42162539
20343646 42179309
42179574 42179599
7752708 42180091
42180800 42180818
6328854 42181388
6374595 42183206
2656352 42199066
18587154 42200508
42208071 42208075
16218175 42217046
14776944 42217625
490648 42231844
18511037 42231908
42239676 42239684
17546556 42241297
2961434 42241537
2956905 42243979
5858194 4093851
42258045 42258052
42258374 42258381
4647404 42258524
42263217 42263221
4765271 42263692
42265387 42265394
4799493 42265531
25133039 42265623
25471972 42266195
5603119 42267100
42267510 42267519
42270543 42270569
8447261 42271104
10146790 42271187
42286831 42286843
6394081 42306555
8277195 42316996
33470210 42321008
42322308 42322325
42324390 42324403
42333648 42333654
42348544 42348551
42360006 42360016
20333781 42361598
6333395 42377563
19053200 42377962
42378192 42378198
6006340 42380917
42386309 42386312
42386580 42386585
36494785 42406537
42409001 42409012
42409360 42409365
12175523 28634267
13145976 34237789
21203860 42412045
42412255 42412265
11985083 42422825
42423462 42423473
25569887 42424068
6386414 42432669
30018518 42436725
23716265 10269119
42447590 42447605
5594342 42473633
24969718 42473653
5585614 42474676
4584444 42475026
1519624 42475147
5603090 42475176
6314375 42475429
7752166 42476263
42476971 42476989
6333772 42481752
42501960 42501968
21237185 42508992
13579714 42509211
42509455 42509467
37665196 42509578
7753608 42509596
42509808 42509820
19722145 42510061
2493251 42511152
21408329 42512193
5584482 42512416
4802352 42513002
4306747 42513157
5583159 42513210
11746778 42513300
42513637 42513654
2988317 42514835
19200736 42546215
42723189 42723201
42757000 42757010
13573829 42758323
42758645 42758648
7635576 42759319
42776448 42776466
7294584 42832523
15919443 42968778
7874519 43018401
43021279 43021287
27919568 43021894
43046798 43046821
14011560 43099833
32145868 43109447
22604263 43111523
19252013 43117182
16958883 43269645
25770311 43271150
12199986 43278524
7752308 43285845
12908051 43286446
43290630 43290634
43299397 43299403
11984163 43304506
43324733 43324746
43337985 43337989
43343359 43343362
43345001 43345033
21783422 43347615
14345592 43350676
18510891 43350706
25371792 43350739
5021205 43350978
43351534 43351545
43385487 43385506
43410427 43410435
43430228 43430237
43439126 43439130
33021210 43466407
7753149 43566412
15624820 43575029
14718845 27311602
43649792 43649805
28017608 43649916
43650370 43650389
43650393 43650408
43650876 43650880
43651708 43651717
34036218 43651945
5858407 43651999
7752580 43652208
43652811 43652817
43653328 43653343
7752614 43653508
33055545 43654300
43654395 43654400
37743511 43658485
33019691 43662470
18856273 43662660
43662955 43662968
43674448 43674457
43674688 43674691
41060852 43675101
43675536 43675543
43681205 43681211
4587212 43681341
40118428 43683470
26832671 43693341
13625425 43693786
31352448 43701860
29554384 43702577
43703395 43703402
43703562 43703569
43705988 43705989
43709376 43709378
43719537 43719538
13627768 43740704
10609372 43746782
43764529 43764538
4815235 43774887
43776592 43776606
43779322 43779326
43786600 43786606
43789123 43789126
43804857 43804880
43817091 43817092
43825723 43825740
36537127 43825993
6383055 43846940
43852795 43852798
43908538 43908554
32650926 43913969
26785752 43968569
1319885 43968780
43968986 43968991
7753809 43985510
4820383 43986609
43987496 43987500
6386466 43988118
43988234 43988241
43988476 43988483
7344323 44007777
44008642 44008655
5143088 44017384
6230553 44017447
21247584 44017488
44017502 44017510
7294987 44057579
31624987 44107123
16421329 44120211
13492136 44288319
44320678 44320694
5056347 44342124
12908422 44342207
5590156 44348498
18891277 44473543
1368983 44504896
21923868 44554972
44812431 44812436
44889339 44889357
44901198 44901206
44904945 44904956
45020111 45020112
7344325 45057535
45215668 45215676
45215809 45215810
45326009 45326018
45384586 45384596
33176722 45384909
45393794 45393796
22198720 45397312
45398218 45398221
45404713 45404720
29573689 29573686
45455577 45455589
45511904 45511917
45559427 45559428
45563695 45563699
45565683 45565684
4163111 45678422
45829680 45829690
45842986 45842990
45952335 45952339
45952356 45952371
45953972 45953975
45954000 45954004
45954118 45954123
45954148 45954150
45956998 45957002
45989741 45989749
45990119 45990126
45996637 45996643
45996775 45996776
45997589 45997592
46046760 1698870
46073325 46073332
46079169 46079175
46106048 46106053
46152808 46153082
46164017 46164020
46164096 46164098
46167982 46167983
46241301 46241313
46326575 46326579
46326594 46326598
46327786 46327798
480709 46343715
725038 46343850
6258479 46347066
508522 46351445
8577616 46351824
9265 46353969
405405 46354356
21509 46354838
189525 46370245
652671 46374566
1706628 46379721
232370 46379863
850359 257242
46382583 46382604
69660 46382888
400322 46383665
2088501 46385867
64443 46389494
1092503 46390581
1092503 46390572
1275478 46390803
3148658 46390849
179408 46392873
106314 46394561
289159 46395740
303315 46398383
9414332 46398799
35084555 46406763
15386858 46407217
15945882 46407765
15341937 46409561
122026 46410515
46412174 46412182
7471181 46416652
211191 46420691
112921 46420788
474825 46425470
281454 46427306
1916678 46427784
1313765 46428185
5174702 46441153
28794995 46446391
1191851 46447037
46447758 46447768
46450739 46450754
38151288 46454864
657319 46456048
46462174 46462195
10204411 46462984
1113890 46468572
295759 46472199
293837 46473213
26304 46474656
725151 46474731
114900 46478365
153013 46484863
13921 46485827
64366 46486064
251767 46486452
4746106 46487028
816501 46488000
360300 46489167
241808 46495430
719957 46499007
7332669 46500453
3026345 46500797
2998149 46501918
1818536 46504692
66552 46505063
5931555 46509992
10053657 46512954
8414026 46516052
958567 46516404
533900 46517942
2102914 46526277
280221 46526537
2184211 46530605
1203805 46531863
236021 46536594
4306754 46537487
281453 46544443
2118861 25443826
8828108 46556119
3567178 46565878
6382792 46567207
1493500 46567580
5142645 46571540
251764 15341064
2106535 46574883
4586024 46575678
7905550 46580834
8458078 46587554
1370561 46589257
4682175 46589293
2604567 46589974
39193446 46591133
7809140 46591395
1207245 46591827
1599866 46592882
7796266 46593323
561245 46593362
971876 46593528
1086005 46593979
6729101 46594921
487033 46595341
5665694 46595838
2788860 46596898
8403153 46598491
324586 46601687
1258468 46602112
9131847 46602598
8747998 46606197
46606906 46606934
6331987 46607588
2428747 46607876
10361912 46608350
2689914 46608803
1658416 46608866
4887010 26412280
417267 46613904
657804 46617709
657804 46617710
4585846 46620296
5178946 46620509
7634279 46620809
894236 46624089
4271169 46625461
499595 46626767
7632996 46629012
5584248 46630375
11992249 46630735
13578614 46632055
6315641 46633460
13575392 46635609
4592337 46655103
46655271 46655289
12919354 46656132
3417464 46656441
4589235 46657141
4337484 46658613
5602343 46659356
6486752 46663137
567703 46677887
4814888 46682702
729580 46682745
36349828 46682773
2651266 46693743
4276135 46705360
46708191 46708213
4816956 46708485
357527 46713602
1599816 46720538
971555 46721534
1789344 46725206
4271012 46728198
4661683 46730664
4885843 46731039
4591960 46731249
295758 46732293
7333104 46733134
46736708 46736721
46738154 46738171
46742470 46742489
5199570 46746393
46749591 46749623
46749926 46749951
243819 46751080
4806352 46752877
786491 46769351
46773472 46773500
6383120 46774823
9429122 46776177
4608015 46781475
4298579 46786358
7996650 46792459
1031149 46794738
6317223 46805634
7639313 46813046
23151975 46813929
46822070 46822071
46825688 46825719
886315 46871507
44629447 46871668
5608950 46871755
25476252 46871881
46872322 46872336
4772271 46873250
13157334 46873891
6704017 46875264
41742091 46876896
12149824 46878959
5584176 46883021
14946237 46883384
46884917 46884943
4307114 46889455
46891161 46891165
46893563 46893580
1988007 46895278
46896911 46896932
23630397 46900184
2128489 46901892
46902973 46903004
35668826 46933309
2076048 46940815
46942255 46942277
46947804 46947820
46949263 46949274
6332887 46959481
14541671 46964003
5761963 46976304
46978160 46978172
36023392 46979637
26408653 46983350
5046566 46991681
4993719 46992253
6333571 46993326
1248040 47018195
6348342 47021231
2515145 47021956
844292 47025809
5142845 47032782
7344353 47035563
23359159 47042307
7753459 47044254
27922550 47045810
7951137 47058527
36373679 47059326
5588801 47070648
5075551 47074021
4817212 47074230
25476253 47074472
2090523 47100477
7291721 47118840
32649733 47132414
47133778 47133797
47136747 47136764
5076332 47138006
5626123 47139874
47150100 47150105
47170506 47170510
2480628 47170731
5108786 47181906
47183025 47183034
13552752 47188425
21108333 47194663
15901640 2906041
47219047 47219058
47226799 47226814
5971834 47228331
4233417 47235108
47238679 47238708
7803226 47239495
47249134 47249146
44217861 47252670
6314023 47254139
2756932 47267764
47291975 47291984
37879326 47296396
37375598 47304438
46073239 47305938
47307641 47307645
638105 47309367
2542722 47310781
26798278 47310971
1884053 47315336
2082215 47323163
2431741 47333658
4762593 47336227
5603066 47336686
9671661 47342240
40236020 47342780
14502316 47343326
6326876 47345876
20389106 47352018
755978 47364158
33070278 47365505
3508698 36301132
11982279 47387567
4312305 47393260
16371289 47396481
47396517 47396532
832862 47398380
12211710 47401924
47401965 47401971
442959 47406011
23225913 47406084
868752 47406291
47411175 47411191
45951735 47411818
47412346 47412353
47412495 47412509
308630 47417667
47425593 47425619
6329207 47425677
47429228 47429233
47429509 47429523
47439442 47439456
47446508 47446529
8610174 47446851
7810955 47447079
3018034 47447420
47448865 47448887
47451640 47451643
9614729 47457504
47458876 47458892
31827695 47463129
47463332 47463342
47464211 47464217
25505466 47464316
47464456 47464473
43260972 47469815
26798246 47477888
4574798 47478153
5142593 47478388
23219814 47479897
37789436 8219483
12926354 47483242
22479638 47487176
38171037 47495741
15542335 47503812
47516473 47516484
47518805 47518807
35727820 47525206
47531125 47531126
47531716 47531730
8771794 47541258
47546892 47546905
47554963 47554975
15953722 47565733
3889377 47574406
14923020 47575915
47576107 47576111
47581094 47581107
47585159 47585172
47586762 47586767
20266075 47610399
37915661 47612930
47614340 47614362
39046134 47614731
6327413 47620986
5215153 47621938
47621963 47621977
47627125 47627129
34120035 47635577
13578315 47636294
47644065 33709034
4208788 47644112
7753417 47651462
47652701 47652707
47223977 47668970
2292495 47705324
6329991 47708436
7041225 47755238
21606380 47755346
14891801 47764279
47764468 47764483
7853911 47765534
23766059 47765869
47772316 47772324
6314311 47772374
20346663 47778962
47778998 47779006
10157921 47782127
47785929 47785939
19767722 47791784
5875974 47805971
47805995 47806008
14786184 47832188
4307780 47832345
7537366 47856963
47872057 47872068
47872215 47872236
20390839 47876755
5583857 47882553
23924685 47882739
47883601 47883618
47884370 47884388
17552231 47893951
6383892 47894525
6382059 47895176
18856739 21981004
5584162 47910464
29726905 47912120
12010369 47914526
47914527 47914539
47920439 47920448
2539122 47920844
2601801 47922193
6328120 47922404
2483214 47922564
47928080 47928098
47928104 47928110
4088090 47944401
37775981 47945987
13747644 47951003
47953574 47953575
47955675 47955688
47956085 47956094
47961662 47961684
11628590 47962708
4723474 47978533
9922862 47986146
48014634 48014644
12917844 48014700
48014998 48015010
12891575 48015144
48015448 48015459
22557339 48015841
15780614 48016034
4647401 48016296
48016412 48016429
48017926 48017943
46659347 48019973
26760235 48021497
48023183 48023189
28282602 28282599
48032143 48032149
2956772 48032182
7632489 48032326
5582244 48032403
30257805 2497282
48035721 48035729
48036392 46356998
48036485 48036495
40869584 48037800
12892026 48037974
34208693 48038619
17164634 48039327
48041107 48041114
7752393 48042516
21416222 48042696
31724938 48042751
44358160 48042795
48043982 48043987
48072642 48072649
4764598 48104129
13377451 48105410
48110933 48110941
48121625 48121632
48130016 48130030
48133134 48133140
22562871 48140222
48152689 48152707
15919444 48154960
48156381 48156388
48167845 48167863
48092710 48175177
48175880 48175888
25476257 48176169
14891654 48179084
25401807 48181501
15834864 48181956
6333691 48182816
48187119 48187130
48191539 48191546
7631760 48192376
12152226 48192889
6326960 48221746
6383384 48221989
29961625 48225350
39094984 48227230
48241736 48241744
11981288 48241789
4590888 48242450
28568478 48242511
48242517 48242518
17483213 48242648
48243065 48243067
48243105 48243112
24967145 48243214
48243810 48243821
48246112 48246115
48268040 48268054
10139069 48269942
48275318 42509208
48275497 48275507
33020151 48275920
48276170 48276177
5585609 48277277
17518265 48277422
23829336 48278799
48278866 48278877
7751872 48279744
17264633 48280748
48282790 48282792
32988239 48309440
6111252 48476392
6333609 48477721
48506313 48506326
48573890 48573911
7631597 48598257
44885195 48755667
37927401 48768396
6385605 48768428
48768814 48768823
48781513 48781523
5584495 48851956
39060711 8338436
5620487 48853703
48855272 48855284
48867775 48867786
48888337 2690591
48893293 48893301
3654799 48970282
19577388 49004522
1137368 49018184
49019294 49019305
49019403 49019407
49019589 49019600
27492418 49027741
14893198 49030310
4086383 49030873
49030937 49030948
8328377 49042555
49071324 49071327
12545092 49073184
42360015 49079676
1660034 49091897
49092198 49092209
49092904 49092921
49093167 49093177
49093264 49093273
5620370 34783997
14891930 49093394
25476254 49093492
15077539 49093961
49126842 49126874
49161096 49161102
4867208 49170203
9141770 49181876
49202198 49202213
49205057 49205076
49205107 49205117
8152036 49228506
49229305 49229311
20330185 49303778
46958490 49371978
12990468 49372157
14891509 49384396
49384459 49384460
28017264 49384543
49384648 49384657
49385082 49385090
1884963 29488315
16815407 49386477
34208217 49386699
22842780 22842795
49388485 49388497
22422915 49390193
4844779 49394540
43662658 49396261
49396430 49396431
25051863 49396627
4576123 49399588
49401214 49401224
49407530 49407532
41060851 49408085
49408148 49408154
31679912 49408197
3002899 49408512
7539778 49413690
49416125 33398816
49420384 49420397
49425793 49425794
20393078 49427097
43846925 49430730
49430892 49430905
49435460 49435474
49435567 49435574
49435629 49435636
49437839 49437855
49472451 49472452
25051864 49472494
26355298 49509565
5858843 49532284
43802693 49532346
20382373 49534497
49551243 49551246
40478281 49612519
49623706 49623720
49693477 49693480
36392554 49694962
49711064 49711070
13616585 49711115
43875988 49711672
39089301 49712888
49713275 49713277
49714071 49714074
49729519 49729521
5589562 49735645
49843837 49843848
22236160 49843908
1876697 49946460
28384028 50042870
5584390 50043381
5583751 50047350
50169436 50169439
50170548 50170551
26357027 50201065
1860918 50203484
5838015 50227649
50257712 50257721
50261767 50261775
13145992 50332158
2042568 50338372
50344849 50344864
50581587 50581591
50734846 50734861
4570580 50736831
50736908 50736914
13979485 50935370
50973173 50973175
51075425 51075429
51076439 51076440
51078391 51078410
51082479 51082492
51088822 51088833
51360887 51360896
51383496 51383501
51385097 51385100
51515464 51515465
51617901 51617902
51617922 51617925
51618648 51618652
51618702 51618704
51620641 51620645
51620673 51620676
51620981 51620984
51622526 51622530
51622956 51622959
51622968 51622971
51654953 51654956
51661829 9393652
51735762 51735764
51810546 51810561
51854465 51854466
5584173 51889533
51900660 51900661
51957202 51957205
51968262 41089698
51974246 51974250
51987772 51987776
51987781 51987785
51988887 51988891
51988904 51988917
51991080 8103141
