15733 15760
15733 15761
20456 20470
20456 20471
17191 26045
17191 26046
3778 33473
3778 33474
57549 57569
57549 57570
58969 58980
58969 58981
68695 68698
68695 68699
77613 77624
77613 77625
90260 90276
90260 90277
31657 92376
31657 92377
99143 99160
99143 99161
43318 111139
43318 111140
158038 158039
158038 158040
190586 190603
190586 190604
194665 194670
194665 194671
197165 197178
197165 197179
197165 197180
197165 197181
542 226577
542 226578
229820 229832
229820 229833
248040 248054
248040 248055
274184 274199
274184 274200
2993 289294
2993 289295
294371 294384
294371 294385
302246 302256
302246 302257
307793 307806
307793 307807
260529 334075
260529 334076
327759 335389
327759 335390
83193 336571
83193 336572
312712 337378
312712 337379
338266 338272
338266 338273
339717 339726
339717 339727
346213 346221
346213 346222
257473 351642
257473 351643
352549 352555
352549 352556
377939 377946
377939 377947
391332 391345
391332 391346
396514 401583
396514 401584
415139 415150
415139 415151
468535 468550
468535 468551
473974 473980
473974 473981
483221 483223
483221 483224
484367 484368
484367 484369
516637 516640
516637 516641
579541 579544
579541 579545
347738 597634
347738 597635
59358 597754
59358 597755
627363 627364
627363 627365
640747 640756
640747 640757
652688 652690
652688 652691
671082 671083
671082 671084
682686 682689
682686 682690
691655 691657
691655 691658
695282 695287
695282 695288
706077 706088
706077 706089
3784 713502
3784 713503
312184 722982
312184 722983
746457 746467
746457 746468
412280 802719
412280 802720
805829 805830
805829 805831
818643 818649
818643 818650
327133 825249
327133 825250
827158 827160
827158 827161
817445 853541
817445 853542
882747 882750
882747 882751
883685 883695
883685 883696
886318 886322
886318 886323
933456 933461
933456 933462
48317 952374
48317 952375
118484 996349
118484 996350
1051892 1051893
1051892 1051894
1054543 1054546
1054543 1054547
1076930 1076931
1076930 1076932
497788 1085692
497788 1085693
1168234 1168238
1168234 1168239
1182341 1182342
1182341 1182343
1189494 1189498
1189494 1189499
1203991 1204001
1203991 1204002
1205101 1205102
1205101 1205103
363906 1230364
363906 1230365
1236845 1236848
1236845 1236849
1242662 1242665
1242662 1242666
1259756 1259760
1259756 1259761
379596 1267337
379596 1267338
1347374 1347377
1347374 1347378
1371550 1371551
1371550 1371552
1061053 1374593
1061053 1374594
1407435 1407437
1407435 1407438
1422232 1422234
1422232 1422235
1422232 1422236
1422232 1422237
1438715 1438717
1438715 1438718
1443607 1443608
1443607 1443609
1465944 1465945
1465944 1465946
1517566 1517572
1517566 1517573
1533744 1533748
1533744 1533749
1553561 1553563
1553561 1553564
1597382 1597384
1597382 1597385
1719302 1719305
1719302 1719306
1760085 1760087
1760085 1760088
1816740 1816741
1816740 1816742
1825530 1825531
1825530 1825532
1834570 1834572
1834570 1834573
1838196 1838203
1838196 1838204
1899259 1899267
1899259 1899268
1953498 1953500
1953498 1953501
301422 2093152
301422 2093153
2178678 2178679
2178678 2178680
2223263 2223265
2223263 2223266
2385020 2385021
2385020 2385022
2439743 2439744
2439743 2439745
995760 2500319
995760 2500320
2547589 2547595
2547589 2547596
2563636 2563637
2563636 2563638
2591115 2591117
2591115 2591118
2678480 2678483
2678480 2678484
2747586 2747588
2747586 2747589
350718 2764516
350718 2764517
2773327 2773329
2773327 2773330
2851022 2851025
2851022 2851026
2897206 2897207
2897206 2897208
2948431 2948435
2948431 2948436
2953939 2953943
2953939 2953944
2957293 2957294
2957293 2957295
2976116 2976119
2976116 2976120
2037715 3249520
2037715 3249521
3264925 3264926
3264925 3264927
3302629 3302630
3302629 3302631
1092972 3509787
1092972 3509788
3728277 3728278
3728277 3728279
4152576 4152578
4152576 4152579
4371017 4371020
4371017 4371021
4415825 4415841
4415825 4415842
2131603 4453349
2131603 4453350
4453358 4453360
4453358 4453361
4590622 4590624
4590622 4590625
4691534 4691535
4691534 4691536
597878 4740384
597878 4740385
401596 4786631
401596 4786632
4839274 4839276
4839274 4839277
4915873 4915876
4915873 4915877
5580347 5580348
5580347 5580349
5835046 5835047
5835046 5835048
6485882 6485885
6485882 6485886
7030281 7030282
7030281 7030283
7328405 7328408
7328405 7328409
34479 8116479
34479 8116480
108186 8137127
108186 8137128
35566 8149092
35566 8149093
681127 8152470
681127 8152471
8158044 8158054
8158044 8158055
2763929 8175365
2763929 8175366
44415 8181241
44415 8181242
358611 8187571
358611 8187572
274692 8230316
274692 8230317
3164348 8240456
3164348 8240457
1886240 8282567
1886240 8282568
66043 8304941
66043 8304942
8316425 8316431
8316425 8316432
97524 8319458
97524 8319459
8327798 8327811
8327798 8327812
22973 8334105
22973 8334106
18091 8335939
18091 8335940
417356 8337259
417356 8337260
2910087 8338326
2910087 8338327
8342933 8342946
8342933 8342947
15713 8347746
15713 8347747
834252 8350327
834252 8350328
834252 8350329
834252 8350330
31656 8352532
31656 8352533
2882801 8353357
2882801 8353358
3171467 8355764
3171467 8355765
23392 8359501
23392 8359502
607608 8361861
607608 8361862
4785711 8367411
4785711 8367412
8370070 8370079
8370070 8370080
741259 8371823
741259 8371824
407188 8374025
407188 8374026
3143355 8385179
3143355 8385180
8392896 8392898
8392896 8392899
8399006 8399009
8399006 8399010
8417706 8417708
8417706 8417709
8429552 8429553
8429552 8429554
8454591 8454604
8454591 8454605
6744367 8491829
6744367 8491830
272599 8556960
272599 8556961
212015 8560674
212015 8560675
410141 8566711
410141 8566712
8567287 8567294
8567287 8567295
623071 8579156
623071 8579157
8601686 8601687
8601686 8601688
4661313 8604157
4661313 8604158
8607275 8607281
8607275 8607282
8639280 8639281
8639280 8639282
3467 8664368
3467 8664369
8665720 8665723
8665720 8665724
8668979 8668980
8668979 8668981
8696119 8696125
8696119 8696126
8696442 8696445
8696442 8696446
577883 8708552
577883 8708553
565575 8716614
565575 8716615
8716984 8716985
8716984 8716986
8732735 8732740
8732735 8732741
8741785 8741786
8741785 8741787
8744346 8744356
8744346 8744357
39850 8759495
39850 8759496
291796 8769332
291796 8769333
663391 8770235
663391 8770236
8218075 8771434
8218075 8771435
59191 8771855
59191 8771856
8772517 8772521
8772517 8772522
8772902 8772905
8772902 8772906
61366 8780046
61366 8780047
8794227 8794229
8794227 8794230
8799397 8799402
8799397 8799403
2756131 8811479
2756131 8811480
8815329 8815331
8815329 8815332
466065 8828650
466065 8828651
8831425 8831428
8831425 8831429
8854697 8854724
8854697 8854725
8866564 8866568
8866564 8866569
2512875 8883059
2512875 8883060
8886465 8886467
8886465 8886468
8913942 8913946
8913942 8913947
8948670 8948672
8948670 8948673
8948670 8948674
8948670 8948675
8993889 8993890
8993889 8993891
76979 9013713
76979 9013714
9051489 9051491
9051489 9051492
2341831 9067771
2341831 9067772
217275 9074129
217275 9074130
9080203 9080208
9080203 9080209
3068603 9080980
3068603 9080981
9084586 9084589
9084586 9084590
9091823 9091824
9091823 9091825
9108958 9108959
9108958 9108960
2349394 9120408
2349394 9120409
9129773 9129774
9129773 9129775
1474575 9170525
1474575 9170526
9175865 9175867
9175865 9175868
4469912 9277227
4469912 9277228
210872 9287363
210872 9287364
9406161 9406166
9406161 9406167
1734017 9447990
1734017 9447991
9505064 9505066
9505064 9505067
9546124 9546126
9546124 9546127
209523 9550125
209523 9550126
9619856 9619857
9619856 9619858
9629255 9629256
9629255 9629257
9725565 9725575
9725565 9725576
3129109 9733573
3129109 9733574
10002052 10002053
10002052 10002054
10026330 10026331
10026330 10026332
10051472 10051473
10051472 10051474
10333997 10333998
10333997 10333999
10399085 10399086
10399085 10399087
10459951 10459952
10459951 10459953
10573867 10573868
10573867 10573869
10932369 10932370
10932369 10932371
5472250 11030805
5472250 11030806
11056528 11056531
11056528 11056532
92657 11160422
92657 11160423
174119 11211256
174119 11211257
11253866 11253868
11253866 11253869
11660361 11660362
11660361 11660363
12190016 12190018
12190016 12190019
999600 12221581
999600 12221582
4202576 12222146
4202576 12222147
5198511 12230787
5198511 12230788
365092 12437127
365092 12437128
12982560 12982562
12982560 12982563
13787815 13787820
13787815 13787821
13936006 13936011
13936006 13936012
15229130 15229135
15229130 15229136
13919 15249694
13919 15249695
8298899 15257826
8298899 15257827
44916 15259839
44916 15259840
15262897 15262902
15262897 15262903
1646635 15276677
1646635 15276678
291304 15285081
291304 15285082
146442 15392188
146442 15392189
3174670 15408888
3174670 15408889
1859469 15409471
1859469 15409472
3466 15412138
3466 15412139
15427569 15427576
15427569 15427577
929681 15428786
929681 15428787
15433641 15433645
15433641 15433646
10551086 15433914
10551086 15433915
253761 15437975
253761 15437976
227304 15442636
227304 15442637
12080914 15455879
12080914 15455880
595100 15460625
595100 15460626
227305 15469456
227305 15469457
1484259 15471048
1484259 15471049
48072 15472170
48072 15472171
15473376 15473379
15473376 15473380
2118748 15495329
2118748 15495330
15499197 15499205
15499197 15499206
15504958 15504968
15504958 15504969
4310816 15526936
4310816 15526937
8746112 15528008
8746112 15528009
15549396 15549401
15549396 15549402
2269990 15573691
2269990 15573692
15582124 15582129
15582124 15582130
3116223 15627268
3116223 15627269
238766 15636697
238766 15636698
57566 15687544
57566 15687545
82608 15722054
82608 15722055
8762127 15723568
8762127 15723569
2191125 15725050
2191125 15725051
445769 15725609
445769 15725610
4563961 15732906
4563961 15732907
15733256 15733261
15733256 15733262
15733485 15733495
15733485 15733496
15733544 15733547
15733544 15733548
15741163 15741168
15741163 15741169
2849363 15743823
2849363 15743824
15763291 15763301
15763291 15763302
15765803 15765806
15765803 15765807
15766716 15766723
15766716 15766724
15772630 15772633
15772630 15772634
295682 15789797
295682 15789798
15793645 15793646
15793645 15793647
392314 15838083
392314 15838084
3417193 15840837
3417193 15840838
15844847 15844848
15844847 15844849
15847973 15847983
15847973 15847984
8805204 15848668
8805204 15848669
1089957 15852422
1089957 15852423
15854255 15854266
15854255 15854267
15856584 15856586
15856584 15856587
13185717 15884416
13185717 15884417
10296337 15885129
10296337 15885130
10703583 15893689
10703583 15893690
15903965 15903968
15903965 15903969
987522 15905953
987522 15905954
15915245 15915255
15915245 15915256
15927771 15927772
15927771 15927773
1809013 15928212
1809013 15928213
76171 15936079
76171 15936080
2072518 15938040
2072518 15938041
1669321 15939336
1669321 15939337
80633 15939589
80633 15939590
15940902 15940904
15940902 15940905
15942185 15942187
15942185 15942188
15957344 15957345
15957344 15957346
232834 15968924
232834 15968925
15984072 15984078
15984072 15984079
10655030 15994200
10655030 15994201
62913 15995665
62913 15995666
16009471 16009477
16009471 16009478
5981442 16017443
5981442 16017444
16025077 16025083
16025077 16025084
2966721 16036436
2966721 16036437
16042569 16042571
16042569 16042572
329404 16045435
329404 16045436
58112 16046507
58112 16046508
16055849 16055855
16055849 16055856
16068211 16068222
16068211 16068223
16076442 16076446
16076442 16076447
677463 16080257
677463 16080258
8533719 16083501
8533719 16083502
12319761 16084408
12319761 16084409
10565494 16119577
10565494 16119578
2434947 16127938
2434947 16127939
16130372 16130378
16130372 16130379
2379775 16136968
2379775 16136969
2502875 16217298
2502875 16217299
3126886 16264517
3126886 16264518
11556579 16277486
11556579 16277487
10644912 16278480
10644912 16278481
16300369 16300371
16300369 16300372
16311829 16311832
16311829 16311833
16317627 16317629
16317627 16317630
16339551 16339557
16339551 16339558
16339551 16339559
16339551 16339560
1892691 16350837
1892691 16350838
16355518 16355530
16355518 16355531
16355518 16355532
16355518 16355533
16426051 16426053
16426051 16426054
6989555 16435967
6989555 16435968
1893386 16459443
1893386 16459444
16514253 16514257
16514253 16514258
16563127 16563129
16563127 16563130
7030128 16568750
7030128 16568751
16608061 16608062
16608061 16608063
16679391 16679395
16679391 16679396
13696547 16700864
13696547 16700865
4181552 16971634
4181552 16971635
16996548 16996550
16996548 16996551
17002724 17002727
17002724 17002728
17005395 17005397
17005395 17005398
17030413 17030415
17030413 17030416
17031506 17031508
17031506 17031509
17201546 17201547
17201546 17201548
17230797 17230799
17230797 17230800
17287379 17287380
17287379 17287381
719855 17395692
719855 17395693
17409829 17409830
17409829 17409831
65520 17472777
65520 17472778
254678 17498030
254678 17498031
3020407 17516016
3020407 17516017
17597444 17597445
17597444 17597446
17628837 17628841
17628837 17628842
77149 17830697
77149 17830698
2430534 18407059
2430534 18407060
18530754 18530757
18530754 18530758
18547153 18547154
18547153 18547155
45745 18985338
45745 18985339
20361002 20361003
20361002 20361004
16760497 21085527
16760497 21085528
21777392 21777393
21777392 21777394
21777404 21777405
21777404 21777406
3005 21938771
3005 21938772
7632 21942616
7632 21942617
585116 21943741
585116 21943742
16024 21952905
16024 21952906
58617 21959933
58617 21959934
58974 21970571
58974 21970572
540 21970619
540 21970620
1289035 21983165
1289035 21983166
358322 21983728
358322 21983729
17645545 21987243
17645545 21987244
613013 21989416
613013 21989417
4769440 21993504
4769440 21993505
22005724 22005726
22005724 22005727
22034087 22034090
22034087 22034091
18090 22083294
18090 22083295
2612734 22097383
2612734 22097384
3782 22117406
3782 22117407
22121938 22121947
22121938 22121948
159031 22125508
159031 22125509
409181 22128846
409181 22128847
1735807 22134330
1735807 22134331
555590 22135648
555590 22135649
22136690 22136701
22136690 22136702
339719 22141324
339719 22141325
9249381 22143218
9249381 22143219
6744370 22144016
6744370 22144017
22147077 22147083
22147077 22147084
6519637 22153832
6519637 22153833
1139762 22157948
1139762 22157949
431760 22159696
431760 22159697
10645658 22163046
10645658 22163047
292821 22179324
292821 22179325
928702 22196920
928702 22196921
22202466 22202471
22202466 22202472
22215601 22215602
22215601 22215603
22248365 22248366
22248365 22248367
22260544 22260547
22260544 22260548
22303417 22303418
22303417 22303419
82607 22316876
82607 22316877
22331233 22331235
22331233 22331236
22364730 22364733
22364730 22364734
22378986 22378989
22378986 22378990
5204357 22392605
5204357 22392606
7813211 22392774
7813211 22392775
22411279 22411281
22411279 22411282
2077530 22414053
2077530 22414054
120652 22423844
120652 22423845
22442069 22442072
22442069 22442073
10151140 22453266
10151140 22453267
4763677 22465936
4763677 22465937
22467314 22467323
22467314 22467324
76169 22474644
76169 22474645
5836871 22476592
5836871 22476593
22490531 22490532
22490531 22490533
3510637 22498624
3510637 22498625
22513451 22513460
22513451 22513461
10055064 22514000
10055064 22514001
22524043 22524046
22524043 22524047
17652198 22538478
17652198 22538479
22540160 22540161
22540160 22540162
345563 22550997
345563 22550998
22591725 22591727
22591725 22591728
452195 22605000
452195 22605001
22628257 22628258
22628257 22628259
6720932 22633764
6720932 22633765
17641427 22636654
17641427 22636655
22636823 22636829
22636823 22636830
22640291 22640292
22640291 22640293
2966722 22650923
2966722 22650924
13138570 22657713
13138570 22657714
8420 22687180
8420 22687181
22694415 22694419
22694415 22694420
21973159 22710147
21973159 22710148
22714776 22714777
22714776 22714778
1320001 22718499
1320001 22718500
393172 22737149
393172 22737150
18381825 22737986
18381825 22737987
316626 22747001
316626 22747002
4077870 22766443
4077870 22766444
22767791 22767794
22767791 22767795
1359555 22768656
1359555 22768657
22774813 22774818
22774813 22774819
22862871 22862874
22862871 22862875
22892154 22892163
22892154 22892164
22952948 22952953
22952948 22952954
22954331 22954332
22954331 22954333
4764375 23004165
4764375 23004166
13674375 23004942
13674375 23004943
23057696 23057698
23057696 23057699
23083720 23083722
23083720 23083723
23092608 23092610
23092608 23092611
2241990 23092762
2241990 23092763
4098320 23139993
4098320 23139994
23188342 23188343
23188342 23188344
226760 23192754
226760 23192755
1334396 23197149
1334396 23197150
3115525 23208829
3115525 23208830
23214775 23214776
23214775 23214777
23257168 23257171
23257168 23257172
23267597 23267598
23267597 23267599
13693621 23299887
13693621 23299888
23002286 23377446
23002286 23377447
2434697 23391540
2434697 23391543
2434697 23391544
2434697 23391545
23399365 23399367
23399365 23399368
23514238 23514240
23514238 23514241
21970655 23518024
21970655 23518025
776558 23775918
776558 23775919
23812592 23812596
23812592 23812597
24000515 24000516
24000515 24000517
24001018 24001019
24001018 24001020
433397 24038836
433397 24038837
24054573 24054574
24054573 24054575
24065470 24065477
24065470 24065478
24072594 24072595
24072594 24072596
24077341 24077342
24077341 24077343
24180041 24180042
24180041 24180043
24297348 24297349
24297348 24297350
24492862 24492863
24492862 24492864
3128508 24635792
3128508 24635793
1844430 24701329
1844430 24701330
992985 25028193
992985 25028194
16730705 25057151
16730705 25057152
25059522 25059523
25059522 25059524
206754 25070210
206754 25070211
25072209 25072210
25072209 25072211
25512439 25512441
25512439 25512442
208812 25571266
208812 25571267
10701159 25771176
10701159 25771177
10701159 25771178
10701159 25771179
4584707 26349086
4584707 26349087
26415538 26415542
26415538 26415543
27442800 27442804
27442800 27442805
28183595 28183596
28183595 28183597
28183607 28183608
28183607 28183609
2810 28348833
2810 28348834
12060663 28352302
12060663 28352303
1782292 28353397
1782292 28353398
7633 28355333
7633 28355334
84736 28355515
84736 28355516
88034 28357541
88034 28357542
1562861 28362129
1562861 28362130
56534 28366577
56534 28366578
22934 28378717
22934 28378718
123668 28390748
123668 28390749
87063 28401678
87063 28401679
335051 28403893
335051 28403894
28464454 28464455
28464454 28464456
2145337 28470919
2145337 28470920
4591835 28494727
4591835 28494728
28494788 28494794
28494788 28494795
8315208 28510649
8315208 28510650
4043254 28511997
4043254 28511998
51987 28513047
51987 28513048
966467 28514101
966467 28514102
503986 28522665
503986 28522666
18631467 28527355
18631467 28527356
3106645 28528095
3106645 28528096
18092 28529590
18092 28529591
359453 28532440
359453 28532441
4232705 28539847
4232705 28539848
13163272 28542432
13163272 28542433
417489 28550835
417489 28550836
308620 28552778
308620 28552779
2725707 28558181
2725707 28558182
82863 28559456
82863 28559457
2220263 28569575
2220263 28569576
329663 28588558
329663 28588559
6854 28614346
6854 28614347
1249412 28628425
1249412 28628426
17323 28649407
17323 28649408
2687617 28672467
2687617 28672468
28689186 28689187
28689186 28689188
28694139 28694141
28694139 28694142
2616686 28714635
2616686 28714636
173955 28718923
173955 28718924
7038235 28724501
7038235 28724502
10193735 28740943
10193735 28740944
581230 28751977
581230 28751978
4850561 28754617
4850561 28754618
557864 28769073
557864 28769074
1252594 28791032
1252594 28791033
5838030 28796760
5838030 28796761
16611678 28804351
16611678 28804352
376209 28807824
376209 28807825
339718 28809399
339718 28809400
5674370 28811623
5674370 28811624
17592526 28825319
17592526 28825320
477325 28840452
477325 28840453
4720193 28845547
4720193 28845548
863485 28852470
863485 28852471
3766420 28887118
3766420 28887119
10703040 28887619
10703040 28887620
6862790 28888555
6862790 28888556
24159930 28889351
24159930 28889352
276095 28894979
276095 28894980
118629 28895157
118629 28895158
3079697 28896904
3079697 28896905
2435335 28898295
2435335 28898296
28899640 28899645
28899640 28899646
28915032 28915033
28915032 28915034
479192 28915537
479192 28915538
28917741 28917742
28917741 28917743
24223200 28932463
24223200 28932464
2985576 28934627
2985576 28934628
2940210 28938437
2940210 28938438
170656 28972946
170656 28972947
28994258 28994261
28994258 28994262
9025344 29001231
9025344 29001232
694975 29001315
694975 29001316
29003794 29003800
29003794 29003801
381849 29004306
381849 29004307
644111 29015241
644111 29015242
23666738 29034843
23666738 29034844
16455843 29042458
16455843 29042459
17272737 29044620
17272737 29044621
23248043 29087645
23248043 29087646
29098713 29098715
29098713 29098716
16629421 29103547
16629421 29103548
29107425 29107431
29107425 29107432
3179023 29118551
3179023 29118552
29138173 29138174
29138173 29138175
24164267 29188135
24164267 29188136
29199782 29199784
29199782 29199785
2478854 29218589
2478854 29218590
29311259 29311260
29311259 29311261
4131231 29322960
4131231 29322961
29324588 29324591
29324588 29324592
214512 29326492
214512 29326493
29351061 29351062
29351061 29351063
9058748 29360780
9058748 29360781
6547 29361810
6547 29361811
424260 29362743
424260 29362744
7190730 29374253
7190730 29374254
1617781 29390317
1617781 29390318
55413 29406044
55413 29406045
305098 29423679
305098 29423680
90933 29443362
90933 29443363
16261192 29470243
16261192 29470244
470205 29486232
470205 29486233
17370641 29519382
17370641 29519383
2545311 29534008
2545311 29534009
2824499 29552987
2824499 29552988
1295035 29565811
1295035 29565812
29587417 29587420
29587417 29587421
29618208 29618209
29618208 29618210
29674579 29674580
29674579 29674581
29692011 29692013
29692011 29692014
15801769 29713221
15801769 29713222
29747064 29747065
29747064 29747066
289290 29879102
289290 29879103
29880123 29880124
29880123 29880125
29901855 29901856
29901855 29901857
30002591 30002594
30002591 30002595
8591877 30042657
8591877 30042658
30106080 30106081
30106080 30106082
30131077 30131078
30131077 30131079
30197406 30197407
30197406 30197408
30197406 30197409
30197406 30197410
30314109 30314113
30314109 30314114
1043420 30317261
1043420 30317262
30320938 30320939
30320938 30320940
30326108 30326111
30326108 30326112
30328659 30328660
30328659 30328661
909543 30358599
909543 30358600
1958148 30359445
1958148 30359446
26393260 30506541
26393260 30506542
30537390 30537391
30537390 30537392
6848851 30586666
6848851 30586667
4668197 30689480
4668197 30689481
31010089 31010090
31010089 31010091
4579270 31248799
4579270 31248800
31350757 31350758
31350757 31350759
330340 31353457
330340 31353458
31818837 31818838
31818837 31818839
31917919 31917920
31917919 31917921
21232716 31975142
21232716 31975143
32617411 32621563
32617411 32621564
32986243 32986244
32986243 32986245
25077027 33844202
25077027 33844203
34371449 34371450
34371449 34371451
15730 34533820
15730 34533821
257195 34539128
257195 34539129
60350 34543951
60350 34543952
16359 34544455
16359 34544456
541 34568064
541 34568065
10418052 34570867
10418052 34570868
356838 34580678
356838 34580679
3777 34614013
3777 34614014
201791 34639003
201791 34639004
29124391 34650996
29124391 34650997
2646133 34667421
2646133 34667422
68468 34671860
68468 34671861
34685461 34685464
34685461 34685465
17612586 34686476
17612586 34686477
236004 34691310
236004 34691311
812680 34696342
812680 34696343
36728 34699389
36728 34699390
228311 34701844
228311 34701845
1777984 34703708
1777984 34703709
754296 34704751
754296 34704752
896465 34704780
896465 34704781
4473633 34706312
4473633 34706313
1510216 34709178
1510216 34709179
1253645 34711540
1253645 34711541
197408 34714842
197408 34714843
9907311 34718731
9907311 34718732
23646325 34720390
23646325 34720391
1788704 34721776
1788704 34721777
34728022 34728035
34728022 34728036
178325 34732840
178325 34732841
11616217 34733827
11616217 34733828
4151926 34735516
4151926 34735517
34743926 34743932
34743926 34743933
34743926 34743934
34743926 34743935
2181850 34747903
2181850 34747904
17607180 34749670
17607180 34749671
15282939 34750118
15282939 34750119
15919599 34792431
15919599 34792432
70376 34794574
70376 34794575
3455664 34803703
3455664 34803704
3455664 34803705
3455664 34803706
6312023 34828494
6312023 34828495
34854195 34854199
34854195 34854200
34869819 34869827
34869819 34869828
299214 34873739
299214 34873740
10639965 34875262
10639965 34875263
2197773 34877930
2197773 34877931
9567035 34885637
9567035 34885638
34890049 34890053
34890049 34890054
312160 34890941
312160 34890942
679490 34901025
679490 34901026
34921221 34921223
34921221 34921224
10455288 34935261
10455288 34935262
162643 34942242
162643 34942243
34946343 34946345
34946343 34946346
200075 34948317
200075 34948318
2231970 34950593
2231970 34950594
157529 34956443
157529 34956444
386860 34963641
386860 34963642
24171054 34973502
24171054 34973503
294628 34976840
294628 34976841
17413456 35010957
17413456 35010958
3177596 35027042
3177596 35027043
11490771 35031435
11490771 35031436
35039270 35039272
35039270 35039273
35039270 35039274
35039270 35039275
1894042 35057084
1894042 35057085
35061459 35061460
35061459 35061461
44947 35061640
44947 35061641
12063948 35064282
12063948 35064283
5117546 35066615
5117546 35066616
5117546 35066617
5117546 35066618
35073863 35073866
35073863 35073867
1061504 35076100
1061504 35076101
196365 35095810
196365 35095811
9501702 35105045
9501702 35105046
24165133 35108051
24165133 35108052
23901167 35130397
23901167 35130398
20086882 35149080
20086882 35149081
3525689 35160621
3525689 35160622
990197 35176619
990197 35176620
24168603 35178454
24168603 35178455
49518 35178833
49518 35178834
1054393 35183349
1054393 35183350
35187803 35187805
35187803 35187806
1758135 35200218
1758135 35200219
35225350 35225351
35225350 35225352
35226285 35226287
35226285 35226288
35234001 35234004
35234001 35234005
3109636 35238178
3109636 35238179
35271950 35271951
35271950 35271952
35276738 35276741
35276738 35276742
28356704 35287409
28356704 35287410
24166958 35293411
24166958 35293412
12532104 35294915
12532104 35294916
35299568 35299576
35299568 35299577
14073130 35301131
14073130 35301132
35301822 35301826
35301822 35301827
268917 35329209
268917 35329210
587809 35391479
587809 35391480
587809 35391481
587809 35391482
35404960 35404964
35404960 35404965
30485187 35440126
30485187 35440127
16672433 35484230
16672433 35484231
35550365 35550366
35550365 35550367
3129115 35551034
3129115 35551035
22737983 35560735
22737983 35560736
35587769 35587770
35587769 35587771
35599490 35599491
35599490 35599492
35627318 35627320
35627318 35627321
28868335 35634952
28868335 35634953
35654897 35654898
35654897 35654899
741260 35677714
741260 35677715
35683007 35683008
35683007 35683009
589626 35694122
589626 35694123
30209143 35703810
30209143 35703811
35754945 35754947
35754945 35754948
35758761 35758767
35758761 35758768
3221676 35767032
3221676 35767033
35770631 35770632
35770631 35770633
35881525 35881530
35881525 35881531
35911364 35911365
35911364 35911366
36065840 36065843
36065840 36065844
36071562 36071563
36071562 36071564
36116477 36116478
36116477 36116479
2352218 36125891
2352218 36125892
36148829 36148833
36148829 36148834
36149370 36149371
36149370 36149372
1659686 36261117
1659686 36261118
23868578 36299996
23868578 36299997
36401952 36401953
36401952 36401954
36428879 36428881
36428879 36428882
36453065 36453066
36453065 36453067
1003808 36500871
1003808 36500872
4074245 36653135
4074245 36653136
6290385 36654276
6290385 36654277
36794935 36794936
36794935 36794937
773150 37098507
773150 37098508
17896775 37716956
17896775 37716957
37834546 37834547
37834546 37834548
39610628 39610630
39610628 39610631
39836361 39836365
39836361 39836366
17349419 39836621
17349419 39836622
40359917 40359918
40359917 40359919
40359994 40359995
40359994 40359996
78047 40512727
78047 40512728
9199794 40518944
9199794 40518945
159982 40524063
159982 40524064
3781 40526579
3781 40526580
3779 40528639
3779 40528640
1456089 40544981
1456089 40544982
33823267 40554236
33823267 40554237
422877 40597222
422877 40597223
144573 40600443
144573 40600444
63650 40611048
63650 40611049
63650 40611050
63650 40611051
3103972 40636519
3103972 40636520
40637393 40637397
40637393 40637398
10702140 40655391
10702140 40655392
252882 40657885
252882 40657886
2233136 40661147
2233136 40661148
33010501 40662711
33010501 40662712
2157422 40682410
2157422 40682411
10456686 40682995
10456686 40682996
988820 40684014
988820 40684015
1958724 40684508
1958724 40684509
3783 40689077
3783 40689078
29234931 40689231
29234931 40689232
3126184 40694140
3126184 40694141
700630 40695875
700630 40695876
3536893 40695953
3536893 40695954
36608057 40698013
36608057 40698014
18495511 40701129
18495511 40701130
5619425 40703646
5619425 40703647
291012 40704648
291012 40704649
626197 40708006
626197 40708007
1342065 40708274
1342065 40708275
18595126 40708848
18595126 40708849
12446680 40710137
12446680 40710138
1073351 40711140
1073351 40711141
34833171 40716017
34833171 40716018
40717729 40717732
40717729 40717733
3062030 40718242
3062030 40718243
372814 40744104
372814 40744105
1607203 40753725
1607203 40753726
36646504 40795537
36646504 40795538
1100996 40834617
1100996 40834618
43215 40859791
43215 40859792
95037 40866173
95037 40866174
98385 40876563
98385 40876564
94199 40906594
94199 40906595
6839420 40925451
6839420 40925452
3178753 40926709
3178753 40926710
24159097 40949214
24159097 40949215
944336 40954120
944336 40954121
40982675 40982679
40982675 40982680
12015956 40987579
12015956 40987580
30471174 40997575
30471174 40997576
365432 41018384
365432 41018385
1009714 41019493
1009714 41019494
41033949 41033950
41033949 41033951
14381924 41033999
14381924 41034000
16674 41038198
16674 41038199
19027772 41041042
19027772 41041043
41041994 41041995
41041994 41041996
296485 41047249
296485 41047250
41057461 41057464
41057461 41057465
2779430 41061983
2779430 41061984
41063717 41063719
41063717 41063720
21256322 41064908
21256322 41064909
41069336 41069338
41069336 41069339
41081898 41081899
41081898 41081900
4784927 41084480
4784927 41084481
30488288 41101845
30488288 41101846
416870 41117060
416870 41117061
522661 41123700
522661 41123701
41124382 41124386
41124382 41124387
1053152 41125510
1053152 41125511
14694278 41144928
14694278 41144929
269369 41151372
269369 41151373
41159571 41159578
41159571 41159579
2302274 41166187
2302274 41166188
3468 41184174
3468 41184175
41199597 41199600
41199597 41199601
13574497 41205929
13574497 41205930
41214797 41214798
41214797 41214799
24185172 41216251
24185172 41216252
41222644 41222645
41222644 41222646
59052 41240282
59052 41240283
3087115 41263611
3087115 41263612
8929161 41264261
8929161 41264262
378419 41269295
378419 41269296
41270396 41270400
41270396 41270401
140368 41277977
140368 41277978
41281149 41281151
41281149 41281152
22454006 41303209
22454006 41303210
28408513 41309891
28408513 41309892
2997427 41314392
2997427 41314393
782074 41318991
782074 41318992
174118 41366893
174118 41366894
290638 41403831
290638 41403832
8050048 41486129
8050048 41486130
16794489 41496536
16794489 41496537
2854992 41590254
2854992 41590255
41641360 41641362
41641360 41641363
41653555 41653556
41653555 41653557
41700910 41700911
41700910 41700912
2510720 41721364
2510720 41721365
41777566 41777567
41777566 41777568
2429148 41782421
2429148 41782422
40868053 41817152
40868053 41817153
41953199 41953200
41953199 41953201
41953408 41953411
41953408 41953412
41976015 41976016
41976015 41976017
1680868 42013951
1680868 42013952
609580 42088836
609580 42088837
42114787 42114788
42114787 42114789
1677897 42117911
1677897 42117912
36601833 42237678
36601833 42237679
42359888 42359889
42359888 42359890
10203079 42376341
10203079 42376342
42403066 42403067
42403066 42403068
42423932 42423933
42423932 42423934
42428861 42428862
42428861 42428863
42438162 42438165
42438162 42438166
42490336 42490337
42490336 42490338
42495037 42495038
42495037 42495039
42532247 42532249
42532247 42532250
43234628 43234631
43234628 43234632
43350138 43350139
43350138 43350140
43706472 43706473
43706472 43706474
42534334 43708211
42534334 43708212
10639113 43962929
10639113 43962930
7686879 44032648
7686879 44032649
44534670 44534671
44534670 44534672
294629 44906140
294629 44906141
13696255 44945418
13696255 44945419
224441 45699603
224441 45699605
46194378 46194379
46194378 46194380
360489 46344331
360489 46344332
498559 46345697
498559 46345698
551913 46348748
551913 46348749
25674 46355143
25674 46355144
7721904 46360664
7721904 46360665
48838 46367681
48838 46367682
42798 46381504
42798 46381505
392906 46394819
392906 46394820
3115835 46395439
3115835 46395440
4548 46426197
4548 46426198
24169006 46463017
24169006 46463018
5824824 46474984
5824824 46474985
2042317 46475388
2042317 46475389
209977 46476183
209977 46476184
314560 46477328
314560 46477329
42428350 46480386
42428350 46480387
327758 46508577
327758 46508578
514536 46512307
514536 46512308
224438 46518515
224438 46518516
447473 46518983
447473 46518984
4673146 46523667
4673146 46523668
33610 46524052
33610 46524053
61804 46524626
61804 46524627
18087 46526463
18087 46526464
15933706 46527650
15933706 46527651
26057 46528797
26057 46528798
1207269 46529311
1207269 46529312
2639681 46535572
2639681 46535573
46553739 46553742
46553739 46553743
17740848 46558192
17740848 46558193
2620742 46562477
2620742 46562478
824472 46562565
824472 46562566
636237 46568970
636237 46568971
514163 46573364
514163 46573365
201793 46602961
201793 46602962
6546 46626722
6546 46626723
46627191 46627192
46627191 46627193
9495074 46627602
9495074 46627603
22134345 46631977
22134345 46631978
1579220 46654136
1579220 46654137
1579220 46654138
1579220 46654139
2492992 46654629
2492992 46654630
55411 46683009
55411 46683010
2911589 46688019
2911589 46688020
16440 46688700
16440 46688701
17641305 46697667
17641305 46697668
5822878 46718480
5822878 46718481
2657299 46729251
2657299 46729252
6350454 46736359
6350454 46736360
29921260 46772279
29921260 46772280
4461366 46792088
4461366 46792089
2197772 46803583
2197772 46803584
4460464 46811753
4460464 46811754
8109037 46813972
8109037 46813973
2652558 46814976
2652558 46814977
46822968 46822970
46822968 46822971
3821208 46826357
3821208 46826358
8882320 46837515
8882320 46837516
34288523 46838051
34288523 46838052
565577 46838869
565577 46838870
29695093 46841727
29695093 46841728
46846267 46846268
46846267 46846269
25759704 46856037
25759704 46856038
1327071 46862998
1327071 46862999
46865080 46865082
46865080 46865083
853543 46868793
853543 46868794
790778 46871462
790778 46871463
46877382 46877393
46877382 46877394
8407815 46916573
8407815 46916574
9481305 46921705
9481305 46921706
28484786 46923994
28484786 46923995
1969845 46937567
1969845 46937568
371173 46940595
371173 46940596
15274042 46941058
15274042 46941059
4121558 46942785
4121558 46942786
12424277 46953597
12424277 46953598
2563650 46956479
2563650 46956480
8060886 46968353
8060886 46968354
43727310 46970105
43727310 46970106
46971750 46971751
46971750 46971752
36607676 46983071
36607676 46983072
2231423 46987348
2231423 46987349
4875438 47013575
4875438 47013576
15521265 47028916
15521265 47028917
15556354 47039174
15556354 47039175
44979769 47049067
44979769 47049068
30489921 47049702
30489921 47049703
47050482 47050486
47050482 47050487
294627 47051890
294627 47051891
34969277 47088371
34969277 47088372
46558325 47127799
46558325 47127800
47204906 47204907
47204906 47204908
47228662 47228663
47228662 47228664
47267917 47267918
47267917 47267919
47283633 47283636
47283633 47283637
47294817 47294822
47294817 47294823
47298283 47298284
47298283 47298285
15757640 47347494
15757640 47347495
48433 47429072
48433 47429073
47453992 47453993
47453992 47453994
47466603 47466607
47466603 47466608
47522290 47522292
47522290 47522293
47587413 47587414
47587413 47587415
47602326 47602327
47602326 47602328
4899007 47731387
4899007 47731388
47790055 47790056
47790055 47790057
47790490 47790493
47790490 47790494
30472735 47845393
30472735 47845394
47851726 47851727
47851726 47851728
47884709 47884713
47884709 47884714
47891112 47891113
47891112 47891114
47903157 47903158
47903157 47903159
47934484 47934485
47934484 47934486
48072300 48072302
48072300 48072303
17036441 48144881
17036441 48144882
48207627 48207629
48207627 48207630
3106826 48219943
3106826 48219944
48250754 48250755
48250754 48250756
3387678 48258105
3387678 48258106
21869934 48394883
21869934 48394884
17202762 49080133
17202762 49080134
46780801 49122634
46780801 49122635
12990483 50159809
12990483 50159810
2029985 50258445
2029985 50258446
50331890 50331891
50331890 50331892
