63838 63863
66914 66938
68296 68329
70564 70591
77093 77132
79297 79317
79469 79494
80138 80184
83611 83653
85006 85040
161178 161214
176191 176230
195763 195792
222723 222748
224871 224888
229751 229777
229947 229984
234576 234598
245534 245549
246243 246272
246600 246630
247107 247132
247374 247403
247950 247969
248284 248313
248391 248425
248547 248576
248713 248735
249390 249422
249796 249819
249838 249863
250878 250892
251172 251196
255758 255781
260661 260687
261321 261353
261667 261691
261826 261851
261915 261947
262059 262089
262349 262373
262454 262487
262512 262539
262917 262940
263081 263104
263498 263527
263897 263921
263937 263959
263988 264016
264064 264085
264096 264116
264121 264137
264140 264167
264185 264204
264217 264244
264248 264273
264281 264304
264317 264342
264530 264551
264754 264774
264823 264836
264853 264876
264880 264902
264959 264980
265181 265206
265543 265565
265607 265626
265698 265717
265721 265743
265747 265773
265876 265906
266196 266216
266296 266315
266321 266341
266343 266359
266385 266411
266504 266530
266649 266674
266774 266794
266798 266828
266835 266856
266902 266921
266926 266950
267054 267072
267102 267124
267133 267152
267213 267227
267234 267258
267296 267322
267324 267344
267476 267493
267623 267645
267710 267728
267758 267778
267855 267876
267999 268016
268242 268256
268336 268363
268406 268432
268465 268484
268527 268551
268555 268576
268581 268599
268604 268630
268634 268654
268770 268786
268868 268884
269075 269097
269282 269303
269323 269346
269453 269475
269534 269559
269681 269691
269854 269866
269887 269898
270273 270292
270670 270686
270779 270798
270925 270935
270964 270981
271097 271122
271239 271270
271278 271298
271653 271678
271691 271711
271725 271743
271789 271810
271890 271907
272225 272245
272532 272545
272560 272585
272730 272755
273829 273850
274078 274098
274210 274232
274491 274516
274581 274602
274654 274679
274814 274829
274892 274903
274935 274947
274951 274969
275219 275228
275466 275483
275664 275677
275807 275828
275891 275923
275944 275969
275988 276010
276194 276210
276591 276616
276720 276737
276925 276946
277300 277311
277404 277413
277782 277806
311761 311782
331083 331116
358904 358915
358969 358990
382001 382027
386179 386203
416489 416505
421007 421025
428070 428081
440390 440405
541260 541280
587059 587087
603873 603890
637709 637730
655925 655942
681676 681696
687781 687796
695508 695524
705286 705305
724821 724839
747528 747547
757021 757037
818593 818612
821362 821373
823533 823548
846701 846721
879624 879641
879975 879995
883895 883913
883986 884006
884487 884514
902608 902629
908317 908329
908656 908669
916997 917008
934134 934162
936315 936326
942450 942468
945561 945578
947912 947930
949129 949141
950717 950734
957694 957711
976632 976643
989834 989856
1048651 1048668
1060178 1060194
1091174 1091191
1102811 1102828
1120004 1120012
1133814 1133828
1136029 1136040
1137219 1137236
1139292 1139315
1140203 1140217
1152849 1152867
1186141 1186162
1188629 1188639
1211566 1211582
1220068 1220082
1223866 1223887
1225326 1225341
1233155 1233165
1235237 1235257
1238389 1238404
1243317 1243325
1245128 1245148
1252368 1252377
1255540 1255555
1266209 1266224
1266469 1266480
1300910 1300926
1303461 1303475
1317572 1317581
1332148 1332162
1344056 1344066
1357851 1357871
1364223 1364240
1375195 1375206
1375313 1375326
1430960 1430978
1467151 1467164
1485618 1485625
1504923 1504934
1512995 1513006
1529137 1529153
1529677 1529691
1539699 1539709
1551617 1551636
1579379 1579397
1601520 1601534
1615217 1615228
1641193 1641205
1667890 1667907
1678615 1678624
1700514 1700528
1710790 1710804
1759174 1759183
1775703 1775712
1778627 1778634
1816013 1816024
1838699 1838707
1843135 1843146
1853276 1853277
1853278 1853282
1859924 1859945
1889083 1889093
1925810 1925816
1933488 1933504
1946376 1946391
1946435 1946444
1956636 1956644
1989174 1989190
2005269 2005280
2057962 2057976
2067679 2067697
2074017 2074032
2123636 2123651
2162275 2162289
2196815 2196828
2202946 2202959
2355700 2355714
2356032 2356047
2438137 2438150
2495418 2495438
2498749 2498766
2568362 2568374
2569534 2569542
2581006 2581013
2582653 2582662
2599913 2599926
2603399 2603410
2606483 2606490
2608480 2608489
2608691 2608705
2615467 2615473
2632918 2632928
2633590 2633604
2633780 2633793
2638732 2638742
2639009 2639023
2650029 2650038
2654758 2654765
2661913 2661921
2666074 2666081
2666768 2666777
2673069 2673079
2723477 2723489
2858324 2858343
2878235 2878252
2917413 2917428
2928458 2928467
2928629 2928639
2937821 2937835
2953998 2954013
2962711 2962724
3072959 3072967
3076022 3076037
3116373 3116382
3119016 3119030
3125694 3125703
3134353 3134362
3250657 3250662
3271022 3271038
3272802 3272817
3295455 3295461
3300209 3300217
3419252 3419262
3420019 3420027
3436362 3436368
3448033 3448041
3450012 3450019
3452180 3452184
3452300 3452309
3452362 3452374
3453633 3453645
3454911 3454917
3455176 3455196
3467365 3467381
3703311 3703326
3788394 3788405
3813633 3813639
3820538 3820544
3821856 3821865
3833973 3833979
3847712 3847725
3877373 3877382
3946599 3946609
3947173 3947179
3952224 3952237
3952638 3952652
3959447 3959457
3961350 3961364
3967779 3967787
3972820 3972831
3974064 3974076
3974183 3974194
3977820 3977829
3978032 3978047
3980042 3980048
3988300 3988311
3989952 3989960
3992817 3992824
3992947 3992954
3994164 3994173
3994717 3994728
3998693 3998698
3998933 3998939
4000569 4000577
4001462 4001467
4003667 4003674
4009421 4009429
4014041 4014057
4015167 4015177
4021008 4021016
4023784 4023793
4025228 4025238
4025604 4025611
4212692 4212699
4247057 4247064
4248466 4248469
4257369 4257376
4281553 4281563
4305131 4305138
4326407 4326417
4349799 4349809
4350583 4350591
4722246 4722254
4736262 4736269
4914820 4914821
5087252 5087254
5087496 5087501
5087657 5087663
5087757 5087761
5816900 5816908
6308308 6308314
6435083 6435090
6435278 6435284
6858960 6858962
7027601 7027605
7094774 7094779
7107931 7107936
4646805 8149619
7800712 8149645
8149646 8149663
8149736 8149752
6559109 8152358
1884267 8155070
4335337 8155255
7800758 8155409
4270321 8155452
8155737 8155757
8156332 8156347
8156710 8156725
7800813 8159648
8160938 8160954
8171855 8171877
8183252 8183273
8195012 8195026
176852 8197072
8214797 8214810
7642756 8225548
8241920 8241932
8267169 8267183
4671463 8276331
8281842 8281865
8283769 8283786
8284143 8284160
8286891 8286907
8287958 8287971
8292804 8292811
6931330 8293921
8294525 8294546
8294769 8294786
8295175 8295184
8295228 8295240
8295472 8295488
8295571 8295583
7791240 8296037
8296102 8296115
8299482 8299496
8300605 8300619
8302059 8302082
8302405 8302425
8303002 8303019
8303730 8303748
8303792 8303807
7335510 8303955
8304603 8304617
8304619 8304634
8304817 8304828
7792360 8304991
8305075 8305088
8305409 8305425
8305602 8305617
8305730 8305745
8305778 8305798
8306147 8306159
7792411 8306282
8306284 8306299
8306343 8306359
7792421 8306469
8306593 8306612
8306670 8306687
7792433 8306743
8306752 8306766
8306804 8306820
8306827 8306841
8306845 8306868
8306939 8306950
7792455 8307200
267181 8307248
7792460 8307261
8307294 8307305
8307367 8307381
8307423 8307434
8307467 8307477
7792476 8307512
8307515 8307529
8307572 8307586
8307588 8307603
8307698 8307710
8307772 8307781
8307843 8307852
7792505 8307925
8308021 8308033
8308053 8308066
8308093 8308106
8308192 8308206
8308241 8308256
8308304 8308316
8308416 8308428
8308430 8308443
8308482 8308496
8308511 8308526
8308529 8308543
8308617 8308634
8308687 8308698
8308709 8308720
8308811 8308819
8308824 8308829
8308830 8308839
7792561 8308851
5036960 8308957
8309023 8309036
8309038 8309052
8309054 8309068
8309206 8309213
7792587 8309508
7792589 8309626
7792597 8309916
8310035 8310042
8310159 8310171
8310186 8310206
8310390 8310407
7641608 8310480
8310489 8310502
8310575 8310592
8310596 8310614
8310798 8310814
8310848 8310867
8311137 8311149
8311151 8311165
272480 8311188
7792649 8311287
8311293 8311305
7792656 8311328
8311487 8311506
7792662 8311519
8312171 8312185
8312186 8312200
8312210 8312228
8312231 8312244
8312257 8312265
8312408 8312422
1398904 8312580
8312584 8312599
8312639 8312653
8312810 8312824
8312902 8312913
8312990 8313004
8313035 8313047
8313050 8313058
7992529 8313079
8313092 8313104
8313185 8313196
8313198 8313204
8313249 8313260
8313362 8313373
8313550 8313560
8313644 8313656
8313907 8313919
8314016 8314032
8314124 8314140
8314240 8314257
8314357 8314365
8314720 8314731
8314793 8314808
8314960 8314967
8315023 8315038
8315076 8315100
8327730 8327746
8337382 8337402
7793951 8361407
8381008 8381026
8387896 8387904
8393613 8393624
8394542 8394554
7795233 8400760
8415027 8415038
8429691 8429700
7992602 8433529
8434639 8434652
7641636 8454889
8456766 8456791
8538117 8538126
8545553 8545569
8582100 8582113
7798146 8629790
8629812 8629821
8633920 8633936
8636390 8636399
8654032 8654048
8671588 8671598
7798538 8672596
8672617 8672629
8679874 8679887
8680734 8680743
7799659 8732889
8734383 8734395
8742598 8742609
8749233 8749244
8773189 8773204
7800095 8774656
8775130 8775143
8775341 8775351
8791370 8791383
8791553 8791563
8794635 8794647
8797171 8797180
8804535 8804544
8816835 8816845
8819829 8819837
8836891 8836906
8842308 8842319
7800595 8844261
7789641 8862186
8881008 8881025
8902465 8902486
7790160 8924728
8931580 8931591
8933139 8933155
8939549 8939552
7790439 8957498
8976346 8976355
8982975 8982981
8986990 8987004
8992509 8992519
8994276 8994289
7790860 9012366
9019777 9019793
9035956 9035961
9045136 9045147
9055660 9055673
7992559 9057446
4476578 9069123
7791348 9069242
7791392 9072523
9077894 9077908
9079331 9079343
9089559 9089569
9110203 9110215
9122071 9122080
9122839 9122848
9161237 9161251
9167410 9167422
7793410 9208351
9238507 9238515
7793624 9241429
9248638 9248648
9256042 9256055
9273018 9273025
9275640 9275655
9276489 9276506
9278722 9278737
9280344 9280352
7642898 9289842
9295878 9295887
9329752 9329762
9342205 9342209
9360192 9360198
9370756 9370765
7992610 9383370
9412150 9412158
9420036 9420047
9435645 9435656
9443547 9443559
7795290 9445433
9447172 9447179
9453034 9453047
7642997 9453100
9457682 9457691
7642660 9484726
9491768 9491775
9492134 9492144
9495301 9495317
9495978 9495987
9501904 9501914
9512416 9512425
9513746 9513752
9517770 9517778
9520846 9520855
9526806 9526810
9530294 9530307
9538211 9538223
7796033 9545970
9556405 9556416
9558701 9558715
9560338 9560345
9572538 9572553
7642967 9600351
7796351 9610338
9615888 9615902
9634330 9634338
9637265 9637276
7642958 9664161
9679675 9679678
9681549 9681558
9683167 9683174
9695517 9695529
9765067 9765076
9790349 9790358
9831173 9831185
9831970 9831976
9840327 9840339
9887593 9887600
9989676 9989684
10039513 10039523
10070838 10070850
10078856 10078864
10079487 10079497
10120702 10120719
8140322 10124946
10145159 10145166
10154084 10154091
10177542 10177552
10185908 10185914
10187640 10187649
10189234 10189241
10190811 10190819
10194420 10194428
10196862 10196880
10198281 10198291
10210707 10210718
10212372 10212387
10216325 10216333
10235340 10235345
10239151 10239158
10252591 10252600
10255281 10255290
10265143 10265150
10266308 10266316
10268704 10268711
10273498 10273504
8308211 10274882
10275079 10275094
10275716 10275724
10343305 10343315
10465994 10466006
10520526 10520540
10553956 10553963
10625689 10625697
7642655 10625997
10626562 10626575
10629518 10629526
10707984 10707989
10723554 10723561
10756605 10756616
10793044 10793057
10801119 10801126
10801358 10801368
10809300 10809308
10812534 10812545
10813198 10813211
10815734 10815747
10900189 10900196
10907474 10907478
10911560 10911567
10954721 10954729
10954975 10954978
10954979 10954984
10956582 10956595
10956699 10956707
10957605 10957618
7790524 11003163
7641513 11004854
11015090 11015105
8639028 11029363
11232748 11232754
11251104 11251111
11275545 11275556
11276670 11276679
11280534 11280548
11286371 11286380
265137 11302553
11302681 11302688
11311771 11311780
11320367 11320372
11341597 11341605
11352036 11352045
11352083 11352093
11353004 11353012
11365141 11365149
11368678 11368686
11384368 11384378
11384577 11384587
11410068 11410079
11410122 11410137
11412440 11412453
11412483 11412492
11414478 11414490
11417939 11417948
11423216 11423225
11425674 11425686
11426430 11426437
11428106 11428113
11429542 11429554
11432253 11432263
11432475 11432485
11432487 11432499
11432763 11432774
11434024 11434033
11434540 11434548
11435388 11435394
11436055 11436062
11445051 11445059
11445331 11445342
11446184 11446188
11446919 11446923
11447153 11447157
11447455 11447464
11448115 11448124
11449039 11449043
11450190 11450197
11450388 11450397
11451642 11451646
11452151 11452159
11453806 11453815
11454275 11454280
11455553 11455557
11463106 11463114
11463808 11463817
11466265 11466273
11468138 11468145
11470347 11470353
11476589 11476595
11478112 11478119
9074767 11491895
7541229 11494562
11592868 11592877
11650735 11650745
11664007 11664014
11664711 11664717
11682456 11682464
11682501 11682508
11683164 11683171
11684638 11684643
11686860 11686867
11750697 11750703
11751854 11751865
11754695 11754702
11774573 11774580
11775161 11775168
12115010 12115012
12265362 12265370
12291361 12291362
12364431 12364435
12540410 12540420
13088773 13088784
14190027 14190029
14192212 14192217
14217358 14217361
14351780 14351785
14686911 14686915
14692369 14692375
14699905 14699910
4093709 15261343
5617660 15262748
4573502 15262774
15270912 15270928
14937342 15271085
15272633 15272651
15273455 15273478
3112803 15273539
15274779 15274792
7992532 15275052
2850863 15277162
15277611 15277633
15278100 15278112
8996666 15278908
15279934 15279946
2863921 15286100
1247944 15292109
6781703 15292134
7800907 15292603
14937588 15316342
15364037 15364059
12043267 15372735
4762263 15391579
15398889 15398898
14929067 15399000
15400278 15400290
15400722 15400731
1605252 15401325
12371221 15401454
15402479 15402490
15402789 15402804
15402943 15402952
15403040 15403049
15403390 15403410
15403448 15403461
15403504 15403517
15403844 15403856
15404614 15404623
15409796 15409812
14930254 15410597
15411201 15411215
15411219 15411233
15411899 15411916
15411918 15411944
7792345 15411959
7792347 15411969
15412103 15412119
7792358 15412132
15412167 15412181
8772244 15412372
15412550 15412563
7792381 15412615
15412702 15412721
15412728 15412741
15412868 15412883
14930309 15412992
15413038 15413048
7792401 15413087
14930319 15413150
15413226 15413240
14930325 15413260
15413263 15413275
14930337 15413420
15413615 15413631
14930350 15413645
15413646 15413661
15413791 15413807
15413853 15413866
15413868 15413876
15413903 15413915
15414038 15414057
15414115 15414125
7792447 15414152
15414174 15414186
15414207 15414221
5868965 15414311
15414312 15414329
15414341 15414354
7792457 15414366
15414592 15414606
15414647 15414660
15414758 15414772
15414774 15414787
15414789 15414798
15414804 15414813
15414816 15414828
15414854 15414866
15414969 15414982
15414984 15414998
15415000 15415015
15415050 15415062
14930436 15415300
15415360 15415369
15415487 15415499
15415502 15415516
266594 15415565
15415568 15415579
15415630 15415641
15415664 15415680
15415710 15415719
15415720 15415733
15415736 15415748
15413008 15415758
15415819 15415841
15415873 15415882
15415995 15415999
15416036 15416045
14930474 15416058
14930479 15416168
15416276 15416287
15416374 15416386
15416400 15416404
15416414 15416426
15416611 15416619
15416767 15416776
15417215 15417236
4606591 15417303
15417559 15417567
15417624 15417634
15417642 15417653
15417655 15417667
15417669 15417685
15417773 15417788
4658349 15417972
7792631 15417984
7792637 15418043
15418054 15418067
15418110 15418122
14930572 15418235
15418265 15418279
14930574 15418307
15418646 15418667
15418746 15418760
7792677 15418822
15418836 15418850
15418851 15418864
7792685 15418877
11875980 15418914
15418918 15418931
15419166 15419179
14930602 15419209
15419385 15419397
15419626 15419635
15419726 15419736
7792756 15419821
15419822 15419829
15419842 15419863
15419975 15419986
15415242 15420003
15420115 15420123
7792772 15420197
15420230 15420244
15420401 15420414
15420421 15420440
15420627 15420642
8306185 15420788
15420790 15420803
7792800 15420863
15420865 15420875
7792828 15421537
300374 15426232
7793670 15451035
15451379 15451391
15456043 15456056
15461275 15461290
15481879 15481891
7795072 15490279
15503246 15503263
15508514 15508534
15518481 15518490
15530102 15530110
15531586 15531598
15551038 15551051
15559813 15559826
7796512 15559845
15583966 15583981
15585061 15585071
15585890 15585905
7797044 15598606
7797266 15629848
15657435 15657452
15677472 15677484
15683639 15683646
15684654 15684664
15704461 15704472
15710333 15710345
15713923 15713930
15713973 15713985
15717639 15717647
15721948 15721961
15722241 15722254
15722851 15722865
7992538 15735396
15740972 15740983
15749473 15749484
15754571 15754584
15760057 15760066
7641461 15770073
15772287 15772299
14936468 15803465
15808418 15808432
15811665 15811678
15820523 15820534
14936634 15820678
7641568 15820912
15824114 15824130
4286728 15829747
15830051 15830060
7800001 15833565
15841243 15841254
15842810 15842821
15843911 15843921
7800076 15845486
15847378 15847386
7800139 15850642
15857071 15857078
15861590 15861598
15861629 15861641
7800305 15870505
14937042 15875114
15878618 15878631
15879713 15879724
15882485 15882493
15888115 15888127
15892254 15892265
15896630 15896638
15933783 15933794
15935353 15935367
15951540 15951552
15972155 15972168
15983182 15983194
15992863 15992874
16014143 16014151
16025011 16025024
16027378 16027385
16035415 16035426
16036905 16036920
16043111 16043127
16045077 16045095
16075826 16075832
14929079 16082639
7641659 16094286
16094762 16094777
16097811 16097824
16104524 16104534
7791346 16119402
16125173 16125181
11692361 16127234
16132870 16132882
16136924 16136932
16143367 16143375
16156343 16156351
7792717 16159713
16197433 16197443
7793159 16216380
16227714 16227722
16231050 16231058
16246543 16246555
16248909 16248920
7793600 16275698
16277199 16277207
16290583 16290595
16325146 16325156
14931763 16333262
16348954 16348965
16352260 16352268
16354294 16354300
16392984 16392996
16406673 16406682
16419607 16419616
16433623 16433634
16442333 16442342
16471570 16471579
16472229 16472240
16472801 16472809
16473318 16473333
7795573 16499985
16508184 16508191
16511281 16511293
16542611 16542619
16544621 16544636
14933585 16560676
7796123 16576860
12917760 16613547
16622083 16622091
16647060 16647066
16647096 16647108
16667751 16667761
16677857 16677866
16684402 16684410
16691394 16691404
16704055 16704071
16705362 16705370
14305517 16722946
16726912 16726923
16799006 16799013
16820570 16820580
16895508 16895523
16964740 16964748
16967935 16967947
17086933 17086944
17093423 17093432
17115285 17115296
14794745 17123014
17157869 17157881
17175828 17175836
17182942 17182949
17183203 17183204
17188539 17188544
17188695 17188703
17217761 17217768
17225822 17225829
7798328 17230065
17230771 17230777
17235677 17235685
17240100 17240112
17287660 17287666
17329066 17329077
17389126 17389137
17389933 17389946
17411137 17411144
14793492 17568359
17571068 17571076
17576876 17576885
17630892 17630899
17641894 17641902
17642284 17642290
14324518 17708999
17712212 17712222
7643091 17712705
3404220 17720730
17723100 17723103
15414476 17737849
17738018 17738029
246479 17740822
17745034 17745047
17822592 17822601
17838066 17838076
17858060 17858066
17872882 17872892
14794757 17918057
17922033 17922040
17930716 17930722
17934431 17934441
17943237 17943245
18136518 18136521
18198163 18198168
18199553 18199561
18247751 18247763
18273932 18273941
18300931 18300947
18307871 18307884
18318672 18318680
18318733 18318742
18318987 18318995
18322237 18322246
18323409 18323416
18327199 18327208
18329109 18329117
18330940 18330949
18333968 18333976
18338901 18338909
18339344 18339349
17873199 18342468
18342763 18342770
18343024 18343027
18347330 18347335
18348104 18348108
18351157 18351161
18352420 18352424
18356491 18356499
18360418 18360424
18361468 18361472
18361506 18361514
18546531 18546534
18550976 18550981
18561769 18561776
18571117 18571123
18614125 18614131
7642801 18614674
18646793 18646800
18647998 18648003
18656680 18656689
18737420 18737422
18989519 18989531
16347658 19140369
19279224 19279229
266269 19279552
8314466 19279577
19279632 19279634
15413221 19369454
19934537 19934543
20937225 20937229
20952008 20952010
20952055 20952060
16784647 20957168
21198006 21198007
21316314 21316319
21566600 21566601
21960617 21960633
21967174 21967186
14937336 21967330
6402118 21968950
16495607 21969650
21972066 21972085
262091 21972573
4307651 21972723
4306818 21972999
21973331 21973341
21973435 21973446
21973712 21973727
21973891 21973903
4257828 21974072
7800797 21974709
20924357 21975367
21977310 21977322
14793509 21981325
1682080 21990191
22068666 22068676
22069478 22069491
22072994 22073009
22079275 22079292
11524526 22081495
22082118 22082132
7790553 22082518
22084797 22084809
7790705 22085715
22090507 22090520
7790995 22091291
7642872 22092188
21640826 22092867
4607740 22093249
14929221 22093703
22093752 22093769
22094220 22094233
22094556 22094569
14929281 22094671
7791214 22094814
21515672 22094940
21640927 22095154
22095188 22095199
22095261 22095273
22095343 22095353
22095416 22095429
22098323 22098339
14794779 22101579
7792292 22101624
6841781 22101859
22101862 22101880
22102477 22102492
22102764 22102780
22103360 22103377
8310299 22103616
22103618 22103640
14930292 22103780
14930296 22103808
21641968 22103839
22103889 22103903
10385938 22103961
22104005 22104020
22104236 22104256
14930307 22104349
22104383 22104394
21641971 22104440
22104458 22104472
22104474 22104486
22104716 22104730
22104772 22104785
22104789 22104801
14930327 22104829
14930329 22104843
22104874 22104883
14930339 22105099
22105141 22105155
14930354 22105293
22105413 22105429
15413522 22105583
22105599 22105617
22105768 22105775
22105845 22105860
22105863 22105876
22105985 22105996
22105999 22106011
22106028 22106045
22106076 22106088
22106090 22106104
22106141 22106154
22106158 22106170
21642037 22106192
22106256 22106269
22106308 22106321
22106325 22106340
22106342 22106357
14930404 22106377
22106393 22106403
22106405 22106424
22106439 22106452
22106493 22106505
22106508 22106519
22106542 22106561
22106565 22106575
7641557 22106589
22106716 22106725
22106726 22106735
22106851 22106861
7792511 22106890
22107100 22107112
22107199 22107211
22107296 22107309
22107381 22107393
7792545 22107443
21642104 22107483
22107484 22107493
22107509 22107521
22107567 22107576
21642118 22107605
7792559 22107651
22107708 22107710
22107771 22107782
22107809 22107818
15418399 22107838
22108041 22108052
22108055 22108064
12264374 22108311
22108781 22108793
22109036 22109045
22109228 22109248
21642165 22109467
22109477 22109489
22109517 22109533
22109635 22109645
22109647 22109668
19115173 22109721
22110109 22110120
8306690 22110178
22110547 22110560
22110578 22110590
22110658 22110667
14794727 22110903
22110941 22110954
22110980 22110991
22111250 22111257
22111458 22111467
7642912 22111533
22111624 22111639
22111708 22111717
22111729 22111745
22111800 22111815
15491060 22112072
14930667 22112100
22112123 22112135
21642299 22112175
21514550 22112279
22112289 22112301
7792794 22112391
14930681 22112405
7792809 22112543
22112890 22112902
22113085 22113099
22113262 22113272
22113330 22113342
6477746 22113393
6433131 22113419
5794761 22113452
22116197 22116204
22121232 22121243
22136654 22136669
22141190 22141201
22145797 22145808
22156017 22156028
7992576 22161543
22179737 22179755
22195188 22195207
22214582 22214592
22241694 22241706
22110183 22257539
7168914 22268099
21645749 22309193
22318412 22318419
22389156 22389165
22396017 22396024
22404585 22404604
22406429 22406443
21646605 22433101
7798680 22434504
22472728 22472747
22481529 22481541
22485020 22485028
22485512 22485519
22490625 22490634
22495729 22495739
7643033 22498464
22512128 22512136
22515000 22515009
7800376 22541708
22542056 22542067
21647904 22546988
22547623 22547632
22548657 22548670
22552088 22552099
22554441 22554453
22569928 22569943
22579829 22579841
22587206 22587212
22587904 22587917
7642768 22590068
22607327 22607336
22620633 22620650
22624802 22624811
22626739 22626753
22637312 22637327
7790221 22650211
22664383 22664394
14928589 22670081
21640420 22675539
14928652 22677375
22687881 22687893
22690198 22690204
21824988 22690216
22690223 22690234
22698465 22698479
22704722 22704734
7790775 22710069
22718748 22718762
7790921 22729968
22733207 22733216
22737270 22737282
14929095 22740345
22750500 22750510
22759489 22759497
22764087 22764102
22773087 22773096
22773527 22773546
22774096 22774107
22781812 22781823
22783100 22783113
22795064 22795073
22799306 22799319
22811544 22811550
22855058 22855070
21514544 22912008
15120418 22921246
22948343 22948352
7641464 22953406
22961117 22961131
22967007 22967021
22977693 22977702
23003215 23003223
23017067 23017079
23036432 23036445
23050690 23050697
21516019 23057729
23062498 23062507
23068478 23068494
7641441 23079119
23086344 23086351
14932866 23100129
23106589 23106599
1838788 23110000
23110342 23110352
23135841 23135852
23137092 23137097
23143492 23143502
23158454 23158467
23185275 23185285
14933597 23196868
23231249 23231258
21514570 23247721
23274358 23274365
23295695 23295700
23305060 23305065
23310001 23310009
23310331 23310337
23314587 23314598
23315287 23315292
23318729 23318741
23328785 23328793
23359293 23359307
23367969 23367977
23404735 23404747
23465666 23465677
23519587 23519593
7797336 23545609
23561147 23561157
23589301 23589308
23607707 23607721
14794687 23664930
23717894 23717903
23762983 23762991
23763169 23763178
23763838 23763844
23763859 23763866
23767575 23767584
23770388 23770393
23784059 23784065
23785220 23785229
23786166 23786175
23804551 23804558
23821923 23821926
23831741 23831748
7643076 23837927
5590265 23905224
14793548 23911553
23974443 23974454
21646716 23977694
24164775 24164779
1843260 24177679
24181229 24181236
24186592 24186605
24215907 24215913
24232557 24232564
10813415 24235881
11683282 24275898
24296239 24296246
24404058 24404067
24404874 24404881
24433718 24433728
24435042 24435052
24464785 24464789
24480029 24480038
7790783 24521909
2850849 24568757
24710137 24710143
24721170 24721180
15416341 24727309
24734301 24734306
24734417 24734420
21824914 24745567
24754408 24754417
24756016 24756024
24756831 24756838
24764251 24764260
24767411 24767420
24773232 24773239
24794191 24794201
24797803 24797813
24805485 24805491
24824651 24824659
24828508 24828522
7641494 24844305
24845437 24845444
24849968 24849977
24860138 24860143
14794550 24863753
24865813 24865822
24872771 24872784
24883744 24883752
24885914 24885920
7992585 24888832
24889459 24889467
24889821 24889827
24892567 24892573
24893528 24893537
24894610 24894617
24897744 24897752
24899436 24899443
24901624 24901631
24907562 24907569
24907924 24907935
24908494 24908501
24913794 24913800
24914001 24914007
24914220 24914227
25040748 25040759
25076110 25076112
25083082 25083088
25087415 25087418
25099798 25099804
25103671 25103680
25136629 25136633
25140005 25140012
25166647 25166655
25170385 25170386
25184042 25184048
25366341 25366346
25367018 25367024
25492939 25492943
7642860 25505199
25547064 25547065
25630121 25630130
25654283 25654284
25717089 25717092
25724857 25724859
25728465 25728471
25791545 25791552
15979014 25791557
25791567 25791573
25791637 25791641
25794091 25794098
16683960 27366471
27371705 27371709
27443202 27443208
27826897 27826901
27827352 27827356
4806892 28340412
10423586 28358625
7800705 28367448
14937340 28367571
21089105 28368727
28057563 28371585
11432282 28420025
14927896 28452973
25105784 28459477
2470032 28472790
1043230 28479821
10235588 28481732
7790707 28482953
21640588 28483204
14928904 28484042
28051752 28485126
7790943 28486195
7643059 28486602
14929041 28486738
28489300 28489312
7791154 28489644
28489668 28489683
7642688 28490711
14929291 28490738
28051956 28490931
14929313 28491155
17653052 28497696
28052742 28498205
28498328 28498342
21641951 28498361
28498363 28498377
21641960 28498463
28498749 28498760
28498832 28498843
7792397 28498856
28498857 28498869
21641975 28498943
7528790 28498956
7792403 28499116
21641982 28499130
28499131 28499143
7792409 28499170
14930333 28499194
28499281 28499296
28499298 28499309
14930348 28499338
21641991 28499397
7792425 28499410
28499426 28499437
16714953 28499535
21641995 28499568
28052763 28499658
28499678 28499691
14930362 28499740
3789116 28499785
7792445 28499824
28499900 28499911
21642026 28499962
21642030 28499974
28500094 28500110
21642039 28500137
28500159 28500173
28500222 28500238
7792482 28500369
28500386 28500394
28500422 28500433
21514720 28500443
28500444 28500457
28500460 28500474
28052799 28500506
14793563 28500526
28500768 28500779
28500816 28500825
28500826 28500841
28052812 28500897
28500937 28500946
28500948 28500959
28501079 28501095
14930449 28501132
28501163 28501176
28501263 28501273
28501300 28501312
21642112 28501419
28501462 28501474
28501556 28501569
7792569 28501592
21642133 28502363
28502431 28502440
28052863 28503009
14930523 28503018
28503076 28503090
28503111 28503130
21642156 28503152
28052867 28503181
28052869 28503196
28318042 28503207
28503274 28503287
7792609 28503346
28503375 28503390
7792619 28503490
28503526 28503538
21514164 28503599
15120399 28503650
28503694 28503703
21642192 28503893
7642892 28503986
28503989 28504000
21642202 28504034
21642211 28504350
21824927 28504363
28504453 28504465
28504628 28504641
28504685 28504696
21642245 28505044
21642247 28505087
28052927 28505231
28505260 28505274
28505353 28505365
28052950 28505557
28505619 28505627
28505722 28505727
28505845 28505858
28505936 28505948
28506243 28506254
28506402 28506417
28026581 28506439
14930679 28506483
28506505 28506519
28052984 28506570
14930696 28506827
28506930 28506939
21642333 28507034
28507090 28507099
14930713 28507276
17610696 28516282
8117139 28548908
7794183 28553673
7794898 28562377
28565202 28565209
28565211 28565217
28565252 28565258
7794987 28566439
7992548 28571849
28591971 28591979
28595621 28595630
28601615 28601625
21644833 28602909
28605412 28605420
7796314 28614623
7796410 28624786
28659799 28659815
28662879 28662890
28687033 28687041
7797268 28697036
21645827 28710164
28733823 28733834
28738472 28738482
28750622 28750633
28771534 28771548
7798148 28773279
28774381 28774390
28788673 28788684
28799849 28799858
14935603 28811856
14935610 28812697
28818547 28818561
28838432 28838441
7799512 28847244
7642708 28856871
28866846 28866858
7799866 28871244
7641633 28879023
28879025 28879037
28880799 28880816
25752571 28886119
28896929 28896937
28905676 28905682
28911690 28911705
28915851 28915865
28929674 28929685
28057416 28929845
28933508 28933517
28940382 28940390
7800533 28942578
14793423 28967362
28993390 28993402
14793436 29007566
21640358 29040337
29040341 29040351
27931648 29048108
29049035 29049048
14928770 29062385
29062387 29062396
29072657 29072673
7642906 29073400
14928854 29074265
7790749 29077212
29099840 29099853
21640707 29100600
21640731 29103189
28052001 29136170
29138798 29138806
7791350 29139960
29144283 29144293
29146952 29146966
29148065 29148072
29174468 29174476
29182218 29182230
29186968 29186978
29188612 29188622
21642393 29205409
29209850 29209858
29232171 29232179
27930589 29232768
28053273 29248741
29279761 29279773
29281404 29281412
7793634 29289296
14931425 29293364
29314485 29314498
29321166 29321171
21643119 29321448
29369459 29369465
7794790 29371085
29377606 29377614
29413537 29413548
14794556 29423077
29435748 29435755
29459805 29459815
29460038 29460052
29462036 29462048
14933008 29462366
29462834 29462847
29466196 29466205
29484832 29484840
14933140 29487457
29497732 29497740
29532088 29532091
29536601 29536611
29554143 29554148
29561175 29561182
29569253 29569259
29598175 29598188
29606051 29606060
29650766 29650773
29657540 29657549
14934112 29675111
29675232 29675243
21514813 29694820
29695931 29695943
14934179 29699685
7643064 29709148
29723664 29723674
29774059 29774070
29782361 29782370
27930325 29782392
29784659 29784671
7797032 29785046
21515921 29785255
29785270 29785280
29821041 29821049
29879484 29879494
27829159 29958692
29979475 29979482
14794667 30034211
30057098 30057107
24858687 30064986
21646248 30094101
30099272 30099286
30104079 30104086
14935293 30112767
30137407 30137412
30149150 30149156
14935391 30151398
30154779 30154786
30156136 30156143
30158216 30158222
30159180 30159187
30166290 30166296
30167160 30167167
30210748 30210755
30222144 30222154
30262117 30262126
13153540 30318688
30319230 30319238
21647577 30464093
30466280 30466285
30466286 30466290
27930456 30466298
30470957 30470962
30492381 30492388
28229206 30492950
30496864 30496882
30497000 30497009
30510770 30510777
30533641 30533648
30591373 30591379
30606352 30606360
30609868 30609880
30706933 30706943
30707825 30707827
30709120 30709129
30710780 30710785
30733852 30733863
21516027 30733870
30734077 30734089
30734184 30734196
14794815 30734898
30734902 30734909
30735417 30735425
30736004 30736014
30788025 30788034
30905372 30905378
8820639 30940990
17571043 30941684
71167 30994533
8305531 30994547
31017491 31017501
8660913 31022220
31026761 31026766
31027744 31027751
31048188 31048200
31050874 31050882
31081164 31081173
31086842 31086851
31114597 31114608
31115902 31115911
31116506 31116512
31118579 31118586
14794713 31122533
31135567 31135574
7643051 31138007
31139938 31139947
31140685 31140699
31141057 31141070
31142378 31142387
14794537 31144048
31145715 31145726
31145856 31145863
14793289 31146584
31148554 31148557
31160997 31161006
14794859 31163395
31163796 31163806
31163952 31163962
31166530 31166538
31167549 31167558
31175794 31175801
31179027 31179036
31181517 31181524
31181659 31181666
31182004 31182010
31182250 31182258
31182884 31182889
31184248 31184255
31189496 31189498
31191749 31191756
31197328 31197334
31198335 31198342
31198892 31198897
31370492 31370500
31422610 31422617
31465928 31465935
31467764 31467772
31468186 31468193
31551568 31551573
31650917 31650925
31825917 31825922
31826015 31826016
31829691 31829694
31930311 31930314
31983555 31983559
28491115 32058984
32059512 32059517
32059668 32059670
31011837 32062062
32086638 32086645
32610588 32610595
32610912 32610920
33103839 33103842
276251 33103962
22470601 33572332
22692327 33584869
34172714 34172715
5047493 34534166
1052229 34544703
21648074 34551597
15491062 34556824
14937366 34557000
25469379 34557720
14937384 34558077
34558411 34558425
34558751 34558765
2668631 34558983
21515937 34560227
28057654 34568792
23907634 34591320
34611284 34611307
6694194 34612237
34242485 34647220
14928370 34647883
34650909 34650922
16231433 34661385
4257830 34664194
21515659 34665320
34667546 34667556
34669496 34669503
8014238 34669711
34669738 34669759
5612031 34669914
5852012 34670257
28051902 34670287
13665703 34670407
34670456 34670470
28051904 34670487
28051907 34670717
34670756 34670769
7791224 34671631
7791242 34671900
14929329 34672164
7642854 34672347
21641928 34677904
6698520 34678178
7340097 34678565
34678754 34678771
21641939 34678829
7792353 34679482
14930282 34679552
34679555 34679569
34679571 34679584
28052745 34679601
7792364 34679661
34243736 34679670
21641956 34679703
21641962 34679739
7792385 34680089
14930305 34680148
7792391 34680281
34680293 34680306
14930311 34680326
34243746 34680463
7792405 34680513
28052755 34680559
14930360 34680859
21641997 34680912
34243756 34681038
34243761 34681251
34681320 34681332
7792449 34681360
34681375 34681389
34681410 34681423
34681427 34681437
34681442 34681456
34681522 34681531
33486028 34681558
14794760 34681572
34681584 34681596
28052786 34681616
21642050 34681635
34681675 34681688
8307714 34681715
34681739 34681749
14930406 34681776
7792484 34681786
7792492 34681835
34681836 34681844
34681846 34681857
34681893 34681903
34682122 34682135
34682173 34682185
34682200 34682210
34243813 34682341
28052822 34682387
21642098 34682437
28052826 34682470
21642100 34682557
6817113 34682611
34682623 34682628
34682702 34682712
21642110 34682750
21642124 34682795
34243818 34682837
34682899 34682907
34243824 34682981
14930483 34683219
34683224 34683232
14930491 34683243
21642135 34683295
34683601 34683610
14930505 34683705
34683983 34683988
34243842 34684096
34243844 34684118
34684156 34684168
34243846 34684186
4735656 34684374
28052876 34684433
34684442 34684452
34684454 34684468
34684473 34684485
21642175 34684561
7792621 34684633
30321517 34684669
7792627 34684681
7792635 34684847
34243852 34684888
7792639 34684927
34685009 34685018
7792647 34685028
34685042 34685053
7792660 34685088
34685285 34685297
34685567 34685578
34685676 34685689
34685730 34685743
34128276 34685849
7642846 34686017
7792787 34686613
34686696 34686706
34686817 34686825
34687578 34687587
21642335 34687615
34687642 34687651
7792835 34687956
34694362 34694370
27930512 34694858
7793181 34695897
34721864 34721876
34735357 34735363
34245092 34744379
28054342 34745278
28054388 34748714
34749554 34749567
34245164 34751773
24890247 34754133
7795229 34755182
14933082 34765104
14933273 34773119
34796448 34796464
27931326 34809664
21645705 34865318
34886041 34886049
7797519 34895472
28055870 34900826
34246439 34905797
34907614 34907625
34927695 34927707
34935361 34935371
21646289 34945544
34945795 34945811
27931545 34991736
35012615 35012630
35019785 35019800
7642650 35020089
35028640 35028655
34247529 35052292
35052337 35052346
21647655 35063620
35063860 35063873
35065545 35065556
28057267 35070197
35088345 35088362
14937084 35094993
14793426 35096940
14937139 35099356
35101611 35101621
21639788 35133415
35134005 35134015
35138173 35138186
35172534 35172550
28051327 35174714
35174808 35174819
35175166 35175180
35178679 35178687
21515932 35212533
35216966 35216980
7643003 35226338
21640496 35229450
35231195 35231203
35237481 35237489
21640637 35255098
28051743 35258581
35268423 35268431
34242872 35275595
35277225 35277237
35286992 35287005
21640856 35292427
21640860 35293062
7791187 35294659
35296749 35296760
14794528 35297519
35298872 35298879
35298885 35298891
35311459 35311465
21642019 35330838
35349116 35349129
34244068 35388674
35397652 35397662
7793190 35399432
28947906 35406396
35407535 35407549
35409447 35409452
10426617 35412834
7793338 35413813
7145777 35438908
7793569 35443689
35446013 35446021
19954664 35466396
35475297 35475305
21643121 35484188
35495495 35495507
35511942 35511954
35512291 35512301
14794804 35516947
35521279 35521283
35525838 35525843
35526597 35526606
15120408 35551119
27930350 35571663
35573029 35573036
35577121 35577130
34245158 35584111
35618176 35618184
7641504 35618326
7640989 35618762
28054600 35621818
28054634 35627552
35653324 35653331
34245379 35653342
35660115 35660125
35665829 35665841
35698502 35698509
35702734 35702744
35702747 35702756
7796062 35707483
7796323 35745633
21645021 35755815
32610329 35761256
35773381 35773391
35773402 35773411
35774490 35774502
21645177 35805167
35805636 35805644
35813614 35813624
14307288 35834800
35843653 35843662
7796660 35853851
35885564 35885572
21516006 35955851
24870998 36045020
36092321 36092329
27931460 36129666
36131752 36131761
36134054 36134062
14935112 36176236
36195192 36195201
7798060 36226770
36228217 36228224
36250612 36250618
36254955 36254963
28056158 36255146
36273826 36273834
36295323 36295332
36296956 36296962
36300110 36300120
36304007 36304014
36304015 36304023
36305195 36305205
36328125 36328137
36490563 36490570
36591106 36591113
36596197 36596209
21515879 36612837
14937082 36630494
36643698 36643705
36809593 36809603
36817999 36818007
36820284 36820289
36832421 36832428
36843922 36843930
36844123 36844133
36844242 36844250
36844560 36844567
36844649 36844656
36844687 36844688
36845041 36845047
36846321 36846328
36926080 36926089
37040513 37040516
37118189 37118199
37122114 37122125
37124842 37124852
37158036 37158043
37200021 37200026
37203247 37203253
37218208 37218216
37236666 37236677
37236765 37236772
4998484 37238639
37238805 37238814
37239537 37239543
14794571 37239926
37241281 37241289
37242412 37242424
37255316 37255323
28052674 37256182
34243694 37256813
21515867 37258618
37259739 37259750
37264184 37264191
37264387 37264392
37272978 37272986
37273166 37273173
37274301 37274305
37274589 37274596
37276125 37276129
37276796 37276803
37277754 37277758
37278729 37278736
34127245 37279976
37279991 37279994
25695817 37281199
37281221 37281228
37281557 37281559
37282392 37282397
37283025 37283038
37283082 37283086
37291170 37291176
37296824 37296830
28372948 37306729
37445243 37445250
37460892 37460894
37477701 37477708
37556157 37556166
7641533 37556530
14931011 37557222
7641719 37557670
37638975 37638977
18246676 37734652
37867487 37867491
20041996 37871941
37878500 37878508
2475758 38132453
15415550 38132549
35392557 38132853
15418899 38132937
38132981 38132985
38135540 38135545
38158681 38158689
1801520 38159002
13694951 38206399
22510922 39574617
8402911 39594641
40026145 40026150
40027964 40027968
40028947 40028955
40030148 40030154
40030878 40030882
40166125 40166126
40427641 40427643
13165282 40523027
15237496 40528985
21648083 40537909
7800764 40542617
7104106 40542657
7800770 40542778
40543106 40543123
40543308 40543323
21648125 40543507
4643336 40543903
28057587 40544590
40544658 40544674
4968017 40549105
16826924 40551205
40553951 40553967
4744749 40559483
22094899 40598521
14928223 40630096
34242579 40641058
7192212 40649163
15144315 40650510
40651889 40651898
28051807 40654858
14929168 40656245
40656338 40656345
14465735 40656802
14929190 40656846
7995553 40656973
27832308 40657288
21640852 40657325
7791152 40657380
40657444 40657462
40657520 40657534
40657543 40657559
13670562 40657591
24407456 40657617
22629641 40657638
34242934 40657794
14793590 40658040
21640917 40658221
40658249 40658262
14929289 40658281
34242954 40658304
28051952 40658470
40658555 40658563
7791232 40658617
21640968 40658759
34243722 40663528
18613293 40663766
4688150 40664561
22104689 40665153
7641407 40665200
7195161 40665252
34243732 40665275
8517937 40665363
21641966 40665426
28052749 40665464
34876585 40665543
40234966 40665648
28052753 40665778
40665900 40665915
34243741 40666003
7792389 40666018
7792393 40666034
40234976 40666057
5851574 40666180
40666311 40666327
40234987 40666375
14930331 40666456
14930335 40666525
28052757 40666550
28052759 40666624
3698885 40666682
7792427 40666743
40666809 40666818
40666898 40666914
267825 40666931
14930370 40667022
34243763 40667128
14930388 40667217
14930392 40667278
15417015 40667370
40667371 40667384
40667397 40667407
34243780 40667428
28052788 40667475
7792488 40667517
21642058 40667529
14930408 40667564
40667565 40667579
40667580 40667584
21515885 40667622
7792500 40667654
40667675 40667685
21642070 40667705
21642084 40667851
28052814 40667859
34243811 40667867
40667875 40667884
40668032 40668043
28052824 40668059
40235042 40668070
40235044 40668084
10711973 40668100
40668128 40668139
40235046 40668215
40668265 40668276
40668392 40668402
14930464 40668448
40668483 40668495
40668543 40668555
34243826 40668611
40668753 40668762
40669040 40669044
40669347 40669359
28052861 40669408
21642153 40669479
34243848 40669597
21642171 40669732
7792615 40669743
7792617 40669755
28052880 40669800
40235069 40670105
25462634 40670136
21642188 40670230
7792641 40670300
7792643 40670343
40670344 40670357
21514547 40670406
7792651 40670441
27931585 40670490
40670492 40670503
14930589 40670795
40670866 40670874
21642237 40670981
40235087 40671027
21642241 40671078
40671086 40671093
14930604 40671297
40235095 40671528
40671632 40671642
40671654 40671666
21642266 40671734
14930653 40671963
21642287 40672087
34243887 40672110
14930665 40672124
21642297 40672232
14930675 40672347
34243903 40672362
21642311 40672458
40672828 40672837
40673749 40673759
28053255 40686839
28053262 40687263
40696800 40696811
21643108 40706896
7701110 40707796
4612063 40714162
40235442 40714363
34245006 40719642
15149935 40727403
40729426 40729435
40741576 40741586
14933108 40750946
40756947 40756952
27931398 40757339
34245900 40791702
34245903 40791715
15491061 40814117
40819464 40819476
21824998 40867520
14935058 40898288
40918781 40918793
40923422 40923435
21646343 40928902
21646378 40934113
7642889 40943941
14935700 40971609
7798926 40988132
4687629 40997082
40998803 40998808
28056987 41002624
28057126 41019358
7799916 41021687
14794670 41025180
41040332 41040356
28057299 41050664
41050909 41050916
21647777 41056468
7800303 41058735
41060030 41060042
40237907 41064931
21647940 41075533
41080937 41080945
41098281 41098286
41108451 41108458
40233856 41126197
41148161 41148168
27930459 41153061
40233965 41154922
15417320 41157383
7790485 41187850
21640450 41193767
41201768 41201775
28051684 41216020
28051727 41226076
7790941 41240148
41244674 41244683
28051826 41249978
34242890 41251467
41256688 41256690
34242915 41261859
7641427 41265131
41274621 41274637
21641135 41286346
41286745 41286755
41289663 41289673
21642306 41317923
40124128 41325336
41325381 41325396
40235156 41342290
27931565 41347860
41352558 41352566
41357313 41357320
40235190 41359223
14930969 41360072
21514726 41375718
40235256 41381710
41412905 41412909
7793622 41417860
11774152 41426897
41459788 41459796
41476654 41476662
7641578 41478198
14932459 41488754
36844113 41491314
41497926 41497933
40235946 41499946
7794850 41503032
34245162 41548251
28054498 41574516
21644268 41579967
34245254 41580132
7795339 41581171
28054539 41581404
41584268 41584276
41612921 41612927
34245367 41613107
7795619 41616943
7795731 41628817
41647827 41647836
41664577 41664585
41671969 41671976
41678477 41678484
41683659 41683664
14933839 41709628
41714092 41714098
41714358 41714370
41733010 41733014
41736592 41736605
41736820 41736836
21645096 41736948
7643026 41741187
41768485 41768490
41811046 41811056
21514560 41843228
41852641 41852651
7797018 41888216
7642921 41889015
21514534 41921287
41921290 41921303
41935244 41935256
41988627 41988632
41990241 41990250
7797437 41999835
42051016 42051026
42071090 42071101
42114714 42114729
42136828 42136835
11430512 42170714
42172990 42172996
42177354 42177362
42178200 42178206
42178276 42178285
21515711 42178368
7798101 42185458
21646268 42187207
7798112 42188782
42190833 42190842
42197266 42197273
42197781 42197786
42202663 42202666
7642944 42228175
42231236 42231242
42232968 42232976
27930391 42247289
42248408 42248419
40237607 42389470
7800007 42525069
34247535 42527337
42574195 42574200
42574389 42574395
14793533 42654275
42741385 42741388
42743150 42743156
42743928 42743937
42755759 42755767
42766226 42766236
42767032 42767041
42767526 42767534
42767567 42767574
42768778 42768784
42769669 42769677
42779207 42779220
42993941 42993952
43046339 43046344
21824917 43057223
43060929 43060940
43066698 43066708
43072646 43072654
43072799 43072811
43081336 43081343
7791510 43131730
43139934 43139942
43142271 43142277
43153307 43153317
43153882 43153893
43155420 43155430
43161612 43161622
7792249 43168232
43168531 43168539
43170323 43170331
43178007 43178011
43180825 43180834
43182351 43182358
14930231 43182430
43183591 43183598
43186681 43186689
43192880 43192887
43194185 43194189
43194805 43194809
43194913 43194920
43194948 43194952
43195586 43195593
43197085 43197089
43197609 43197614
43198208 43198216
43200172 43200182
43201825 43201831
43203761 43203765
15120340 43204580
43205621 43205629
11733484 43205831
43206057 43206065
43210963 43210969
7641591 43211712
14794495 43217201
43217803 43217810
43221600 43221607
43221957 43221964
43226293 43226301
43312224 43312230
43321843 43321849
43379056 43379060
43394634 43394640
43429154 43429161
43431910 43431917
43471667 43471676
35056789 43787716
43951391 43951400
43980129 43980139
8731729 44036295
264600 44036823
11321494 44036830
21515988 44036927
44039107 44039112
35177429 44039142
44039216 44039219
44062356 44062362
44406112 44406122
45436592 45436598
45443752 45443754
36412961 45447777
45535769 45535771
45868727 45868732
45869861 45869865
4272612 46358809
31797167 46368193
34247802 46368257
24044702 46371790
7800766 46372939
15120324 46373190
28057573 46373934
21648134 46375318
28057648 46381921
497669 46386521
387985 46411572
14016187 46447573
14928167 46455528
7790307 46467566
46471555 46471567
14793449 46477164
7641683 46478633
22101990 46481432
34242906 46482570
46482573 46482583
7210456 46482631
19703439 46482671
8162976 46482692
7791140 46482861
46483083 46483100
4853520 46483281
21640908 46483802
4686661 46483888
28051931 46484066
46484067 46484075
40234271 46484233
46071834 46484250
7642774 46484363
46484366 46484378
21640956 46484396
46485553 46485565
7792296 46489674
7792326 46490549
28052732 46490567
46490643 46490660
7792343 46491023
21641947 46491188
15413548 46491217
21641953 46491289
46491300 46491311
46072533 46491393
14930300 46491474
46491520 46491536
46491593 46491612
40234974 46491979
14930313 46491998
40234980 46492082
274541 46492304
46072538 46492478
21641989 46492495
34243748 46492541
28499339 46492557
46072542 46492595
7792435 46492679
21642009 46492827
25384313 46492889
14930372 46492981
7792451 46493010
28052772 46493026
40235007 46493038
28052774 46493144
14930386 46493159
46072553 46493197
21642046 46493246
21642052 46493258
14901845 46493271
40235013 46493293
40235016 46493310
34243794 46493352
28052796 46493387
21642060 46493398
40123221 46493436
28052801 46493459
14930419 46493493
34243798 46493506
34243800 46493578
40235029 46493609
7792513 46493646
46493647 46493664
46493705 46493716
21642092 46493740
28052818 46493860
7792539 46493877
28052820 46493894
46493912 46493923
21642102 46493935
46493936 46493945
46493961 46493975
7792557 46494120
14930470 46494181
28052838 46494192
46494392 46494403
40235048 46494420
46494421 46494433
46494456 46494466
46494468 46494474
46494518 46494528
46494697 46494703
14930498 46494724
46494725 46494735
46494748 46494763
21642143 46494851
14930527 46495153
7338839 46495280
14930531 46495296
1627630 46495312
14930533 46495324
28052865 46495342
28229306 46495366
33584841 46495497
21642173 46495713
14930545 46495727
46495773 46495784
46495935 46495944
28052898 46496009
21642190 46496054
46496080 46496096
34243855 46496166
18584383 46496221
46072584 46496235
40235076 46496244
40235078 46496277
28052913 46496404
14794678 46496553
46072587 46496685
21642239 46496720
34243864 46496733
28315023 46496745
27930571 46496987
7792705 46497008
40235091 46497115
46497198 46497212
46497413 46497423
46497487 46497497
34243878 46497539
28500597 46497662
46497672 46497685
14930655 46497725
46497965 46497979
28052971 46498023
18206737 46498308
21642317 46498456
46498559 46498570
34243921 46498717
46498815 46498828
34244154 46509346
7793262 46509367
7793421 46516247
14931243 46517067
21644144 46557206
7992579 46578724
31579353 46586624
34246076 46634771
45297677 46699631
46707820 46707832
46073986 46751392
7798359 46756984
40237070 46759692
40237074 46762631
14935518 46766355
14935582 46773766
40237125 46777219
21824977 46812673
21647350 46818531
7799761 46822887
21824948 46822894
46824590 46824602
21514590 46829239
44543514 46837280
28057194 46840847
6213252 46844742
25887417 46846684
7641581 46849331
34247588 46853126
14936886 46853855
40237847 46855807
21515882 46861779
46865938 46865951
28057377 46875460
7800387 46875928
7800400 46877428
46878417 46878432
46884483 46884492
28057447 46887626
28057465 46890095
46892786 46892795
7642796 46895832
46917606 46917620
13648497 46951290
40233953 46953852
46071655 46955835
14928366 46956474
28051378 46960610
46979937 46979941
34242624 46986974
27931582 47006892
34242864 47046005
47046503 47046515
14929063 47047244
28051820 47051224
47063601 47063613
14929237 47065793
21640870 47065960
47068436 47068442
46071845 47079036
47079207 47079220
47079331 47079339
47082881 47082886
21515706 47084733
47087675 47087685
7792323 47093516
14930515 47108510
47118726 47118739
40235111 47119734
28053089 47149130
34244043 47151989
28053105 47153204
47166627 47166636
7793297 47174942
14931161 47178887
43403405 47193578
7793458 47197183
47211398 47211404
47232903 47232914
27931415 47233134
7793843 47240222
21643248 47264934
47272369 47272383
28053716 47273100
7794204 47279521
47283958 47283968
46073206 47284999
34245125 47324395
7795049 47332589
47336551 47336564
21644110 47337392
46073273 47352812
47373090 47373102
21644287 47373608
46073302 47377038
47397724 47397732
47399509 47399516
14933215 47410370
47426172 47426178
46073484 47437137
28054948 47440391
45965306 47441525
34245647 47450013
14794738 47464117
47490010 47490015
47493483 47493495
27930481 47501237
47509652 47509662
14933890 47509755
34127373 47509820
47521434 47521450
47524830 47524841
40236517 47529944
47539563 47539576
47555648 47555653
47592305 47592315
40236626 47614775
47616273 47616284
21824958 47626175
47671563 47671570
22107903 47672094
47807649 47807660
46073882 47826583
47944124 47944131
7642705 47945733
47946539 47946547
21515746 47949657
34246565 47950018
46073941 47951625
47952518 47952526
47960179 47960187
47961198 47961204
47962750 47962755
47971318 47971326
47971384 47971388
47978605 47978615
47987330 47987339
47996647 47996659
7642719 47998135
40237044 48005740
48013471 48013479
48014280 48014287
48015775 48015785
48016139 48016150
21646414 48017125
48019095 48019101
48021134 48021142
48073672 48073680
48120806 48120817
14793473 48124703
3208166 48155241
48195090 48195101
48195465 48195478
48203461 48203473
48296471 48296479
40237878 48310642
48328345 48328351
48333808 48333813
48334029 48334034
28051077 48350878
48360308 48360315
48365688 48365695
48393029 48393041
48401759 48401766
48521687 48521697
14794763 48521955
48522652 48522664
27931666 48522700
34127345 48522709
7992526 48522767
21824920 48522782
48523775 48523782
48576009 48576018
22111199 48718850
48761085 48761093
48784072 48784084
48786989 48786991
48792920 48792931
48812392 48812398
48817925 48817932
48828331 48828332
48829614 48829621
48829858 48829866
48842214 48842224
48853327 48853337
48864559 48864567
48865213 48865220
24868126 48878881
48881916 48881923
48900217 48900226
48908633 48908645
48908730 48908740
48915968 48915975
48921650 48921659
7792261 48923531
46497994 48926603
48926732 48926741
48928745 48928751
48929105 48929116
7992635 48929721
48930006 48930014
48932738 48932741
48936629 48936635
14930243 48936920
48939197 48939203
48942383 48942387
48943885 48943890
48945546 48945550
48947182 48947188
48947419 48947423
48947462 48947466
48952525 48952529
22241737 48956202
48956951 48956959
48958412 48958420
48965790 48965796
48967060 48967069
48970754 48970761
48971636 48971644
49120248 49120250
49136161 49136164
49138114 49138120
49140184 49140190
14793398 49165981
34684143 49182070
49182357 49182370
49194779 49194786
49195641 49195650
49310180 49310189
7642737 49383092
28506023 49518107
29689720 49716291
49760742 49760744
8739932 49761059
29064632 49761155
49991982 49991984
31168881 50673747
50673864 50673866
42563781 50673924
37235791 51097846
51103936 51103938
51222265 51222267
51454978 51454979
51534996 51535001
51537648 51537653
51542225 51542231
51542317 51542322
