224347 224359
280375 224359
283133 283137
283133 283138
351764 224359
459280 224359
459280 459303
489851 224359
520826 224359
520826 459303
566653 224359
571318 224359
573615 224359
592105 224359
609427 224359
609518 224359
612780 224359
654458 224359
654458 459303
705483 224359
731599 224359
737025 224359
740492 224359
745156 224359
745156 459303
749693 224359
459282 224359
833529 224359
532405 224359
532405 459303
878631 224359
879452 224359
523168 224359
901486 224359
910402 224359
920319 224359
920815 224359
924877 224359
933541 224359
940034 224359
942748 224359
942748 459303
943448 224359
976412 224359
1017502 224359
1026834 224359
1026834 459303
1029637 224359
1033260 224359
1037268 224359
1037268 459303
1043185 224359
1043185 459303
1046400 224359
1053500 224359
1068867 224359
1068867 459303
1072231 224359
1080847 224359
1087535 224359
1087535 459303
1098537 224359
1106167 224359
1106167 459303
491354 224359
1117410 224359
1127584 224359
1129652 224359
1129652 459303
1139014 224359
1140392 224359
478067 224359
1208846 224359
1208846 459303
982018 224359
1216466 224359
1223433 224359
532368 224359
1264890 224359
1268025 224359
1275059 224359
1283805 224359
1283805 459303
1315273 224359
1317735 224359
1322851 224359
1350048 224359
1394467 224359
1400993 224359
1406295 224359
1406295 459303
1443811 224359
1460700 224359
1283818 224359
1283818 459303
1476550 224359
1488312 224359
1147583 224359
1507718 224359
1350063 224359
352969 224359
1567327 224359
1578423 224359
1200376 224359
1618902 224359
1265294 224359
1648708 224359
1661431 224359
1686489 224359
1758072 1758078
1765462 224359
1765462 459303
1772727 224359
1778482 224359
1905009 224359
1960369 224359
1970847 224359
1972081 224359
2014119 224359
2040160 224359
2098555 224359
2204677 224359
2235263 224359
2253755 224359
2298542 224359
1682510 224359
1682510 459303
2314915 224359
1445058 224359
2367040 224359
2367040 459303
2367561 224359
2393238 224359
2411581 224359
2411581 459303
2461506 224359
2543877 224359
2574520 224359
2641716 224359
2704615 224359
2708676 224359
2709161 224359
2837047 224359
1078359 1758078
1426257 224359
2896998 224359
2896998 459303
2928191 224359
2946270 224359
3232667 224359
3299882 224359
3299882 459303
3425786 224359
1426258 224359
1426258 459303
3466570 224359
3469300 224359
3501065 224359
3501065 459303
3503510 224359
3519915 224359
3520153 224359
1068871 224359
3567665 224359
1246941 224359
1512664 224359
3819392 224359
3822655 224359
4039357 224359
4042241 224359
4042241 459303
4063544 224359
4066346 224359
4043113 224359
4131849 224359
4131853 224359
4131853 459303
4131866 224359
4131894 224359
2419829 224359
4143192 224359
4144296 224359
4151727 224359
1341720 224359
1147579 224359
1147579 459303
4364799 224359
3509145 224359
3509145 459303
1073645 224359
4378023 224359
4378023 459303
311683 224359
2967682 224359
1495212 224359
4131754 224359
4462272 224359
522170 224359
806701 224359
4467384 224359
651814 224359
740508 224359
4471468 224359
4564370 224359
4565976 459303
494922 459303
1138292 224359
4584838 224359
4584838 459303
4594021 224359
4594487 224359
4594558 224359
4594558 459303
4600319 224359
4602380 224359
4603478 224359
4603478 459303
4608937 224359
4189948 224359
4609385 224359
4616765 224359
4630464 224359
4631674 224359
4655258 224359
1043190 224359
1043190 459303
4700305 224359
4735008 224359
2012093 224359
4735684 224359
4735694 1758078
4740390 224359
4744330 224359
1551677 224359
4744719 224359
4745423 224359
4745628 224359
4745659 224359
4748373 224359
4762092 224359
4762092 459303
4768247 224359
592143 224359
4771949 224359
4132092 224359
4772188 224359
4780456 224359
4780545 224359
4780596 224359
4780596 459303
4780706 1758078
4780775 224359
4780811 1758078
4780833 224359
4780934 224359
685078 224359
1445066 224359
4801733 224359
4803045 224359
4837983 224359
4838863 224359
1657762 224359
1657762 459303
4851374 224359
4851374 459303
4851564 224359
4875150 224359
4889917 224359
4906325 224359
4911611 224359
4911613 224359
938388 224359
4962736 224359
4962736 459303
4962743 224359
4962743 459303
4962750 459303
4962752 224359
4962752 459303
4962753 224359
4962753 459303
4962754 224359
4962754 459303
4962755 224359
4962755 459303
4962759 224359
4962759 459303
4962761 224359
4962761 459303
4962770 224359
4962770 459303
4962777 459303
4962778 224359
4962778 459303
4962785 224359
4962785 459303
4962793 459303
4962797 459303
4962799 224359
4962799 459303
4962801 224359
4962801 459303
4962803 224359
4962803 459303
4962810 459303
4962820 224359
4962820 459303
4962825 459303
4962826 224359
4962826 459303
4962842 224359
4962866 224359
4962868 224359
4962875 224359
4962901 224359
4962905 224359
4962922 224359
4962939 224359
4962953 224359
4962993 224359
4962997 224359
4963000 224359
4963004 224359
4963016 224359
4963055 224359
4963078 224359
4963100 224359
4963117 224359
4963157 224359
4963204 224359
4963274 224359
1556194 224359
1978139 224359
4963438 224359
4963441 224359
4963658 224359
4964001 224359
4964172 224359
4964184 224359
4964197 224359
4964358 224359
4564372 224359
5011367 224359
5061379 224359
5061932 224359
5062290 224359
5062291 224359
3412371 224359
2014134 224359
2014134 459303
6734822 1758078
6866014 1758078
7014232 1758078
4617079 1758078
7014320 1758078
8128394 224359
8352212 224359
3538973 224359
3538973 459303
8464677 224359
7299182 1758078
8496191 224359
8506744 224359
566659 224359
566659 459303
4579871 224359
4063542 224359
8620337 224359
8621066 224359
8659268 224359
4131811 224359
6913848 224359
8373013 224359
8373013 1758078
8673167 224359
8673167 459303
4147167 224359
1322857 224359
8675767 224359
426317 224359
2014123 224359
2014123 459303
8707806 224359
8709783 224359
8722235 224359
3706929 224359
4569626 224359
1147602 224359
8778032 224359
2040177 224359
2040177 459303
651812 224359
4643737 224359
8803630 224359
521326 224359
8829198 224359
8835652 224359
1521047 224359
8874663 224359
8882971 224359
8909382 224359
1220694 224359
841760 224359
8922024 224359
4558588 224359
3469303 224359
4162140 224359
8984159 224359
4905110 224359
9024413 224359
9027987 224359
4585634 224359
1072233 224359
9053204 224359
425998 224359
9058508 224359
2544835 224359
2544835 459303
9064351 224359
5083302 224359
4042242 224359
359013 224359
3503085 224359
2641718 224359
1087536 224359
1087536 459303
9114751 224359
9115630 224359
9134441 224359
9156565 224359
8470721 224359
8470721 459303
481227 224359
1495220 224359
9186944 224359
6293548 224359
9199911 224359
8373058 224359
9209348 224359
4131938 224359
9223569 224359
4481442 224359
9233381 224359
430675 224359
9260976 224359
9276527 224359
9277621 224359
9289990 224359
9290014 224359
9296133 1758078
3469304 224359
3466571 224359
9330710 224359
9333369 224359
524993 224359
933542 224359
933542 1758078
4785964 224359
9366692 224359
1087538 224359
9404444 224359
9408627 224359
9408627 459303
9412321 224359
9433842 224359
9438564 224359
9441656 224359
4643741 224359
225359 224359
225359 459303
9459186 224359
9461551 224359
9478536 224359
9507594 224359
6860408 224359
9569226 224359
9573220 224359
9597268 224359
5198028 224359
9612684 224359
9629711 224359
553451 224359
353922 224359
2942634 224359
1418316 224359
737030 224359
737030 459303
2490009 224359
9842553 224359
4554351 224359
9875208 224359
5081790 224359
9957878 224359
9957878 459303
3196876 224359
10015552 224359
10016546 224359
10034117 224359
10034117 459303
592149 224359
10114279 224359
1445063 224359
10346847 224359
500213 224359
10428905 1758078
10752251 224359
10760265 224359
4322136 224359
10818945 224359
2011726 224359
2011726 459303
10929967 224359
10938894 224359
1360291 224359
1360291 459303
10994583 224359
2639008 224359
8128396 224359
1942391 224359
11021875 224359
3469305 224359
4744730 224359
11094999 224359
753989 224359
11184177 224359
11184177 459303
10965911 224359
11000401 224359
11480900 224359
3518296 224359
11493216 224359
11510547 224359
11514348 224359
1208859 224359
4401838 224359
1319932 224359
1319932 459303
11528526 224359
11575285 224359
940036 224359
4655260 224359
3276861 224359
1077258 224359
11577884 224359
11577912 224359
9456686 224359
1406296 224359
11577934 224359
11587875 224359
11587875 459303
11587884 224359
3464520 224359
3464520 459303
996704 224359
11607946 224359
2014133 224359
2014133 459303
737035 224359
737035 459303
1426265 224359
1426265 459303
11649824 224359
1350052 224359
1350052 459303
1341731 224359
4066347 224359
5998759 224359
1406299 224359
1406299 459303
1246944 224359
1246947 224359
1246945 224359
11749704 224359
4322138 224359
1353885 224359
4476422 224359
11793975 224359
3145829 224359
3145829 459303
737026 224359
11867939 224359
4336089 224359
11874360 224359
4312267 224359
494920 224359
494920 459303
1365482 224359
5979666 224359
5979666 459303
4294344 224359
11884408 224359
5083304 224359
11885677 224359
565037 224359
1043187 224359
1043187 459303
654460 224359
11962180 224359
4560445 224359
11967445 224359
11972513 224359
11991050 224359
11991050 459303
8506745 224359
12002872 224359
12003489 224359
12004162 224359
12004278 224359
12007184 224359
12007184 459303
12012612 224359
12012612 459303
12015070 224359
4364800 224359
4364800 459303
9342247 224359
387946 224359
12126762 224359
4735063 224359
4735063 459303
12126886 224359
4471477 224359
12126890 224359
12126890 459303
942752 224359
4740516 224359
12132470 224359
12134042 224359
12134999 224359
12135151 224359
12135439 224359
1035807 1758078
10393239 224359
4558594 224359
12143635 224359
11056620 224359
12159943 224359
12159985 224359
12160047 459303
11494655 224359
11494655 459303
12167257 224359
12167276 224359
12167278 224359
12167319 224359
1026848 224359
12167379 224359
12167467 224359
12167469 224359
12167661 224359
4471471 224359
12179024 224359
488555 224359
1225572 224359
12188681 224359
12203982 224359
12220382 224359
12220832 224359
12224582 224359
12228640 224359
12228640 459303
12228803 224359
12228803 459303
9418946 224359
12229369 224359
12229452 224359
12229452 459303
4472476 224359
12232283 224359
4746580 224359
4746580 459303
12249294 224359
8376702 224359
1039372 224359
12255367 224359
12255873 224359
12256004 224359
12276513 224359
12277695 224359
12277935 224359
12283516 224359
12285643 224359
524426 224359
476905 224359
859576 224359
12288659 224359
12288663 224359
4745433 224359
12331664 224359
12331664 459303
12331674 224359
12331674 459303
12331675 459303
12331681 224359
12331681 459303
12331700 224359
12331700 459303
12331714 224359
12331714 459303
12331715 459303
12331717 224359
12331717 459303
12331718 224359
12331718 459303
12331719 224359
12331719 459303
12331736 224359
12331743 224359
12331754 224359
12331757 224359
12331774 224359
12331779 224359
12331781 224359
12331801 224359
1673777 224359
12331846 224359
12331847 224359
12331858 224359
9132539 224359
12331866 224359
12331867 224359
12331913 224359
12331950 224359
12331960 224359
12331967 224359
12331990 224359
12332059 224359
12332090 224359
294448 224359
10131225 224359
12332343 224359
12332355 224359
12332553 224359
12332710 224359
12332721 224359
12332876 224359
8372916 224359
8498042 224359
12333149 224359
12333153 224359
1007313 224359
4906327 224359
12418382 224359
920320 224359
12418719 224359
9231873 224359
12418783 224359
12418835 224359
12419135 224359
1468791 1758078
13756062 1758078
14066781 1758078
1451557 224359
353022 224359
353022 459303
1072239 224359
1072239 459303
522173 224359
15526226 224359
15526237 224359
15526247 224359
352863 459303
15562791 224359
3725051 224359
12213104 224359
15585004 224359
15585004 459303
1147578 224359
1147578 459303
425662 224359
15616204 224359
15655501 224359
15676238 224359
5040013 224359
15705048 224359
562003 224359
6461311 224359
3140066 224359
848341 224359
15737761 224359
592114 224359
592114 459303
15746036 224359
1265293 224359
15783463 224359
1283841 224359
592138 224359
963825 224359
15839980 224359
15839980 459303
15839980 1758078
381735 224359
12440633 224359
12440633 459303
4470329 224359
9338844 224359
9338844 459303
15946334 224359
15959630 224359
9180978 224359
9180978 459303
7349907 224359
15982500 224359
14511727 224359
15986669 224359
1080861 224359
15995546 224359
14071152 224359
16008431 224359
4467386 224359
2544825 224359
2544825 459303
16037000 224359
13658130 224359
1137628 224359
9014434 224359
16085540 224359
1848643 224359
16094668 224359
15737762 224359
4471438 224359
1917680 224359
15605331 224359
3567671 224359
425371 224359
4411672 224359
16132428 224359
16151592 224359
16155736 224359
16168764 224359
4311793 224359
16197159 224359
16219028 224359
3504761 224359
16223020 224359
16231533 1758078
4963010 224359
5985745 224359
994917 224359
12134047 224359
16267644 224359
16267992 224359
16272440 224359
11577935 224359
16282992 224359
16287728 224359
16291040 224359
1026835 224359
1112394 224359
16335407 224359
1468767 224359
351716 224359
16355921 224359
702209 224359
702209 459303
16384180 224359
16398521 224359
16403984 224359
16413485 224359
822934 224359
1037276 224359
16485855 224359
16488108 224359
16521101 224359
7936354 224359
16677371 224359
16680597 224359
16680597 459303
8499031 224359
1322853 224359
16955179 224359
16955179 459303
1495213 224359
1495213 459303
4745425 224359
16995513 224359
17065450 224359
17065450 459303
4886700 224359
17240744 224359
17242894 224359
3503091 224359
9365124 224359
3140412 224359
1898665 224359
1138290 224359
1138290 459303
3518308 224359
2439568 224359
3252925 224359
4913972 224359
4131851 224359
8868294 224359
17943438 224359
4410266 224359
5083303 224359
18068184 224359
10971299 224359
10971299 459303
934255 224359
356852 224359
2014135 224359
18444087 1758078
8323276 224359
8323276 459303
15807083 224359
3465336 224359
3465336 459303
3265277 224359
3265277 459303
11867160 224359
11630903 224359
14227794 1758078
18463419 224359
18463440 224359
18472928 224359
16038840 224359
15599831 224359
18485356 224359
18485356 459303
1283810 224359
18519998 224359
1495216 224359
1265297 224359
1265297 459303
5998762 224359
8874669 224359
8874669 459303
5842884 224359
9708600 224359
18664765 224359
10752253 224359
1840688 224359
9299719 224359
11800823 224359
11800823 459303
18676396 224359
4913965 224359
4913965 459303
1174250 224359
18740092 224359
8464077 224359
4131704 224359
4596769 224359
1512175 224359
13926787 224359
2593354 224359
4772124 224359
5979667 224359
10971298 224359
4963014 224359
18764488 224359
18827486 224359
740514 224359
15890013 224359
1147589 224359
4558591 224359
4558591 459303
4594022 224359
1080856 224359
557839 224359
9050875 224359
18875635 224359
18914955 224359
18923577 224359
18965503 224359
18965503 459303
15595147 224359
4131932 224359
18990832 224359
4039395 224359
4039395 459303
375364 224359
15429257 224359
18992066 224359
18992284 224359
18993301 224359
4740515 224359
18999836 224359
16976148 224359
19015217 224359
13541846 224359
19015346 224359
19020574 224359
19021363 224359
16280777 224359
19021489 224359
16262725 1758078
4143406 224359
19021547 224359
9367049 224359
6738602 224359
19021708 224359
19021718 224359
19021749 1758078
2011733 1758078
18505502 224359
19036307 224359
19040775 224359
19041014 224359
19041275 224359
19041275 459303
10243857 224359
19042450 224359
19042450 459303
19068840 224359
9206881 224359
19083155 224359
19083339 224359
19105384 224359
19106017 224359
19125862 224359
19135343 224359
19135343 459303
19136962 224359
19136965 224359
19136969 224359
19139938 224359
15982530 224359
19144423 224359
19176716 224359
19176716 459303
9253830 224359
9253830 459303
19176717 224359
19176717 459303
19176719 224359
19176719 459303
19176720 224359
19176720 459303
19176727 459303
19176728 224359
19176728 459303
19176730 224359
19176730 459303
19176731 224359
19176731 459303
19176744 224359
19176744 459303
4181296 224359
4181296 459303
19176748 224359
19176748 459303
19176750 224359
19176750 459303
19176751 459303
19176753 224359
19176753 459303
19176759 224359
19176759 459303
19176760 224359
19176760 459303
19176761 224359
19176761 459303
19176762 224359
19176762 459303
19176768 459303
19176770 459303
19176771 224359
19176771 459303
19176773 224359
19176778 224359
19176779 224359
19176797 224359
19176814 224359
19176865 224359
19176877 224359
19176882 224359
19176894 224359
19177001 224359
10963771 224359
19177008 224359
19177030 224359
19177036 224359
19177068 224359
19177099 224359
19177252 224359
19177551 224359
19177596 224359
19177666 224359
19177747 224359
19177877 224359
19177967 224359
9311365 224359
19200686 1758078
19214829 224359
19250897 224359
15519640 224359
19257699 224359
19258055 224359
19258056 224359
20388405 1758078
801136 224359
1246943 224359
1246943 459303
668089 224359
22091527 224359
15490290 224359
8917972 224359
18542359 224359
22242134 224359
2299983 224359
2299983 459303
2299983 1758078
833957 224359
833957 459303
22261845 224359
934264 224359
1468760 224359
1468760 459303
9296747 224359
22323093 224359
4042248 224359
4643738 224359
316939 224359
1365480 224359
22343364 224359
22343364 459303
22360424 224359
9080569 224359
9080569 459303
2679789 224359
18862414 224359
22403646 224359
22403646 459303
459281 224359
459281 459303
22409891 224359
3142190 224359
15600273 224359
592164 224359
22455502 224359
22471786 224359
22490207 224359
22490266 224359
10776772 224359
2204678 224359
2204678 459303
4772159 224359
22532586 224359
22532586 459303
22421449 224359
6761543 224359
5077304 224359
11737437 459303
530696 224359
1027292 224359
8387253 224359
4741740 224359
4367126 224359
592107 224359
4131989 224359
1208847 224359
1208847 459303
2117320 224359
2117320 459303
22671659 224359
22577033 224359
22689308 224359
3466575 224359
1100534 224359
22708669 224359
2598329 224359
573616 224359
573616 459303
1283814 224359
22813761 224359
8465470 224359
22818528 224359
22843029 224359
22858615 224359
4608928 224359
4401834 224359
22881715 224359
22900513 224359
1426274 224359
1426274 459303
4132143 224359
11497419 224359
2544829 224359
22972620 224359
22972620 459303
22983566 224359
488375 224359
488375 459303
22995029 1758078
2490010 224359
1668543 224359
5582820 224359
23057618 224359
1765463 224359
4597324 224359
23081961 224359
9665474 224359
23113420 224359
21563550 224359
7349879 224359
23220728 224359
1957503 224359
23235831 224359
15449617 224359
3503076 224359
23334401 224359
22273650 224359
8835287 224359
8835287 459303
23385920 224359
1414460 224359
23402730 224359
4131988 224359
13953863 224359
13953863 1758078
870119 224359
982013 224359
982013 459303
476893 224359
8382605 224359
15590600 224359
4560444 224359
4560444 459303
23693340 1758078
4558589 224359
4558589 459303
23804885 224359
23804885 459303
7351437 224359
4043098 224359
12134049 224359
23986666 224359
4622540 224359
328875 224359
328875 459303
2544827 224359
2544827 459303
1761008 1758078
24146237 224359
4640307 224359
3501878 224359
3540231 224359
16219029 224359
1087537 224359
358934 224359
24397244 224359
13926789 224359
24421910 224359
357657 224359
1147611 224359
6426985 224359
21983531 224359
22207803 224359
24491638 224359
12015072 224359
1155067 224359
24542395 224359
24627403 224359
1341724 224359
1341724 459303
2967677 224359
2967677 459303
1426260 224359
1426260 459303
17306129 224359
4554352 224359
4554352 459303
225368 224359
13644274 224359
24930859 224359
4039399 224359
9003748 224359
9003748 459303
4144301 224359
4144301 459303
24950322 224359
24956323 224359
1341701 224359
1341701 459303
8327383 224359
8389939 224359
4560439 224359
4560439 459303
1350050 224359
920321 224359
25005653 224359
4779833 224359
1350056 224359
1350056 459303
8922072 224359
9158480 224359
4599631 224359
25005679 224359
25005710 224359
11844389 224359
8503471 224359
1147603 224359
1147603 459303
8380829 224359
1406303 224359
11001280 224359
1654820 224359
8804455 224359
7485085 224359
12183340 224359
1426264 224359
4129441 224359
4129441 459303
5590854 224359
4453528 224359
659164 224359
1426263 224359
18472969 224359
5038631 224359
15959633 224359
4780539 224359
16746162 224359
1508910 224359
25286684 224359
3074598 224359
25290755 224359
5122541 224359
3411336 224359
2404730 224359
14950761 224359
14950761 459303
25365887 224359
1341741 224359
17620562 224359
25388130 224359
4595950 224359
25389499 224359
25389499 459303
25404823 224359
10965912 224359
4640306 224359
25486079 224359
25503260 224359
9323719 224359
4042259 224359
24531159 224359
25504143 224359
25504150 224359
25504151 224359
25504693 224359
11577856 224359
2014136 1758078
25512011 224359
25512269 224359
25519786 224359
19070716 224359
3252927 224359
3252927 459303
25539491 224359
25539495 224359
2256054 224359
25539522 224359
1422096 224359
22244004 224359
8979982 224359
25553920 224359
25553920 459303
737374 224359
9415744 224359
9073725 224359
9073725 459303
25597867 224359
25597867 459303
25632294 224359
25632876 224359
25648493 224359
25651647 224359
25651648 224359
25651649 224359
16040124 224359
25692298 224359
25692298 459303
25692306 224359
25692306 459303
25692307 224359
25692307 459303
25692308 224359
25692308 459303
25692311 224359
25692311 459303
25692312 459303
25692313 224359
25692313 459303
25692314 224359
25692314 459303
25692315 224359
25692315 459303
25692316 224359
25692316 459303
25692317 459303
25692318 224359
25692318 459303
25692323 224359
25692323 459303
25692328 224359
25692328 459303
25692335 224359
25692335 459303
25692337 224359
25692337 459303
25692341 224359
25692341 459303
25692342 459303
25692347 224359
25692353 224359
25692355 224359
25692364 224359
25692369 224359
25692465 224359
25692495 224359
25692519 224359
25692548 224359
22910997 224359
25692563 224359
25692571 224359
25692610 224359
25692643 224359
25692648 224359
25692681 224359
25692682 224359
25692705 224359
25692774 224359
25692842 224359
25693007 224359
25693060 224359
25693061 224359
25693070 224359
25693159 224359
25693162 224359
25693199 224359
25693298 224359
25693342 224359
25693569 224359
25764198 224359
25764336 224359
25770488 224359
3567672 224359
25770741 224359
25770758 224359
25770762 224359
758715 224359
1311422 224359
1274201 1758078
27254795 1758078
18724216 1758078
1360290 224359
16119453 224359
16119453 1758078
28551180 224359
5196703 224359
12167323 224359
8621493 224359
8621493 459303
1204649 224359
11297707 224359
25264488 224359
4745637 224359
3068699 224359
12332544 224359
1341725 224359
28718372 224359
1147591 224359
1654824 224359
1654824 459303
28748844 224359
8621068 224359
11890355 224359
28765318 224359
3766789 224359
28555195 224359
1080850 224359
28802434 224359
28802434 459303
28805285 224359
6864510 224359
28864626 224359
4596767 224359
4599648 224359
4735062 224359
4735062 459303
27255085 224359
525009 224359
28879197 224359
1322856 224359
537989 224359
15096728 224359
1268282 224359
28928597 224359
2014124 224359
2014124 459303
28968676 224359
28978359 224359
4826745 224359
1787607 224359
8922844 224359
1443812 224359
4643739 224359
8930344 224359
476885 224359
833531 224359
833531 459303
4963013 224359
29103842 224359
29136121 224359
22688462 224359
2544830 224359
2544830 459303
1283835 224359
9096800 224359
1283816 224359
351692 224359
225360 224359
18992859 224359
12047405 224359
4560441 224359
592135 224359
2336153 224359
2336153 459303
22175620 224359
29246720 224359
592108 224359
592108 459303
29329685 224359
324201 224359
324201 459303
29332148 224359
29334637 224359
1468768 224359
22923041 224359
29343680 224359
29255003 224359
29407098 224359
29407865 224359
29414969 224359
14523033 224359
12291119 224359
29428003 224359
29430962 224359
29435614 224359
20818793 224359
12440637 224359
426683 224359
426683 459303
4585636 224359
2367047 224359
459291 224359
2253757 224359
15295256 224359
934254 224359
934254 459303
4746902 224359
16267993 224359
15516371 224359
389357 1758078
8621067 224359
29913244 224359
878633 224359
878633 459303
4131749 224359
888150 224359
888150 459303
9316296 224359
9316296 459303
1495202 224359
11749705 224359
18409693 224359
4144297 224359
29957245 224359
30012459 224359
30024874 224359
30082400 224359
1147605 224359
15984004 224359
30329355 224359
4401837 224359
7351373 224359
7351373 459303
30362651 224359
3503088 224359
4602141 224359
30559216 224359
30570156 224359
22244172 224359
592113 224359
592113 459303
28562343 224359
15704056 224359
3509142 224359
30776415 224359
4594505 224359
16399577 224359
1174261 224359
25005682 224359
11577814 224359
27676581 224359
27676581 459303
2367048 224359
2367048 459303
29850098 224359
1072247 224359
30945464 224359
2967672 224359
1406300 224359
9086271 224359
1174241 224359
4596766 224359
1468761 224359
31235962 224359
29742593 224359
12159988 224359
737032 224359
31295274 224359
31295290 224359
31295408 224359
15471401 459303
11587650 224359
31319391 224359
592119 459303
25044834 224359
25044834 459303
25653987 224359
9865481 224359
4579872 224359
8874664 224359
1341721 224359
2367041 224359
2367041 459303
9715403 224359
4369627 224359
12018739 224359
4131700 224359
4131700 459303
4741833 224359
530698 224359
2367045 224359
31560644 224359
15690158 224359
15690158 459303
1389128 224359
651813 224359
22613877 224359
22613877 459303
486245 224359
4143351 224359
4131864 224359
1077561 224359
3466576 224359
4560446 224359
31660063 224359
31660063 459303
31664345 224359
527619 224359
9405335 224359
592116 224359
592116 459303
31677444 224359
31677444 459303
31679252 224359
31684119 224359
5082037 224359
1532646 224359
31732012 224359
31732012 459303
31764120 224359
31784926 224359
1227786 224359
31784934 224359
31790940 224359
31792290 224359
31792290 459303
4735039 224359
22659712 224359
31794004 224359
1090753 224359
4735689 224359
942755 224359
942755 459303
31813912 224359
4792563 224359
29241590 224359
16466638 224359
31818417 1758078
10476593 1758078
28669536 224359
31818492 224359
31818520 224359
31683374 224359
30326552 224359
31836663 224359
31836663 459303
31836957 224359
31836957 459303
9014600 224359
9014600 459303
18880334 224359
18880334 459303
31877402 224359
31878799 224359
31878799 459303
31896733 224359
31896740 224359
31906341 224359
25005646 224359
25005646 459303
31918236 224359
31918239 224359
31921809 224359
17655718 224359
6455785 224359
31925365 224359
31925621 224359
31925621 459303
31927720 224359
31927721 224359
1654797 224359
31927723 224359
16319382 224359
31927725 224359
31927726 224359
22983568 224359
28564926 224359
28564926 459303
31929236 224359
31929237 224359
31930845 224359
31965526 224359
31965526 459303
31965527 224359
31965527 459303
31965528 224359
31965528 459303
31965532 224359
31965532 459303
16456365 224359
16456365 459303
31965558 224359
31965558 459303
31965560 224359
31965560 459303
31965561 224359
31965561 459303
31965562 224359
31965562 459303
22901666 459303
31965564 224359
31965564 459303
31965567 224359
31965567 459303
31965568 224359
31965568 459303
31965573 224359
31965573 459303
31965577 224359
31965577 459303
31965584 459303
31965585 459303
8373974 224359
8373974 459303
31965586 224359
31965586 459303
31965589 224359
31965589 459303
31965591 224359
31965592 224359
31965593 224359
31965595 224359
31965598 224359
31965600 224359
31965607 224359
31965639 224359
31965644 224359
31965650 224359
31965726 224359
31965744 224359
31965751 224359
31965763 224359
31965765 224359
31965768 224359
22647600 224359
31965798 224359
31965824 224359
31965842 224359
22242165 224359
3521091 224359
31966010 224359
31966092 224359
31966183 224359
31966204 224359
31966244 224359
31966261 224359
31966317 224359
31966318 224359
31966333 224359
31966352 224359
31966381 224359
31966472 224359
31966558 224359
4964185 224359
5083306 224359
32039474 224359
32446098 224359
9483608 224359
32740796 1758078
33074331 1758078
33579836 1758078
16494968 1758078
4458205 224359
4458205 459303
355130 224359
12002874 224359
11737435 224359
11737435 459303
503279 224359
503279 459303
5122539 224359
8592136 224359
9456357 224359
9456357 459303
34939687 224359
2033042 224359
2033042 459303
34954093 224359
4771986 224359
1353881 224359
1353881 459303
14122659 224359
34667134 224359
3469310 224359
3469310 459303
12171485 224359
28597844 224359
1283822 224359
19177055 224359
19177055 459303
15471760 224359
1576567 224359
12476845 224359
4745638 224359
25271027 224359
3464519 224359
3464519 459303
28707660 224359
737004 224359
8500119 224359
15592283 224359
494705 224359
494705 1758078
5590851 224359
5590851 459303
9065250 224359
25441574 224359
1112346 224359
1361423 224359
8722240 224359
8722240 459303
16908915 224359
16908915 459303
1283817 224359
1283817 459303
1283806 224359
1129655 224359
1129655 459303
11523514 224359
11523514 459303
10653260 224359
10653260 459303
19940626 224359
22577035 224359
8469070 224359
35244404 224359
16067518 224359
4465965 224359
4765259 224359
35279193 224359
35292322 459303
35305740 224359
4132080 224359
28637691 224359
8373251 224359
1618232 224359
35341420 224359
35346805 224359
10732183 224359
29026667 224359
926594 224359
926594 459303
1147584 224359
1350075 224359
25534399 224359
30841040 224359
2638952 224359
8381087 224359
1341708 224359
1341708 459303
11495474 224359
15400763 224359
35480539 224359
28636482 224359
4785177 224359
6455786 224359
35521351 224359
8393467 224359
8393467 459303
4792564 224359
35525069 224359
26515851 224359
4594889 224359
15597361 224359
21101588 224359
35645609 224359
35658541 224359
523581 224359
523581 459303
1026851 224359
4465760 224359
16468362 224359
459288 459303
3232670 224359
11630622 224359
35799050 224359
1072238 224359
1072238 459303
35825938 224359
35842643 224359
15472079 224359
482170 224359
22975350 224359
8373791 224359
4132028 224359
35920028 224359
705484 224359
705484 459303
934258 224359
934258 459303
8682521 224359
592106 224359
592106 459303
740493 224359
740494 224359
4401831 224359
4401831 459303
2761079 224359
1677787 224359
4913967 224359
22343365 224359
29774314 1758078
520827 224359
5874791 224359
5874791 459303
36306477 224359
1495225 224359
1495225 459303
16269267 224359
36411915 224359
18617567 224359
1072240 224359
36485401 224359
3052316 224359
244492 224359
3537052 224359
34748373 224359
4792516 224359
4476423 224359
592115 224359
592115 459303
1429060 224359
29540051 224359
35197847 224359
36883771 224359
36883771 459303
4785151 224359
36898609 224359
22648420 224359
1400570 224359
28653786 224359
22356910 224359
463489 224359
2708677 224359
2444242 224359
982015 224359
982015 459303
1138291 224359
1138291 459303
1174244 224359
1155458 224359
11523517 224359
11523517 459303
31670398 224359
1208861 224359
1208861 459303
4757268 224359
22779034 224359
37390087 224359
2708679 224359
9060026 224359
28933122 224359
37398801 224359
4042258 224359
15837728 224359
15837728 459303
37399013 224359
4472473 224359
37399360 224359
1072253 224359
1072253 459303
879453 224359
1283815 224359
1283815 459303
8874665 224359
8874665 459303
2837055 224359
2837055 459303
1246942 224359
37549193 224359
22689309 224359
2418440 224359
2418440 459303
2014131 224359
18740095 224359
37646447 224359
740517 224359
1129659 224359
15807085 224359
15807086 224359
9038428 224359
2011723 224359
2011723 459303
37661117 224359
3412384 224359
2704617 224359
2544833 224359
2544833 459303
10965909 224359
1265303 224359
1265303 459303
1077872 224359
12278050 224359
12278050 459303
2444243 224359
4601633 224359
17945209 224359
17945209 459303
29045737 224359
10726520 224359
8451589 224359
8451589 459303
37771583 224359
37771796 224359
37771796 459303
15559969 224359
4780494 224359
2963835 224359
4129444 224359
4129444 459303
1668546 224359
28795333 224359
34743547 224359
15592506 224359
592144 224359
735783 224359
11001508 224359
37460431 224359
465906 224359
465906 459303
3196411 224359
9025606 224359
1531993 224359
6761542 224359
6761542 459303
2049184 224359
37894758 224359
37894758 459303
37898100 224359
6738600 224359
37898126 224359
23334338 224359
37898141 224359
23302479 224359
28954980 224359
37901077 224359
35344319 224359
1285772 224359
1285772 459303
37909627 224359
35478702 224359
35478702 459303
37917787 224359
34850202 224359
31334293 224359
31334293 459303
19070715 224359
19070715 459303
16603306 224359
37951476 224359
37975798 224359
37976246 224359
37976395 224359
5209430 224359
15719792 224359
37986629 224359
24947873 224359
4913973 224359
24952824 224359
38005505 224359
35339005 224359
8807291 459303
38042022 224359
38042022 459303
38042023 224359
38042023 459303
38042024 224359
38042024 459303
38042025 224359
38042025 459303
38042026 224359
38042026 459303
38042029 224359
38042029 459303
38042030 224359
38042030 459303
15407785 224359
15407785 459303
38042044 459303
38042051 224359
38042051 459303
38042055 224359
38042055 459303
38042065 224359
38042065 459303
38042066 459303
38042072 459303
38042089 224359
38042094 224359
38042095 224359
38042109 224359
38042110 224359
35198575 224359
38042118 224359
38042119 224359
38042130 224359
38042142 224359
38042158 224359
38042193 224359
38042201 224359
20683674 224359
38042223 224359
38042232 224359
38042247 224359
38042269 224359
38042271 224359
4471479 224359
38042281 224359
35491413 224359
38042282 224359
38042391 224359
38042411 224359
1094887 224359
38042694 224359
38042792 224359
38042858 224359
38042881 224359
38042936 224359
38042988 224359
38043012 224359
29128469 224359
38061673 224359
4560448 224359
30407750 224359
38113263 224359
38113284 224359
8424605 224359
15374989 1758078
434630 224359
21816786 1758078
1353882 224359
8177547 224359
225372 224359
225372 1758078
4058609 224359
4058609 459303
4608938 224359
11890570 224359
2484648 224359
4131694 224359
40752167 224359
1758073 224359
40792342 224359
1804950 224359
11991049 224359
11991049 459303
4471469 224359
40907893 224359
5622901 224359
11796113 224359
11796113 459303
7351276 224359
19021548 224359
1942388 224359
4042245 224359
4042245 459303
2704616 224359
2704616 459303
31784941 224359
15519232 224359
835665 224359
2031835 224359
1147586 224359
22430293 224359
5684120 224359
5684120 459303
4744282 224359
495050 224359
495050 459303
4772123 224359
4772123 1758078
4479263 224359
3567666 224359
25629632 224359
3469302 224359
3469302 459303
18746832 224359
22577039 224359
1931561 224359
1043188 224359
18763373 224359
18763373 459303
4195210 224359
4195210 459303
36887030 224359
11736525 224359
11736525 1758078
17527019 224359
11630855 224359
1534037 224359
8378153 224359
2247369 224359
41241376 224359
28668350 224359
522148 224359
4479500 224359
8465214 224359
41281253 224359
41281682 224359
41281682 459303
25404429 224359
13154265 224359
10159669 224359
1068872 224359
959745 224359
15518703 224359
10377919 224359
2554405 224359
34774034 224359
1632813 224359
1632813 459303
1037269 224359
3503272 224359
23893038 224359
375482 224359
3503087 224359
35762563 224359
41416858 224359
37736856 1758078
3412372 224359
11749707 224359
13576398 224359
30112493 224359
1072237 224359
41481212 224359
8497858 224359
24052787 224359
41490376 224359
29388533 224359
41505118 224359
1322852 224359
1322852 459303
41522398 224359
37743270 224359
1521046 224359
1521046 459303
41542015 224359
305593 224359
22279582 224359
34740535 224359
41592183 224359
1208869 224359
1208869 459303
15946335 224359
4132081 224359
40798977 224359
25392884 224359
10280395 224359
4781008 224359
22245427 224359
4151729 224359
15601125 224359
30443387 224359
21671908 224359
12213108 224359
25651412 224359
1148900 224359
8497297 224359
4042251 224359
4042251 459303
4780911 224359
10243856 224359
11256171 224359
11874370 224359
25477541 224359
42060234 224359
1426253 224359
1426253 459303
1341713 224359
1341713 459303
2544832 224359
42152550 224359
42152550 459303
15591815 224359
2011720 224359
2011720 459303
8945857 224359
8945857 459303
8750843 224359
4840243 224359
15807134 224359
2913919 224359
592110 459303
15472147 1758078
1561708 224359
12127507 224359
12127507 459303
16086883 224359
1341729 224359
22280112 224359
29407866 224359
1283832 224359
17421513 224359
1129658 224359
878635 224359
2967678 224359
1147587 224359
27526821 224359
2969115 224359
6970104 459303
1765464 224359
1765464 459303
42971739 224359
21603561 224359
1174243 224359
1174243 459303
740502 224359
24724668 224359
29254854 224359
29254854 459303
28798902 224359
43301435 224359
4873540 224359
43308620 224359
43308620 459303
21006875 224359
22880673 224359
22880673 459303
8401316 224359
32502825 224359
41332873 1758078
43308866 224359
43315437 224359
43315437 459303
12213542 224359
12213542 459303
12131879 224359
12131879 459303
14521715 224359
494731 224359
3503089 224359
3503089 459303
740506 224359
740506 459303
1265299 224359
1265299 459303
3196881 224359
5590855 224359
1037278 224359
379029 224359
379029 459303
1406297 224359
1406297 459303
9193245 224359
9193245 459303
737036 224359
29016041 224359
36651228 224359
4042253 224359
35329858 224359
35329858 459303
678056 224359
678053 224359
4401832 224359
4599630 224359
1534039 224359
1147590 224359
11874365 224359
9058511 224359
3196880 224359
16307369 224359
525635 224359
4195209 224359
10971297 224359
43636553 224359
16307373 224359
4554747 459303
592111 224359
8373343 224359
43645484 224359
43645484 459303
29021154 224359
1174256 1758078
29742594 224359
647453 224359
13950308 224359
38765670 224359
41328101 224359
15571752 224359
15571752 459303
43682239 224359
41484318 224359
4735064 224359
43775978 224359
5867554 224359
43775984 224359
43775986 1758078
43775990 224359
1232892 224359
11007022 224359
651810 224359
651818 224359
1131360 224359
23046644 224359
23009735 224359
15570394 224359
43785060 224359
43785062 224359
8272949 1758078
13914866 224359
25651413 224359
8949921 224359
10243416 224359
16053841 224359
9123818 224359
43806994 224359
43807022 224359
29213670 224359
43807100 224359
43807172 224359
2704620 224359
2704620 459303
43824312 224359
43824312 459303
43825676 224359
9462775 224359
9462775 459303
11001285 224359
31867565 224359
15522748 224359
15522748 459303
24195585 224359
43884657 224359
43885273 224359
43885273 459303
43892386 224359
43895264 224359
43895264 459303
8374010 224359
43902842 224359
25651415 224359
43912107 224359
43913433 224359
43913437 224359
43949610 224359
43949610 459303
43949611 224359
43949611 459303
43949612 224359
43949612 459303
43949613 224359
43949613 459303
43949615 224359
43949615 459303
43949616 224359
43949616 459303
43949618 224359
43949618 459303
43949619 224359
43949619 459303
43949620 224359
43949620 459303
43949621 224359
43949621 459303
43949624 224359
43949624 459303
43949629 224359
43949629 459303
43949630 224359
43949630 459303
43949635 459303
43949636 224359
43949636 459303
17900659 224359
17900659 459303
43949637 224359
43949637 459303
43949642 224359
43949642 459303
43949643 459303
43949644 224359
43949644 459303
43949645 459303
43949650 224359
43949650 459303
43949651 459303
43949655 224359
43949656 224359
43949662 224359
41556639 224359
43949665 224359
40794704 224359
43949708 224359
43949714 224359
43949735 224359
43949737 224359
43949738 224359
43949740 224359
43949741 224359
43949775 224359
43949776 224359
43949806 224359
28637754 224359
43949815 224359
31289265 224359
43949839 224359
43949869 224359
43950245 224359
35313087 224359
43950264 224359
43950307 224359
991916 224359
43950493 224359
43950535 224359
4616770 224359
5061381 224359
44017729 224359
44017764 224359
44017794 224359
44017842 224359
12167318 224359
4594023 224359
11607947 224359
23695755 224359
8373598 224359
4024627 224359
22100195 224359
2303580 1758078
9603761 224359
41555166 224359
382493 224359
15472513 224359
15472513 459303
1682505 224359
1682505 459303
1439960 224359
4092987 224359
4106868 224359
4106868 459303
4792553 224359
10215335 224359
8368506 224359
9456683 224359
4744060 224359
1942653 224359
1942653 1758078
353265 224359
15511551 224359
3510735 224359
3510735 459303
12003490 224359
12003490 459303
12003490 1758078
558302 224359
558302 459303
11577886 224359
4780696 224359
1043186 224359
9427550 224359
35166466 224359
46897607 224359
4473510 224359
9742403 224359
3385666 224359
51531 224359
7351273 224359
46923558 224359
46923558 459303
6253692 224359
996702 224359
28568421 224359
10114280 224359
1339423 224359
2400455 224359
4190562 224359
4190562 459303
46952573 224359
34734611 224359
592139 224359
14522993 224359
14522993 459303
30138507 224359
982016 224359
477511 224359
4132079 224359
35267287 224359
30253544 224359
37849149 224359
37849149 459303
24930811 224359
31560645 224359
37344497 224359
47061344 224359
6399997 224359
1147601 224359
47123815 224359
8563935 224359
13046134 224359
9325812 224359
4792565 224359
4792565 459303
10344098 224359
47182146 224359
5198031 224359
17947760 224359
203797 224359
4131966 224359
1129665 224359
1129665 459303
24986121 224359
1208868 224359
1208868 459303
12228810 224359
9085405 224359
11575344 224359
47265563 224359
1326404 224359
28670185 224359
34732982 224359
644673 224359
644673 459303
47295172 224359
2709162 224359
47313579 224359
18514360 224359
14522996 224359
4962915 224359
25539453 224359
8463617 224359
1341697 224359
4740393 224359
4740393 459303
15998768 224359
15488687 224359
5842886 224359
28739579 224359
47440824 224359
18472971 224359
4312266 224359
4312266 459303
4554745 224359
8507191 224359
46974104 224359
11528527 224359
41089039 224359
4311795 224359
12127520 224359
37345119 224359
647216 224359
11874364 224359
369627 224359
740498 224359
41027544 224359
425581 224359
6455784 224359
4043097 224359
4043097 459303
4476421 224359
4476421 459303
1174235 224359
9990686 224359
3503075 224359
18676397 224359
18676397 459303
41660533 224359
47884270 224359
11890770 224359
35260411 224359
22157167 224359
37874462 224359
523442 224359
523442 459303
11539876 224359
48062024 224359
1147610 224359
12132471 224359
4471439 224359
4471439 459303
48359127 224359
22112089 224359
22112089 459303
4465652 224359
4472475 224359
40792344 459303
4735012 224359
4735012 459303
425643 224359
425643 459303
1138288 224359
1138288 459303
8464286 224359
225362 224359
225362 459303
48568735 224359
48574336 224359
10729998 224359
41279780 224359
12254889 224359
40735651 224359
40735651 459303
35100609 224359
29014290 224359
29014290 459303
14866580 224359
14866580 459303
841759 224359
841759 459303
841759 1758078
1174240 224359
1174240 459303
349856 224359
363447 224359
363447 459303
2967676 224359
1426252 224359
4476409 224359
225366 224359
4131698 224359
4913970 224359
8473352 224359
1129654 224359
1129654 459303
29465798 224359
9349669 224359
25539525 224359
10815836 224359
10815836 459303
28638488 224359
49052888 224359
15566214 224359
7337709 224359
46639899 224359
1283811 224359
1283811 459303
1341700 224359
1468766 224359
1468766 459303
533854 224359
533854 459303
1228104 224359
353445 224359
353445 459303
841764 224359
37602625 224359
2933535 224359
2969601 224359
8531777 224359
12134044 224359
4597308 224359
9911092 224359
49301745 224359
8971529 224359
16560547 224359
377785 224359
22246233 224359
1495235 224359
15839981 224359
15839981 1758078
15473062 224359
1245299 224359
1245299 459303
3412376 224359
15729149 224359
740512 224359
592141 224359
4744288 224359
4744288 459303
49400831 224359
49400831 459303
10567701 224359
49402866 224359
49402866 459303
878634 224359
878634 459303
16462071 224359
353344 224359
29331834 224359
49465473 224359
9349665 224359
387948 224359
31211217 224359
31211217 459303
35779877 224359
12134045 224359
4735686 224359
3262010 224359
28684180 224359
1174259 224359
49513037 224359
49514101 224359
2964946 224359
359652 224359
1147028 224359
39218297 224359
28564735 224359
15763339 224359
8506459 224359
487817 224359
487817 1758078
2806159 224359
49536321 224359
9850237 1758078
47093386 224359
49005977 224359
49536338 224359
10369108 1758078
23141770 224359
17414765 224359
49536418 224359
49536429 224359
35166636 224359
11052474 224359
49536574 224359
4092991 224359
4092991 459303
49550069 224359
49550069 459303
40722266 224359
13382341 224359
37460430 224359
37460430 459303
6808190 224359
934262 224359
19313121 224359
49620729 224359
4143350 224359
40897584 224359
49633869 224359
29766046 224359
36206399 224359
49640550 224359
364910 224359
30905681 224359
49676389 224359
49676389 459303
49676394 224359
49676394 459303
49676395 224359
49676395 459303
49676396 224359
49676396 459303
49676397 224359
49676397 459303
29275101 459303
49676403 224359
49676403 459303
49676404 224359
49676404 459303
49676409 224359
49676409 459303
49676410 459303
49676417 224359
49676417 459303
49676420 224359
49676420 459303
49676421 224359
49676421 459303
49676422 224359
49676422 459303
49676423 459303
49582668 224359
49582668 459303
49676426 459303
49676427 224359
49676427 459303
49676428 459303
37450042 224359
37450042 459303
49676430 224359
49676430 459303
49676431 459303
49676432 224359
49676432 459303
49676433 224359
49676433 459303
18473036 224359
16357711 224359
49676438 224359
49676441 224359
49676442 224359
2914199 224359
49676481 224359
1475555 224359
49676487 224359
49676494 224359
1349442 224359
49676504 224359
49676509 224359
49676527 224359
49676554 224359
49676561 224359
16600145 224359
16242805 224359
11051196 224359
49676602 224359
49676607 224359
49676612 224359
49676620 224359
49676626 224359
18943067 224359
49676723 224359
49676825 224359
49676922 224359
49676931 224359
49677007 224359
49677122 224359
32584833 224359
11868898 224359
49677334 224359
1146423 224359
30226800 224359
1647500 224359
16785102 224359
35269333 224359
530123 224359
49743272 224359
1531989 224359
51527 224359
51113554 1758078
