260909 260912
416008 416015
435869 385351
444539 144385
553659 144681
576728 576739
608335 74101
825626 825629
243933 841824
868110 1755
626377 266058
1007655 1007656
1057018 1057023
1092230 2464
1169612 114934
1179971 120812
1205819 1205820
1258524 1258525
1260395 120764
1333735 1023071
1341229 1341231
1381625 1381626
1454623 1454626
1488121 446468
1488121 1488123
1504568 1504569
1586248 1586249
1679677 225065
1928600 187
1976929 1976931
2036191 457266
2174896 1124203
2185179 2185180
2185179 1884579
2221487 41260
2221536 1590050
2305691 9294
2340037 338126
2577625 2577628
2603501 2603502
2646295 619101
2650761 498651
2675513 2397251
2766429 2766431
2829553 2829555
2829581 290008
2874677 839939
2874677 2874678
2940153 1590050
3004687 3004688
3006700 2290246
3041322 2507
3041322 2464
1630603 3069141
3145742 297954
3402988 2939732
3430590 3430592
3430590 1030269
3435263 1442808
3436218 155746
3436218 275448
3436220 2507
3441729 783455
3446554 3446555
3446559 1590050
3446560 1590050
3446561 1590050
3447057 3447058
3447875 3447876
3447875 1353
3469161 3469163
3469608 64399
3488144 3488145
3497464 29
3546355 778620
3613974 385351
3693804 1442955
3717447 3717450
3750503 3750504
3783405 3783406
3783405 298658
3784006 3784008
4076178 4076180
4081473 4081474
4114293 4114294
4142762 110450
4151150 4151152
4151436 4151439
4227286 297681
4232890 17394
4265246 4265249
4316853 2507
4318893 82160
4349947 3575081
4483243 4483244
4561431 4561433
4606335 4606336
4751423 230428
4824010 4824011
4825554 4825556
4827277 167881
4827281 1985786
4827309 548341
4836538 94067
4837944 303317
4840020 120812
4867207 4867209
4876347 730204
4962688 299582
4962689 2135610
4962695 19559
4962696 817119
4962702 2135610
5060186 4142608
5085702 2507
5085702 2464
5087414 4803444
5116557 5116558
5120785 39676
5178980 4468942
5224798 74669
5426769 3150962
5593685 5593686
5608900 1284860
5609676 5609677
5618909 5618910
5622847 5622848
5690378 5690380
5814534 5814535
5814683 5814684
5814685 5814686
5815822 5815823
5826239 5826240
5829859 5829860
5840241 233400
5840253 5840254
5843365 3114831
5849843 385351
5869502 2507
5869502 2464
5876325 408648
5888334 5888336
5908938 267792
5921939 883179
5931980 5931982
5934126 5934129
5934126 5934130
5939350 546059
5939350 546029
5956930 5956933
5959979 5959981
5966865 2507
5967027 2507
5967027 2464
5967956 2507
5967956 2464
5968150 2507
5968150 2464
5968209 2507
5968209 2464
6006206 6006208
6006890 938524
6007945 6007947
6007945 6007948
6007945 2507
6046970 6046973
6121204 6121206
6121288 298205
6121335 386964
6121345 6121348
6121368 6121370
6214258 6214259
6261212 6261213
6291934 1888130
6301545 6301546
6320174 6320177
6320174 6320178
6348907 24700
6350377 1094617
6350524 6350525
6366542 6366544
6381256 2575153
6382316 6382317
6404096 1590050
6404097 1590050
6404114 1590050
6429233 6429234
6434156 6434157
6434156 6434158
6434708 225040
6435637 6435638
6436459 6436460
6436722 6436723
6455701 6455704
6461378 6461380
6512328 568826
6532143 2192
6547289 2573155
6692339 6692343
6693054 6693055
6715132 6715133
6715354 6715355
6734597 2644826
6743273 6743274
6746186 1953610
6747684 2874678
6748895 1404875
6755705 1404875
6773832 2507
6773832 2464
6808323 1460515
6811342 6811344
6821828 427986
6825970 6825971
6830387 11876
6831477 6831478
6831477 6831479
6831477 6831480
6831477 6831481
6837460 1638610
6841793 6841796
6850058 138037
6862856 4306563
6889333 6889334
6923684 6923676
6935706 6935709
6939305 723303
6942987 2229112
6963984 6963986
6971177 6971178
6980222 6980225
7006386 7006387
7009854 74669
7009854 201167
7027127 2507
7035909 4610250
7035937 777592
7041201 7041202
7042713 7042715
7042723 7042715
7062692 7062694
7104436 2226261
7123480 34518
7123493 1319234
7123501 7123502
7123503 7123504
7123507 7123508
7123510 2024698
7123511 7123512
7123513 7123514
7123515 7123516
7123518 7123519
7123520 7123521
7123522 7123523
7123527 7123528
7123531 7123532
7123533 7123534
7123538 64384
7123539 7123540
7123543 7123544
7123545 7123546
7123547 7123548
7123549 7123550
7123552 664866
7139958 548336
7164286 7164287
7166248 7166249
7167458 7167459
7168905 2390442
7168905 7168906
7172874 4716248
7174996 7174997
7177431 7177432
7177449 7177450
7177494 7177495
7177515 148041
7177516 1451563
7177517 979130
7177518 7177519
7177520 7177521
7177522 7177523
7177526 7177527
7177528 7177529
7177530 7177531
7177532 189049
7177533 7177534
7177535 7177536
7177537 7177538
7177539 7177540
7177541 7177542
7177546 7177547
7177548 7177549
7177550 7177551
7177552 7177553
7177554 7177555
7177556 7177557
7177558 7177559
7177560 7177561
7177562 7177563
7177590 7177591
7177713 7177714
7177720 448949
7177721 7177722
7177723 7177724
7177725 7177726
7177727 7177728
7177729 7177730
7177731 7177732
7177733 7177734
7177735 7177736
7177737 7177738
7177739 7177740
7177742 7177743
7177744 7177745
7177746 7177747
7177748 1256986
7177749 7177750
7177751 7177752
7177760 7177761
7177762 7177763
7177765 7177766
7177767 7177768
7177769 7177770
7177771 7177772
7177773 7177774
7177775 7177776
7177777 7177778
7177779 7177780
7177781 7177782
7178048 7178049
7178050 7178051
7178052 7178053
7180498 7180499
7180542 7180543
7180693 7180694
7182380 7182381
7182382 7182383
7182384 7182385
7182386 7182387
7182388 7182389
7182390 7182391
7182392 7182393
7182394 7182395
7182400 7182401
7182402 7182403
7182404 7182405
7182406 7182407
7182408 7182409
7182410 7182411
7182412 7182413
7182414 7182415
7182416 7182417
7182420 7182421
7182422 7182423
7182424 7182425
7182427 4681670
7182429 7182430
7182431 7182432
7182595 7182446
7182599 7182445
7183103 7183104
7184005 7184007
7185837 7185838
7193931 7193932
7198671 7198673
7203928 7203929
7285446 7285447
7293233 7293234
7306105 7306106
7329973 385351
7348711 7348712
7360901 623
7487779 7487781
7494683 7494684
7494773 7494776
7500759 7500760
7501371 2464
7509222 7509224
7549853 3415412
7549945 3415412
7562587 2464
7562889 7562890
7562957 588569
7563566 2507
7563633 2464
7581288 1404875
7584078 210440
7613403 7613405
7613657 2507
7613657 2464
7613657 766249
7613900 448207
7617588 2507
7617588 2464
7620374 7620375
7620732 2507
7620763 2464
7620807 7620809
7621328 7621329
7621617 7621619
7623254 7623255
7623602 7623604
7629452 1925207
7632974 257438
7637386 6258715
7638098 7638099
7638171 7480091
7639306 82096
7641863 7641864
7642667 936169
7644669 7644671
7645682 7645683
7647697 197859
7647769 7647771
7651234 7651236
7653148 7653151
7662800 7662802
7663091 7663092
7665058 3236559
7673047 7673048
7673047 7673049
7673085 7673086
7683105 7173363
7689035 7689037
7689389 7689390
7689411 7689423
7690408 7690409
7690408 7690410
7691653 7691654
7692256 7692259
7693667 7693668
7694823 7694824
7694840 7694841
7694964 7694966
7695000 7695003
7699480 7699483
7700351 7700353
7700987 7700989
7703993 7703994
7704125 7704126
7711538 7711539
7719777 7719778
7724003 7724004
7724058 1046641
7724864 7724865
7731393 7731395
7735613 7735615
7746481 7746482
7751227 7751228
7752761 1428094
7761809 7761810
7778516 7040622
7784880 1760246
7786985 7786987
7789387 4139136
7791778 2507
7791814 2507
7791814 2464
7794614 191706
7799017 7799018
7799042 7799043
7801713 145536
7806303 2507
7816177 7816178
7817607 7817609
7817610 7817612
7817613 7817615
7817616 7817619
7817620 7817623
7817624 7817626
7817627 7817630
7817631 7817632
7821672 2507
7821672 2464
7821672 473753
7838297 7838298
7838297 7838299
7838297 7838282
7843638 7843640
7845765 2507
7845766 2464
7869891 7869893
7869894 7869896
7869897 7869899
7869900 7869902
7869903 7869904
7869905 7869907
7869908 7869909
7869910 7869911
7869920 7869921
7869922 7869923
7869924 7869926
7885517 1760246
7903068 7903070
7903668 7903669
7904226 7904227
7904226 3431036
7904338 179408
7904340 1404875
7904661 7904664
7905248 7905249
7905502 7905503
7912382 7912383
7926908 7926910
7928522 7928523
7938144 7938146
7955208 2507
7955208 2464
7956551 7956553
7969162 7969164
7969162 7969165
7971754 7971755
7974862 7974863
7983455 7983456
7985623 253017
7990091 2507
7994439 7994440
7995179 7995180
7995465 2507
7995806 7995807
7997617 504304
8010877 2507
8010877 2464
8010877 14719
8013336 8013332
8013343 8013344
8019575 2507
8019575 2464
8020305 2507
8023712 8023713
8024272 8024273
8024436 8024437
8024511 2003620
8036383 2507
8036383 2464
8036383 766249
8036383 1943152
8041128 766249
8043356 8043357
8045516 14719
8051032 2315573
8051032 2507
8051032 707447
8054707 1943152
8071641 8071645
8077095 8077096
8077118 8077119
8077172 8077173
8085439 8085395
8085554 1908491
8087189 8087191
8095237 8095238
8095649 1569092
8107431 355696
8107531 8107532
8107880 7284851
7510 8125057
8240960 293431
8281811 8281834
1827079 678
8619468 8392730
8796447 8575897
8866806 8628
8878090 443060
8902018 141987
8902018 76803
8932307 8932308
9073863 120812
9181398 664718
640313 139064
9201143 338098
9201963 21513
9201964 21513
9201966 21513
4700585 6308619
9226404 1734562
9265070 841295
9274398 23318
9307789 266150
9393053 2502662
9397659 548341
9635330 9635331
9644919 1940015
3098841 2525778
9720806 9720809
9801093 299581
9812762 9812763
9841199 9841200
9899865 14030
9950581 4905617
9950581 9950582
9984988 9984989
10019015 2507
10019015 2464
10031401 10031404
10055900 2691960
10100417 8383948
10133586 2507
10278659 273320
10358864 2507
10358864 74669
10401061 8416944
10410358 377926
10410946 2507
10415784 1734562
10419587 9253683
10439814 10439818
10449241 10449242
10470849 10470850
10476617 1953610
10524961 10524962
10528770 10268643
10697446 10603902
10281936 847508
10752073 1972856
10906126 10906128
10906126 10906129
10911925 2149175
10911963 5699471
10913306 995595
10940887 3158850
10941348 5874951
10950454 1590050
10950455 1590050
10973766 10973768
11013589 11013595
11056572 673947
11227995 7995807
11252792 1404875
11253595 8166697
11253595 584690
11261846 23335
11583941 11583944
11583948 5912590
11592702 355548
11592702 2339024
11603059 693892
11613539 11613540
11636173 11636174
11646919 604749
11646919 208929
11775412 10594889
11775521 10400753
11785583 1487534
9549505 8460479
11983347 11983348
11991827 3080441
12014664 9002090
12019262 2740702
12071082 266147
12125502 1103655
12148758 2507
12148758 2464
12158473 1989103
12170724 4784033
12210963 997300
12247359 339754
12262718 64315
12281199 10717403
12331595 9772003
12331599 299617
12331615 8318280
12331625 454471
12333953 460403
12333953 3158850
12333953 12333955
12336168 12336170
12352242 180759
5021702 4139459
12407901 12407902
12429473 3431551
12430934 7174636
12485903 12485904
12493593 12493594
12493593 12493595
12506151 12506152
12506151 12506153
12525559 1953610
12525592 12525593
12559267 2507
12561387 12561388
12898504 12898505
12905629 12905630
12921293 972792
12926621 12926625
12927383 12927384
12971909 12971910
12983621 4698983
13089582 13089583
13089649 13089650
13089661 13089662
13090855 1844578
13098386 116650
13108477 13108478
13108477 13108479
13108477 13108480
13116705 4800418
13116706 269950
13116706 1976833
13116706 3814273
13116709 351413
13116712 13116713
13116712 733501
13116712 13116714
13119821 6963986
13119821 13119823
13126353 106025
13156056 2507
13156056 2464
13167974 13167978
13172866 13172868
13177807 13177809
13190997 2507
13190997 2464
13213455 1423516
13218296 13218297
13242102 2507
13244507 2507
13245711 2507
13245711 2464
13245711 1757
13245809 2507
13248179 251488
13249112 13249113
13255015 1626579
13255030 17624
13273162 13273163
13273522 13273525
13281439 2507
13281439 2464
13281668 2521655
13380127 2464
13386427 13386428
13386430 4675891
13386432 940276
13386468 220975
13386516 13386518
13386596 13386598
13478247 2507
13478247 2464
13555020 13555021
13575600 13575601
13622639 516718
13623064 9998058
13623918 2084784
13623954 2593598
13623954 13623956
13641978 766249
13644308 1590050
13644426 1590050
13644427 1590050
13644428 1590050
13645900 379787
13645900 8541136
13645900 13645901
13646620 4189463
13665739 12973319
13665739 13665740
13666257 13666258
13666407 13666408
13666407 13666409
13667738 8572141
13670585 13670586
13671224 224739
13671650 13671651
13673794 2499704
13677701 13677702
13677701 13677703
13677701 7547558
13693999 13694000
13694026 13694027
13695260 252862
13745528 972796
13757956 13757957
13785692 13785693
13947382 1943152
13947572 1621660
13955647 13955648
13962136 1953610
13962174 13962175
13985474 1404875
13987376 3158850
13995276 10943769
13995891 351465
13996043 13996045
14019784 2637369
14019792 635529
14028169 7260
14028169 596771
14034398 110450
14067243 6329604
14094152 14094153
14094152 14094154
14094152 14094155
14102715 14102717
14113861 11962436
14114230 14114231
14139706 14139707
14146054 14146055
14146259 120812
14160433 14160434
14176889 9709168
14231626 427362
14231860 441396
14233006 14233008
14271615 1569093
14275452 14275454
14294054 11048864
14308216 14308217
14308221 13120050
14308222 14308223
14308224 14308225
14308226 14308227
14308228 14308229
14308230 14308231
14308232 13948137
14308233 14308234
14308239 482060
14308240 14308241
14308242 120814
14308243 14308244
14308245 14308246
14308247 14308248
14308249 14308250
14308251 14308252
14308253 21515
14308255 13879621
14308256 96324
14308257 152469
14308264 8207712
14308267 14279528
14308269 5622817
14308270 84602
14308271 138037
14308272 14308273
14308279 14308280
14309463 14309464
14309534 14309537
14322522 4279880
14323417 10725187
14323555 7473900
14328013 14328014
14335523 2507
14349137 14349139
14349393 2807338
14349930 14349931
14359775 7904664
14359776 14359777
14359778 14359779
14359780 14359781
14359782 14359783
14359784 14359785
14359786 6736809
14359787 14359788
14359789 14359790
14359791 14359792
14359793 14359794
14359795 14359796
14359797 14359798
14359801 14359802
14359803 456207
14359804 14359805
14359806 14359807
14359808 1412556
14359809 14359810
14359812 14359813
14359816 14359817
14359818 1299887
14359819 14359820
14359823 12137624
14359824 4798646
14359825 4909305
14359826 14359827
14359828 14359829
14359963 14359964
14359965 1790777
14359966 14359967
14359968 14359969
14359970 14359971
14359976 14359977
14359978 1144648
14359979 1388273
14359980 14359981
14359982 1196335
14359983 178779
14359984 14359985
14359986 1087100
14359987 14359988
14359989 1218055
14359990 14359991
14359992 8953922
14359993 14359994
14359995 8990779
14359996 14359997
14359998 14359999
14360000 14360001
14360002 4709498
14360003 14360004
14360005 12288676
14360006 12888933
14360007 10935392
14360008 14360009
14360010 14360011
14360298 14360299
14360300 14360301
14362781 14362782
14363030 14363031
14363376 7181416
14363424 14363425
14364255 14364256
14364257 14364258
14364259 14364260
14364261 1324567
14364262 14364263
14364264 14364265
14364266 163845
14364267 9092527
14364268 14364269
14364271 14364272
14364273 14364274
14364275 14364276
14364277 14364278
14364279 205352
14364280 14364281
14364285 14293248
14364286 14364287
14364290 4788584
14364291 14364292
14364293 4747381
14364294 14364295
14364296 12079201
14364297 14364298
14364299 14364300
14364301 11971308
14364302 14364303
14365184 14365186
14366280 14366281
14366845 14366846
14366845 14366847
14368122 839097
14369812 14369813
14375705 700678
14375860 7194513
14458800 14458802
14458847 14458848
14465537 14465538
14468349 14468350
14468360 14468361
14469888 14469889
14470766 7293206
14470824 14470825
14473252 14473253
14474278 14474279
14477303 14477304
14478304 1908491
14489503 3174732
14504132 14504133
14630973 160985
14649329 7177761
14649549 14649550
14653404 3432429
14653423 2507
14653423 1943152
14653480 2507
14654539 14654541
14654539 14654542
14661379 14661380
14667731 3441606
14717752 14717753
14717776 2178788
14717942 10701409
14718667 2464
14718689 2507
14718689 2464
14718723 2507
14718723 2464
14718727 2464
14718734 2507
14718734 2464
14718836 2507
14718836 2464
14738673 2507
14742973 13273163
14768377 2464
14768377 766249
14768382 2464
14768411 2507
14774589 2507
14774589 2464
14774869 14774870
14775292 2507
14775322 2464
14777319 2471395
14779148 14779150
14779379 14779380
14782871 14782872
14782956 2507
14782964 2507
14783020 2507
14783020 2464
14783236 14783237
14783448 14783450
14786356 14786357
14789865 14789865
14789990 5114773
14797105 36900
14801745 14801748
14803560 1377055
14809998 3236559
14810501 14810503
14827008 504304
14830195 7731393
14831960 3085199
14834144 14834145
14835458 2872048
14836823 14836825
14838434 14838435
14838514 1377699
14838514 7693471
14838514 14838517
14838514 14838518
14838514 14838519
14838514 14838263
14838514 14838520
14838514 14838521
14838514 7693462
14838514 14838522
14839650 14839651
14839669 14839670
14839977 10673256
14840160 12987172
14840166 1538830
14840493 14840494
14840574 14840575
14843104 2046946
14844894 9323672
14844925 6963986
14845418 7701008
14846688 14846689
14846831 14846832
14854217 14854218
14854600 866366
14855206 2002309
14855332 579997
14855958 319025
14869756 14869757
14869756 225066
14871741 14871742
14891231 14891232
14898859 2711553
14322523 4279880
14905773 12232291
14905773 709801
14923026 2507
14927638 2464
14932309 37318
14932399 2507
14932399 2464
14934229 14934231
14935892 14935893
14935901 14935903
14935913 2507
14935913 2464
14937724 11739232
14940729 14940730
14940729 1701486
14940729 7995180
14940729 1701487
14942456 2507
14948706 2464
14948706 3430592
14948706 2729954
14948706 5032653
14948706 14948707
14948706 14948708
14951237 2507
14951237 2464
14951535 76803
14952382 7818548
14952384 14952386
14952387 14952389
14952390 14952392
14952393 14952394
14952395 14952396
14952397 14952398
14952399 14952401
14952402 14952405
14952406 14952409
14952410 14952411
14952412 14952413
14952414 14952416
14952417 14952418
14952419 14952421
14954477 14954478
14966387 2507
14971977 2507
14971977 2464
14972535 14972537
14972842 2792540
14973131 14973132
14974487 8190682
14976249 3079086
14976278 3079086
14976610 6007948
14976610 2507
14976624 3079086
14976732 3079086
14976755 14976756
14978003 2507
14978003 2464
14980175 76803
14992160 2507
14993002 2038026
15003606 15003609
15003614 15003615
15003627 15003628
15003629 15003630
15003631 15003632
15003633 15003634
15003652 15003653
15036721 381048
15036721 11251290
15038144 15038145
15043874 3431036
15077908 15077910
15084356 7838299
15084547 76803
15097339 2507
15097339 2464
15097400 15097402
15098185 15098188
15111906 15111907
15112746 15112748
15113046 2373710
15117985 903781
15118507 15118508
15121292 14961108
15122274 15122275
15122771 2464
15122771 385351
15123214 15123215
15124367 15124358
15124380 3734980
15139883 15139884
15139887 8013379
15139946 8013443
15140420 15140422
15149655 406346
15149685 15149687
15149916 15149917
15150033 5815823
15154475 15154476
15163352 2464
15172061 2464
15172358 9076883
15181392 2020554
15181963 2692747
15194175 15194176
15194312 15194313
15195878 628745
15201634 15201635
15201649 15201650
15211930 15211931
15219517 15219518
15232736 1404875
5981308 479541
1814127 4825556
15412437 1755
689202 1055596
15576311 7260
15634621 293431
15638809 2603502
15651485 15651486
15767498 15767501
15793622 409151
15804747 10793
15804747 413428
15804747 9645898
15834074 593462
15880909 64315
8718555 1734562
15941399 15941400
3159730 1541895
16022182 111992
16055056 16055057
16057896 364961
16085237 16085241
16219803 2507
16347789 10080924
16370026 16370027
4906751 16419668
8309559 2465021
16448968 16448978
16479989 8371012
16486265 10571680
16514976 674239
8486317 2507
8486317 2464
16521044 50679
16550702 698378
16992176 16992177
17014947 612028
17039617 2941544
17047689 4698983
17066942 32243
17071269 17071270
907873 10106667
17104938 544963
17143434 16975096
416015 17171291
17224080 288533
17255568 17255570
17303133 489701
17316793 17316794
17385354 1881378
17414373 17414374
17421115 843087
17455548 2290219
17658905 106025
9658658 3069141
17694966 3236559
17733050 3340924
17769346 12559779
17825847 17825850
17827631 112704
17830896 297954
17830902 334906
17830903 3154053
17838192 766249
17838192 7186740
17856229 452131
17856576 17856580
17858194 2464
17858194 7186740
17858194 766249
12522331 1225912
17867048 1590050
17867049 1590050
17867050 1590050
17885746 4142825
8972609 17888405
17903115 4171608
17930281 516817
18136493 18136495
18157593 2507
18157593 2464
18159793 8740144
18166889 2507
18294214 1997180
18415951 15437111
18423995 2370981
18443950 18443951
18449132 3176597
18487250 3154226
18556405 480028
18607065 8196104
18615086 2327164
18635472 64447
18660684 3151529
18746743 392131
18848109 2561991
18859636 467730
18859636 467733
18874975 385351
18874975 23292
18881358 240383
18881358 1844578
18947312 18947313
18972015 361540
18997270 410037
19014224 8932308
19024923 1813267
19024923 2507
19026350 19026351
19028436 2464
19028436 8770517
19028436 254211
19081944 8599236
19176678 2032573
19176679 3793694
19176681 2135610
19176682 1432238
19176683 817119
19176686 87367
19176687 2032573
19267858 19267862
19269343 19269346
19281092 34824
19283309 19283310
19297502 706148
12983622 4698983
19358921 11647839
19373434 9629104
19382149 2507
19398061 10969630
19695011 2507
19695011 2464
19696718 19696719
19696718 19696720
19712424 19712425
19712429 460403
19712429 12333955
19722333 2507
19722333 2464
19724550 796310
19728947 5618910
19772816 19772814
19851928 8440664
19886313 19886314
19886357 8252634
19889760 14871742
19894785 19894786
19901985 19901986
19902183 19902184
19902930 19902931
19903134 19903135
19903372 19903373
19903830 19903831
19906463 7175393
19912407 9595
19912413 3415899
19912414 19912415
19912416 106113
19912420 80979
19912421 346504
19929660 19929661
19929660 15254980
19929660 1796014
19929660 903738
19929660 2637436
19930576 1590050
19930674 1590050
19939888 9209265
19964397 361539
19969495 8393723
19976141 2507
19976680 2507
19976680 2464
20006491 20006493
20020091 2027705
20027687 7523077
20030588 2507
20031573 2507
20031573 2464
20031573 14719
20031622 2507
20031622 2464
20031906 2507
20050086 385351
20052011 15537175
20065213 20065215
20065323 15501372
20167435 412996
20167500 15377845
20324975 14466162
20325359 6345355
20343502 20343503
20374449 96017
20380751 8126759
20387444 6258715
20388183 20388184
20389394 2656247
20389414 20389415
20400020 7176517
20409998 2184220
20428458 16971394
20433605 20433606
20434079 3441648
20434738 17393362
20434740 20434741
20434740 235079
20435860 9696588
20435929 20435930
20436007 20436008
20436471 2283
20436637 20436638
20437527 14276049
20456339 20456340
20457170 228152
20457651 509792
20521365 20521366
20540028 8158521
20699298 4225424
20699318 3188150
20704668 20704669
20707299 15279135
20710548 142004
20738142 275256
20738221 220157
20738227 7186740
20738227 766249
20744715 1319238
20746208 398112
20748128 20748129
20778470 2200256
20783882 15675625
20790720 6831478
20803098 1601717
20803285 17178586
20814646 925308
20822266 267792
20826810 9286316
20835945 12645
20858299 20858300
20858347 20858348
20858697 20858698
20858707 14114216
20858729 20858730
20867867 6923509
20867970 6923676
20873983 7175536
20878885 766249
20878885 2464
20886859 20886862
20901148 20901150
20901204 36900
20902552 235080
20917290 8386617
20922871 20922872
20927684 3188150
20986913 34824
20990279 4197347
21007319 9990625
21007319 21007320
21007319 21007321
21007514 1943152
21007554 21007555
21008160 23292
15098186 6923677
21018082 744146
21018082 79077
21018082 21018083
21018082 21018084
21018295 441390
21027751 17171291
21044892 21044893
21044895 593462
21044896 21044897
21044898 119650
21044899 150445
21044900 306534
21044901 21044902
21044903 15334100
21044904 21044905
21044907 8218487
21044908 15280984
21044909 115489
21044910 21044911
21044913 621429
21044914 173030
21044915 251837
21044916 15314322
21044922 145178
21046610 14296670
21071335 7148706
21083157 14347574
21083169 7164650
21085096 7786987
21094921 14465538
21094922 15384659
21094923 8232794
21094925 21094926
21094927 21094928
21094929 21094930
21094931 21094932
21094933 9214240
21094934 21094935
21094936 21094937
21094939 16292233
21094940 21094941
21094942 16161655
21094943 8705370
21094944 185040
21094945 21094946
21094947 4058787
21094948 12158352
21094951 21094952
21094953 17883843
21094954 19711459
21094955 21094956
21095163 164247
21095164 114550
21095169 8149236
21095170 9055843
21095171 21095172
21095174 721040
21095175 21095176
21095177 21095178
21095181 1348707
21095183 21095184
21095185 16214340
21095186 16173287
21095187 21095188
21095189 21095190
21095191 21095192
21095203 1657097
21095204 21095205
21095206 12104904
21095207 21095208
21095209 21095210
21095211 21095212
21095216 21095217
21095219 12279895
21095519 21095520
21097966 21097967
21097989 21097990
21098364 21098365
21098420 14363256
21099327 14364240
21099341 21099342
21099343 21099344
21099345 21099346
21099347 21099348
21099350 15341417
21099352 15342167
21099355 21099356
21099357 8608500
21099358 21099359
21099361 21099362
21099363 21099364
21099365 21099366
21099368 12286396
21099369 21099370
21099371 21099372
21099373 21099374
21099375 4709636
21099376 21099377
21099378 21099379
21099380 14836825
21099381 15592872
21099382 1296314
21100088 21100091
21104825 21104788
21104890 2807338
21108365 1590050
21109825 11657138
21191180 8937179
21200173 21200174
21204741 219782
21208334 21208335
21229477 120812
21235514 14030
21248934 2711556
21248934 15460456
21307021 1590050
21357072 1590050
21372440 113035
21374613 3412323
21374613 21374615
21378146 562723
21384906 7175216
21386611 4902121
21400684 16665699
21441685 2507
21441685 2464
21441886 3432429
21441973 766249
21441973 2464
21442343 1736043
21442519 2507
21442632 2507
21442632 2464
21488777 2507
21491439 2507
21491492 2464
21491492 766249
21494554 2464
21494554 766249
21494742 21494743
21497145 21497146
21497554 766249
21497554 2464
21498961 120812
21500921 21500922
21505144 2507
21505144 2464
21508462 9973680
21510777 21510778
21513679 1325117
21514971 836035
21518511 9936635
21519126 2507
21529386 21529389
21529740 21529743
21530567 9042549
21544101 2507
21544678 21544679
21548249 21548250
21551122 10305119
21551442 1377699
21551442 21551443
21551725 21551726
21552325 21552326
21555900 21555901
21555900 1953610
21555900 17301240
21555938 1815905
21558022 7697329
21558451 2836382
21558846 1377699
21558846 21558847
21558846 21558848
21559918 7731395
21560421 2002309
21560421 21560422
21561646 21561649
21563714 17384981
21568961 20434741
21569532 1378083
21569718 79077
21569816 21569817
21569925 21569926
21569977 21569978
21569983 14359807
21570527 11650215
7711540 21570534
21570707 1377699
21570707 21570708
21570878 21570880
21570924 1377699
21570924 21570926
21570924 21570927
21570924 21570928
21570924 21570929
21570924 21554188
21570924 14838290
21570924 21570930
21570924 21554191
21570924 21570931
21570924 21554193
21570924 14838295
21570924 7693475
21570924 21554200
21570924 21570932
21570924 21570933
21581859 21581860
21586682 21586683
21586714 21586716
21591887 21591888
21597751 21597752
21613106 9951551
21641346 2507
21643050 21643051
21643774 191713
21643793 2507
21643793 2464
21645407 21645408
21646795 1964410
21648820 145534
21648820 7285447
21649281 8171966
21653623 9973680
21662686 21662687
21662688 21662689
21662690 21662693
21662694 21662696
21662697 21662698
21662699 21662700
21662703 21662705
21662706 21662708
21662709 21662710
21662711 21662713
21662714 21662715
21662716 21662719
21663185 76803
21663185 2507
21663185 11710
21670394 21670396
21682409 7838282
21682460 21682461
21686168 62304
21687125 21687126
21687138 21687139
21712121 21712122
21712123 21712125
21712129 21712130
21712131 21712132
21712137 21712138
21712139 21712140
21712141 21712142
21712143 21712144
21719033 2507
21719033 2464
21744759 2507
21744759 2464
21744805 8608855
21745349 21745351
21747452 452458
21766475 2507
21766475 2464
21783787 2464
21791644 49839
21792332 21792333
21792332 21792334
21794557 2507
21794557 2464
21802542 2507
21802542 2464
21806525 482274
21810825 1700
21810829 7976958
21816916 441395
21822668 21397137
21826038 16651743
21826981 8865809
21827763 2464
21828878 21828879
21829573 766249
21829573 2464
21829614 21829615
21836831 17522540
21836893 4615487
21842106 2507
21842106 2464
21842858 21842859
21843013 21843014
21848933 21848934
21852420 21852421
21872902 2464
21883133 21883134
21883239 8055496
21894549 21894550
21894677 9462426
21894919 68229
21895010 5815823
21895034 21895035
21919031 21919032
21919639 21919619
21929798 10926429
21929798 15864581
21929810 104646
9117132 21937441
10671283 8971126
27741 13719819
15243513 155746
22282028 3415412
22327714 86149
22336873 9984989
22338694 76803
22361456 593462
22401871 1844578
22402930 15651486
22403987 8406363
22468983 593002
9491236 3158850
22643608 64396
22687422 22699
22687422 22687425
22687422 13055113
22687422 2404067
22687422 20053205
22687422 22687426
22687422 132865
22687422 22687427
22687422 22687428
22687422 22687429
22687422 1520484
22687422 16167163
22687422 1419466
22687422 22593391
22687422 159276
22687422 8249127
22687422 22687430
22687422 16597610
22687422 22029324
22687422 9710301
22687422 22687431
22687422 164116
22687422 22701
22714060 350978
22778769 120812
22816388 2628836
273376 273320
22865293 8780370
22867526 22208594
8128946 3465389
22892741 21513
22928906 8628
22957086 22317124
9397951 22981453
23062073 13669409
23105977 8414719
8486314 2507
8486314 2464
23200391 9645898
23200391 1533
23200391 355696
23272392 2634917
23317435 16534278
23317435 4905617
23323523 23323526
23324479 593462
23325199 160507
2058020 51956
23367758 378096
23319433 3854025
23489538 995595
23489550 1590050
23489552 1590050
23524966 21965939
23665306 10595425
23708781 23708782
23726077 63241
23727748 3183464
21979754 777163
17171292 17171291
23813323 390496
23820363 65282
23825233 16092109
6924322 15769101
23939473 64829
23995923 1800923
24018095 1953610
24141385 24141386
24234036 66174
24240963 16954053
24241038 202743
16902121 1364915
24263034 3236559
24271102 6897079
24283667 15647533
24301452 24301453
24394994 297954
24394996 8400114
24419717 385351
24420848 708431
24420870 385351
24420871 460403
24420871 3158850
24421238 124298
24421241 3158850
24425711 1429163
24425744 12177070
24429161 1590050
24429162 1590050
24429163 1590050
24429164 1590050
24429165 1590050
24429166 454053
24448084 16176750
24449288 548341
24463673 24463674
24498268 2110626
24502509 402381
24684441 4152042
24946967 24946968
24963660 24963661
25032178 330217
25040650 1590050
25090880 13273163
4144707 8078317
25131368 17011478
24303849 24303848
25168913 614217
25183732 2587641
5187036 318035
25283513 19003798
25283513 15117953
25283513 2738363
25283513 15489752
25283513 22877107
25472581 15501372
25472581 7795306
25526181 17444550
25546922 25546923
25572796 1612265
25579062 10969414
25579127 22456855
25692226 8318280
25692231 817119
25692239 8318280
25692244 2135610
25779971 15336208
25781197 101923
25781341 1991221
25794962 6334342
25817968 17851615
25819972 9742907
25850498 1163725
25865844 145573
25881341 2507
25881341 2464
26028920 5599934
26152710 14933163
26174515 303279
26184152 26184153
26190546 141987
26194520 10334051
26201799 17295105
25579309 345863
26204924 26204925
26205556 26205557
26207986 16874270
13758598 2908430
26254528 9697314
26265908 8631096
26356614 4219380
26357116 4210330
26357169 1384300
26364783 26364784
26371745 4337315
26372760 947500
26373198 26373199
26381974 458858
26381978 1976833
26381980 51956
26381980 230268
26381980 463714
26384810 26384811
26388883 26388884
26389225 22758920
26399411 1590050
5870487 2083296
10263902 6007948
26420997 452135
26422077 26422078
26422220 12333955
26422220 460403
26431031 26431033
26431550 22469755
26431550 1099887
26436519 15787413
26465608 2507
26471042 26471044
7689410 15979138
7689410 1036508
26473391 1906221
26478291 267792
26488468 2118861
26493420 2507
26493420 26493422
26493420 2464
26494272 2507
26494272 2464
26494444 26494445
26495389 2507
26495478 2507
26499043 166216
26528375 10607704
26528961 2507
26528961 2464
26570472 16534278
26627998 13386365
26776307 2507
26776307 2464
26781169 26781170
26789919 12261882
26790009 22177904
26800120 2653428
26811705 3069141
26832672 1237793
26839206 351043
26858871 1590050
26858872 1590050
26877085 3315265
26877085 18515402
26877667 1953610
26878148 26878149
26879587 16011389
26879587 1953610
26879944 1953610
26881714 26881715
26881733 26881734
26881902 20433606
26881902 225040
26881904 225040
26881904 26881905
26881904 2499704
26882635 6433180
26883460 26883461
26884000 16974912
26884592 26884593
26884592 779404
26888822 7547558
26888822 13677703
26888822 13677702
26902697 26902698
26902718 26902719
26902730 26902731
26904879 6305793
26904978 26904979
26989246 112579
27105405 4718234
27153499 1953610
27153788 1953610
27187653 8779791
27203938 2404813
27223765 27223766
27237414 2068977
27237414 2507
27251437 2507
27251437 2464
6889335 6889334
27276857 818203
27312602 37349
27320874 6963986
27334209 104052
27334837 36900
27334953 27334954
27339843 27339844
27343706 749556
27348544 18529554
27349689 19016620
27391303 695674
27396229 777592
27396299 27396300
27405466 27405468
27406896 11197408
27419756 7062693
27422478 21513
27422478 20953
27437261 9990625
27437275 9828
27442451 259509
27462488 266013
27467952 37349
27468338 27468339
27471044 7123532
27473853 1164883
27473854 2370112
27473856 8201118
27473859 129480
27473860 5617375
27473862 1089067
27473863 171972
27473869 121308
27473873 15364429
27473874 1073005
27473876 149466
27473877 8211775
27476194 3438227
27490488 329774
27490488 24399177
27491637 789108
27509628 27509630
27511892 11008635
27511901 1398154
27511902 27511903
27511942 25361088
27518069 18624914
27521721 27521722
27521769 8206986
27521770 8192120
27521772 16100786
27521773 16193097
27521774 22036566
27521775 10605858
27521777 12038790
27521778 27521779
27521780 1260710
27521781 27521782
27521783 1313178
27521784 27521785
27521786 27521787
27521788 22805067
27521789 9205583
27521790 27521791
27521792 22060463
27521793 27521794
27521798 27521799
27521800 22968519
27521801 16047973
27521802 27521803
27521804 27521805
27521806 866366
27521807 9181401
27521808 27521809
27521813 27521814
27521815 4770184
27521818 27521819
27521822 1318215
27521823 27328904
27521977 27521978
27521979 15356417
27521980 8209053
27521981 27521982
27521983 27521984
27521985 22637205
27521986 27521987
27521988 27521989
27521990 27521991
27521992 27521993
27521994 14779150
27521995 22051692
27521996 27521997
27521998 27521999
27522000 27522001
27522002 9264632
27522003 27522004
27522005 22700524
27522006 15335856
27522007 27522008
27522009 27522010
27522011 9009874
27522012 27522013
27522014 27522015
27522016 18863869
27522022 4677833
27522025 27522026
27522027 12113211
27522029 5191826
27522030 27522031
27522032 26189444
27522033 13605878
27522034 27522035
27522328 27522329
27522330 16056082
27524629 27524625
27525913 21099753
27526208 27526209
27526213 27526214
27526215 27526216
27526217 163844
27526218 27526219
27526220 8263942
27526221 1348735
27526222 15357025
27526223 16358355
27526224 27526225
27526226 5229828
27526227 12234112
27526228 12234222
27526229 19131090
27526230 18921766
27526231 25371078
27526232 27526233
27526234 27526235
27526236 27526237
27526238 18628614
27526239 4183708
27526240 27526241
27526242 27526243
27526244 27526245
27526246 27526247
27526248 22977285
27527585 27527586
27527809 3079086
27527820 14783450
27528227 27528223
27528268 17295105
27529045 14365024
27529185 700678
27531554 21104891
27531554 2807338
27533004 16859427
27534999 1590050
27537439 1756790
27538646 27538647
27616740 21191309
27624683 25582938
27624697 8200316
27625104 27625105
27625220 27625221
27626565 22226706
27627479 7293281
27630014 27630017
27662377 2053728
27722223 9945696
27775244 9963533
27776309 27776310
27797270 548341
27803370 27803363
27804172 1937060
14593026 14593025
27857510 7562890
27858108 2507
27858108 2464
27858199 12232291
27858567 1439459
27907753 2464
27907753 766249
27911136 1943152
27913670 23051373
27913945 21497487
27914370 14775345
27915873 22017309
27920937 8380717
27921375 2507
27921375 2464
27921749 27921750
27927385 27927387
27927437 579998
27933065 4903575
27937266 24947593
27939343 27939345
27945769 3521172
27945769 21529743
27950106 1524083
27957065 14858522
27957077 2507
27957891 1943152
27957891 2507
27963267 1196335
27964140 27964141
27967809 1377699
27967809 27967810
27967809 27965122
27967811 3285192
27967950 27967951
27969149 548156
27969165 9520640
27969230 27969231
27969360 9799248
27969367 1225703
27971636 27971637
27972582 21559352
27973464 441396
27973800 2369748
27973825 21560732
27975292 17549446
27975560 27521991
27976664 27976652
27976693 27976694
27976719 27976720
27976747 16540319
27976788 27976790
27976812 2302076
27976812 27976813
27976812 9645898
27976812 8982549
27982048 27982049
27982048 15299444
27982874 14359810
27982885 1344801
27983591 1377699
27983591 27983592
27983591 27983593
27983591 14838266
27984959 1377699
27984959 27984961
27985612 9122333
27987178 2507
27994838 14867656
28023818 3525664
28024810 28024812
28024817 28024818
28025766 6923511
28034016 14871742
28049247 21638019
28053989 17400354
28056531 2507
28056566 28056568
28057806 28057807
28057864 2351764
28058328 2507
28058439 15330829
28059599 8371771
28061253 1168318
28061546 28061547
28062236 3122501
28062243 28062244
28062976 396765
28062976 9973680
28063388 9973680
28069732 2507
28069732 2464
28071452 28071454
28071455 28071456
28071457 28071459
28071460 28071461
28071462 28071465
28071466 28071467
28071468 28071470
28071471 28071472
28071473 28071474
28084339 2507
28084339 2464
28090302 2507
28090302 2464
28090834 14972400
28091275 7838282
28096644 11524453
28099644 267792
28107473 5211500
28116891 1701164
28120866 28120867
28120868 28120870
28120871 28120873
28120874 28120875
28120876 28120877
28120878 28120879
28120880 28120882
28120888 28120889
28120890 28120891
28152954 28152953
28153842 27109881
28154300 28154301
28154424 790643
28154582 21746571
28155323 28155324
28155343 452458
28186038 2968
28199003 17371437
28199891 27516845
28208390 28208391
28208412 15097370
28209235 28209237
28209263 21803463
28209580 1953610
28214396 7975091
28222066 21817362
28226860 3587
28226940 494434
28230266 19915122
28233346 28233347
28233357 28233359
28233854 2507
28233854 2464
28233880 2507
28233880 2464
28246357 2507
28246357 2464
28246996 28246997
3001629 16453869
28253095 2507
28253095 2464
28255289 28255290
28255651 10937273
28255653 10937273
28256336 28256329
28256554 28256555
28256561 21852481
28256764 28256766
28256776 28256777
28268472 3193041
28275988 76803
28285143 2507
28286994 512661
28297357 2507
28297837 10942714
28298184 11626534
28298471 21894790
28298502 28298503
28298577 21894951
28299961 10447154
28305007 2150135
28305603 219782
28306765 685457
28306765 2464
28317507 28317509
28322815 1384299
28322815 17400301
28322990 8167775
28323224 945290
28334485 17137056
28335002 28335004
28335002 28335005
1736043 697536
28374491 700048
3089754 2013550
9105175 28451194
7108814 416015
18372345 264
14059263 10985768
28572732 8343714
28610542 20343503
23813324 17171291
28659895 28659897
28715155 16368877
797416 797413
28771949 1952584
28785773 2507
28860007 8587926
28873226 2251352
10709087 10851383
28756921 22409606
28756921 781009
28756921 8650494
28756921 1073007
28756921 15561350
28756921 7794011
28756921 15364835
28756921 29015261
28756921 29015262
28756921 243775
28756921 264310
28756921 8291876
28756921 22870864
28756921 10946426
29020840 29020841
15297196 25403376
29040118 191022
2605781 1098
29135749 442655
29183201 3131994
29203673 19368498
23143917 385351
16026588 11710
29278647 60477
312523 16038064
29331827 11030460
29341713 18133852
29341713 6301546
10952896 99425
12412519 29412261
10080925 1734562
29468580 3483436
29506628 29506629
29641987 227194
29702767 817119
29741208 817119
29828214 26296
9779794 3069141
30014616 2464
7843694 841824
30146265 1701162
30147188 30147190
30182173 265689
7370614 1362033
30233541 23292
30269114 506118
30278470 8648281
20422108 23963830
30298584 668518
30332440 340035
30371295 74669
29141014 40516
30402523 549022
23586426 8676594
30424442 15436879
30432318 8890284
30445858 21221910
30453354 30453355
30506614 17629272
30518337 15834400
30591890 1844578
24364096 385351
30663152 25675
30697027 220157
30697042 409762
30714140 408761
30723217 17859199
30723344 1238568
30727436 9909025
17869158 3448991
30730067 10951864
30730482 1590050
30730483 1590050
30730484 1590050
30748215 21791060
30748239 17293440
30748584 915151
30763318 6120
30790270 1084
30822314 673947
30856937 2507
30906379 1660512
30916774 709952
30952055 756591
30956645 1535612
30985291 8427217
31003814 111321
31023723 74669
31333713 1590050
31350475 3188150
31437593 31437594
31437593 31437595
31437593 30047796
31437593 31437596
31437593 31437597
31437593 23976562
31437593 10441628
31437593 2692346
31437593 17429365
31437593 17548318
31437593 17399778
31437593 8457190
31437593 23716219
31437593 2335572
31437593 8460910
31437593 22174435
31437593 31437598
31437593 23916316
31437593 3053154
31437593 31437599
31437593 17513265
31437593 2944583
31437593 2507
31440664 30018041
31467814 12555330
31475761 2489227
22371021 77995
22735122 31641015
12006283 234970
31672730 4142780
31682648 31682649
31810418 319025
31821644 31821646
31821644 4307571
31821949 335089
31826745 2226261
31857392 548341
31891070 15801635
31919908 28535539
31919908 22460123
31919908 9075697
31922742 1058347
31965489 9403886
31965493 8756438
31965494 309130
31965495 309130
31965498 2135610
31997211 2464
32048583 961582
32097407 11188257
32130746 32130747
32418982 1844578
32418982 31334854
32423449 1953610
32427868 32427869
32432223 64378
32441388 16163107
32444819 122819
32449281 894857
32486244 16702042
32593069 28534847
32593117 32593118
32608610 23927623
32611598 32611599
32611598 32611600
32612696 32612697
32618582 24117209
32618588 21509
32634567 1468854
32636912 2185753
32652298 2507
32665709 3051819
32666062 361539
32671009 2507
32671009 2464
32671262 650808
32692243 30382253
32702549 2507
32702549 2464
32702641 10197989
32702643 30181554
32724561 2507
32724561 2464
32724884 2507
32724884 2464
32725511 7689037
32725712 2507
32725712 2464
32745020 32745022
32755978 378809
32756330 2176665
32756461 32756462
32756640 32756642
32757160 2791634
32806159 275159
32806159 61471
32854867 209339
20167441 20167440
32854900 940276
32854902 1373408
32935775 2284497
32941033 12145537
33079170 1590050
33079173 1590050
33079332 1590050
33086288 2507
33086288 2464
33099729 6963986
33102160 12012045
33102313 33102314
33103022 1953610
33103564 16975184
33104019 2283
33104098 33104099
33104905 2766431
33104958 33104959
33104961 336258
33104966 33104967
33104966 10371742
33121451 510758
33183859 33183860
33207771 9755279
33358192 2874677
33381757 1368602
33397363 155746
33415960 15476028
18502226 1059335
33422156 18420625
33422750 30102626
33438179 2335651
33467713 33467715
33484295 30690155
33484884 766249
33500177 33500178
33500183 33500184
33500187 33500188
33508629 33508630
33509047 17561502
33522133 2464
33538051 24483993
33538051 235080
33538052 33538054
33538170 28233359
33543568 1953610
33553771 33553772
33553771 2464
33561079 839097
33590512 385351
33590512 144385
33590512 2464
33590518 766249
33590518 2464
33591011 33591014
33601108 235080
33611288 9973680
33611288 33611289
33653100 1953610
33653242 7969165
33672646 1830153
33674680 482060
33678324 116982
33678329 776793
33678331 32960144
33678333 210974
33678334 33678335
33678336 8232446
33678337 140627
33678338 26781126
33678349 7801013
33678350 33678351
33678354 131682
33678355 684398
33678356 22039658
33678357 120812
33678358 33678359
33678360 119118
33678373 28546758
33678374 33678375
33678377 33678378
33678380 125388
33678383 8237955
33679610 33679611
33680004 22448118
16197843 9235637
33709835 15551501
33717650 33717651
33719340 396765
33721010 19008055
33725905 4098457
33726169 15331376
33726170 184395
33726171 22060044
33726172 8210195
33726173 1024697
33726174 1517476
33726175 33726176
33726177 33726178
33726180 33726181
33726182 33726183
33726184 8763469
33726185 33726186
33726187 1277752
33726188 9081376
33726190 16145120
33726191 33726192
33726193 1126454
33726194 31241633
33726195 33726196
33726197 31241567
33726198 33726199
33726200 33726201
33726202 4769983
33726203 33726204
33726205 25791138
33726210 21026287
33726318 27521950
33726348 33726349
33726350 8191594
33726353 33726354
33726355 33726356
33726357 15362051
33726358 29177753
33726359 33726360
33726361 8445305
33726362 33726363
33726364 33726365
33726375 29215803
33726379 8743118
33726380 1516948
33726381 33726382
33726383 22253224
33726384 1511797
33726385 1379492
33726386 16052388
33726387 11510366
33726388 18872899
33726390 33726391
33726495 2507
33726734 16240048
33726735 8944296
33726736 33726737
33726738 8239271
33726739 33726740
33729690 27525307
33730303 16216358
33730557 16180626
33730558 112103
33730559 33730560
33730561 23073079
33730562 33730563
33730564 22798180
33730565 33730566
33730567 8255860
33730568 33730569
33730570 21586716
33730571 22154717
33730572 15797135
33730574 6397024
33730575 33730576
33730577 33730578
33730579 33730580
33730581 33730582
33730584 12007051
33730585 33730586
33730591 4268011
33730597 33730598
33730599 33730600
33731632 2507
33731632 2464
33731764 22023951
33732034 33732035
33732034 33732036
33735173 33735174
33737405 3008850
33740197 33740198
33740629 7194238
33743716 446200
33819102 7194516
33819479 25644051
33829264 33829265
33829266 10970451
33830144 33830145
33830180 33830181
33832243 219782
33836212 11257316
33849625 2507
33860498 33860500
33880403 769506
33974272 33974273
33974440 26951142
33976165 8211531
33989891 57340
33991718 28688646
33995560 1953610
33995584 7284851
34003232 452463
34005885 1953610
34056156 33102314
34056156 2464
34056332 2507
34056355 3756348
34056556 2507
34057062 2507
34106580 109056
34112041 25546923
34112139 8164977
34112283 21498226
34113485 9973680
34113817 7177763
34118509 9623709
34118524 1859466
34119968 2507
34125666 1953610
34130511 2507
34130511 2464
34133293 2507
34133293 2464
34133455 34133457
34133488 17227629
34136472 4231605
34136472 4231606
34139403 594889
34151521 2507
34157336 4677833
34161457 27967810
34161457 1377699
34162915 16450525
34163230 25361089
34163582 25063843
34165863 2507
34165863 2464
34166673 34166674
34166817 7699482
34166817 7699483
34167266 34167267
34167987 7700988
34168057 17604408
34169261 28460103
34173557 183991
34175237 25656229
34175957 34175958
34184770 6963986
34196083 9178610
34204249 4722941
34204278 14886966
34216071 34216072
34216117 21613390
34243221 76803
34243221 2507
34243221 2464
34243221 11710
34243284 2507
34243285 2464
34245934 991538
34246902 10906123
34247195 17016592
34247928 910104
34250005 34250006
34257250 2535449
34257286 1377699
34257286 21554204
34259816 1760246
34260141 158964
34260141 76803
34260141 2507
34260141 2464
34261386 34261387
34261388 34261389
34261390 34261391
34261392 34261393
34261398 34261399
34261400 34261401
34274227 2507
34274227 2464
34279706 2507
34279706 2464
34279757 839939
34279934 4615477
34279934 8187769
34285694 2507
34285694 2464
34288499 15244374
34292496 34824
34309654 34309657
34309658 34309660
34309661 34309663
34309664 34309665
34309666 34309667
34309668 34309669
34309674 34309675
34309676 34309677
21719034 2507
21719034 2464
34332726 621511
34341816 2507
34341816 2464
34341816 34341817
34341816 12289927
34341816 7903669
34341850 21744799
34342294 7189833
34342329 2464
34342329 709801
34342329 21094790
34342329 14353269
34342329 14463649
34342329 3438227
34343868 34343869
34344176 34344177
34361883 19954766
34377050 1321083
34396551 6923675
34401058 17400354
34414117 8180794
34414119 2507
34414119 2464
34418667 23981431
34418918 2507
34420072 34420073
34420722 3151263
9664692 1731904
34433039 2507
34433039 2464
34433132 34433133
34435673 2507
34435673 2464
34441091 34441093
34442403 2807339
34442986 2549051
34459854 1943152
34462979 766249
34462979 2464
34463353 17255421
34469088 11966031
34473419 266013
34483667 34483668
34483974 23586212
34490907 15279135
34490955 15576318
34491089 219782
34501103 34501102
34501190 34501191
34501190 28061547
34508836 965129
34511919 34511920
3416252 315884
34565790 34565793
34566056 34566057
8713 3465389
34583823 1922859
34583823 232416
34583823 121725
34583823 30486436
34720180 4026226
34774805 642699
22321021 1453022
28155018 7813573
28155018 9645898
34923547 15786123
34953530 1590050
34953903 6258479
3400284 3296285
4042448 8145302
34998701 303317
35135701 601242
35146362 69659
35177849 8192646
35177849 341656
35177849 8201559
35177849 1460517
35188045 9984988
35191544 26296
35230783 8795529
17739016 8145302
35298568 16132781
35309649 120812
35309649 34824
35369747 9595
35378623 303317
35397141 122819
35397141 1772004
35398451 29126181
35500786 10710583
35570987 3151529
7625 7818448
18896179 326555
35825375 9790923
15865365 1432238
984693 315063
35943990 35943991
35968478 22946253
35977327 1590050
35977328 1590050
35977330 1590050
35986680 35986682
36009794 684052
24665792 36121992
36167924 390496
36199832 612028
36352017 59257
36381084 1769822
36476086 334906
36512533 22404867
36570014 1773695
36598227 2939732
36600408 10693750
36615432 385351
36627184 10696969
36664482 14931553
36714280 1888130
36743258 30718585
36788732 17808503
36796835 8628
36796835 5857604
36800750 788551
36815424 22317183
36832552 36832555
36832562 2464
36833071 147797
36833073 2464
36840355 15581249
36840357 1590050
36840358 1590050
36840359 1590050
36840719 22396787
36857018 3176581
36859715 8914179
36860092 385351
36893744 36893745
36893777 36893778
36893779 452009
37020660 8305215
37123610 8164977
37369476 9524387
37373046 17888405
37373073 17888405
37376625 37376626
37412170 17615851
37422157 611944
37434594 437965
37435100 273320
37438394 11636174
37459379 3086691
21018296 441390
37472508 26432
37494498 11021967
37516142 1896467
37548597 3821476
37561927 10329271
37652390 30084103
37728343 37728344
37750315 211214
37750315 471486
37839751 24086
37871559 9902109
37882837 2521612
37895655 256499
37899591 1408083
37899591 29499829
37906379 9016773
37936266 548341
37975131 297560
37984706 11021967
38041999 619101
38042000 817119
38042001 2135610
38042006 2072889
38042013 4565511
38121983 64773
38123248 3262087
38156772 750431
38182603 1170339
38184852 9742907
38201415 1953610
38201415 38201416
38235174 1080517
38422476 38422477
35521960 35521959
38470909 2507
38473769 11877270
38476614 38476615
38478168 38478169
38478168 1238568
38483289 15097397
38486002 28702246
38490015 1527946
38529476 38529477
38536432 27992728
38536637 22940766
38589486 38589488
38633267 191544
38633718 3807000
38658166 22056243
38658397 101923
38658398 22090994
38658421 87367
38658427 267260
38658427 2956694
38658427 81406
38658428 21414
38658429 1046830
38658429 3433114
38661093 38661094
38687597 38687598
38734110 14928595
38737247 2507
38737247 2464
38759805 2507
38759805 2464
38760245 2507
38760245 2464
38760245 432859
38760331 2507
38760331 2464
38761285 2507
38761285 2464
38761339 12153764
38761942 26201518
38765466 2502662
38791010 2908430
38791388 2507
38791388 2464
38791496 11876
38791949 23572309
38886553 9415
38886583 9415
38886616 22076456
38965517 695674
39039061 12282581
39043962 289535
39078588 3307175
39080366 39080367
39084007 289535
39085535 4334912
39085583 16244142
39085593 6316049
39103493 1590050
39103494 1590050
39120456 39120457
39120860 39120861
39121568 39121569
39122349 30220263
39122354 31375037
39126047 235079
39126568 1953610
39126568 30323916
39126568 1760246
39126568 839939
39126572 1953610
39126572 39126573
39126578 39126579
39127119 16974983
39128697 6436458
39128994 547459
39221228 1844578
39338878 596929
6722441 1009044
39383926 2507
39400528 2507
39400581 380683
39401681 210378
39414752 35357081
39416037 6333421
39418477 662478
39432161 1665935
39432582 126507
39443248 1590050
39454484 35573310
39462542 16975422
39462542 23586474
39462542 30016669
39462880 284777
39466319 1590050
39469246 678
39521546 39521547
39538304 14146055
39549214 25292044
33538055 235079
33538055 33538054
39549330 24522566
39550499 25391636
39550789 7186740
39550789 2464
39550789 39550791
39554546 9144956
39556951 3434063
39558741 2464
39570984 4220418
39586057 39586058
39588104 18755034
39588104 7260
39602139 39602140
39606084 1943152
39607984 7035938
39608018 79077
39611496 707218
39611916 39611917
39613150 36429634
39613174 7042715
39613387 39613389
39613627 1760246
39613627 39613628
39616110 27405028
39629704 29979427
39648800 20922872
39648809 30490543
39682688 8276405
39682689 8206439
39682690 15315344
39682691 8167003
39682692 116928
39682693 8270015
39682697 4307006
39682698 34604108
39682699 4801552
39682700 1087660
39682701 118740
39682702 39682703
39683695 2507
39683695 2464
39684049 2507
39717286 25077286
39717779 2163360
39718493 39718494
39718776 39718777
39720424 2110651
39729441 15360428
39729443 15350269
39729444 39729445
39729446 22966557
39729447 343407
39729448 39729449
39729450 29264297
39729451 9446345
39729452 9097400
39729453 18261879
39729454 37199728
39729455 37340224
39729456 11353249
39729457 11516876
39729458 37828231
39729459 39729460
39729461 33081558
39729462 25906998
39729463 34341817
39729464 39729465
39729568 21095060
39729612 39729613
39729621 39729622
39729623 22154607
39729624 8956929
39729625 39729626
39729627 29328088
39729628 39729629
39729630 39729631
39729632 35340352
39729633 15349267
39729634 39729635
39729636 39729637
39729645 16442815
39729646 1378083
39729648 14846832
39729650 21569817
39729651 14854218
39729652 7487781
39729653 9178610
39729654 9254568
39729655 39729656
39729657 4799907
39729658 31838681
39729659 19047461
39729921 33512139
39729923 39729924
39729925 9122333
39729926 22475651
39730139 39730140
39732289 39732290
39733283 14359781
39733401 14363952
39733435 14483717
39733663 8999426
39733664 16052134
39733665 1532751
39733666 15368996
39733667 1230785
39733668 39733669
39733670 35372799
39733672 39733673
39733675 29446245
39733676 39733677
39733678 28880620
39733679 28442556
39733680 34630819
39733681 19129159
39733682 5234222
39733684 39733685
39733686 39733687
39733688 38209913
39733689 38238295
39733690 19090759
39733696 25206410
39733697 11745336
39733698 31401075
39733699 11383531
39733706 31242876
39733707 39733708
39733709 39733710
39733712 39733671
39734316 14365023
39741322 27534263
39742056 1590050
39742058 1590050
27538649 27538647
39821694 7194514
39822247 645668
39830434 8269426
39830449 39830450
39834809 39834810
39834912 5609677
39835657 7178051
39838305 24484028
39839257 219782
39842780 7995180
39851586 15483937
39871933 11656827
39881035 30128268
39973367 8706470
39973554 16292114
39995338 23927624
39995338 23927623
39995586 10182873
40040109 693892
40047453 7555244
40052291 40052293
40054190 2507
40054190 2464
40071441 2464
40105029 2507
40105029 2464
40107708 2464
40107714 4224866
40109462 27915877
40114597 2507
40114597 2464
7751230 7751228
40114851 36431178
40117065 715238
40117110 9969143
40117571 37573013
40121505 31664730
40126465 338126
21518512 9936635
40127014 2507
40127014 2464
40129014 10323041
40130430 22253962
40133769 9290424
40134087 3236559
40136669 2464
40145568 5815823
40146099 2507
40146330 2464
40151518 1953610
40152597 1377699
40152597 27965122
40153380 40153382
40153380 22449596
40155296 40155297
40156545 21555901
40156553 17577229
40156662 40156663
40156668 267792
40157029 14840551
40157037 40157038
40161320 7995180
40161759 15279135
40161759 1168318
40161759 396765
40161814 35702503
40163545 21563688
40163605 7703946
40163954 21018084
40167962 40167963
40168382 36900
40168472 36826
40169286 579998
40169286 579997
40170394 1377699
40170394 40170395
40172607 1377699
40172607 14838294
40172607 14838297
40177868 1377699
40177868 7693508
40177868 7693507
40179446 12017901
40180091 40180092
40194268 21597806
40200542 40200543
40206341 14783450
40208262 40208263
40209435 7285447
40224449 2002408
40230373 7731393
40231722 1953610
40233277 20434741
40233277 1168318
40235638 191705
40237261 17410577
40238502 21648821
40238528 2507
40240798 8190684
40240914 15306334
40251126 2507
40251126 2464
40251126 306466
40251126 11710
40251172 40251173
40251186 1099942
40251792 7818547
40251793 40251796
40251797 40251798
40251802 40251803
40269879 2507
40271001 2507
40271001 2464
40272825 779608
40272825 2464
40273924 779750
40274573 1734442
40274573 2507
40275246 2507
40275246 2464
40288950 84604
40289736 18830317
40299755 40299756
40299757 40299758
40299759 40299761
40299762 40299763
40299764 40299765
40299772 40299773
40299774 40299775
40299780 40299781
40312092 65474
40322185 40322186
40331852 2169031
40332311 24058358
40334029 7906394
40358064 40358065
40365207 1613626
40365634 10937542
40383528 2507
40383533 21802568
40383564 30375339
40388934 23927624
40388934 23927623
40395734 16902135
40401339 296947
40402353 361539
40402353 361540
40403034 40403035
40404832 235080
40407457 2464
40416889 2507
40416889 2464
40419242 40419243
40419702 40419704
40428187 6429234
40428196 17290442
40428592 24378699
40428842 40428843
40431606 16118777
40448190 2356411
40448190 21871876
22500532 40451209
40455695 21113661
40456707 14334459
40469741 40469743
40469864 40469865
40469991 34943409
40476666 2807338
40476783 35121887
40476804 40476805
40484586 15122275
40484791 40484792
40485159 17387887
40493383 15211931
40493399 16710486
15416316 1885336
15416316 33555
15416316 273297
15416316 4875881
40529653 32616428
15670654 2079540
40611496 4735165
2613832 385351
5798718 338363
40760352 10125913
40524343 593462
22469312 29627676
40936555 8151933
41005174 356303
41064009 1409482
30530965 351464
41101384 113119
41139016 798589
41188994 8337278
41202085 4026226
9417190 11876
6494140 35724
6494140 65743
41314586 851250
41506254 1734562
41519807 817119
41529203 3132865
41625778 142003
41778557 2521855
41786842 407972
41808759 8526815
35219622 2135610
41852277 2299
41928519 1590050
41981767 378096
42022511 266058
27692228 7260
42125212 23143887
42228301 351013
35019062 379912
42308742 396637
42315485 754161
42322545 42322546
42334114 42334115
42337400 7260
35597598 1590050
42495703 11876
42545301 17164571
42497243 2198387
42566415 29075273
42566415 28414467
42566415 10337085
42580661 77995
42586655 16485186
21545093 3185256
42582539 66174
42593970 24272787
42681727 8145302
42706988 42706989
42732433 22141508
42732437 504304
42749918 3069141
42753683 9701697
39675441 8770517
42756251 2507
42756295 504304
42760352 3441534
42763292 1590050
42763293 1590050
42763294 1590050
42763295 1590050
42763296 1590050
42763297 1590050
42763298 1590050
42763601 9858374
42978591 7903985
42978671 7780
43016837 11581844
43021848 2507
43031405 11645416
43031405 12070
43038909 64829
43225768 529547
19909271 2507
4826023 4139136
43330657 3401655
43339891 8703281
43340792 1590050
25043303 1412685
138971 43353264
2473411 36609442
38201416 1953610
43384029 748771
43415653 25653548
43449278 335089
43460906 16391350
43566401 36573703
29354169 12188598
43573208 27275
43637145 17247081
43641766 17888405
8486312 30099205
43783071 36970
43783071 2507
43830800 1070528
43832912 43832913
43843654 1844578
43845139 710466
28714400 15556328
43892330 7944809
43949566 23394601
43949567 9430082
43949570 369881
9760605 9760603
43949571 817119
43949573 817119
43949574 2135610
44008639 1844578
44008639 31334854
32049749 3174657
44107595 2507
44342806 146326
44343139 41264378
44343147 6963986
44347585 266058
44347585 266092
44347585 626377
44350429 43639918
44351019 26183521
44351530 9394562
44366962 15913261
44368879 744146
44368879 79077
44368879 21018083
44368879 21018084
44369252 44369253
44369254 44369255
44372184 43373605
44405808 2826703
44507809 12155
44507831 23982030
44508735 11876848
44512402 27625221
44523182 23927624
44524202 115971
44524720 44524717
44532574 17615321
44532577 88273
44534111 3085287
44535025 33538054
44535028 44535029
44541267 632754
44550592 2288614
44550637 9742907
44572013 234970
44577029 10066311
44597191 1444295
44601197 23151975
44614842 28615372
44629402 9223355
44630027 2507
44630027 2464
44630261 2507
44630261 2464
44631166 2507
44631166 2464
44633380 1953610
44633380 16011391
44659948 378810
44659976 8880123
44666811 2314027
44695699 13738
44754553 757375
44892785 36928794
44894812 1560971
44901675 14521155
44910653 3072444
44962950 585680
44962950 15566729
44965044 1590050
44965045 1590050
44965046 1590050
44981165 26876689
44981168 44981169
44983373 7641864
44983990 1953610
44983991 41251404
44986674 44986675
44987332 44987333
44988343 44988344
44989428 396765
45002957 45002958
45004983 1126215
41754608 2602963
45212259 45212260
45217008 1665
45237694 1953610
45237694 16011389
45253872 1404875
45261455 34805851
45261601 2507
45261601 707447
18512135 873819
45295395 1590050
45302231 45302232
45312936 16975422
45312936 23586474
17153496 379416
45363397 9993280
45363403 45302232
45364250 2507
45372231 33509842
45374535 17446139
45387963 22527362
45404874 3432846
45412448 3262087
45414608 15279135
45417644 14871742
45422134 45422137
45434387 27351514
45434393 30323916
45455198 2003617
45455200 2003617
45460662 29911428
45486719 45486721
45498545 24018095
45498546 6923677
45498559 18761970
45513271 17602430
45525109 2507
45525109 2464
45525109 3158850
45525124 28439177
45527347 22027682
45529498 27538647
45529498 7121996
45530885 22392249
45530886 15829889
45530887 183475
45530888 338218
45530889 127356
45530895 20770197
45530896 22049430
45530897 14364281
45530898 10548079
45530899 680793
45530900 1000627
45530901 28410524
45530902 8206828
45530904 247445
45531049 8071645
45532522 9063863
45548568 42013469
45565504 18747435
45576746 29038493
45576747 23289
45576748 24502498
45576749 40640780
45576750 22043527
45576751 45576752
45576753 35333586
45576754 45576755
45576756 16221155
45576757 40629842
45576758 977230
45576759 22592797
45576762 45576763
45576764 21569978
45576767 41300189
45576768 1175078
45576769 36586382
45576770 11513665
45576773 25355846
45576774 43688256
45576778 44137802
45576779 12536904
45576780 19313089
45576781 44364216
45576782 39486136
45576783 45495490
45576872 33726310
45576948 22074123
45576949 22078465
45576950 5151188
45576951 28460103
45576953 22794249
45576954 16147705
45576955 22831322
45576956 45576957
45576958 9067219
45576959 34994607
45576960 41335677
45576961 182951
45576965 16292114
45576966 45576967
45576968 45576969
45576970 5591977
45576971 45576972
45576973 35320457
45576974 1099518
45576975 27776310
45576976 43255255
45576977 31765972
45576978 18971191
45576979 32169308
45576980 12537159
45576982 33101502
45577152 45577153
45577174 45577175
45579930 45579931
45579941 27525200
45579971 21098440
45579972 39732927
45580029 44005506
45580264 27525593
45580643 21099755
45580744 2507
45580744 2464
45580767 8921674
45580768 16228765
45580769 45580770
45580771 29123343
45580772 28832338
45580773 41302937
45580774 1660600
45580775 203252
45580776 1073947
45580777 9160358
45580778 29305682
45580779 28497177
45580782 39065108
45580784 5230484
45580785 38238433
45580786 37956312
45580787 41332868
45580888 7182444
45582590 888238
45582605 45582606
45585475 8698120
45585573 28697299
45590885 7194511
45668316 490719
45668551 27522001
45675048 15244509
45675048 16309156
45675405 15734838
45676922 33829699
45679924 17405476
45681092 14474704
45699704 35824183
45708490 548341
45719062 7345132
45782584 319031
45831612 1511797
45836709 548341
45836716 548341
45836871 16056082
45839116 338126
34004193 17701828
45846243 45846244
20343503 293431
45874056 45874057
45895423 36829684
45941645 2507
45943984 24417875
45944057 2507
45944195 2507
45944195 2464
45949324 15854816
45949725 2507
45949725 2464
45950317 37455663
45950338 2844206
27915875 22017309
45953601 182951
45953795 21501687
45956898 35626686
45956953 2507
45957284 45957285
45968508 28434478
45968687 2507
45968687 2464
45969469 21289461
45970769 779750
45971398 35339331
45974041 45974042
45975182 26401634
45975205 1404875
45977408 2507
45981402 45981403
45985998 3112502
45988737 43575448
45989051 4231565
45991629 14937562
45992338 45992339
45994847 43575427
45994848 37449708
45996201 12567145
45996351 23111656
45996445 37468138
45999158 45999159
46000404 7700353
46000423 3511067
46001985 41215504
46002164 29215803
46003782 14848406
46007409 98206
46007409 36826
46008044 8211531
46008910 7177521
46008917 9973680
42137839 42137838
34184771 6963986
46019612 27625105
46021581 12017877
46031905 385351
46031905 144385
46031905 2464
46035339 8189558
46045873 46045874
46071326 2507
46071326 2464
7791779 2507
46074577 32593118
46078916 8190690
46078916 839097
46086520 978920
46087774 46087775
46087776 46087777
46087778 46087780
46087781 46087783
46087784 46087786
46087787 46087788
46087789 46087791
46087792 46087793
46087794 46087795
46087796 46087797
46087798 46087799
46087800 46087801
46087802 46087803
46089105 2507
46089105 2464
46105272 3433314
46105540 22217907
46106691 839097
46110715 40978480
35170324 4283061
46122987 7638099
46124018 2507
46124018 2464
46135757 46135758
46135759 46135760
46135761 46135762
46135763 46135764
46135765 46135768
46135776 46135777
46135778 46135779
46168057 10936177
46168141 727809
46168141 7677573
46168141 221860
46168141 3426928
46168141 4225768
46168170 21018083
46168904 46168905
46168931 1640485
46169408 34343860
46169671 46169672
46172858 2507
46172905 2507
46172905 2464
46194268 46194269
46207095 10510453
46208766 26499496
46223087 7638099
46223223 19066958
46229903 46229904
46231441 21500922
46231625 338126
46235094 23393224
46235520 46235522
46238140 2003614
46247173 2872048
46247173 20377034
46251741 2507
46251741 2464
46252909 38235574
46252917 46252918
46252963 46252964
46253042 1953610
46253053 40419372
46262120 46262121
46262228 4128567
46262320 46262321
46265293 40877039
46279493 2507
28275989 76803
46282455 2507
46289599 17574289
46289632 45029
46302744 11966580
46302838 30182429
46302912 23554992
46309735 46309736
46317789 46317790
46317829 46317831
46327026 17326163
46333289 12294073
46333289 1471939
46339034 317030
17597503 593462
46487082 2936166
12149662 28842179
46518782 5981308
46556955 302870
46688559 7260
21698016 2135610
22170005 4985759
694581 694580
7798304 51956
46753666 572746
46797874 5981308
46810137 14953134
2095036 90050
46816365 8319911
46854411 10993499
46891211 23996106
46893706 2110626
15647604 28900353
47044906 47044907
47047446 141987
47047446 76803
47083722 120812
47083763 120812
43264275 673947
22074920 9708582
47235160 3454224
47239217 1734562
47257444 27967866
4660205 1734562
47265595 1734562
47302385 9660035
47333765 1734562
29511519 2507
10583075 2507
28055383 2956694
29886737 339483
47701857 8319294
47710521 1590050
47868791 230428
47884288 449307
47885367 2192869
23151623 2507
48010572 7086143
33892657 7646615
29477834 1081172
48084148 48084149
48186047 50366
48186059 1662117
48186148 7348543
41495921 1734562
48193960 8969142
48209195 267792
48232753 76803
48256727 2260033
48282934 74981
48285835 48285836
48285835 48285837
48307751 17213212
48310912 1590050
48321346 103779
48326470 693892
48330700 5699471
48340352 43637172
48367335 17634280
48379500 546564
35444196 6301546
48410283 47562175
48410283 30723456
8399125 3355516
28863176 28863172
48473238 38063158
48480756 36560588
48487820 220157
48487831 1033871
48488512 46777197
48510873 3434878
48511472 1446746
48511473 116992
48511504 48511322
48511864 2464
48515790 43430458
48515790 9836796
48515805 1343478
48518691 1590050
48518692 1590050
48518693 1590050
48535451 16822537
48535562 22449611
48538294 48538295
48558604 1651858
48755648 47897255
48764154 25618
48768884 30286005
47367382 27741
35669099 4670192
18469721 2333029
49082064 23248
49087811 41600149
49127333 1953610
49177896 16430121
49218931 17126336
49219719 22236384
44571803 8903659
49301403 4731727
49308472 6261213
49308472 17888405
11890617 1888130
49371958 49371960
49379064 160985
49478088 3176581
49573533 14034447
49593319 48511322
49593319 3090366
49635689 21604
49676355 4946927
49676356 2424304
49676359 23209546
49676360 817119
49676362 454474
49727375 49374142
49727713 441899
49783168 202743
49809596 115940
49810163 49810164
49837060 1123100
49963371 49963372
50042680 35036974
50052793 1953610
50052793 16011391
50055314 43564799
50062505 2464
50066743 1953610
50068239 9470508
22655675 2525778
50202896 27277299
50202932 46834552
50202959 20994559
50206268 47749275
50206268 1452753
50206268 19889761
50207047 41024882
50218297 50218298
50219661 17609299
50219776 50219777
50225024 19398543
50227519 1100
50227523 486472
50227526 139581
50227527 209
50229956 50229957
50255425 13923016
50271045 4695772
50275125 9350984
50294062 2507
50299047 350036
50309061 2507
50309061 2464
50321394 2507
50322489 2507
50322489 2464
50322853 2507
50322853 2464
50323427 2507
50323427 2464
50323662 2507
50323662 2464
50325057 28419042
50352445 38696062
50353255 34694729
50389997 16534278
50445300 22006506
50445306 5617988
50445411 13449415
50580384 2738352
50580695 17552043
50580836 211191
50592772 23031065
50597572 41165499
50597820 4786134
35530871 14519496
30112575 20458697
50651135 1590050
50652888 50584066
50667684 2872048
50668198 28199004
50668711 16703134
50669852 231906
50669870 50669871
50671677 2499704
50671677 50671678
50671682 44986362
50672248 50672249
50672485 50672486
50672900 50672901
50672900 1953610
50672929 1953610
50672946 19696720
50674784 47671973
50674808 20433606
50687671 3787199
50687916 43793830
29385489 332096
50773254 30095594
50849861 8560114
50931510 9273251
50942818 2507
29412260 29412261
50982282 50982283
50982287 25277079
41462819 270986
51005703 9543177
51041544 4479381
51049200 7494776
51049388 30323916
51049388 51049385
51057913 14353807
51060976 766249
51060976 2507
51060976 2464
51063386 723303
51075348 17011573
51080071 6963986
51123076 14218275
51123076 42131770
51123553 33591014
51123553 4181513
51130086 506189
51133746 4608324
51133814 51133815
51151314 12973318
41631531 2464
51179137 7969165
51203169 46464562
51203172 28495658
51203176 40578163
51203177 10136637
51203179 46442953
51203180 64426
51203181 28424945
51203184 126921
51203185 125396
51203187 142410
51203188 40605214
51203190 11495344
51203192 2164107
51203196 40608765
51203202 4770851
51203203 51203204
51203205 4225567
51203206 10791116
51203207 21513
51216762 51216763
51237045 42009936
51237466 14934231
51240126 39720296
51241096 51241097
51241139 25361392
51248739 28388526
51248740 46430708
51248741 8727528
51248742 8210192
51248743 198819
51248744 40616740
51248745 29304796
51248746 15295054
51248747 46535546
51248748 9365693
51248749 29159614
51248750 16150089
51248751 40556351
51248752 29427504
51248753 16011113
51248754 9148329
51248760 1193858
51248761 1344801
51248762 35495476
51248763 35317931
51248764 47347048
51248765 37871982
51248766 31812211
51248767 19279510
5615490 5615485
51248768 50636926
51248769 21017625
51248770 45531112
51248771 7135477
51248884 23421999
51248885 9431576
51248886 46454814
51248887 16165024
51248888 22077862
51248889 7177797
51248891 47036987
51248892 22594156
51248893 41213221
51248897 35239450
51248898 47012753
51248899 29220457
51248900 7735615
51248901 41247208
51248902 31368630
51248903 31813545
51248904 49793824
51248905 5191938
51248906 14810503
51248907 39070641
51249246 34593531
51249247 499504
51251905 51251906
51252107 27335950
51252117 27525394
51252167 33729821
51252196 39733148
51252515 8263942
51252519 15331376
51252717 43252767
51252718 1520571
51252719 9062277
51252720 1411464
51252721 22044386
51252722 138061
51252723 28462976
51252724 47004050
51252725 34633252
51252727 22841080
51252728 46997672
51252729 34630658
51252730 50015255
51252732 44341614
51252733 51252734
51252735 49442240
51252736 37901166
51252737 25389024
51252739 11356900
51252740 17941124
51252876 7182443
51254225 51254226
51254547 17497670
51254690 17405476
33740630 7194238
51265542 7198673
51338088 7194515
51340864 1211190
51346241 4692437
51346241 16309156
51346241 1615211
51347699 10970451
51348463 39832406
51348477 1937060
51350485 49127333
51350486 27629552
51351028 49096686
51354674 4461979
51380656 10268643
51383046 29674107
51393919 18567864
51394019 47786602
51395953 6181930
51418163 645668
51435867 645668
51484945 15466609
51486804 21569817
51501935 548341
51506109 1193653
51506109 1193655
51506131 548341
38670127 21385171
51512654 14359991
51515225 27659868
51563311 2507
51563685 48349902
51564111 2507
51564114 24417875
51564260 766249
51564260 2464
51584740 2507
51584740 2464
51608081 2464
51610740 2464
51610740 2229112
51610917 47355788
51611734 431260
51615681 26376103
51616465 21497486
51616750 14775344
51616752 14775343
51616987 21498225
51617375 10717171
51618194 37455663
51620166 7177740
51623679 2464
51624898 30782678
51630297 14791382
51630694 51630695
51631462 27925418
51635730 7647771
51636715 11513665
51636905 4067920
51638559 4231605
51651285 3756348
51651809 10330142
51651809 1979136
51651829 13119340
51654039 582367
51654039 4978972
51654039 1092564
51654039 1195310
51654039 7698287
51654039 4825732
51654039 4140326
51656068 235080
51656068 1168318
51657219 45992339
51658430 16221155
51658551 8226911
51660073 36202380
51661123 7694824
51661307 6455704
51661522 2081947
51663741 4783210
51663802 42366285
51665269 25358658
51665925 27974258
51668334 23081243
51669915 25359771
51673362 3511059
51673369 2002308
51673480 7719778
51674040 836029
51674040 836035
51674092 836035
51683562 12157680
51697099 16702864
51698479 40607409
51701988 51701989
51702766 18879436
51709572 3022849
51711812 21095192
51731169 40916541
51735441 2464
51735955 839931
51735961 839931
51736692 48320266
51736704 10911599
51736704 51736705
51736708 76803
51737946 123045
51739682 29364450
51746991 2464
51746991 3430592
51746991 35052628
51746991 50219816
51746991 15544079
51746991 36829977
51746991 17937209
51746991 32645345
51746991 3431866
51746991 51746992
51746991 6440680
51746991 26802976
51746991 37748565
51746991 5032653
51746991 4570912
51746991 14948707
51748961 2507
51748961 2464
51749042 40334003
51750089 51750091
51750092 51750094
51750095 51750096
51750098 51750099
51750100 51750101
51750102 51750103
51768073 2507
51768073 2464
51769186 839097
51770790 25520053
51773168 51773171
51774503 2507
51774503 2464
51798337 51798339
51798340 51798341
51798342 51798343
51798354 51798355
51798356 51798357
51830454 44167436
51830454 7186302
51832299 2499704
51832350 51832351
51832798 46810655
51846396 441396
51863530 15612156
51889903 36429634
51891096 10479946
51894502 8749000
51894504 4744657
51894522 41122396
51894524 284777
51895965 2671503
51898397 40404828
51898466 2507
51898753 3158850
51898753 47131093
51898753 3425307
51898753 31418859
51898951 17620006
51899165 2507
51899170 8414047
51900897 8580110
29484534 9579651
51909056 23129557
51909056 35920741
51911535 20768767
51911778 36936200
51912129 23081240
51920998 3511051
51921051 17330483
51921077 51921078
51937164 2507
51937164 2464
28275990 2507
28275990 2464
51946087 385351
51946087 2464
51959880 1168318
51959880 235080
51960012 30049005
28305008 2150135
51966837 2341471
51967272 22007652
51974976 1908486
51975041 46901816
51983587 1384299
51983787 51983788
51983960 81032
51983977 11964300
51984107 51984109
51993354 51993355
51993703 15864581
