84377 84383
84856 84864
128183 128188
132017 84048
408556 84185
466235 100212
492919 48990
496186 162561
496437 20572
573208 35413
607203 83484
627773 288711
627799 405744
637732 116843
659142 34607
684096 67532
701580 212155
707733 27823
712472 259936
809549 318615
818562 44042
830808 223195
837823 708520
921063 761628
925200 467323
925250 434537
936559 124988
947180 52844
957100 200089
966305 936407
1031799 119178
1052026 72409
1169603 297532
1169746 180382
1201943 40785
1202024 15540
1215112 241709
1238981 180136
1285145 456849
670409 11863
1307057 83660
1309310 9672
1315899 133849
1355031 228326
1355524 173077
1356333 67570
1394296 60238
1399156 171670
1409985 60598
1550459 265830
1581341 247978
1650031 382723
1652617 199652
1674670 2813
1705983 348101
1709708 83906
1752514 96300
1762744 545406
1774218 365367
1820044 81433
1820611 353069
1873918 299908
1881652 444144
1925502 201232
1958558 549287
1967922 74224
1969367 71007
1980449 126786
1995806 88493
2010688 304913
2022774 102719
2026291 318341
2027533 349511
2028481 199637
2035087 269693
2035113 58152
2035617 163158
2049059 588018
2049221 677253
2049317 106890
2063228 292229
2072408 135401
2082807 247708
2085053 2170
2088756 254788
2118818 75564
2119614 579285
2120496 10744
2120497 492957
2122129 852
2122494 249115
2123341 297970
1996113 22584
2131455 19499
2131615 109978
2397003 96953
2461102 175996
2497365 130268
2537041 1272893
2631771 7341
2670786 129718
2810050 445364
2822048 7903
2851862 231034
2933625 194938
3011092 255725
3135717 151470
3754242 130368
4030219 589369
4123059 468055
4125262 169366
1478610 135775
4478315 245433
4702847 133521
4716080 11477
5526649 354289
5585058 66331
6181540 121878
6734152 542663
6861753 250635
7369542 386922
7488460 134553
7794318 48499
7794319 1026394
8173071 18664
8199826 262856
670412 78240
8323752 15501
8389224 129239
8390293 9464
8390748 253045
8426225 37361
240496 199623
8445230 13491
8464803 116907
8478203 74673
8530191 36814
8576258 435039
8586932 110561
8592034 406714
8611979 267718
8618279 390480
8662214 12460
8703596 62501
8743845 396524
8834174 60134
8838164 110526
8838711 82241
8842008 554504
8843905 358744
8866209 304829
8886193 17659
1454006 11648
8902952 139571
8931702 28355
8973599 117884
9048147 17235
9070552 237742
9073456 251386
9082975 78674
9102534 59308
9108186 89123
9108522 266534
9111608 125608
9120524 224290
9144483 859006
9160290 200882
9161554 18030
9162197 133062
9204531 284894
9232165 161858
9237119 16390
9242616 76606
9254107 37258
9254432 334991
9274426 133750
9290220 105380
9307950 103037
9319626 209550
9331517 25033
9347211 100076
9358174 254050
9368571 12440
9372274 495622
9374547 771582
9400244 133765
9408724 92153
9422149 118123
9422475 64861
9426008 1004276
9427029 36412
9427890 48271
9429499 437422
9439112 20890
9457774 277889
8492605 622762
9499436 573823
9500052 193706
9513359 515539
9546239 29397
9589980 238937
2559223 369790
9688928 34110
9699811 278982
9717229 22603
9721245 3365
9721584 36536
9721648 48270
9723033 10100
9737439 200876
9738150 435677
9738519 411274
9738671 26099
9741653 73511
9748647 306502
9764474 425622
9765111 44009
9769945 44396
9772077 18170
9772110 428266
9774519 155364
9780783 815513
9786626 54939
9793102 18792
9794151 21292
9798426 176508
9798428 199701
9798431 130308
9802210 21089
9803814 89881
9806118 161386
9894224 29168
9983344 256706
9998092 92066
10179060 449144
10229951 91736
10253505 21192
10259634 493421
10409464 341213
11037375 335710
11154999 58901
11668232 356375
11716571 5368
11735446 267536
11877104 90326
11966467 230852
12003458 1455160
12163325 129818
12172398 468608
12268786 44513
13671310 222071
13677099 79446
14932017 35151
15290661 177382
15291436 10646
15298851 217627
15376604 352007
15399882 177765
15452009 109966
15507040 200866
15507054 295140
15510519 343790
15575509 280241
15656619 198704
15669937 381064
3762268 231743
15677293 270440
15709181 62802
15714801 142286
15720269 93623
15722777 94581
15788211 241734
15804676 147938
15819987 114163
15883870 103628
15890653 106930
9089621 312611
15896037 214764
15900963 147168
15906176 134951
15910360 207928
15961272 263519
15980104 506002
15980882 133192
15988755 251276
15992853 767089
15995508 756844
16008740 90688
16053885 5748
16061056 434321
16067052 132886
16082195 620973
13115756 218568
16090188 80298
16156376 216040
16160715 23967
16169454 144783
16205448 25461
16282808 249720
107512 328771
16296197 194136
16320835 86925
16349759 71090
16365566 190981
16365734 77719
16368110 115980
16373874 4554
16374978 3897
16378212 435741
16387403 185685
16401311 506657
16422069 569246
16430167 31113
1072144 494035
16433890 15705
16468293 136897
16477469 98823
16652215 75154
16693154 255301
16693368 137285
16701774 34911
16721486 44833
16723962 110428
16725416 318537
16726806 66429
16728252 94049
16732580 263108
16735962 386444
16737532 561955
16737888 442341
16739599 134446
16740891 78110
16744115 27131
16750945 17658
16756403 7872
16764737 301621
16774878 61827
16778657 357
16791100 584715
16791128 64729
16794584 9451
16796540 70324
16799072 42064
16802500 369349
16804317 459599
16965796 148594
16990884 221886
17010633 39201
17028087 683484
17053904 218638
17067893 538491
17122985 239614
17266986 531075
17272514 643268
17283960 24915
17367509 135480
17392206 48449
15690798 137557
17613303 178797
18000959 247236
18147583 24845
18435840 113607
18452969 301342
18453625 137691
18457558 34542
18462421 126969
18484980 37267
18499945 25456
18677034 117422
18703821 108217
18833580 71109
18902784 171093
18903130 48284
18079734 997322
18957622 540081
19054080 353443
19200744 127313
19278525 136745
19696311 969933
19946778 80655
20044064 36152
20419101 354640
21643418 572058
21947172 432676
21993768 813671
22010217 132060
22024285 831232
22069496 207212
20321894 251151
22210870 329018
22221491 133545
22232678 568722
22242387 161609
22257259 249813
16064402 446134
22267111 12424
22267890 199211
22299467 125545
22354193 5202
22356972 209267
22362284 92061
22362329 170157
8294563 94783
22397741 200002
22412323 218659
22414961 269709
22456811 61977
22479566 59408
22541653 230362
22544578 60611
22546635 231714
22566699 61013
22574557 27690
2687461 782666
22682475 111002
22685247 34914
22701482 260349
22702173 240995
22731516 44094
22732917 648412
22777819 141962
22807538 181729
22809046 71985
22811418 39032
22811737 64193
959721 11177
22816523 75272
22819018 428979
22823542 45125
22845163 249058
22858341 13914
22916166 34694
22994591 133810
23006807 189524
23014493 42941
23017995 1899
23033210 327365
23033214 105565
23039204 44215
15574820 81437
23054892 288826
23068147 251144
2286130 391546
23088699 250663
23088957 128547
23091283 109622
23105053 67398
2021339 395348
23113498 681382
23114957 335525
23152740 46839
23181195 91169
23238244 83651
23261654 252407
23267898 189938
23284596 237492
23319068 257717
23340866 21548
23342888 260089
23342918 16636
23347391 401550
23349074 260855
23350041 553711
23359850 133893
23367036 43715
23373910 202301
23380959 297086
23385781 36224
23385954 362089
23388352 110110
23394481 125721
23395849 109573
23396749 66696
23397155 143854
23402361 29501
11718378 1056840
23417806 19327
23422207 267157
10577081 158626
23425472 124012
23553758 58127
23567855 347878
23595688 62374
23807033 138090
23815484 251125
23876117 567672
1463610 574372
23940752 18645
24029197 134626
24100224 460373
24104726 195154
24294593 76524
24514940 653760
24474374 15451
24664897 309002
24790740 463712
24931880 41875
3789615 615519
25004841 200674
25036676 246638
25043083 34900
25128983 367135
25139177 31769
25425456 233046
25627169 114775
25751916 28380
25766066 129838
26393629 561948
26463007 115013
26630875 185713
26766096 62056
26968494 623009
27793463 61108
27818734 137275
28053826 44181
28385449 39594
28411253 265632
28441786 259311
28552991 43768
28574606 442654
28576882 77827
28589477 28453
28598468 217574
28622724 155540
1156156 22792
28676570 34352
28678038 87385
28705397 67630
28720726 22666
22858126 61950
28732464 65152
28742441 60424
28742624 13978
6730600 5187
28758036 179544
28760125 18197
28766148 67405
28837888 867
28843591 60671
28848671 95505
28923706 358309
28935384 195984
28938790 359327
28997621 61900
28997708 551689
29005229 281742
29026933 248965
29038869 57907
29045687 409977
28657707 294889
29112691 128389
29174088 604770
29178820 71447
29179910 71675
29180495 267484
29191653 296486
29205458 135601
29220191 253652
29223334 10541
29243162 26634
29284426 1012894
29297458 428470
29321272 132078
29351867 60787
29357198 92009
29360360 18132
2281885 41530
29373037 83216
29373769 549751
29379113 301536
29384551 48305
29387245 656859
29398569 774123
29399308 231956
29404468 307794
29423083 298569
29425699 13659
29444913 248782
29461706 3437
29462465 5920
29464346 19617
29466194 293061
29466703 36643
29474372 699370
29481667 88365
29493795 159447
29493998 119191
29530633 108078
29537563 133909
29580666 4081
29591210 135153
29604441 368615
18593635 20302
29687631 218646
29689136 178087
29695512 154440
29695685 82643
29695861 370351
29696060 231722
29696482 59452
29701516 59319
29705247 18665
29706285 150603
29706296 108626
29711252 228325
29711296 503400
29718158 289
29723637 213831
29728464 136640
29728829 90999
29729161 95414
29729215 62463
29729219 110557
29729825 32183
29730312 161914
29735408 123566
8668506 364005
29741822 22502
29747494 193311
29753363 144838
29755322 437280
29756859 121185
29760768 134245
29763970 128375
29766058 315360
29937201 142933
29952517 531100
30000224 308198
30028548 118694
30147449 44762
30149244 131171
30200217 23706
30444104 102763
30489804 114246
30489953 63845
30699676 269828
30800790 424878
30820083 76101
30865587 245416
30885471 153221
30914283 76342
31000216 157114
31262986 247669
31289131 482627
31290361 129030
31316373 1971747
31320312 309024
31329904 327570
31487246 28523
31698141 134368
31799157 344794
31967820 120665
32021020 126111
34244601 158202
34586506 125900
1063991 319890
34664561 129748
34673299 32790
18440453 221315
34764481 79176
34790585 47399
34797336 62456
34831842 108625
34852728 238216
28189447 224216
34860763 423725
34873151 81985
34876580 136835
34904378 3152
34906561 107200
34922260 96561
34947099 24376
34950439 516367
34954619 23056
34972924 84783
34977216 381103
34985946 66424
25364375 699955
35035192 390303
23534593 286592
35041572 347946
35081064 34844
35081234 116914
35085366 36706
29001937 240193
35093311 77119
35096021 227806
35096287 197166
35118186 353638
35122552 48274
15391317 11137
35168495 289201
35171198 602821
35241530 128648
35253585 225398
35268392 298092
35282956 18779
35286050 128166
35343816 52732
35344359 52020
35350892 701930
35387080 38048
35387285 9855
35389933 237736
35394684 226126
35417098 164743
35422087 246497
35448438 274112
35474171 403045
35475307 439722
28189446 14640
35517818 147427
35522061 20077
35522994 125514
35523089 201223
35525515 66698
35528017 689698
35534237 2262
22999494 57786
35541375 145264
35548729 357072
35552127 411086
35553178 254059
35563699 308063
35564627 1291999
35564724 314358
35583652 138257
35583917 29312
35584286 250996
30766835 132646
35588068 10383
35597679 338006
35626853 29291
35660302 7452
35662769 18735
35679682 125991
35745669 68323
35755541 40729
19079201 294636
23990783 64004
28907994 23071
35813402 296111
19390369 232157
35844157 26381
35845199 281716
35859040 131133
30124259 160674
35859985 262892
10087788 50202
35648187 59413
35864243 235949
35872487 42035
35880369 132354
29286541 61159
35883614 136110
2285211 358953
35891018 5000
35891022 240167
35893876 381068
35894120 562762
35894520 353792
35897281 131961
35905455 582634
35907471 167340
35910235 34440
35913754 28532
35920254 63960
36113328 274220
36170851 232766
36175113 278046
36279736 110290
36339389 433335
36340069 240967
36357492 26525
36404257 33285
2285890 562104
36458487 248538
36583211 766969
36585732 16511
36586113 63971
37021200 62799
37353862 12411
37381359 160741
37384077 196687
37384424 1055463
37407257 83334
37409949 37980
37424129 1960958
37460528 34102
37493301 639607
37501583 161853
37504787 354596
37511602 211888
37513034 170239
37664120 135248
38133832 13214
38152106 74809
39012650 55395
39062387 63694
39358744 1117380
40015653 1256509
40229519 210437
40625921 47950
40684885 151424
40699625 327580
40715541 131976
29001941 97315
40775723 593023
40779759 426381
40781633 398106
40789132 58118
29867838 97539
40795308 103471
40803896 130288
508424 132630
40812821 129697
40892182 64912
40898049 20770
40910922 24378
40913707 224364
40923174 25586
40941108 60235
40949529 25821
40949740 66453
40955217 20867
40978630 222744
39729069 132649
22435150 205492
40995144 161963
35701458 253561
40998912 730739
31874340 70677
41064851 42828
41072495 29242
41075128 110309
41083490 215302
41092369 251500
41092515 37969
41110522 167860
41110528 160649
41136453 327598
41136459 160488
41139047 34156
41140250 84608
41140351 239389
24706365 48330
41152433 6818497
41162605 519301
41306721 756852
41312825 84641
41315243 27893
9171629 100195
11529179 119151
41364286 322698
41390872 700771
36340220 624949
41459799 505780
41484285 237041
41491736 871054
41494639 20028
35840822 240247
41495037 498248
29178821 44452
41509805 71254
41510516 265739
41511630 75611
41515627 195673
41522770 318598
41522978 854974
28913170 74461
41523949 290295
1488139 37991
41544590 80475
41549250 36095
41561491 131672
41562014 409280
36017659 160660
41620521 158814
41626528 262235
36387716 239749
41650219 130687
35860659 647616
41685347 109998
41685475 18134
41695144 346005
41703934 224309
41723503 137010
41760495 254406
41762975 71253
41783091 373068
41799700 222387
41805707 127506
41809149 59608
41811177 102189
41812987 54386
41813247 95571
41837213 49209
36323718 59919
374970 316751
41838865 298624
41841405 58150
41845213 9484
41859664 239392
41860829 10469
29652835 438928
41862381 126175
41865262 58474
13995989 254058
41868412 36297
41868920 172795
41873093 260519
42233963 61223
42284252 243821
42333473 439045
42336109 326065
42336992 373141
42350133 43830
42722505 981833
42805472 386467
43020337 136692
43297635 67457
43302275 91980
43302775 348158
43304490 325678
43331023 136145
43440835 428063
43458403 447355
43287941 60908
43703771 46252
43703824 529
43758106 103370
43773442 136553
43890197 492110
44361478 919061
44568441 75423
44641256 134034
44881109 36270
46072907 30947
46389254 18741
46422410 264386
46480144 83619
68825 20103
46520518 547
46536696 304070
46553059 72160
46570977 148587
46589739 303990
2280847 356686
46605500 241329
46617416 156461
46627628 19758
46199514 269815
46709362 549767
46739215 290745
46765742 380807
46778490 921539
46858989 130700
46871369 172820
46873522 277206
46877313 250844
46881956 285531
46889204 2732
46906005 210416
46909909 637789
46937336 33910
43305474 137089
46945110 61778
46951409 848649
47037435 69341
47049242 246670
47054081 246656
35066021 113605
47088577 2008084
47116057 77526
47143453 274135
47152695 126344
47155570 24535
47162094 118434
47186943 272659
47187593 128946
47190672 76273
47199416 4317
47223713 45752
47230249 86542
47230522 807328
47279721 133738
47286284 753933
47289626 100206
47305019 44574
47318013 337388
47323570 76696
16919983 72224
47334017 120598
47340325 58895
47342338 95081
47350649 134337
47379220 128949
47379311 8813
25652800 579605
47386690 133480
47406453 252336
47490714 54199
47509552 98247
47548208 149551
47587334 43799
47591034 439266
47591143 8812
47594234 20708
47594801 786239
29754573 122365
47599013 266057
4276747 125547
47599762 60165
47602172 114896
47604824 110609
47605795 182150
47615258 72500
47620869 117228
47622055 613755
47622422 575069
23340444 193350
47623143 148717
2750121 15967
47630399 132034
47631358 286264
47642591 73853
47643509 104913
47644639 34422
47648594 280239
47654118 183200
47655447 228199
47763834 461268
47877477 128025
47898226 62927
48008506 109585
41312648 381055
48011466 252018
48043736 7988
48139965 73316
48169766 24611
48254060 118079
48269247 245435
48605633 169305
48743720 128122
48771073 346823
49011605 137082
49046501 302582
49047877 251269
18487420 61101
49384929 266912
49415146 34200
49670155 385465
50340577 59416
50597850 689774
51049733 4398
51735995 92560
