6843 6863
20066 20097
44801 44823
57770 57814
70302 70328
84076 84081
97065 97101
97519 97543
209425 209456
226038 226054
228563 228579
330853 330887
331931 331964
344211 344230
345254 345292
351767 351805
359449 359492
253737 367883
392591 392611
435400 435423
462935 462950
505590 505604
518109 518147
524916 524927
537666 537678
539258 539273
555145 555160
582354 582362
584865 584871
585275 585288
587115 587135
593720 593731
595691 595698
630688 630703
636185 636200
646835 646843
654686 654697
663149 663185
685469 685476
732808 732820
752372 752386
763140 763152
763242 763251
778685 778697
779448 779456
779951 779969
797753 797763
807264 807271
11943 812125
848541 848549
862519 862525
864396 864403
865657 865666
868609 868622
868725 868730
870142 870157
873204 873222
873955 873967
874212 874229
878559 878573
891789 891805
894168 894175
894895 894902
896621 896628
899390 899401
900475 900495
909109 909121
935313 935340
939752 939763
944570 944585
975400 975412
982480 982499
982601 982608
995258 995272
1002641 1002651
1012019 1012030
1021370 1021380
1054619 1054626
1058269 1058282
1064738 1064743
1068380 1068399
1069473 1069482
1071735 1071746
1081580 1081581
1084631 1084634
1091618 1091625
1093117 1093122
1093996 1094013
1094244 1094248
1094437 1094441
1108594 1108607
1108608 1108621
1109166 1109176
1114888 1114893
1117975 1117981
1137058 1137066
1152531 1152540
1182004 1182025
1184870 1184883
1203915 1203927
1234708 1234712
1244607 1244619
1252523 1252531
1258141 1258148
1276594 1276601
1301991 1302003
1316783 1316791
1361063 1361070
1364297 1364309
1374201 1374207
1379750 1379761
1395791 1395798
1412229 1412240
1439217 1439223
1456776 1456779
1474283 1474289
1512202 1512211
1515707 1515716
1517406 1517413
1540802 1540807
1542961 1542966
1565913 1565919
1800292 1800299
1906693 1906705
1909590 1909597
1921794 1921801
1958213 1958220
940515 2013738
2165521 2165531
2338163 2338172
2339043 2339047
2365370 2365376
2487116 2487124
2962157 2962188
2984613 2984619
3445419 3445429
3522209 3522220
3522546 3522561
3522791 3522804
3537424 3537436
3977063 3977069
4111829 4111843
4170635 4170643
4188598 4188617
4206985 4206992
4207893 4207900
4217262 4217266
4218922 4218933
4234974 4234977
4310144 1941256
4323906 4323919
4338604 4338613
4600560 4600569
4600966 4600974
4611813 4611823
4615904 4615917
4636420 353894
4681375 4681388
4741796 4741810
4753728 4753738
4754277 4754287
4754530 4754541
4754938 4754948
4756623 4756631
4788928 4788940
4835799 4835806
4875990 4875996
5075472 5075477
5111040 5111045
5198507 5198531
5198747 5198765
5229362 5229370
5583005 5583016
5589736 5589741
5617278 5617298
5672892 5672899
5673388 5673394
5673766 5673778
5694159 5694177
5819703 5819708
5968928 5968935
967646 6010412
6347126 6347129
6805964 6805967
6806747 6806750
6807515 6807522
6868783 6868790
6981967 892315
7033006 7033012
7283409 7283413
7296383 7296392
7297041 7297046
7319743 7319752
7335773 7335781
7345274 7345280
7610493 7610497
7610529 7610533
7630745 7630755
7716275 7716283
7938482 7938488
7941446 7941449
7941627 7941630
8050002 8050009
56837 8115985
733610 8122672
2055833 8124805
958412 8124877
1076157 8124909
2914264 8124934
1302316 8147179
2292293 8152435
2055755 8152584
8153452 8153461
8157386 8157397
4565435 8160973
3087867 8161676
1773130 8186909
865375 8259194
8286428 8286432
8291568 8291577
8298189 8298202
2056231 8320566
8327891 8327896
8333040 8333042
413835 1334557
8350776 8350784
1601176 8351470
66264 8352700
2393076 8357550
803672 8357894
1365953 8360641
315516 8364585
2055638 8372212
1812251 8376287
154273 8391682
8396618 8396626
5925024 8413473
8413519 8413529
8427905 8427913
8444660 8444663
8447327 8447332
8447922 8447925
2055841 8448974
8450431 8450435
2055689 8477778
8492217 8492220
2055674 8496777
6346522 8532798
8552997 8553002
2678216 8554187
8555419 8555423
8567765 8567772
8572076 8572089
8576900 8576909
8585667 8585676
8590492 8590501
8599302 8599308
8614410 8614419
8615838 8615844
2699231 8619387
8637493 8637499
3093530 8643385
8658431 8658433
8665153 8665161
8687326 8687329
1977904 8687804
8698004 8698008
8707117 8707122
8707505 8707511
8709838 8496634
756453 8722024
8723587 8723591
2055569 8767393
8785594 8785600
8788834 8788839
8792073 8792079
4118990 8792515
8799176 8799186
2998799 8802650
8804433 8804438
8814048 8814058
8820738 8820744
5845591 8862173
7548251 8871411
8876114 8876126
476263 8881524
8896218 8896225
2056180 8913290
8914320 8914323
8925182 8925187
8937232 8937235
8941584 8941587
8942728 8942733
8943196 8943205
8943321 8943324
8949284 8949290
8954342 8954350
2744438 8955284
7370821 8960820
7633318 8975934
8996060 8996065
8998541 8998545
9022432 9022438
6298191 9047617
9052975 9052980
9053286 9053294
9056927 9056932
3096718 9069265
1977311 9074154
9086290 9086296
9115414 9115422
9130649 9130653
9170789 9170793
2056343 9175297
9182609 9182613
9188575 9188577
9222812 9222815
3183364 9233186
9257798 9257802
9283892 9283894
9289114 9289121
9295595 9295602
9345092 9345095
9362972 9051063
9374082 9374086
9413171 9413180
2754256 9430720
9440306 9440324
9577767 9577770
9604376 9604380
5075283 9637149
9652699 9652700
798594 9693442
9699635 9699640
8954399 9737786
9755304 9755315
9880664 9880668
9902346 9902351
2762115 10081907
10194762 10194769
10363866 10363871
10544609 10544619
10547929 10547935
4693915 10559524
10057156 10696441
4976175 11015040
4082846 11018748
11018762 11018771
11031420 11031426
4122070 11039557
5621820 11255160
4466333 11288115
11388317 11388322
11480448 11480464
11481991 11482006
2712856 11485784
11538269 11538273
11559488 11559496
10577034 11609270
5215553 11618526
11629087 11629103
11629792 11629804
5830201 11631540
4985891 11638116
11647090 11647096
7107376 11654438
7290670 11972567
12012365 12012371
12092283 12092288
12092352 12092359
12132915 12132923
12132940 12132948
5830155 12144368
12148549 12148560
7812023 12150631
7949858 12218888
7949557 12227069
12279130 12279141
12287987 12287988
12386003 12386011
12395409 12395414
12430772 12430774
12473380 12473388
12983489 12983502
13048708 13048720
13050668 13050681
6433331 13060022
13129352 13129360
13256022 13256026
13266166 13266173
13613618 13613625
13613641 11574097
13693904 13693909
13694720 13694723
13933131 13933134
14376589 14376601
14461984 14461988
14463512 14463517
14472778 14472783
14487467 14487476
14495077 14495085
14647262 14647268
14667050 14667058
14667224 14667231
14718882 14718886
14774615 892144
14841247 14841251
14898071 14898072
15102973 15102979
15124934 15124937
130953 15262141
799500 15265911
1289433 15280863
1149844 15340917
15407948 15407958
1301725 15422272
2055540 15428844
2292216 15450010
9763606 15456438
15466326 15466334
15467929 15467931
10521129 725624
15468585 15468594
3300618 15482107
2484775 15485797
15488758 15488762
4854230 15490846
9741467 15491463
10312311 15492916
15511387 15511392
2897947 15524671
9740977 15526632
15535163 15535165
2055844 15541548
15542893 15542896
15545228 15545234
1741200 15546440
9741020 15546857
15549301 15549304
3098042 15560830
15588349 15588355
2009367 15606943
15614725 15614732
1710336 15631856
15637203 15637205
15643867 15643872
15647160 15647169
15668471 8121684
4068634 15681614
15694617 15694619
4378592 15699711
2056022 15700696
15705058 15705066
15713665 15713672
1881235 15715520
10247881 15718595
2504119 15720182
1360868 15728252
15729911 15729915
2055839 15731462
15733379 15733384
154276 15739748
2056390 15751684
15758940 15758942
4155721 15759324
15761812 15761818
15765353 15765360
15770312 15770315
471079 15780949
15781557 15781563
15783617 15783622
2430221 15793924
15794325 15794330
1703709 15796127
9070632 29232
15798495 15798497
15822716 15822719
15833289 15833298
8620661 15835504
15839934 15839939
15850070 15850082
15857226 15857230
15862446 15862453
15869020 15869025
832630 15875221
15885772 15885778
15890879 15890882
5526592 15902154
15921621 15921627
15926683 15926686
15927973 15927975
2782705 1013308
15945585 15945593
15945611 8341860
3107877 15955286
15962937 15962941
15973619 15973626
2081223 15976994
15983482 15983487
15984351 15984357
15986618 15986622
15989222 15989227
15992748 15992751
7633966 15993773
9032420 15998633
4155728 15999444
16000514 16000517
2874582 16010527
16010887 16010891
16011524 16011537
16014019 16014021
1811702 16039265
154272 16045279
10656629 16057719
16073152 16073155
7620859 16081813
10435791 16102599
16105346 16105351
16110162 16110166
2298533 16127041
10656590 16136469
16161330 16161337
14066685 16164800
16175144 16175147
16180898 16180900
16207023 16207029
16219705 16219708
16222266 16222271
15214784 16233141
16274083 16274086
16275899 16275901
9709559 16277503
8904417 16280453
16297354 16297356
16301887 16301891
16319442 16319443
8926195 16369880
16379869 16379875
16389920 16389925
16395235 16395241
16408988 16408989
16413514 16413517
16415269 16415274
16427194 16427196
5196886 16436254
10656656 16452538
16454272 16454274
16456999 16457003
16628861 8352928
9741374 16676559
16698419 16698422
16706479 16706481
16807955 16807966
17280430 17280436
17493336 17493338
17500361 17500363
17501257 17501261
17510959 17510964
17927835 17927844
4837064 17929869
7346470 17942619
18069464 18069471
1311388 18119880
18350617 18350619
18375797 18375805
18402980 18402984
18483059 18483063
18492341 18492351
18510361 18510365
4976236 18511593
461716 18525650
18528325 18528335
4976234 18537647
18558462 18558466
6329421 18833449
18834078 18834081
18839354 18839364
18868544 18868550
18901635 18901638
18973252 18973258
18998780 18998783
5583615 19005630
19005663 9670103
19011442 19011444
12541281 19082685
19114583 19114590
19125628 19125634
19179015 19179020
19223323 19223326
19315024 19315030
19374644 19374647
8018925 19389415
19730227 19730235
19760293 19760304
19784419 19784422
19921042 19921049
20042057 20042071
20042072 10287258
14783393 20042087
20366840 20366845
14526295 20403733
20404744 20404746
20459834 20459842
20518703 20518710
7824004 20767917
20768257 1001817
20944148 20944149
21023539 21023541
21116814 21116819
21203934 21203940
21225823 21225831
21255847 21255852
21370821 10431158
21389458 21389464
21431745 21431752
21442066 21442072
21442666 21442669
21505852 21505856
21604595 21604596
21694604 21694609
21783433 21783434
21829507 21829510
21872907 21872913
24643 297707
7401 21941523
1040559 21945328
2601273 21969745
1977887 21979052
21990110 21990118
21994986 21994988
8100320 21999418
587314 22032129
1628399 22034264
1918589 22047274
3092925 22080227
22088479 22088482
837414 22110705
9364500 22114165
507703 22137270
13745075 22142527
1705074 22149882
15462454 22151636
1977283 22155018
3141365 22155164
1103236 22158736
22164169 22164175
22165207 22165210
22169781 22169784
1978006 22173075
2534458 22214295
2056368 22223028
8729737 22223726
22225665 22225667
2055504 22226345
2480595 22229299
1432764 22234915
22241586 22241595
22257379 22257384
17589425 22272283
9358541 22307225
1056030 8576770
22317643 22317647
1667018 22327082
2055522 22335566
17171636 22345288
22356295 22356300
8499059 22363222
22366986 22366990
22367146 22367156
832629 22383528
717745 22384965
18212647 22404469
22410990 22411003
7505359 22423256
9741265 22429881
15402882 22434577
22437722 22437728
8864567 22438038
20912698 22439974
800919 22440429
9741151 22440451
16743031 9379808
22442522 22442528
11946 22444094
14524653 22452824
22453153 22453159
9675476 22467523
22477699 22477705
22481995 22482002
154288 22487614
22489768 20437414
17590801 22490523
7645506 22501722
22507674 22507677
837971 22509230
22510100 22510105
22511219 22511224
22514518 22514525
22517185 22517191
22521506 22521509
22522425 22522430
22522831 22522833
7620364 22523036
22540102 22540108
22551906 22551912
22555091 17131542
22567617 22567620
22580323 22580333
1977296 22598354
22607996 22608005
3017228 22634360
22638621 22638628
2055977 22641323
22643710 22643712
22644299 4061595
22644542 22644545
22651760 22651769
22651838 22651840
22651860 22651865
2055922 22653327
22657338 22657341
22657355 22657358
22657359 22657361
17581967 22657523
22657874 22657877
22658794 22658799
2055794 22666544
16742975 22668968
22669180 22669185
22680605 22680607
22688771 22688774
22688885 22688890
1462122 22700825
22704297 22704302
9741174 22720782
22729039 22729046
22731686 22731688
22736708 22736713
22751539 22751541
22751969 22751974
22756548 22756553
22773288 22773292
3706133 22782497
22789469 22789471
22791447 22791450
6427142 22797163
2552604 22802406
22823412 22823418
22832105 22832111
22854017 22854021
19185932 22855354
22856089 22856092
22862743 22862746
22867280 22867283
22869265 8282929
22926419 22926423
22929940 22929943
22932250 22932254
22942730 22942732
22954400 22954406
8681733 22964991
22991212 22991214
23029432 23029434
23040003 23040006
23042569 23042571
2709327 23050097
23074867 23074874
16714008 23100611
2983490 23104170
15414192 23153673
23310391 23310394
23382536 23382539
23565386 23565390
4149861 23649152
23665458 23665463
23917069 23917073
24038687 24038689
4976173 24085249
24100671 24100675
24383017 24383026
1266230 24497677
9377441 24498068
4665588 24685665
14776990 24705384
24791503 24791505
24930914 24930919
24932215 24932222
24945988 24945991
24980474 24980476
24989148 24989154
25043779 25043787
13997549 25057615
5830074 25057972
25107363 25107370
25392183 25392192
25417696 25417704
25417707 25417711
12156822 25491272
1242747 25518751
14025073 15239202
25533858 25533862
25534744 25534746
2762428 25536516
1714724 25544384
25545429 25545432
18838882 25545614
25583404 8556624
13263858 25592998
25595846 25595850
25617376 25617378
25632834 25632837
25712474 25712480
25788960 25788964
5830199 25839963
24950343 25879368
25885897 25885904
25897327 25897330
26093622 17479039
19915741 26175194
26183183 26183186
26205572 26205578
26207574 26207579
26355214 26355217
26390221 26390236
26390366 26390371
26408053 26408056
26511165 26511170
26685177 26685181
21339268 26688451
314171 26772855
26815525 26815530
26829300 26829303
4521816 26862233
21325515 27145266
27206308 27206316
21784899 5365
27207406 27207411
27374004 27374010
27404363 27404365
27471620 27471623
27616782 27616787
27630171 27630177
27639812 27639819
27646656 27646660
27666760 27666764
27795020 27795029
27814412 27814418
27881938 27881942
27929114 27929121
28024452 28024455
28024456 28024460
28048920 28048924
28155090 28155096
28275827 28275830
1676425 19238514
7774270 28351108
610747 28369466
1807961 28369489
9740980 28369526
9741239 28370353
2056280 28377420
11612665 28407041
797690 28428951
28428964 28428968
1977303 28432050
8635166 28444813
28492546 28492551
24431632 28512770
577901 28538286
2954617 28556479
1250059 28518909
28579721 28579724
12343124 28586174
28601371 28601376
28614326 28614331
28616596 22078249
28645306 28645308
7313388 28647495
28649509 28649515
21494288 28665073
28677608 28677613
28677918 28677924
2026887 28695917
28699342 28699347
11942 28711660
8879787 28713385
28722031 28722036
4178685 28722176
17638071 28743473
28750551 28750555
3058738 28752842
7560060 28770017
28773951 28773954
4732306 28776109
28784840 28784847
28786455 28786458
28799699 28799703
28814050 28814055
28817269 28817272
28826601 28826604
28834274 28834280
28857521 28857526
17642902 28858088
28867869 28867879
28871751 28871756
16742788 28889619
28903055 28903057
4269855 28906153
1773885 28915116
2056238 28923136
9939562 28938463
2314079 28972937
353602 28973716
2055952 28976396
1597678 28979924
9534020 29006903
29007711 29007718
9741417 29013684
29019915 29019918
29024273 29024275
29029469 29029472
22510249 29030607
29031727 29031729
29039136 29039140
2717583 29040824
2056286 29040869
29044354 29044358
29048563 29048571
29056995 29056999
7616979 29057969
116400 23209496
29083253 29083256
23542006 29104373
29107180 29107185
29123184 29123189
29126359 29126363
29130111 29130118
2056117 29134355
18423362 29134863
29139767 29139772
29140980 29140984
15469961 29141769
29148653 29148655
17100218 29148935
1801077 29160950
17502735 29175440
18483800 29186619
29187388 29187394
29198176 29198179
29205057 29205060
6828242 29212139
29213788 29213791
29220102 29220103
4080146 29223243
29224444 29224449
29229627 29229630
746185 29231926
29241792 29241794
29248571 29248576
29256993 29256996
29273207 29273215
2056037 29276237
29284124 29284126
2055648 29303884
29356577 29356581
29375285 29375287
9656666 29422775
29447463 29447465
15466265 29449354
29523896 29523900
28889607 16103767
29557652 29557656
29690814 29690817
9741381 29756034
29758371 29758375
29935535 29935538
18638620 8282156
30000804 30000809
18638606 30330197
30469425 30469428
30681305 30681309
7355816 30794722
30796529 30796536
30798499 28464450
30801368 30801376
14024985 30817801
30979811 30979816
29125522 30998098
30998490 8667820
31010778 31010782
27213181 31257877
4720249 31331109
31337302 31337308
6813713 31337428
31340325 31340335
5836969 31354604
31366540 31366546
10578992 31554953
31565957 31565970
12343657 31566149
5619722 31566197
21515305 31567047
7162294 31575618
5823317 31576569
4976158 31641583
31643082 31643087
8324829 31675047
2822370 2822367
31780474 31780481
12923942 31788708
6313320 31790486
21356507 31797710
31799475 31799484
31800332 31800336
6045436 31865900
7746272 31886436
31927314 31927319
25711755 31929035
31930043 31930050
26853637 31967605
32003243 32003246
32049783 15888940
12486332 32093765
6351353 32130531
32132575 32132580
32136037 32136045
6010389 32156163
13591078 32160595
32423829 32423835
32626796 32626803
27213222 32808500
33005225 33005226
33019373 33019377
28174498 33081547
33082348 33082351
9537130 33083038
33108000 33108010
33187424 33187427
7994979 33342926
33399353 33399359
33576129 33576133
33772785 33772789
33845932 33845937
33846119 33846121
33863135 33863136
33870610 33870615
33993978 33993986
34006027 34006030
34013072 34013079
34013191 34013198
34082118 34082126
34119301 34119306
34180325 34180329
28153637 34186500
34267884 34267890
34343422 34343430
34343969 34343974
1409989 34530176
14013743 34535307
1977896 34535383
3137914 34536610
4025246 34562890
34611078 34611083
453110 688560
25399018 34663834
1395182 34666897
34667358 34667363
10663172 34672474
6307340 34693326
2056274 34696191
7323046 34700102
698317 34700242
512878 34700580
1867245 34729427
7618726 34750854
34757712 34757716
28968884 34759487
34789849 34789853
34796622 34796627
7503862 34799121
2402209 34824363
154290 34826084
34836264 34836268
2024796 34852100
7195736 34878060
34892041 34892043
2075060 34948200
15456425 34953616
2055817 34977071
1977995 34985210
2910170 34986551
10657251 34987840
892840 34993440
2997354 34994444
34999591 34999597
35001353 35001358
2658438 35008138
15638242 35008961
35016099 35016104
35024506 35024511
1979481 35030201
2047857 35031221
35037758 35037760
28862387 35041622
35071094 35071096
16742877 35076960
4231010 35079273
35087472 35087475
35087789 35087793
35091235 35091240
35096025 35096029
24169648 35103153
9741233 35116868
35126486 35126488
729893 35127564
10437679 35145443
2514273 35151076
35154440 35154448
5860402 35167067
547807 35175282
23993706 14151498
16742932 35185771
35186067 35186070
35186801 35186808
35187724 35187726
23366391 35193827
35194676 35194679
35194761 35194764
35195127 35195129
35196095 35196098
35198505 35198515
35199472 35199474
2056236 35209235
4231168 35209864
35219067 35219072
35228269 35228274
35228411 35228414
35231534 35231542
35234788 35234791
35240959 35240965
9741455 35241084
17662174 28925366
10721319 10572258
35270155 35270158
2518916 35286600
2055874 35290631
10643946 35299250
35306359 35306364
35309600 35309604
35314861 35314866
35319556 35319559
35344656 35344658
35396059 35396061
955999 35413011
3816931 35417348
35420614 35420616
9245732 35431252
17182954 35436969
35447278 35447280
2225759 35464274
35484467 35484469
35513042 35513049
26509284 35513178
35523034 35523038
4784794 35523256
2874566 35551893
35576046 35576049
35589741 35589742
35602935 35602938
35617942 35617946
3693393 35671790
35691132 35691135
35722641 35722646
35788232 35788239
35870742 35870745
33057645 35931987
4155811 35944720
5826101 36085875
36121903 36121908
36410158 36410163
12139732 36429915
36463641 36463646
25360553 36712251
3363588 36793079
36908921 36908925
27523548 37017595
37037063 37037066
12139736 1065672
19928757 37100065
18638580 37100072
4337736 37100082
37100739 37100743
37101122 37101127
12034042 19881052
32621572 8632874
1491955 37318435
37319142 37319145
37347435 37347438
37386791 37386797
18639560 37415819
6371061 37433670
37438918 37438923
20775959 37446587
13266238 37506408
37547813 36210900
37663513 37663517
37758491 37758498
37759842 37759847
37759849 37759851
37788352 37788360
8228064 37798500
2713323 37848030
4976230 8112842
37854126 34712496
32631220 37872045
25902884 37880463
37891459 37891462
6316250 37892280
12891338 37916463
5072834 37943592
11650808 23788773
5186956 37945131
37976575 37976585
37983812 37983816
38034981 38034984
38084579 38084581
38152080 38152085
38214312 38214315
38215080 20103
38230092 38230096
38462113 38462118
7011796 38469780
1678185 38487054
7555281 38494326
7949498 38495986
38596790 38596796
38658217 38658224
38666165 38666167
6413306 38666403
14707451 38669297
39034674 39034677
39052058 39052062
39052804 15481998
39054987 39054989
39130987 3038425
4322774 39229812
39357809 39357811
39588187 39588192
39657667 39657671
39665578 39665581
39744642 39744648
39854503 39854507
39864861 39864865
39880116 39880119
7538498 39880400
39881569 21199075
40043977 40043986
34957075 40045235
40077402 40077405
40078127 40078132
40105994 40105997
40114830 40114836
40142037 40142041
39074980 40154580
40231642 40231645
40287486 40287491
40360512 40360515
40445061 40445062
1678183 40516320
843676 40524611
17007 15773357
63111 40534676
11618615 40540051
22820314 40540161
40540327 40540333
490746 40543843
23366089 40548196
4178589 40564850
4681434 40567788
3162775 1476946
19278566 40645734
353116 40648144
40648302 16942323
587311 40649469
29710796 40676990
583576 15366027
497196 40704165
1498492 40704468
544985 8392691
4036908 11004463
997268 40712714
1395181 40713528
3155289 40713921
573131 40715935
40730190 40730194
2056340 40730400
40740255 40740258
17251429 40755923
2364444 40775469
8142959 40776638
15079658 40817204
40817985 40817987
10415438 40833595
1907208 40853006
40858311 40858316
40859095 40859100
40861672 40861676
40866746 40866750
1371088 40875381
3089869 40878896
4152171 40884927
7622847 40890297
40898571 40898576
2055650 10561159
4073197 40922215
35487377 40938127
40938736 40938740
18597835 40939288
2330544 40942036
392198 40944585
15973074 40947228
40957159 40957164
1996392 40974773
40989191 40989195
40995415 40995421
2055544 41005754
41008132 41008137
10353933 41010375
3161834 41016197
41023153 41023159
41023699 41023701
41025923 41025927
20814190 41028336
41028506 41028511
13644811 41033004
4155719 2077325
30480407 41034759
24199741 41040822
1984470 41045564
41047005 41047008
41049571 41049576
4603347 41051162
35119565 41051419
41056496 41056501
41072797 41072801
41073322 41073327
41078657 41078663
5063043 41097700
41110234 41110237
41120833 41120840
945907 41145397
3129090 41147540
41147624 41147630
16178642 41150300
41151858 41151862
2371595 41154434
25025999 41154854
2507769 41158320
2937578 41160870
1978020 8545888
5591694 41169905
5036432 41169966
41169971 41169975
41171437 41171439
9675459 41181193
11599338 41181925
41197598 41197604
40953137 41199573
5830181 41199685
41209288 41209290
9741344 41210886
41211890 41211893
16743158 15784725
41241225 41241227
4337739 41242448
16743010 34603721
41249149 41249151
41258581 35843984
41273372 31288182
41291660 41291662
41299397 41299403
29655441 41301499
41316817 41316819
29531600 41326353
343697 41348130
41353250 41353251
41367646 41367651
41368783 41368786
41387770 41387773
41398569 41398571
41401455 41401459
7553226 41405484
7553497 41411599
41418039 41418042
3136271 41431557
23366281 41433988
23366477 41453144
41459501 41459503
41474442 41474444
29684457 41482862
41504520 41504522
9741125 41526053
41546162 41546165
1804801 41579799
37883781 41618532
41622040 41622045
35113826 41626405
9741393 760513
30138887 41652047
41733332 41733334
41833901 41833904
41863511 22537147
41872560 41872563
17960618 41913793
11599370 41922677
41989631 41989641
42181879 42181881
4367662 42369933
25291100 42516022
31257195 42524245
24142662 42543817
42551720 42551726
42746941 42746944
15077583 16447142
4469737 34718802
19792739 42842506
4258537 43019213
43022440 43022443
26829908 43044571
31906031 43226228
7282753 43254655
31244887 43255540
43260957 28689365
31974619 40242526
12133121 43269393
43294708 25582899
6751917 43319940
13120147 43325868
43326072 43326075
7203495 43351974
43351977 43351984
43352997 43353002
18638616 43358536
4749164 43376336
7009398 43471757
39378011 43565452
43639631 43639641
43732814 43732816
43779828 43779831
43784059 43784062
7645955 43787144
43814837 43814843
43907145 43907149
7752451 43958084
44027460 9457712
7449742 44040518
14653746 44073218
44111080 44111084
44113416 44113421
26863484 44348813
6804790 44418192
44540194 44540202
44540267 44540271
44542939 44542942
44639418 44639421
8086856 44648013
44885388 44885391
44923800 44923802
44938385 44938391
1483576 45003008
45087041 45087045
14203793 40713854
45286253 45286257
45288176 45288180
45289533 15301467
45435616 45435619
45436798 45436799
34418719 45666821
45669991 45669997
40334103 45836498
45895065 45895068
45946771 8395284
45965079 45965085
46019156 46019161
46122502 46122507
46240959 46240962
46302335 46302339
46302371 46302376
93010 46352473
15265885 46368142
1701972 46370674
1967025 46370700
1018663 46374595
885615 46379122
17499669 46382046
2371030 46391160
83494 46463526
28477326 46471988
46492264 46492274
22464950 46505133
2144286 46529638
1977924 46529802
717744 46547832
2056233 46557216
46563413 46563418
3125667 46564221
46574649 46574651
3437458 46597715
46617653 46617656
2056338 46638384
1051425 1661079
46654881 46654890
2055943 46660380
14033741 46675688
588995 46676907
46679279 46679282
17025766 46680303
46682837 46682842
2441845 46686590
42549293 46688788
46704388 46704394
2056223 46713976
46724290 36283036
46726978 46726983
46732915 46732919
2055557 46741313
9675470 46746087
46746092 46746095
13592620 46765296
23366096 46767493
18483763 46778162
3528419 46787661
46787886 46787892
46789262 46789271
46790144 46790148
636642 46798502
46816087 46816091
13621096 46817378
11897234 46817456
46819701 46819706
46827076 46827081
5011277 46835785
10676366 46842269
2055749 46847962
2055660 46851256
46855011 46855014
2055560 46855668
46856644 46856647
46858550 46858553
46858981 46858984
46860107 46860109
2055685 46863524
1565942 46869437
46877322 46877327
46162819 46880762
7117979 46882058
19941696 46889745
46894391 23233526
35534160 46903347
19186770 46914229
2055706 46914383
4155803 46926634
42572264 46928785
46946574 46946578
23708040 46947488
10063514 46960741
46962547 46962551
46967444 46967445
46973235 46973238
46974293 46974296
46974345 46974349
46977760 46977763
18483850 46983664
2055872 46983710
18483812 46983717
47004742 47004745
47004951 47004953
9536431 47017112
2056160 47048775
47057579 47057581
47059053 47059056
1855646 23381574
2055752 47085678
7193811 47100289
47115051 47115054
47127340 47127343
47171867 47171871
47174241 47174244
518429 47182445
9741312 47188174
2367127 26960218
47201131 47201134
47202841 47202848
47208272 47208277
47226154 47226156
47242337 47242340
11056937 47245625
47255805 47255808
47285966 47285968
154253 47296106
47305996 47306000
30521192 47319985
47335344 47335345
47347912 47347915
47352880 47352883
47379539 47379542
43327207 47402469
47463166 47463171
47494421 34962857
47651113 47651118
47674573 47674575
42464114 47809665
48101313 41802701
48136086 40931899
8069245 48239630
4630241 48252588
6804895 48271095
5830170 48293725
48301568 48301573
18483810 48566930
4155736 48604404
19186766 48758309
43367697 48765566
25464820 34767592
48778805 48778808
48969767 48969769
48999360 48999363
4466949 40716679
27213175 49043272
31686379 49069984
49069993 49069998
18459083 49091800
38050549 31101981
49107583 49107591
5036269 49114971
49122924 49122927
49183875 49183878
49223586 49223590
49304134 49304137
49377344 49377348
49399907 49399912
5814288 49400578
49462908 49462911
12291074 49494479
49496542 49496547
49511184 49511190
19915704 49518601
7513848 49519521
14025095 49587233
2713585 49677493
509128 49695570
40253536 49756416
49781810 49781813
49804738 49804743
49827919 49827923
44936709 49833220
49850136 16981454
50041342 50041346
50048166 50048170
44910150 50048802
45289728 50070781
7276954 41595654
7703987 50230408
50234736 50234740
50256172 50256177
22473612 50580715
50587084 50587090
50624685 36430149
50625303 47569951
50688104 50688107
50737534 50737538
50912673 50912678
28208361 35035444
50967597 50967603
50967922 50967928
51088837 27112593
51222157 51222159
51315781 51315785
51349813 51349819
51381911 51381915
51515270 51515274
51517468 51517471
51525660 51525665
51533825 51533832
51634415 51634418
51674659 51674664
51683057 51683062
51831909 51831912
51940210 51940216
