420611 420650
1324219 1009025
1739530 1739535
1753883 71448
1808785 1808803
1812860 220003
1851992 1852001
1853543 1614917
1865770 1865772
1867040 1867052
1867337 484262
1876440 1876443
1903230 274168
1923351 1923352
1944535 1944537
1950400 1950402
1950807 1157264
1995586 484550
2011272 507573
4083565 576439
4097886 437821
4803394 739182
4847856 300996
6335882 2699182
6865849 1565467
6873605 1022248
6873858 1801089
6873908 1599055
6876529 6876531
6877379 674543
7093953 2189485
7828681 2563324
7829010 2338979
7948686 2539873
7997181 2250356
8041284 229129
8041285 6982082
8041286 1532662
8041291 943873
8041340 2453868
8041346 8041347
8041351 738307
8041355 3498753
8041356 3952271
8041357 1567233
8041358 2359189
8041359 1128832
8041365 3249321
8041370 2252216
8041378 1437454
8041398 2320374
8041399 2746110
8041400 909520
8041411 595795
8041417 1491855
8041418 552096
8041419 2635610
8041420 7900974
8041421 1565950
8041422 8041423
8041424 2965762
8041430 145852
8041438 639874
8041441 8041442
8041447 1802199
8041448 780750
8041455 520730
8041456 4089091
8041457 6989846
8041458 2014879
8041459 6749500
8041460 2185708
8041461 1102269
8041462 7597289
8041466 1397653
8041467 1096574
8041468 189175
8041473 2027419
8041474 2253578
8041475 69163
8041481 4639342
8041482 7587708
8041483 2981180
8041487 2716920
8041488 356555
8041497 132763
8041498 49221
8041499 1985236
8041501 49191
8041505 1912944
8041506 2005279
8041507 2599991
8041508 461121
8041509 3384920
8041510 3185903
8041511 1094033
8041512 1015884
8041513 63097
8041514 2744149
8041515 2518536
8041519 8041520
8041521 8041522
8041523 8041524
8041525 2174180
8041532 1155006
8041533 560308
8041534 8041535
8041539 699331
8041540 3252082
8041544 3209223
8041545 2447746
8043843 687413
8043844 4122725
8043845 979486
8043846 346393
8043847 3082123
8043848 1635994
8043849 411352
8043850 1285078
8043859 119477
8043860 428922
8043865 220837
8043866 1247974
8043867 1567406
8043868 2003425
8043869 2326034
8043870 575828
8043871 2059896
8043878 1236278
8043879 804040
8043880 964579
8043881 323794
8043882 107561
8043883 737081
8043884 400687
8043885 385330
8043886 2017601
8043887 3283876
8043888 2546016
8043889 381725
8043890 536278
8043891 2830756
8043892 728566
8043893 1196254
8043894 1779352
8043895 767204
8043896 175528
8043897 7601752
8043898 1091983
8043899 5152562
8043913 1896655
8044806 1038000
8044807 1950194
8044809 1525602
8044810 1419107
8044811 1323627
8044812 8044813
8044814 649436
8044815 1004454
8044816 845367
8044817 2466680
8044818 512504
8044822 5181251
8044823 2087968
8044824 889473
8090243 1532478
8090332 2343430
8106297 1404828
8106301 1703881
8108260 328515
8108328 2600585
7801082 2101216
8543165 3843766
8634061 278001
8706566 3535824
9134124 3710726
9239838 4268527
9274264 1182732
9516501 6693549
9516860 2673507
9539242 434708
9562695 4519841
9647646 523811
9655232 724288
10635006 751692
11091646 2922639
11186978 179201
11533800 3914252
12114768 1387864
13544091 2454830
14072185 3403786
14072243 9788259
14072437 1709732
14073056 445441
14073583 2899309
14073908 2179562
14079464 1350089
14080099 783636
14080815 2172381
9561188 8270103
14962887 831392
15167773 176763
15167780 3546706
15167784 3546704
15167785 14272638
15167819 879527
15167820 7597436
15167821 582378
15167826 7496965
15167827 2095783
15167828 1207452
15167829 2016800
15167845 9794617
15167850 11375957
15167851 1904129
15167852 1956514
15167853 8470290
15167854 2252173
15167855 8845493
15167856 7188363
15167857 6081364
15167862 2005393
15167863 7126580
15167876 2543688
15167877 2678938
15167878 1201363
15167882 9909412
15167896 132623
15167906 2138881
15167907 8952206
15167908 589331
15167909 7334746
15167916 4518099
15167917 1924556
15167918 40339
15167919 891443
15167920 1319989
15167921 2079125
15167925 2365986
15167926 281488
15167927 9552819
15167931 1472258
15167942 2743905
15167943 1707375
15167944 2370404
15167945 2172786
15167946 2837832
15167951 10746434
15167955 13349795
15167961 553344
15167964 1787886
15167968 963156
15167969 6334643
15167970 3636898
15167971 3564283
15167972 1793728
15167973 1803611
15167978 122350
15167979 5992527
15167980 1401358
15167981 4992007
15167982 2172612
15167983 1496463
15167991 1356192
15167992 8818908
15167993 7086501
15167994 231079
15167995 7188308
15167996 10820421
15167998 8490200
15167999 6749401
15168000 2531586
15168001 3117302
15168002 456075
15168003 1780485
15168004 523311
15170459 2486259
15170463 227373
15170464 1848699
15170465 869020
15170468 3515237
15170469 879783
15170470 300910
15170479 279228
15170480 1184856
15170487 1466711
15170488 11368
15170489 530791
15170490 301880
15170491 2219057
15170492 2289209
15170493 813295
15170494 2275472
15170495 938034
15170496 875947
15170497 156402
15170498 1110555
15170505 647783
15170506 1021325
15170507 2876526
15170508 8701263
15170514 3988623
15170515 739237
15170516 1628369
15170517 549737
15170518 1955154
15170519 1616719
15170520 6938424
15170521 1132375
15170522 4095551
15170523 242958
15170524 250367
15170525 1603514
15170526 2824778
15170527 1308396
15170528 348979
15170529 1020372
15170535 1091435
15171407 1805046
15171408 1397378
15171409 6098658
15171412 1746520
15171413 2016937
15171416 1753613
15171417 1432978
15171418 15171419
15193322 243665
15215012 3818136
15232759 327297
15232853 1775441
15232868 348980
15262379 1137163
15673542 2829092
7799864 726404
16077381 4203510
16502111 7177014
16502193 1626805
16580247 1055212
16594683 937736
16599581 1943623
16559057 240571
17241136 1623898
18940331 8228411
19910036 266211
20819026 1928431
20819600 8404725
20819620 473278
20819678 4847050
20819829 873625
20820106 1887019
20820767 1369983
20821183 1691067
20824118 3744893
20825456 3195249
20825832 1417774
20826337 56885
20830615 797004
21672976 1433091
21746557 1388761
21869833 1855748
21869842 3010426
21869858 154904
21869876 708917
21869909 3545080
21869913 2568900
21869922 6998123
21869923 1908589
21869924 228166
21869927 1096244
21869928 2252485
21869929 1984424
21869930 3955550
21869931 2899863
21869932 3539771
21869933 432990
21869938 327998
21869942 280328
21869954 10949514
21869973 1633758
21869974 3339910
21869975 1533016
21869978 1763639
21869979 1400486
21869980 2252340
21869985 2858855
21869990 938981
21869995 1912678
21869996 1050595
21869997 289415
21869998 1636709
21869999 1595103
21870003 7495563
21870007 65560
21870008 1645997
21870009 363190
21870014 744011
21870019 8245087
21870020 1198549
21870045 1551726
21870046 847771
21870047 2600219
21870048 1449037
21870049 700818
21870050 8348646
21870051 570069
21870052 1385772
21870053 2384224
21870054 1853241
21870055 700063
21870056 223685
21870057 182607
21870058 8138178
21870059 1221665
21870060 1686273
21870061 1621430
21870063 2227632
21870067 3230947
21870068 1335201
21870069 1989675
21870070 2077383
21870074 606293
21870075 2539867
21870076 8974261
21870077 5203686
21870078 573508
21870085 4846889
21870086 1099882
21872331 11835677
21872333 1892932
21872338 776786
21872339 1168662
21872340 38515
21872344 2607795
21872345 5180685
21872346 3800036
21872350 115830
21872355 1617976
21872356 1945857
21872361 367462
21872366 1320404
21872367 2086765
21872368 15432098
21872378 1821379
21872379 327082
21872380 1189352
21872381 2866474
21872382 2584180
21872383 8932893
21872384 548234
21872388 1039892
21872389 1346320
21872390 238823
21872391 1591694
21872392 4574302
21872393 250335
21872394 1311704
21872399 743292
21872409 1671006
21873194 300820
21873195 439900
21873196 268879
21873197 1690088
21873198 1569574
21873199 3240439
21873200 6545762
21873201 1957943
21873202 2501155
21873203 825761
21873207 2340595
21873208 77135
21873211 1444939
21873212 119088
21873213 8866563
21873214 2496569
21873215 607777
21915048 712978
21930409 3796816
22331274 2959395
22422051 2730738
23131687 494496
23138994 1935522
23141382 1891039
23204398 435689
23226396 48091
23228822 3213174
23289447 2808315
23244114 3234796
3517516 1406143
23329635 1410622
23338566 6974103
23734158 1673345
24965000 60404
24976831 434625
25175039 897991
26798492 1527519
27251877 241448
27255485 236225
27255990 2854037
27257246 3837249
27263408 2815444
27263526 759594
27264444 56980
28153445 2989809
28273422 3244019
28273433 2320284
28273466 1912533
28273467 1351709
28273468 1834756
28273472 52013
28273477 812942
28273491 3535192
28273492 3413214
28273493 3210482
28273494 3031210
28273511 1029982
28273512 2711253
28273513 283400
28273515 1981545
28273519 10963774
28273520 2668257
28273528 1476545
28273529 1063223
28273533 50878
28273534 4453756
28273535 148611
28273536 2965753
28273537 3045184
28273542 453178
28273543 8155913
28273544 3437790
28273545 3443849
28273561 1456896
28273566 7801805
28273567 6083578
28273568 7180880
28273575 339103
28273576 2251844
28273577 1666159
28273581 1669715
28273582 2361885
28273583 3445493
28273584 360198
28273585 62189
28273586 1390981
28273587 2957792
28273588 293290
28273589 2727564
28273590 1693941
28273591 7589618
28273597 3212158
28273598 780468
28273603 1873506
28273608 3248530
28273609 276803
28273613 2853004
28273614 2105570
28273615 8551743
28273616 629262
28273617 1852353
28273618 2598595
28273619 7902580
28273624 347989
28273625 3615357
28273626 408733
28273627 488680
28273628 4165258
28273629 7333024
28273630 145822
28273635 786293
28273636 323393
28273637 6078961
28273638 904256
28273639 8809599
28273640 389118
28273641 327333
28273644 861543
28273645 430650
28273646 1886338
28273647 2564600
28273651 6078636
28273658 2239349
28273659 1685958
28273660 121431
28273661 1887741
28273665 3927697
28273666 2096480
28273670 3926766
28276056 606945
28276057 1984181
28276058 1479532
28276063 109591
28276064 333089
28276071 426670
28276072 668156
28276073 791394
28276074 571172
28276075 1128421
28276076 2787688
28276077 1195620
28276078 4055489
28276079 742062
28276080 1878806
28276081 1843808
28276082 349959
28276087 375310
28276088 540992
28276089 576759
28276090 885999
28276095 244847
28276096 4506847
28276097 576714
28276098 4650312
28276099 5708338
28276100 1661019
28276101 282556
28276103 166870
28276104 722959
28276105 341912
28276106 1392536
28276107 697418
28276118 954617
28276119 218988
28276120 146569
28277009 3276755
28277010 8564174
28277011 7188759
28277012 2656588
28277013 2183563
28277014 2182710
28277015 581496
28277016 8640447
28277017 368613
28277018 4524940
28277019 818064
28277020 1409101
28277021 3816539
28277022 790827
28277023 1174607
28277024 3810326
28277025 10738142
28277026 1414910
28277027 235319
28277029 3568440
28277030 334359
28277031 277004
28277032 3748792
28277033 9015813
28277034 1807803
28277035 1467880
28277036 9751677
28277037 1869812
28294405 1150277
28318298 1143266
28318299 652822
28318310 874635
28318341 6874437
28335098 170078
28335108 2367066
28335195 149191
29380507 8539287
29385010 5000170
29387007 6975828
29501993 1756458
29551789 1144611
29569671 412082
29575165 1036480
29576004 884393
29576626 4346100
29591762 3012447
29610070 4697098
29645416 3254056
16587152 496293
29669058 296019
1876603 1989881
30820916 1085274
30944046 40348
31081555 1963924
31267021 3449045
31338577 1692656
31792919 2057310
32437299 3569928
33464779 1538083
23218847 405259
33660256 203598
33744223 3545195
34373905 1891095
34412678 7913293
34412748 6981904
15163779 281204
34459940 977805
34459976 4367880
34459981 3082619
34459986 1598669
34460009 8601667
34460020 2448896
34460021 1338936
34460025 1945453
34460026 5203865
34460027 7846918
34460032 2917077
34460040 10514860
34460045 3204434
34460064 1699645
34460065 93541
34460080 235851
34460081 3405302
34460091 60215
34460092 9584142
34460093 8840244
34460094 147260
34460101 1291785
34460102 1884588
34460108 2766149
34460109 572248
34460110 1939347
34460111 433738
34460113 363558
34460114 1484187
34460122 6981959
34460129 8274285
34460130 11271247
34460131 1174493
34460132 1754813
34460133 1809690
34460137 4197007
34460138 4711966
34460139 2744679
34460140 1841115
34460141 8589358
34460142 1316631
34460146 1129739
34460147 430230
34460154 1459009
34460156 1677813
34460158 1644073
34460159 723022
34460160 505402
34460161 612579
34460162 1629074
34460163 1407743
34460164 3964992
34460165 387817
34460166 1944422
34460167 66169
34460168 972155
34460169 1322988
34460170 10335126
34460171 1485659
34460172 2088297
34460173 1837651
34460174 3061932
34462404 156468
34462405 771725
34462406 4853036
34462410 4307173
34462411 690705
34462412 8773815
34462413 1090569
34462414 1668989
34462415 3416311
34462421 975010
34462422 1836141
34462423 1440646
34462425 1169957
34462429 380247
34462430 1836184
34462431 2440316
34462432 2889932
34462433 2276655
34462435 3917935
34462436 2053969
34462437 1422790
34462442 3226874
34462443 1587105
34462444 836315
34462445 8543803
34462446 3799478
34462449 2984991
34462452 1927324
34462453 1484532
34462454 3534341
34462455 1211783
34462456 628115
34462457 358272
34462458 2181639
34462462 3544671
34462463 587931
34462464 249407
34462465 218952
34462466 778224
34463262 49222
34463263 4589076
34463264 3055774
34463265 2601225
34463266 7046247
34463267 1999317
34463268 3150060
34463271 1318819
34463272 2456785
34463273 4586033
34463274 1288481
34463275 7499922
34504075 2583199
28318311 339365
34504087 1670614
34504122 1901701
35106644 1697320
35652522 1992943
35699045 3201817
35707491 1111390
16537836 11608206
35718691 3211355
35764745 2165881
35765663 1431660
35768486 2252106
35786065 1238067
35792552 1338493
30531170 1383151
36908384 3234950
39119561 8170697
39418119 2349361
39479572 1382225
39479629 1591450
39479766 3534840
39480067 2346301
39483292 626066
39484270 3252021
39486279 415721
39487125 9064584
39487159 3413629
39490057 3257818
39863071 1569789
39874359 181
7948688 482481
40406901 1876767
40445986 12405302
40445987 7594876
40445992 940076
40445993 3546714
40445999 1472486
40446006 759230
40446044 2834652
40446045 2293978
40446046 7589362
40446050 3543866
40446054 3071003
40446055 504191
40446059 3952704
40446060 2031223
40446061 6082205
40446065 68917
40446066 242744
40446067 2601068
40446068 942308
40446072 3252328
40446073 1025905
40446077 3535211
40446078 10703976
40446084 1650955
40446085 461987
40446088 16696522
40446102 2467537
40446103 1064756
40446109 1889066
40446110 780940
40446111 2253791
40446115 6080967
40446119 3145786
40446122 1959310
40446123 3804980
40446124 9142090
40446127 1325016
40446131 5980226
40446135 3694723
40446136 3388480
40446137 2014901
40446140 2049568
40446141 52664
40446142 2964133
40446143 517683
40446144 1123784
40446145 542370
40446146 5978378
40446151 887839
40446152 1350596
40446156 3396136
40446160 1597047
40446161 1787152
40446162 1418631
40446163 922023
40446164 2059640
40446166 388503
40446167 4517970
40446168 10349144
40446171 1056999
40446172 515070
40446173 404908
40446177 937421
40446178 2251966
40446179 4120839
40446180 2344304
40446181 10366122
40446182 969783
40446187 1583491
40446188 1055515
40446192 308438
40446193 10951933
40446194 61890
40446195 1115624
40446202 146303
40446203 1008862
40446204 7188312
40446205 87956
40446206 3205445
40446207 493130
40446209 2907233
40446210 4595027
40446211 1200644
40446212 1895445
40446213 1433047
40446218 1896688
40446219 2251191
40446220 2604587
40446221 2171879
40446226 2840267
40446227 2103959
40446228 7899766
40446229 11007723
40446230 3229003
40446231 869422
40448591 850229
40448592 3558651
40448593 3920837
40448594 2313513
40448595 10474737
40448596 860896
40448598 3923040
40448599 2864271
40448600 8335289
40448601 239882
40448602 530128
40448603 1328009
40448604 1755170
40448608 2415211
40448609 2092628
40448613 120022
40448614 1037413
40448615 4571954
40448616 4124150
40448617 4507499
40448618 1657199
40448619 3121007
40448620 551313
40448621 823261
40448622 1156767
40448627 3527134
40448628 1849680
40448629 10558251
40448630 3030406
40448631 707015
40448632 2506179
40448633 1398492
40448634 2903109
40448635 1440343
40448636 2751584
40448637 9108071
40448641 400402
40448642 922421
40448643 328515
40448644 252594
40448645 1305523
40448646 3628928
40448647 2667198
40448648 846604
40448649 303686
40448650 4506781
40448651 416784
40448652 314608
40448653 2369853
40448654 3799625
40448655 237896
40448656 2078589
40448657 2105549
40448658 140736
40448675 837531
40449405 117349
40449406 481329
40449407 355651
40449408 1883995
40449409 3132632
40449410 16275546
40449411 9264622
40449412 4525181
40449413 1220084
40449414 1360207
40449415 1363496
40449416 877711
40478479 3570136
40486844 2456477
40489037 2816102
40500840 1076650
40504064 453454
40505716 672724
40837584 1889937
40900373 595968
41194851 431264
41251723 16815
41665340 585874
41665525 1404603
41666048 875289
41686161 363159
41689276 2782422
41690034 619679
41691013 621699
41691172 9400623
41707050 3915903
41722654 805567
41730021 2153723
41749273 7804008
41756674 1959937
41761863 1276874
41786210 482447
42060335 1193704
43907092 1550332
44563595 803110
44897630 853924
44900493 3844221
45214733 1968074
45329813 3991395
45329841 82999
45330136 2845190
45330158 1768112
45330654 2659762
45330766 177905
45336354 4873179
45337345 436266
45506105 9513785
45506128 13261692
45837325 252597
46097286 343171
11533817 8292891
46240182 1201063
46279374 1885802
46279403 2097953
46279404 871744
46279448 2015412
46279449 3201532
46279450 2151706
46279451 1750256
46279456 6081865
46279459 13351418
46279460 3539774
46279464 3239086
46279496 3050476
46279497 3095527
46279499 2215527
46279500 12091956
46279508 389748
46279513 498271
46279514 4622527
46279515 3576351
46279516 6995966
46279517 3681986
46279518 1801618
46279519 8214134
46279523 3007732
46279527 1730107
46279529 703310
46279530 2241205
46279543 2949080
46279548 1477508
46279549 1211652
46279550 1889866
46279552 2361541
46279553 1990046
46279558 8255707
46279562 349648
46279563 432517
46279568 7188326
46279573 3977440
46279574 1451608
46279575 388613
46279576 823084
46279577 1699093
46279579 2130082
46279580 2365725
46279581 163355
46279582 2824701
46279583 2754432
46279584 8155730
46279589 1158098
34035043 3200055
46279591 892521
46279592 899141
46279593 6422059
46279595 1760874
46279596 1188146
46279597 747676
46279598 309437
46279599 315300
46279600 5299368
46279601 443429
46279602 407543
46279603 622785
46279604 3615253
46279605 2254088
46279606 2119258
46279607 637003
46279612 223193
46279613 5261729
46279614 5107474
46279615 763244
46279616 714698
46279620 3249069
46279621 3245788
46279622 3593474
46279623 9081412
46279628 566389
46279632 845790
46279636 2881917
46279637 10150338
46281857 1923961
46281858 1037027
46281859 1693956
46281860 228186
46281861 2275380
46281865 861911
46281866 1301026
46281867 538177
46281871 3147605
46281876 835870
46281877 1284501
46281878 575345
46281879 164315
46281880 1422812
46281881 1318619
46281889 495428
46281890 1381755
46281891 2826665
46281899 1171641
46281900 1072923
46281901 3164382
46281902 1258158
46281906 2578914
46281907 3547436
46281908 4507065
46281909 222368
46281910 1595645
46281911 5020425
46281916 867757
46281917 276525
46281918 5229299
46281919 458577
46281920 269592
46281921 966984
46281922 1236585
46281923 795196
46281924 9240368
46281925 1171234
46281927 498697
46281928 126192
46281929 642264
46281930 398134
46281931 3685803
46281932 1600258
46281949 235059
46281950 377507
46281951 575079
46282743 1806236
46282744 2179274
46282747 1747974
46282748 8820247
46282749 4524935
46282750 543308
46282751 3242589
46282752 1637752
46282753 3717959
46282754 1793655
46282755 3867995
46282756 1626385
46282757 1454745
46282758 6099462
28294408 679293
35838599 2276123
46322186 894032
46322201 2599816
46322369 2707870
46333827 4326035
46336947 1254987
46338501 514160
46338515 2239421
1957780 3192690
47304453 2020129
47394876 304031
47531578 1850337
47535404 9625378
47537999 2179741
47576168 2007989
49160388 1024694
49179864 9764052
50117521 1486173
51009079 2461184
51009101 2866552
51009381 1872602
51009574 2295314
51010907 1658317
51011314 3534270
51016326 3012686
51920997 267454
51937295 794356
51937348 5045530
51937352 266047
51937353 2379372
51937354 4107577
51937355 2730815
51937356 1208747
51937357 372999
51937358 6994133
51937359 2298737
51937364 569238
51937369 5366562
51937370 3535182
51937371 2092089
51937390 2062260
51937393 4800200
51937394 7913586
51937395 3530755
51937403 2079693
51937407 553374
51937408 2389926
51937412 1336170
51937413 9027966
51937418 1375404
51937426 1438018
51937427 6115657
51937434 12092490
51937435 8550322
51937436 1257510
51937437 7902612
51937438 1302887
51937439 828350
51937440 1231715
51937441 5035310
51937442 3713977
51937443 1268041
51937444 8976508
51937445 780128
51937450 1379103
51937451 761329
51937452 888753
51937453 1101578
51937454 61411
51937455 4517928
51937456 4615446
51937457 12640736
51937458 1345203
51937459 849181
51937460 6989377
51937464 112829
51937465 83118
51937466 117819
51937467 1779620
51937468 8156455
51937469 1358414
51937470 692557
51937471 293049
51937476 571424
51937477 1549554
51937478 1058980
51937479 840027
51937480 2025948
51937481 2121983
51937482 4595023
51937483 12764118
51937484 3979773
51937493 1068013
51937494 4116780
51937495 3593441
51937496 17065
51937497 8813362
51937498 3214014
51937499 897208
51939676 1084335
51939677 1080385
51939678 740961
51939679 695258
51939680 300887
51939685 128590
51939687 280315
51939688 3405153
51939689 3608327
51939693 2555083
51939694 579003
51939695 2269079
51939699 580350
51939700 2426286
51939701 3552000
51939702 1825497
51939707 2541036
51939708 1067840
51939709 1937956
51939710 767739
51939711 1770531
51939712 1695717
51939713 1001083
51939714 1477922
51939715 1802233
51939716 1380332
51939717 2118253
51939718 1991216
51939719 3011878
51939720 221876
51939721 1914862
51939729 1802594
51939730 1426057
51939731 2494745
51939732 6029644
51939733 193340
51939734 250150
51939735 1805291
51939736 669401
51939737 4030521
51939756 1597446
51940468 2658856
51940469 1269150
51940470 1328082
51940471 1075029
51940472 1533652
51940473 964182
51940474 338618
51940475 1763864
51940476 3820395
51940477 1720203
51940478 824735
51940479 1551854
51940480 3457814
51940481 917439
51940482 2658595
51976163 1045492
40488983 1290342
51979212 4886094
51979318 11580654
51995948 3759365
