37770 37805
63838 63869
66914 66942
19230 70885
71166 71195
74575 74605
76652 76702
80138 80191
83611 83659
85006 85044
118913 118937
149133 149170
161178 161219
188470 188500
195763 195800
218191 218211
233673 233695
237437 237458
241942 241962
246243 246279
246600 246637
247374 247406
248547 248580
248713 248743
249390 249425
249838 249867
250164 250185
250315 250333
260661 260690
261592 261622
261667 261698
261761 261786
261915 261953
262059 262101
263314 263343
263667 263692
263778 263807
263988 16687
264217 264247
264880 264907
264908 264929
265118 265141
265181 265213
265876 265909
265914 265949
266482 266503
266504 266532
266798 266834
266959 266978
267234 233875
267623 267650
267878 267906
268406 268438
268465 268488
268497 268525
268581 268602
269075 269103
269490 269513
270456 270483
270964 270985
271239 271276
271634 271652
271691 271713
271909 271936
272225 272249
272560 272589
273900 273913
274051 274077
274451 274471
274563 274580
274581 274607
275094 275113
276591 276619
276903 276924
277048 277066
277782 277809
296574 296594
311761 311790
319243 319265
348186 348205
373892 373914
379383 379397
382001 382031
386179 386207
402466 402490
415126 415138
421595 154066
435800 435821
440148 440176
515293 515313
523112 523131
570931 570945
585878 585894
585965 585988
587059 587094
613092 458263
626700 626720
637709 637731
692010 692038
757494 757504
758171 758187
796349 796368
823646 597082
836399 836417
838004 838020
844594 844616
846701 846724
853482 853497
877571 877591
879257 879277
898640 898651
899026 173770
899162 216029
911666 911678
249171 916387
918132 918154
925164 925179
934082 934097
938023 468977
938140 938157
938549 152494
948871 948881
976307 976324
990026 990039
993674 993685
1016067 1016087
1019224 1019242
1030168 1030184
1038038 1038042
1052189 1052199
1052298 1052315
1055038 1055067
1064647 1064670
1067716 1067731
1068716 930205
1068997 1069018
1083354 941783
1083977 1084003
1090864 1090884
1122385 1122412
1124393 1124410
1127218 1127228
1136029 1136044
1153407 1153426
1171822 1171844
1220068 1220086
1226980 1227002
1227484 1227498
1235286 1235307
1250449 1250468
1255540 1255558
1276873 1276889
1298939 1298959
1299714 1299734
1302222 1302234
1323254 1323270
1380627 1380638
1430960 1430983
1444983 182876
1473382 442431
1499150 1499169
1505614 1505628
1518712 1518721
1529677 1529692
1567570 1567590
1572175 1572195
1582234 1582256
1622051 1622069
1637106 1637116
1642185 1642206
1667890 1667909
1671417 1671431
1673398 1673411
1686711 1686729
1695581 1695597
1704807 1506547
1708677 1708692
1709465 1709480
1711760 1711776
1717893 129092
1753599 1753614
1755318 1755331
1778387 1778398
1793908 1793922
1802194 1802212
1802742 1802756
1809393 1809409
1809612 1809624
1825979 1825999
1873530 1658475
1885148 373488
1897682 1897700
1897730 1897741
1970457 1970474
1986479 1986497
1993804 1993819
1999996 815744
2007065 1074480
2060845 2060855
2151730 2151741
2159119 2159136
2159199 2159214
2160289 2141488
2196865 1430542
2197014 2197023
2202262 1694450
2223678 2223696
2338005 442837
2343539 2343551
2344827 1190262
2357283 2357296
2366907 2366917
2373978 871400
2386809 2386826
2394564 2394575
2398695 2398708
2437259 1488114
2441399 2441411
2443814 2443825
2490984 2490992
2498991 2151420
2503421 2503436
2504287 2504298
2506304 2118025
2530177 2530186
2544654 2544666
2582746 2582758
2595252 2595262
2631854 1385257
2633235 2633247
2656970 2656979
2795674 959788
2803725 2803736
2814256 2814270
2815639 2815659
2844638 2844650
2878235 2878253
2879302 1258943
2914316 818004
2916805 1652295
2923134 2923140
2930651 2930662
2930663 2870384
2931764 1884866
2932714 2932725
2942917 2942927
2949200 2949210
2953589 1452357
3028374 2103336
3030186 561903
3125694 1476598
3226058 3226070
3243222 3243236
3269486 3269494
3270710 3270720
3273747 3273757
3275173 3275186
3290802 3290811
3295412 1670675
3311615 3311623
3312442 3312454
3455176 3455202
3806136 1819285
3807796 2843142
3808376 3808387
3809469 3809478
3810095 3810104
3810763 3810772
3813185 554179
3826853 3826858
3827172 3827182
3833348 3833358
3833397 3833404
3834294 3834304
3848268 977460
3850112 3850122
3851270 1907655
3853794 668135
3853890 2461474
3855170 3855181
3860215 3860223
3866714 1356834
3871198 3871204
3877447 3877457
3930171 3930181
3945410 1870807
3947956 1662876
3955245 3955253
3958840 1538271
3961042 3961052
3965807 3965823
3977075 3866164
3978743 3978750
3980421 1647030
3985159 429248
3987546 3987554
3989763 3989776
3992471 3992484
3998633 1436288
3999623 3999634
4000417 4000430
4001364 1639474
4233156 4233162
4246489 1683665
4248141 452823
4269533 4269542
4327647 4327654
4347688 4347691
4347750 1875173
4585015 4585023
4724258 4724261
4992447 1949495
4997041 2403075
4999313 2222657
5001261 3552446
5007258 5007261
5007431 5007442
5007642 199314
5796438 3996835
5816479 5816494
5819279 4244599
6858979 1117634
5818885 3045654
7007722 1848829
7124911 3853049
7168627 7168636
7168708 7168712
7429695 2758169
7489153 7489161
7528392 4432872
7529549 7529555
7541032 2736490
1701163 7380322
6559109 1528363
1884267 8155074
4335337 3465076
7800758 2519887
4270321 8155454
8155737 348710
8156332 4537479
8156710 2858753
2840580 8157177
7800813 7949820
8170917 3104053
8171855 8171879
8172869 7105925
8183252 8183275
176852 8197074
8272072 8272081
4671463 1327457
8280335 1927355
8281842 8281867
8282518 3860881
8283976 3233874
8284496 1132220
8284916 3313597
8285642 8285656
8287399 7195514
8287728 3930579
8288135 3188397
8288441 8288454
8293145 8293167
6931330 3215805
8294497 5243481
8294525 8294548
8294920 2849079
8295334 8295350
8295571 3830379
8295811 4448201
8296102 6856758
8302059 8302085
8303730 6911142
8303792 2458458
7335510 8303957
8304619 8304637
8304817 8304830
8305432 5353992
8305778 2812528
7792411 8306283
8306284 5744034
8306343 3821814
273235 3523102
8306670 833325
7792433 8306745
8307160 873746
8307728 8307745
6000574 8307865
8308333 8308351
8308638 1436255
7642866 2676729
8309038 3523700
8309627 4044568
8310159 4641298
8310186 401297
8310520 130806
8310531 1466451
8310907 1712218
7792649 1998513
7792656 552183
2063821 8311559
7792675 3556068
8312257 3963815
8312276 3202727
8312854 8312862
7792735 3253646
8313207 154555
8314036 1250259
8314240 2502117
7792805 8314469
8315023 3694988
8315076 4021677
8319871 8319889
8324017 8324030
8325772 8325788
8327730 2213645
8345401 2817405
8350794 8350812
8355669 4005258
8360584 636443
7793951 8361409
8373125 1424771
8378452 3555997
7795233 6406270
8423427 8423436
8425613 3165048
8433612 4021097
7796131 8434549
8435570 29159
8436487 685896
7641636 1448761
8456766 3076380
8464355 8464366
7796682 2118094
8491910 368963
8515508 1531878
8515750 1486275
8548929 2939781
8569155 3523377
8588626 792870
8589609 1493860
8636943 1722878
8643009 1911912
7798308 8644656
8648417 3829749
8655055 8655070
8656033 993143
8663730 8663741
7798532 4213942
8671614 8671627
8674683 4480231
8683437 2226573
8685454 5135263
8709846 1612257
8722111 3016975
8735612 268051
8743873 3968755
8744622 3555458
8750798 2823684
8757850 8620798
8758084 1105350
8773675 4306389
8774165 8774178
8774456 1486537
8775130 7413515
8791370 4045045
8793999 3023591
8804165 3998088
8805475 3458135
8814952 1084324
8823636 8823654
7789588 2801470
8864373 1550684
8864581 2403062
8866858 631644
8868204 2858410
8868217 2426047
7789694 1315637
8869179 1034587
8874256 8874274
8876183 1769180
7789864 2288312
8883480 4066277
8885239 8885255
8902465 4991448
7790068 3886869
8913385 1416629
8917444 8917458
8919158 4748351
8935963 3956327
7790439 491548
8960488 8960504
8976346 8976356
8985903 2948757
8992509 1739325
9012558 44906
9023283 9023295
9023296 4486871
9025198 3929467
9028205 9028216
9034444 1928082
7791089 1702852
9049607 2298584
9064887 9064905
5997429 1051290
9079003 3864596
9086780 9086791
9115712 8746257
9115795 9115807
9146669 1568944
9155898 9155914
9158632 3229776
7793163 9172888
7793167 5876946
9185009 3854396
9185967 7296748
9220264 9220280
9267481 6736827
9283559 4000411
9315218 4586408
9323335 1315722
7795018 1821453
9406608 2378782
9410429 1720766
9416179 1483129
9416442 616592
9437016 2772327
9441732 2654190
9447753 7878147
9448711 9448724
7795350 2600439
9453801 9453818
7795419 9454818
9455740 9455752
7795427 6360392
9458362 9291399
9470552 6420598
9490193 1411538
7795647 7503819
9511294 3519102
9511332 4358515
9513786 4338608
9524796 1348318
7795874 5299903
9531188 178373
9537820 2056630
9563679 9563692
9632934 2555156
9632974 9632991
7796408 9634912
9638335 9638348
9680202 1240973
9680289 3571239
9681265 7368519
7796576 1702875
9725689 3234811
9755104 2042068
9755158 2340694
9827185 3838440
9831046 2633931
9831233 3167228
9831947 8837287
9865856 9865863
9865901 9341672
9866281 7409805
9910443 1523695
7642663 9946644
9951064 2107545
9977817 9977827
10004803 10004819
10040477 9811710
7797631 449504
10113628 1741343
10113761 10113777
10119635 3555265
10124174 5982205
10160526 2944325
10168531 1538211
10196862 4718576
10202710 3959886
10275079 663701
10275110 1410453
10343066 1727960
10430002 1980242
10440551 3550124
10441091 10441100
10442434 2605057
10447521 1637486
10460338 9674963
7799600 1741146
10542623 1703787
10565611 2068239
10574484 550054
10618390 10618402
10636110 3847558
10684959 1567593
10723972 1691145
10747086 10747094
10772938 2094548
10775305 10775316
10784325 1523676
10785615 1581553
10796182 10796192
10796531 3854017
10801064 8176286
10816205 2347068
10818319 2461705
10818519 4022445
10818973 4008760
10830518 5854277
10920353 1532188
10955398 8675101
11007041 1441021
11013023 4033222
11030167 11030178
7790769 1525522
11103148 3988591
11258331 3622837
11273260 11273269
11273715 2783975
11275957 9141621
11278846 9374159
11279026 3385824
11281845 11281851
11290120 5582187
11298210 11298217
11328412 3977592
11342430 1763759
11362451 3228349
11375134 3897263
11392757 4454590
11423652 2477900
11425133 2212708
11435755 1692651
11437383 1177958
11439989 11439998
11440659 4125279
11441377 4219487
11447982 954302
11449714 1428958
11450152 1698149
11450313 11450324
11459309 9696106
11460444 2983625
11464520 1179593
11468786 8769560
11471372 11471388
11538867 237517
11635308 1785645
11639153 421179
11672462 11026617
11683248 2135719
11685792 412358
11718453 3523131
11783509 729611
12371234 7007891
8307151 1692663
13086885 9999040
13086973 7368584
13087427 4822942
13121731 13121736
13122606 429998
13123849 10435502
14005135 388788
14274219 3428767
14571028 9906670
14686294 10733875
14693048 4030795
14694743 3556001
7683188 3523077
5617660 3231062
15270912 10171110
15272633 5061552
15273455 2975263
15274779 6653168
7992532 15275053
15278100 8380632
2863921 4005104
1247944 571163
6781703 180152
7800907 3927243
14937512 2933966
15315513 1523859
15339896 14660523
15364037 3222543
14928332 7794695
15388500 2499102
7790649 5592061
15394277 3571972
15400106 1594816
15401150 3555993
15401187 12896994
1605252 8182980
15402789 1581740
15403025 1523986
15403390 2817994
15403448 3919449
15403504 162288
15403522 711710
15403722 12133628
15403928 15403939
15409772 11046580
15409796 216828
15411219 3556114
15411882 8774013
7792347 3472679
14930284 2117267
15412103 15412121
8772244 705672
15412584 717164
15412728 3977370
15412868 2032680
14930319 8919016
7792407 550440
15413263 5597820
15413421 511234
15413563 5974441
15413615 4045800
15413646 1436683
15413738 3540510
15413791 15413810
15413903 12255857
15414038 1502063
15414207 9773525
15414367 992342
15414758 1753346
15414789 2251878
15414843 3891898
15414870 15414887
15415064 2378345
7792515 706157
15415245 9459999
14930436 11213237
15415761 4044848
7792583 9233657
15416880 13115846
15417033 1567765
15417215 377679
15417241 5846791
4606591 7381159
15417337 12761078
15417390 142516
15417587 3957787
15417624 9072600
15417669 11520774
4658349 1581795
15418088 4458830
15418265 9750151
15418309 11641500
15418694 6857640
15418918 1523410
15419151 2724512
15420036 1394628
7792772 15420200
7792781 2638686
8306185 3998789
15421581 1649875
300374 10771231
15433933 9457181
15448321 1628271
15461275 15461294
14932627 3840027
15485262 1667046
14932694 15489055
7795072 2459050
15490961 3957720
15502757 4461842
15513918 3714283
7796109 3532939
15530102 2384165
14933715 6542421
15530579 2681859
14933850 15544569
7450841 5819679
15573975 1582318
15585061 15585074
14934503 1658983
15608710 4045898
159522 2705447
15677472 930694
15680239 3532461
15705920 9385665
15710333 1277125
7798131 1644812
15717213 10523831
15719732 1397369
14935346 15722031
15722851 15722869
15725874 14376256
14935412 2770097
15739325 2374204
7641461 3210539
15772287 13486177
15799865 323986
15820224 387022
15820278 1423781
14936680 1569500
15828256 4001322
15830051 3539759
7800076 1655343
15849464 1860472
15851380 2832845
15861557 407722
15877928 1601104
15879713 4004192
15884383 2225996
7642880 11170932
15893211 1394240
15897893 2576320
15900193 1778557
15905316 11138115
15907288 9433134
14927907 10595547
15928986 2459197
15933418 4221505
7789754 8683169
15942922 998101
15947940 9469091
15949029 3208866
15949690 2997387
15951540 12184992
7121234 4000286
15981719 182695
15991896 748208
15991942 15991956
15993418 15993434
14928473 4164276
14928482 1527487
15997575 10128155
16004953 3209320
617019 8693144
16009100 9602668
16010713 367771
16032474 3946957
16038810 1254579
16053035 16053048
16060902 10937979
16073926 4044437
1896977 2904144
16077888 4325594
16106329 3854287
7791216 16108001
16110452 14358083
14929519 3859111
14929564 9922102
16131574 16131585
7792717 2709583
7792739 16160709
16212953 3935618
16224841 3010627
16234464 15878133
16247890 4208419
16280354 6921533
16290583 8223136
16303024 1685846
16307666 16294996
14931577 5181385
16344950 350934
16354059 91133
16377330 172877
16379641 3948102
16385568 16156098
16392984 9780733
16440541 1527169
14932791 1349636
16445490 11485340
16458820 3415472
16468371 10747970
16468695 9378517
16468804 4167478
16470063 3532701
7795404 8977221
16476289 1951020
16498123 16498133
16499082 9271911
16526335 6857692
7795811 8719143
260716 1442493
16544517 4969865
16550371 13623676
16555388 8710342
16619011 12278001
16626556 11394751
16645676 4659930
16646171 501349
16647042 4291524
16652891 4030764
16663329 2647548
7796523 4305421
16683568 1667871
16714185 12214973
16735715 3552285
16799006 9977877
16824555 2682372
16825860 1220060
16904767 1573816
16905019 9795318
16963312 3958881
17000973 2176748
14934871 1970099
17009918 3532699
17033245 8127582
17033422 3058142
17063883 17063897
17066025 14582447
17072636 4433034
17082596 1105049
14935092 5348774
17097226 2131869
17115271 11446582
17121071 3966930
17149435 1999489
17160742 1623412
17201049 1130733
7798287 16024191
7798328 3849669
17272943 12746425
17379247 8872312
17386848 3945662
17393163 8949547
17394329 2840175
17394949 270303
17422881 1705203
17441268 4159815
17464579 434414
17468486 1013379
17527269 11605859
17530081 3233212
17531806 16419454
17532107 3555313
17560823 2172530
17601378 16803669
17673020 9027902
17683260 4721007
15530501 8925197
17720105 7389469
17722390 16710630
17725139 3911442
17737988 4176054
17743034 2250496
17745034 9125334
17753663 1010059
17814840 1578314
17871441 3442265
14794833 12689770
17879596 3636080
17941255 9608711
17948227 17948228
18169632 1183192
18173364 2134878
18173698 16373673
18174109 5411142
18174120 1557912
18174676 3933173
18189522 7401684
18201855 1601222
18208314 3527411
14929467 1607172
18210336 8365639
18218920 3906912
18228201 1726192
18230648 10786244
18231809 1490686
18234553 9328006
18283202 1528172
18283933 14538689
18307303 4165030
18317828 2946012
18320815 9670283
18327814 4064145
18329429 4046924
18331554 4885728
18340344 2219933
18341340 767554
18342390 372852
18355546 1783221
18357028 10481997
18357649 8353432
18364304 8432645
18365144 16057586
18563485 16946067
18570984 1121537
18611345 3983394
18644225 2426411
18647901 2365841
18649112 9796714
18650468 8631417
18652663 4045117
18656501 9546278
18996930 17932724
19211856 1869429
19883255 19883259
19918575 769948
21043046 2618908
21410094 3119444
21422073 3854881
21960617 12850250
6402118 4045969
16495607 9295015
21972066 7195193
262091 1153779
4307651 15740189
4257828 840454
20924357 9312495
21979354 1402736
22032027 1204872
22069478 1533135
22082118 4289400
22086326 1134309
22088051 4031030
22090507 1404800
4607740 10790145
22094066 4023662
22094177 22094192
22094193 2795265
22094220 4044603
22094556 1460809
22094774 10302227
7791214 11046298
21515672 18337235
22095188 11446573
22098323 1490440
14794779 2235742
22101862 9751481
22102655 3556952
22102764 10398418
1886626 176401
22103360 3523166
22103889 10942381
14930303 22104171
22104236 11308114
21641971 1905635
22104458 1521283
22104474 2296346
22104501 16749390
14930327 738299
22104874 4030429
14930339 6856675
7792419 18347768
7905877 377805
14930356 9796241
22105413 4652135
22105599 2795525
22106014 4451265
22106028 3969715
14930380 2118417
22106256 10446301
22106271 1178762
22106294 2510336
22106405 11046479
22106641 2118756
7642883 746600
7792537 3532123
22107311 2458601
15418399 3555977
22109151 10387401
22109228 3386386
14930553 5976386
14930555 2727705
14930576 4873507
22110635 5622758
22110650 1634877
14794727 22023662
22110941 2953676
22111215 3213593
22111269 4044566
22111399 7195341
22111729 3533688
22111790 1148796
22111800 2444417
22112028 9197779
21642294 1690828
7792794 925437
14930681 10503294
6477746 1070281
6433131 3463516
5794761 14064218
22113577 16291537
7793244 724234
22129842 12350883
22136654 3921996
22142690 1374173
22145521 2341033
22145797 8592256
22165632 9971495
22179737 6860770
7795295 11475107
7795491 11046432
7795505 12850746
22205076 1529496
14933700 2079062
22214697 7046991
22247820 11523427
22266454 2351322
22269927 22269941
22299904 2351444
22309436 3870659
22309650 11336295
22314697 11047046
7797345 11046427
22317662 9029910
6433155 588591
22318214 369604
22323563 12012229
21645939 2735262
21645977 9663749
22353765 5435835
22354325 11316303
22382906 1042757
22397725 1160492
7798361 3862070
22404585 2804862
22406412 10062511
22407604 15533460
22416645 4180457
22416750 1805395
22433416 1482363
21646609 1238999
22461812 10101029
22470592 12051722
22478094 1385837
21647387 4076474
22491341 2005068
21647614 2081819
21647625 5001510
22510910 6852870
21647666 554772
4607798 7747182
22515659 22515669
22532754 22532770
22534502 3358423
7800376 1667826
19374066 3204360
22553351 3070783
21647992 6403518
22570164 5375643
14937237 3556772
22579829 146004
7789637 9605127
22588020 5919148
22588175 1905579
22596357 7195191
14928088 9338326
22607826 14650773
22608511 14582173
22608933 3406855
22612899 1838765
22624522 10884097
22626739 16440741
14928286 2615901
21640173 589238
22637159 11294562
22638187 11496953
22638455 379197
7790221 11105715
22652497 6422671
22654253 687209
21640269 9339590
22662191 2319521
14928583 16795867
14928603 9444946
22689218 9600341
22696743 1087141
22696925 1974365
22698465 2679708
22704722 4121322
22711468 4030583
22718551 8968932
22718748 3758718
22722607 4047463
22738198 1619585
14929095 1192780
22743360 2372448
22758294 1888604
22773527 2856509
21641035 22773741
22778226 2118672
22778984 22779005
22781812 22779994
22783100 5055821
22822910 5861700
22832287 7105847
21642372 5068610
22872755 956842
22879040 15620219
22909553 13482869
22940501 4045075
22941985 5441937
22947009 964136
7793853 4835577
22965872 2375772
22976565 3336856
22976839 1473569
23006049 313067
23017318 4044898
23020234 1106080
23023914 18528193
23029339 6305543
23043016 1645746
23065446 4030514
23068441 10424747
23087979 7416586
23091170 4067817
23098144 3998176
23099716 1512837
23108252 1406532
23108697 612318
23109880 3877147
23110824 4902708
23139965 1433781
23143104 11446543
23143422 4754809
23169038 235989
23172745 183363
21644752 1652024
23240945 1663073
23257499 9619728
14933892 10076825
23265206 3544474
23269164 8749034
23275088 12398676
23315330 2393482
23316293 13027521
23320434 9321367
14793358 10829626
23362377 1628359
23367969 11972410
23404735 23404748
23409440 2576000
23409648 375342
23443202 1282312
23467659 2516524
21645627 19073123
23491748 940269
23522415 12905107
7797336 1454328
23558001 935364
23562159 613350
23565083 3287246
23580315 9337055
23597521 1596988
23617597 5205270
23618381 3715052
23624449 4769348
23625667 1489439
23633049 9865441
23638208 2769793
23641701 14229604
23643144 9240577
2073570 9429446
23647035 4190258
23658783 3404362
23658874 11486513
21646033 5323898
23663558 11612074
23682801 2360231
23682808 3857550
23694232 12766987
23733880 468584
21515855 4031174
23763197 9817342
23767575 1560683
23773719 2337357
14935254 3005357
14935312 455488
21646351 3881582
21646480 17935414
5590265 10115158
23913152 1047797
23924321 17357214
23986723 705120
24004307 8799268
24008652 4984688
24038668 2972345
24047783 2110576
24056297 18310519
24056620 1424059
24069482 1286392
24101843 11337402
24101852 9657728
24108011 3555863
7799942 432783
24138223 17691075
24179731 2357187
24186062 8894034
14928069 3219135
24287837 1930228
24288301 11373904
24313439 6139606
24318865 16793557
24319361 1383282
24323699 3557051
24406828 7368531
24418110 1609303
24424333 2130433
24433221 4031482
24442655 3542899
24479694 8422168
24486274 1400697
24492708 3831079
24568301 4751976
24720834 9393238
24722194 334353
24725754 3554994
24727494 1397239
24728094 2929302
24728602 16740540
21641051 1636870
24733614 3661861
24736819 2470518
24736981 9820343
24741268 3243845
24741638 1802185
24743778 3928678
24745047 10966808
24750581 10223956
24753758 2991656
24754124 1654182
24759072 15103601
24763176 2449015
24767755 2746384
24770200 17955885
24771600 3539750
24776547 9507228
24806888 8237407
24854974 3575905
24860949 13005609
24872771 1905974
24880192 2899501
24883777 2381206
24885422 11474360
24886892 7398744
24903138 4207023
21642386 11739801
25067730 3206236
25102860 4045427
25103665 3222565
15398891 9313178
25139611 4991016
25170283 9695971
25179357 11994873
25185838 10728140
25187718 123025
25191557 699003
25516809 3671115
25697667 5841856
25725360 8300666
25726204 732532
25728591 1052407
26353933 1108612
26354398 3554586
26355118 1966307
26375802 9323621
26375810 806337
26387570 5038599
26870428 14064403
27250740 2068848
27375849 9449810
27742465 192931
27792454 2403060
27827134 1168878
27828998 18423551
27932878 16617115
4806892 3555718
14937340 1053430
21089105 8543156
28376117 22561752
12227040 7435112
28384915 15881266
28471807 14064820
2470032 2166516
1043230 3010984
21640588 1462153
7790729 1304602
21640635 2034131
28051752 11019574
7790915 1091169
28486105 2539034
28486793 3556955
28489300 299100
7791160 1402893
28489857 1435434
21640868 9322483
14929291 9636862
14929307 9320069
28491230 4324004
8341151 12413473
17653052 2407038
14930280 1750287
28498266 2699073
28498328 4018107
7792383 1302883
28498857 1354947
28498873 1554599
7528790 4046052
28499298 2648800
7792425 725787
28499623 5336655
7792480 1548733
21514720 1692915
28500652 3555954
28500843 2580768
21642086 683864
28500977 1495265
28501324 4433194
28501556 24516038
21642139 16628611
8380695 2386229
28503111 5438942
21642156 3555947
28052869 16744669
28318042 3435453
7792613 15423229
21642179 1946367
21514164 9462387
7642892 3859764
21642206 2612082
28052916 2005689
3942913 3932669
28504659 15631745
28505050 7698004
14930613 23615407
14930615 1579900
28505523 11849372
28506208 2336024
28506392 654303
28506522 1499474
7642869 9393368
28507622 1642933
14930834 9292185
21643154 1108598
21643309 19224935
28553880 16004129
28054308 4302463
28563271 831162
28563651 11373712
7794953 4153510
28588282 1317104
27466765 3532944
28602841 24806482
28604532 1511561
7796410 28624787
28659799 3022719
28690172 10503724
28705798 2547645
28705832 7195214
28723970 2363354
28772189 1637203
28797442 1492748
16323086 10964813
7798540 14574493
28814253 846694
28815561 7380385
28836244 1844060
7642964 4186810
28853920 1438135
28866846 1981391
28875961 11065403
14936711 10587082
28880799 16334234
21647622 11518756
21647651 4019675
21647670 16902217
28895237 7379489
28896358 1698378
28057283 7974820
28908620 171487
28911690 5222638
28915851 1404250
28924194 9233706
28938142 3550145
28943246 1335294
28946420 1596435
28057510 5671839
28959065 11231486
28961260 5732034
14927938 8907760
21640005 16758832
21640022 4207885
28990557 9162486
28991844 5761824
14928217 827915
28993390 7854641
7790023 28997151
29005276 7845608
14928336 1113221
29012706 8643472
14928391 12348910
7790233 3556227
29025664 11043589
29033045 4790150
29049035 3540791
29065996 2330106
29066408 9276340
29067506 12113214
28051723 2742140
21640777 2438633
7762719 2063333
28051898 9809406
28051977 1337224
21641037 867843
29143597 2822529
29148325 3249138
29148616 1679171
29178353 3851590
21642393 3543630
29212144 11497251
29216869 5303123
29230835 8563095
14931129 2230813
28053273 1895704
7793363 10077720
14931425 558769
28053473 10625036
14931516 19812735
28053510 4726038
7794017 1519321
29355312 10086832
14794511 8954450
14932531 11428725
29390556 3209929
29392445 2048847
29408971 4044950
29424599 4466557
7795126 10762024
29433849 19436437
28054446 9677642
29437243 10212155
7795329 1546237
29460545 2864911
29461133 9336118
29466196 1436015
29469680 9881205
7795583 2622828
29510831 4606059
29510848 3318420
29511136 10128616
29525564 3705961
29527658 2746335
7795916 2604932
21644750 11395252
14933587 29542969
29597471 17326404
7796353 1556804
29606584 14589004
29606708 211254
21645092 1678880
4228307 1456912
29640118 1138783
21645187 3237295
7796580 3833003
29736862 8567160
29769555 12138829
14934474 617265
28055569 1601380
29784281 29784294
7797026 1106640
29800268 1098879
29814194 11046488
29814747 4031905
29823343 11456205
21645772 658198
21515662 2471367
29882497 7194218
29893731 3242828
28055777 9563399
29916790 1719683
29933455 2643406
29954061 4019102
29977175 15239791
28055928 19928630
28055933 11041588
30003934 3926263
30003943 9832306
30011372 2059803
7797858 2542689
30029454 8302657
30034098 1953448
30040908 2205122
30045851 1035676
30059611 1895381
30106175 3927063
30121491 29494446
7798260 12359786
30153906 16263653
20429165 1256948
30226284 3920469
7641713 2230389
30243764 1541013
7798622 6093882
30269789 17383803
30299941 7195356
30303772 11421532
30313623 2470154
30317712 1979592
30318125 10161045
13153540 1075017
30323602 9338141
30332794 855583
28056959 2582802
30386683 3005308
21647477 1598644
30429603 1909101
30506524 6963001
30555072 1078420
30560225 17956230
30590323 3390061
30592464 435408
30592507 1609297
21640057 30595029
30596900 7195312
30599620 1421278
30604109 7195314
30606539 9981576
30608490 3557033
30614870 2398636
7540671 1283300
30736318 1975122
30781999 8134581
30856676 1286514
8305531 16187581
31012957 15538487
31017004 2336882
31017099 17925266
31017282 7314210
31018171 780902
31019160 31019167
31022180 3555424
31025404 6900940
31042065 23209581
31044596 3755882
21641075 2576386
31060646 3523707
31063768 4810131
31074268 8602765
31077359 4742295
31104701 2056892
31109257 7021638
31128159 5727282
31147600 1205928
31149877 24270594
31151783 8791920
31152251 11339910
31154135 10424740
31154734 16724910
31161203 575446
31166699 15035022
31171045 24646931
31178936 29356056
31179795 3252316
31186500 1920382
31186526 10210800
31188670 10610627
31193747 14376421
31197494 29957560
31197882 11484996
31364010 11511522
31386685 9982391
31467140 3943388
31471359 4361489
31475747 21689100
26736458 1072863
31797166 17670376
31872964 4996089
31983606 2591398
31983617 804434
32590759 1058277
32610648 2784538
32622882 16984773
32623004 24444224
33103976 3227062
33450617 2406818
34027161 2438664
34031104 229235
34034581 3337136
34035178 8591038
34035752 8000406
34036636 15918502
34042450 1071268
1052229 4022299
21648067 11699920
15491062 3438357
14937366 22258132
25469379 2343165
34558751 1272793
3483438 9350947
34573315 6904605
34603885 2921368
34604195 790872
10505602 9393276
34611284 18480286
34651582 11301259
21640557 2144268
34242747 5732795
34242765 4089798
34664960 11019670
21515659 3908670
34667100 7096582
28051811 1768110
8014238 9574380
34669738 15032658
5612031 8427619
28051902 16433439
13665703 112392
34670456 4845801
10965579 4109017
28051907 4045652
34242956 750260
34671575 3956813
7791224 7195217
21640931 2395794
21640937 3273805
21640963 6856768
7791254 311002
17039874 9668056
14793377 10236300
34672563 1619990
7340097 10744690
34678754 3943550
7792349 9104759
7792353 692713
7792364 7795616
21641956 405377
14930305 9337809
34680526 4046223
1997588 1737803
34243761 6697329
34681320 196956
14930390 207830
34681584 5616002
28052786 1801930
7792478 4186548
34681994 7097025
7792509 619240
7792533 7743286
28052826 1135822
21642100 964535
34243822 1696676
34243824 4765094
26496241 5848875
34243846 3466412
34684496 10555556
21642175 216750
21642177 5389857
7792621 8828984
28052893 11046310
7792625 2671305
34243852 12758522
7792639 1690738
34685285 3195077
34685621 7331391
34685862 3999872
34685945 6901508
7792715 11454953
7792724 7362046
34686100 1958000
28052948 3555686
34686652 1753493
21642319 4044418
7792817 1221701
7792835 633349
24212562 1342956
27930512 916300
34708618 16793173
34714340 2858217
34714747 23494709
34721864 1916506
34731225 1621485
34737562 1068231
34245041 1162224
34742391 3556969
7795229 11300330
34773465 9008933
34781904 556876
28983264 695787
34783065 9835612
7796133 1927716
34783169 3241784
14782827 1689499
34784059 4237298
25527004 3999824
34796448 870800
34831470 3556072
34835972 16934857
34846033 2845724
28055644 5597986
28055742 11555909
7797384 11387801
7797519 6368077
34246439 69972
34907614 1572396
34923438 1471091
34927695 2815027
34246563 9558388
21646533 11019290
34980567 8380119
7798647 299226
14935672 4031852
35019785 1527950
7642650 1386078
35021482 23046180
35027364 3932757
35028640 2477188
35030889 704969
35049915 732813
35052557 4217433
7800084 11433620
35063860 2069926
28057307 18260957
14937014 3959278
35087231 4678977
4607799 18387426
14937062 1589902
14937066 2552152
14937127 16334092
35101611 2050710
14937160 130503
35125101 2517794
34242211 1093088
35135374 5834616
35139622 675880
34242268 2901761
14927956 1435009
34242309 9031283
3227103 1722208
35153986 2928682
35154011 3840557
35168320 2229675
35175166 9322556
35180530 28787767
34242520 1083673
35206090 3556139
35212317 6872230
7643003 9655230
35231195 3445161
7790850 1648215
35259232 1174157
14329226 233698
21640773 8222550
14929147 1750532
35288663 1435013
21640895 1560024
14929269 10837646
35298832 5971295
7792341 3212555
35335392 6219484
35340416 2204845
35374656 11353520
12532176 3047195
35385520 5608929
35386571 808820
35388526 2119893
34244066 15469129
34244125 12158570
26882588 2104781
7793271 3250880
21642687 3865092
28053275 10249965
35437860 393344
7145777 1322195
7793569 8064991
35450833 10549201
35497992 2545928
21515847 5352806
34245078 4168705
21644061 16911804
21644151 8936074
3971940 4004749
35594800 1792413
35612513 8265372
7795276 1082436
35618639 6220420
28054543 11876819
34245265 2439269
35620738 3534440
34245304 8362626
35621713 7382213
35621794 3997717
34245311 1994616
5614798 3205802
28054699 3163057
35645496 2351068
35645884 4030469
35652871 3557001
35652916 17095483
35658055 3209619
35658995 2077500
35666536 2770984
35671803 4100102
35685890 3552944
35687848 3873535
35690587 6379067
35704509 8712477
35758655 13259833
28055172 2632207
35762225 8702177
21645051 8792078
35778258 123489
14933938 2973861
35797159 9356326
14934041 2059991
14934045 2084173
7796565 18867384
35815966 15482055
35904845 3037421
35904861 1543178
35923781 1462236
35935534 11047200
35936327 1078507
21645582 3556282
35941050 1405562
34246172 604830
35964534 2926741
36030290 3551443
36038805 13486442
36054576 11518739
36089061 2269211
28055902 880756
36128484 1692152
7797734 11065511
36142404 1930387
36145851 6727580
20901945 4863560
21646256 1470743
36242277 9215893
36247087 818117
28056170 763828
36298219 3506695
28056270 3277407
36360345 4145524
28056322 1170927
36408590 3856806
36416002 14986128
36435357 152557
36449580 4371063
7799457 9806180
36455005 4031045
36464092 627194
36474265 672877
36478237 14376251
36483124 193447
36483232 5000561
36516353 2929306
36516362 1107724
36563216 3555217
36565707 2096159
36590080 3578511
28057389 7624641
36673530 3541647
28051236 3557036
28051240 2103466
36712426 1927006
36717750 3936048
36717872 258165
36722783 4790968
36729532 3210352
36800612 435037
28051443 10251786
36846256 30814213
36854487 3556065
14928684 1117512
14928702 914134
21640891 12888428
37111762 2206602
37117460 3013772
37119627 8916183
37120159 2420250
37121530 3461881
37122216 14118318
7791425 850254
37144736 11047086
37156378 2858527
37165537 11229871
37175027 9747462
37207952 1570757
37219336 1482433
37223771 3917846
37228115 8648649
37242003 1572249
37243809 2415150
37247159 3115663
37260200 3998404
37265349 1567499
37265734 1802606
14930247 2403092
37277803 9446454
37277868 8874888
37291162 2317233
37297041 2679296
37299024 7417009
37331205 6903773
37442148 4166741
37451018 11655607
37457835 9129794
37508519 4064180
756304 2067325
37561776 8403957
37748940 1172298
37984533 9346601
38044725 9432194
38056932 4780732
38071123 1866377
38071751 1346864
38132691 16328261
38132973 1739719
38222034 5795320
38631257 9095843
38651283 2122730
38664050 545530
38664250 2447829
39057281 3929533
39474442 6426187
21046235 3538743
39920391 1193182
40023520 3306625
40035347 17338590
40493324 9538838
13165282 3254588
9012675 2342206
34247794 823474
15481627 17871769
7800764 3551521
7800770 2898336
40543106 1918163
4968017 10443012
16826924 2143627
40553951 1994356
14937484 9808718
4744749 17496647
14794508 2387189
22094899 1689381
14928223 9335493
40632442 4344759
15144315 16500665
40650582 6896377
40652624 8182285
34242852 2262381
7790987 7112293
7995553 8601768
27832308 10742501
7791152 1344524
40657444 26902940
40657520 16729418
40657543 3250500
24407456 1091944
22629641 1628277
34242934 7195207
14793590 17932529
31243767 6918125
28051939 2580639
4887056 1442719
8284671 1495722
34243722 3845775
18613293 907608
4688150 3901926
7792337 9796801
7195161 23896258
8517937 4854024
10697013 3630441
21641966 12009878
25598435 1002842
28052753 2440813
40665799 1549132
40665900 7416620
5851574 5411603
267825 811250
21642017 2297434
21642024 1892196
40667130 2024982
40235009 7195240
34243771 2331094
15609455 698918
40235021 9570409
21515885 1281530
21642084 14234148
21642096 4135488
10711973 2018627
40668107 14600315
1479486 159868
21642163 16477549
28052886 1495623
7792651 12503181
27931585 4124249
34243857 6933451
14930578 16342957
21642237 8797311
40671217 1469707
21649933 1591125
34243887 3555269
40235120 1372202
40673749 5139825
40692604 3142781
7701110 5365522
40235415 3550228
4612063 1942133
15149935 1081947
7795051 4038115
34245313 3473285
37871673 2549811
14933655 4572136
28055031 1356859
34245853 1440035
34245900 9308324
40804554 61433
7796912 2132607
33639116 19800158
40835687 6869138
28055735 550762
7797349 7129931
28055744 11387362
40869038 6871048
7797927 4133168
40942238 3540787
14935485 1583107
40237096 3950182
40954778 1430169
40959543 585918
21646555 4860292
14935700 6444957
14935792 1163828
4687629 2601494
28057057 3227160
21647398 9675743
41023382 1928287
41035645 1045873
34247562 11452719
21647649 16402720
41040332 2078511
7800220 11497111
21647761 1442548
41054508 23620263
7800359 3237761
21647849 9809161
7800452 4871116
7800454 11041594
14937165 3578598
41086507 8041316
7800579 4605549
41097125 1802762
41103257 11047165
14927945 1351303
28051177 13023223
40233854 1696035
21640002 1034422
14928138 5108004
40233856 11395936
41126687 4206797
2051118 11576634
41138000 12161693
7790046 3929220
23143517 8633995
41144695 5313946
21640271 12089552
41169610 6918676
41187315 1033055
41202571 1869680
41203210 519502
40234142 9502055
28051684 4293996
14928934 9585666
40234218 16498072
34242886 3834626
41250865 9321700
41252318 4021565
34242896 10730817
41278477 2685540
41278516 1766996
8305296 17714996
41282152 2879276
7791441 2235533
7791523 11498025
34243064 9340677
41287422 10261390
40235038 3950349
41359165 2509521
41359895 4276919
41363509 14122580
41368287 12528244
28053193 10938941
41375205 89502
41383807 15945588
41393983 13019240
41396766 12088989
41407666 3912257
14931536 3108418
41442233 18369026
41453783 11792268
14931799 3882246
41476663 4983833
36844113 785784
41502772 207363
21644051 3965133
41524412 16363964
21644167 8910653
34245197 17097402
41573745 2227311
7795339 14117744
41582339 15349872
14933004 2763225
41584035 5324370
41584252 3848664
21644338 8480262
41596985 3212651
41607867 1556044
14933311 2525566
41628939 1512577
41628978 10408150
41629054 1020511
41629063 1596589
41643103 3996952
7795854 1172061
41645344 7899928
28054994 11291600
41677305 3556109
41678486 7368527
28055077 7416534
28055161 6210952
41728372 6655319
28055220 1277455
41748157 10246792
28055267 1930742
41762739 748963
41765725 1420935
40236545 11571762
41782024 3539480
14934103 14582112
41827590 9541059
7797016 3943626
41888742 26422673
41907434 7930579
41909532 11518658
41909550 8261452
14934499 3425969
28055597 16469440
41957537 1749118
41974935 9102812
42000121 8691451
42000187 7794646
21645858 4641120
42037584 16569249
42043488 1967583
42082845 434664
28055968 2740225
42091856 3555309
42091869 1529105
42092688 2384065
42111656 1623324
42111680 4276384
21646124 1936712
42132320 2141612
7797966 19578104
42177842 32243047
42186716 2456916
34246616 14581448
21065347 3555315
42232968 59650
42279749 7197927
42321064 2295665
21646568 2590699
42366912 1221216
42369730 456072
42379988 6223432
42380662 4482960
42390843 2939757
34247333 8370876
42404281 9798579
42416051 3261624
28057076 3997947
42493656 1470526
37139421 3812931
42635762 3556084
42636065 11486041
42638979 252077
42640741 4984788
42646856 789123
42648987 925670
42651542 7371204
42662913 6252386
42757793 6865412
42767883 2655042
42810303 19521907
42813269 2267488
42867134 2683341
42893184 4031402
43034034 14538565
43037219 726772
43039393 3910130
15930127 4045562
43042215 3837320
43045228 4011488
43045970 11337038
43056680 2604569
43065354 9438427
43069682 2444845
43069983 816761
43077439 20330607
43128268 2988730
43154203 16285324
43157355 6447079
43162810 11496746
43164673 7412170
43164779 1005843
43169668 6321268
43171151 5323897
43171600 4000674
43184830 973170
43185260 1797584
43187432 342810
43188586 600976
43191811 10530549
43193721 2351071
43193951 4999099
43194418 4045054
40234932 1125331
43195521 15935953
43196302 4044680
43198883 2087815
43208828 8402450
43210279 9333583
43223985 3915198
43225212 3508016
43226005 16287133
3852119 11046255
40235148 1403772
43373458 3543623
43392899 1729617
43394489 2054824
43395469 2966142
43402223 23342193
43425942 5330630
43429227 4196286
43476383 198872
43480149 1173211
43560644 11995842
43965052 435161
44039285 4212831
44062757 3147606
44062986 444581
44506322 2144652
44537010 2563623
44537072 12226415
44537308 9183879
44856507 3226258
44924980 16388836
45426424 3862552
31063618 2635307
45434567 17444639
38664594 4045184
45499728 23994278
45869984 1280490
45873040 3761730
21222569 2573095
4272612 409725
24044702 1828814
7800766 1632334
4762260 3702990
21648134 14357783
23213084 4455213
25125526 1563065
21648238 18388543
14016187 585315
7790307 6702634
40234175 2659148
46478683 9618394
14928988 3256694
46481326 420557
7791108 18296986
34242906 1574506
7210456 17146472
19703439 1869168
46482765 9807836
21640843 629835
46483083 3998502
4853520 3999646
4686661 11484956
40234271 10832174
46071834 189361
45531919 12624369
7792296 416490
7792326 12206839
28052732 1100442
7792343 11339039
21641947 12571733
15413548 2008365
18935520 1544245
46072533 11294052
34243739 4124512
46491593 2139822
40234980 7821449
7792413 4030394
34243748 2063842
25384313 1660841
46072545 4170709
28052772 4000192
8108916 1473830
46072547 594802
46072551 786689
14930396 16069567
34243796 3258435
38485179 9652944
46493763 11046434
11725292 725912
28052857 1455169
14930527 11454897
30478273 1644280
14930531 4120111
14930533 11036092
28052865 10538080
44979835 16244971
21642173 16340901
28052878 2546578
28052884 1883915
46496080 5980511
21642199 2367180
18584383 5860120
46072584 13005309
46496649 3862826
46496688 1789079
7792703 1784576
28052929 10213632
34243878 3210082
7792762 7195047
27828033 8573146
7792792 4111337
28052982 3926700
46498815 4115212
46498922 16806701
46499028 8658984
34243938 3286733
46499129 10065864
21642370 2478994
40235146 1411572
46072671 4018522
21642739 1730787
40235305 122677
14931299 9764457
21644041 9757561
34245172 3546991
21644411 18209443
14933130 3881296
40236156 7439468
40052046 3539721
7795706 11498184
7795932 10998871
14933687 4681696
28055048 3525420
21644892 9393095
46073797 1693025
28055682 8965051
46073812 205145
28055733 8203329
46680698 3552288
14934741 1643398
14934808 24515974
46687535 9348519
7797528 3144247
45297677 686237
21646012 5056950
40236917 1115277
21646126 1558627
27931689 8672279
40237074 164534
4749668 5874437
46788972 780170
46797239 522561
46799251 10660526
28056911 3207734
14936421 579206
28056989 5182626
46824590 4039873
21647474 17525805
44543514 2087276
46074541 4030415
6213252 8692706
28057217 37289833
25887417 1803227
21647668 7628262
34247603 1771220
21647745 3959761
34247648 8670281
7642666 15029834
46874848 17160719
7800400 9397729
46881780 2426447
21647948 3428271
46889697 1491935
46894475 4045016
46916599 1625854
46918050 9066889
40233812 809032
7789717 3406812
40233822 4012102
34242318 1929316
6433158 3926554
34242357 9381835
46930473 11752266
46947183 2631701
40233960 4045087
40234020 16025601
34242681 1815232
40234127 6852841
27931582 4399635
40234138 9222965
47011650 357729
7790717 5299247
40234158 16616552
14928896 8534031
47030343 1522137
14929075 212252
28051885 8488233
14929469 29504192
40234312 4015867
28052065 2121155
7642940 9717524
47116252 13010992
14930669 11981889
16523810 1456225
14931161 9493177
47196321 2951783
14931313 2651420
47211389 3855575
7793742 23080960
21644011 6323287
34245125 1687931
21644110 199373
40236027 9782465
28054454 681188
34245201 3543898
14932933 2435871
28054545 1377148
34245290 1169779
47375157 1867455
47393610 9151279
47404470 15637530
47417888 12294829
7795858 1323822
47438025 18223194
47440432 4167561
47455140 2428464
46073570 9218308
18312677 1165486
14933799 1390689
46073609 5411602
47499451 3757579
40236511 1234463
40236517 3550157
40236547 1351901
47600735 10020294
47616273 4481593
46073776 961833
47716960 8726566
47738378 11389690
47783041 13130659
47815401 4011356
46073876 8807703
47824783 9530110
46073884 15814638
30555934 9470352
18297094 1339278
47839799 973187
21645988 1003814
14934961 18192039
47857625 9797951
47858895 9403956
47891372 1841445
47895790 1650894
47896593 2630671
47947373 3556112
47951521 293458
47951527 973578
47959533 1153461
7798127 452947
40237011 1521857
34246602 15990912
47979066 9587762
35135382 1580634
28056174 9430625
48016233 2631811
48044131 17313366
48096991 3858795
48134365 5332925
48143164 3005260
48148856 1696553
48149712 3700828
3208166 1102489
28056475 8861021
48159056 1659209
7799451 14582149
7799455 3053301
43169492 577026
34247319 13944210
48171492 4155201
48173145 8369393
34247341 2621117
48173174 4028307
48203487 21309739
21647336 1624921
48207885 1629739
28057049 4576294
14936550 1317078
48245283 3546297
48260083 6869452
46074585 12609504
48341548 3550129
22549000 15628897
21640035 4249286
48387637 5153384
48388308 9349822
28051232 3555846
48393482 9709970
48394340 1530692
48400809 3554830
48405516 4017358
48407081 15718292
48408377 7787980
48410204 9696867
48411235 3539860
48411525 209916
37538356 1530422
48475269 3611359
46071700 12627246
46071739 2861914
48558585 18337801
48571542 10329613
48583619 4999156
48649589 4030329
16315258 10706897
48760385 239116
48780075 413696
48780489 199197
48782054 3838048
48784141 4044906
48785794 582934
48802029 5108087
48809227 1729236
48814372 3232230
48815956 16133409
48816447 12902726
48823090 3898077
48825339 4835803
48830911 1440485
48855904 5707605
48886856 2415559
48892575 1082757
48902386 8996569
48904990 3837354
40234916 3690059
48927576 3532694
48929429 10778957
48929513 12363673
48933720 1119548
48933816 6354231
48933903 4640980
48934735 1759487
48941373 6422690
48942635 4044989
48944043 4044579
48944508 9131255
48946927 17391596
48947371 11402106
48955172 9220484
48958715 1449677
48970840 1551935
48971520 1508493
48980081 11464857
48980219 9652864
49028070 2715237
49035362 2384083
49107048 14984001
7792950 9716693
49140002 2117677
21642480 9229678
49182357 16280446
6420057 9428811
49211720 5617001
49290453 1832744
49297711 11036409
49406957 3244772
36193955 6026786
49517971 2134606
49517981 2002420
49543752 3994760
49543789 9091059
11004381 866683
49689981 1210445
49703271 603276
49703915 15906529
49706319 881034
50201130 10740921
50201629 1310448
23067041 3245284
50231056 3455297
50606504 2534134
50660748 15976988
50688142 1457167
32591166 2352211
51172848 10148005
51427501 22086951
51434353 952745
51454921 10747060
51534389 2050590
51534996 1320671
51535318 9300427
51537041 11370667
51537966 9336040
51787102 4288189
