46226 46252
71416 71459
75636 75675
232536 184655
252942 252955
293347 24611
303792 114221
307194 136391
307340 83660
309433 309448
311470 58150
315833 63648
315890 315901
319366 319373
330108 330122
333083 133895
348554 348569
351720 14184
373364 373376
411128 263494
430027 43737
432915 18580
433512 129228
433558 26661
433628 54477
433786 285146
434697 434703
435575 34117
499558 499569
500236 208157
507261 120254
514225 349698
593433 359085
618700 4081
621867 621879
625726 257202
626327 298260
636789 151866
640579 260662
647019 316640
661661 148564
697047 365566
728345 138881
753850 86651
755123 56423
767648 254624
768272 113605
793552 58119
801544 45381
802273 133987
827032 128878
827049 127547
827604 827615
841043 796696
846898 127060
860770 109603
872801 378899
873249 23984
875844 166639
878411 75066
880015 2971
916891 878847
921405 445693
925425 1366
938707 553906
977998 10028
993398 247024
994872 11087
999550 483444
1000714 506701
1001770 213662
1008043 209213
1107557 289986
1119395 299237
1120268 331698
1121558 679581
1359911 469883
1363913 93117
1394251 770809
1430829 318049
1432098 593359
1466898 312187
1517910 84086
1534220 43799
1552198 224702
1591081 331542
1605910 240081
1681067 99260
1687244 264139
1703380 220066
1708739 108625
1745804 183348
1755886 1110032
1780015 138360
1788910 262235
1802069 529863
1803614 333812
1804147 594425
1804626 510734
1805042 436507
1805159 328771
1805174 534603
1805430 539788
1805971 190076
1822171 236439
1836760 267784
1836766 209790
1854151 176167
1869997 74934
1895794 43498
1910528 541758
1910842 1026394
2063213 255017
2065217 808209
2117460 22792
2120051 425264
2155288 267163
2160419 302605
2250210 210994
2296312 199631
2302399 16740
2302521 811864
2308677 320
2315150 386922
2317611 44121
2331761 61481
2338711 62740
2343291 745653
2346248 611999
2349191 243836
2393396 282747
2394576 546893
2396711 9476
2398333 883973
2403859 253181
2404945 81437
2431768 561948
2433435 115573
2438595 251144
2439962 697161
2439973 279159
2439983 488542
2440562 349476
2440956 697258
2441262 22983
2449059 391091
2463257 228346
2463266 530029
2473667 532561
2496723 1776536
2499023 345914
2512353 448888
2520613 150720
2520833 61101
2520848 527718
2521715 852797
2522371 192001
2523163 59867
2524200 58232
2525216 48328
2525376 354596
2525703 311007
2525796 36095
2525900 716208
2526431 615519
2526491 61969
2530658 1514271
2545752 141760
2592266 82613
2597438 149551
2638317 30281
2712704 694973
2716158 128464
2781005 93147
2782076 625770
2804542 694907
2825366 653944
2853476 137507
2857373 262115
2870222 493496
2870315 14798
2873237 450392
2877209 717253
2884556 18645
2884913 128946
2899798 533272
2899953 453711
2921516 1180399
2926111 171817
2926329 566366
2928660 62879
2928963 122533
2942907 107975
2947685 967224
2949200 412361
2949225 137585
2953613 158871
2953628 27718
2975267 665543
2998248 378709
3004695 846900
3027398 75859
3030160 46839
3119971 979743
3620514 531976
3702070 130880
3702139 128799
3702715 5754
3707418 268074
3848358 130429
3848849 200002
3870566 70587
3976554 707748
3980330 202430
3980347 59211
3980382 79176
4013904 671364
4015298 83484
4016752 125534
4038168 102760
4206172 57265
4224881 299908
4227428 87342
4234680 501875
4252263 1837448
4290218 201690
4750561 1788411
4887699 194123
4888082 175871
4888257 1335834
4889603 265503
5004851 309439
5005165 319603
5090061 201487
5120124 433335
5795173 368390
5795616 609995
5795622 60671
5796666 298569
5851659 1165037
5851680 217297
5852283 483063
1799925 472478
6003630 48546
6003634 91736
6247283 243485
6248054 233769
6248304 361535
6249842 998922
6253465 613559
6344842 146855
6344877 49201
6345250 255757
6396874 126598
6417923 63089
6845736 358749
6845889 593109
6858049 45750
6858132 61697
7185515 257179
7403898 58139
7411238 335711
7411585 78110
7484193 23064
7531844 235034
1001564 206743
859972 221253
8172007 549767
859998 4179
4171749 65914
8283635 261345
8286415 41719
8291560 883994
8296442 422697
8323026 94664
8336451 206242
8344356 781529
7793763 93213
8357288 262479
8388326 70767
5229550 274964
8390447 132118
8392464 298147
1854513 400367
8412688 153252
8416087 68599
8416634 147427
8418928 254613
8422273 304829
8428246 541063
8429175 133767
8430162 480672
8430922 731431
860094 21289
8432346 788433
8432392 99069
8482437 906314
8486812 514197
1001550 295568
8537403 362089
8551731 423715
8607883 117228
8636943 615890
8637696 126786
8651974 194946
8654459 224162
8670819 140297
8675872 191829
8681542 69096
1001670 132990
8725710 550100
860078 902551
8728792 4666
8737363 333938
8770198 224957
8776789 755777
8779875 152636
8816252 207585
8824308 374118
8866471 526258
8885342 230835
8915307 60591
8935851 163692
8961338 433565
8964003 321765
8975210 305454
8978517 26381
8980393 60175
8983452 19334
8988093 1950687
9080041 554612
9190016 34156
9204838 399194
9217242 476383
9220060 294286
9225037 318263
9228571 467323
9258514 32840
9258805 330972
9265175 1054589
9282502 137691
9316731 138582
9350106 96317
9358596 275734
9364339 604927
9377084 1151050
9452261 457078
9482268 200118
8369776 267787
9522757 35520
9531788 25698
9532162 501809
9532452 1669936
9533058 129818
9533204 108132
9533449 1069154
9533812 544506
9536649 240760
9575639 466338
9575706 264529
9587859 169822
9609283 211227
9629195 230796
9748983 338854
9793489 1134209
9793979 332598
9798497 247217
9798660 616772
3991993 2937
9976936 730170
9989072 411116
9990506 160210
10006196 238831
10010110 827538
10018800 268756
10031793 267566
10032501 236018
10040470 26567
10050193 261072
10055862 317785
10056924 71729
10067621 254929
10070188 59209
10070200 68713
10070210 67523
10070659 681192
10070661 747787
10070984 26826
10070992 134409
10071244 1488309
10096288 402909
10118741 118110
10118783 229619
10120806 375308
10120823 1117924
10123618 165020
10124280 422835
10124292 28167
10135426 40774
10138606 663585
10139414 59416
10142365 328653
10142478 136700
10143194 346659
10143197 577249
10143621 181729
10143836 500995
10151049 38671
10193693 475757
10265858 60834
10320772 114229
10330813 212710
10341388 72766
10342316 249813
10366569 47399
10373721 87879
10387929 672275
10388777 730624
10413182 790403
3725008 49889
10421159 92698
10421894 365624
10428642 360913
10448176 769874
10448186 82703
10450885 476349
10451747 74673
10469565 229942
10491287 75919
10495046 2392
10498418 90752
10498426 277566
10498435 869330
10498598 402593
10510972 495180
10510987 394547
10542059 183422
10559736 321651
10565602 567567
10586374 152498
10997119 744605
11093210 131595
11101989 231215
11103148 192140
11181410 226197
11181473 193962
11214898 272942
11304411 1752325
11312565 80522
11331395 553635
11397849 379935
11438461 216850
11454513 83444
11654949 60240
11656030 1014744
11665617 64851
11686755 24915
11687164 125733
11687384 238303
11719176 368657
11771417 22599
11773705 2003555
11781876 289572
11786964 189501
12140670 132684
12267295 1003571
12357618 136895
12358127 162727
12368634 288511
12370496 380807
12980304 123040
13086571 318615
13086793 498158
13086877 212613
13502296 918562
13502891 302539
13504480 522115
13590515 148737
13746237 5735
14054748 264537
14065804 52021
14066052 623009
14066088 39168
14192395 66698
5796654 197668
14212831 2478987
14212876 526771
14228206 112113
14228287 354113
14228819 211728
14229537 136217
14229554 115547
14570359 285138
14570610 411579
14577283 225134
285979 479534
859971 116682
859977 79920
860019 10970
15393344 254790
15402142 22570
3456647 162015
15423506 132706
10164934 165906
7793334 239369
9046804 143075
15445784 50279
15448478 56989
15450527 148026
15454819 173063
15467457 357742
15491068 700642
15504175 935445
15517528 1715314
15517938 1069896
15522765 362535
15523537 28360
15525449 277128
15525916 624462
15526010 1556344
15526151 3452
15526268 483007
15526554 126810
15526765 52829
15529770 693077
15605204 71136
15628309 836119
15654763 117702
15671763 361612
15692372 989404
15721177 209214
15723451 269933
15731891 14640
15737625 403150
15744219 553266
15754444 125999
14935594 320643
15760350 169182
15771019 402694
7799495 753498
15799497 734514
15817500 207725
15842431 58190
15848720 110201
7800118 48473
1001678 233701
15864171 20103
15864182 223966
15871261 767565
7800581 280415
15940074 254059
15956628 44856
15957465 81401
15968769 1691235
15977898 211735
15979128 138521
7790141 691584
16019993 1039
16020109 515904
7790545 147597
16029837 195977
16031717 525122
16032391 563848
16227604 302926
16316289 20028
16334611 618543
16336982 894398
14931875 152257
16367973 215700
1001641 200665
16471975 561719
16489630 57125
16508155 65538
16544492 7063
16544667 289277
16546535 307767
16547057 276080
16547074 448901
16547383 219261
16547386 212173
16547477 744700
16547528 616124
16547703 19618
16547726 125980
16548113 244836
16548372 716666
16569451 262144
16585720 109572
16585755 85780
16586256 18759
16600540 364034
16657561 216343
16660096 412634
16726924 29168
16739780 160319
16749964 744412
16750181 1123667
16750202 90999
16751230 680223
16754300 436727
16792991 210453
16793699 182416
16806914 336283
16806917 119191
16886445 542011
16931886 10635
16935231 76456
7797394 474327
16963305 203090
16964929 87602
16968871 93620
16971818 442075
17012345 435041
17015205 94068
17016221 609933
17027378 58849
17033410 751156
17034012 20952
17037177 368484
17043991 819771
17044315 290880
13597423 75154
17045796 43853
17046271 240167
17046280 292197
17059543 174259
17091670 331431
17091678 73590
17093220 18180
17095278 295776
17096581 432665
17096614 239455
17097371 425623
17113221 5000
17113485 141692
17113783 26035
17113944 838066
17114393 14336
17138898 125370
17148610 539548
17187419 375905
17195367 57722
17201361 612636
17272422 683790
17272435 628886
17291286 83906
17295534 229391
17324586 277897
17344018 281744
17356197 36224
17379244 650041
17383092 299666
17394965 483265
17402782 254507
17403356 359327
17404228 367195
17404477 965992
17406110 302360
17406153 747388
17421212 258529
17422663 102851
17448106 274112
17448114 771575
17448294 904496
17458373 1178986
17468164 423541
17468296 241383
17478106 485942
17488709 222603
17528040 90265
17688924 85765
17911174 195449
17970925 47348
18085925 478190
18118089 200723
18133542 258108
18203663 378485
18207856 827531
18211354 734025
18248139 64921
18262111 386147
18265946 393446
18275184 303845
18282929 441748
18292090 117670
18330454 415794
18330993 18483
18382508 207591
18409063 76001
18476327 455880
18546105 352384
18649185 506013
19104376 39032
19209790 550189
19210316 197009
19297774 101452
19308416 270060
19883161 92680
19883576 214769
19883728 744164
19883846 82240
19934184 329465
20062660 223919
20276091 73923
20358087 164743
20358094 333752
20358127 11504
20358181 588734
20372542 347172
20803360 429021
20813463 218568
20968587 110340
20972777 76200
21292431 328673
21296660 312611
21299230 83277
21419045 226439
21419401 284894
21420624 124379
22025805 109314
22086993 367605
22092323 48498
2295791 125486
738455 44155
859984 677493
2480743 189938
860048 309953
3220962 18134
859968 111355
22147336 49211
22147396 10483
22147408 417265
22161947 224129
21644015 80684
7794999 200868
22181154 92544
22197410 657179
22204343 232716
22209302 36727
14933525 358760
22210230 7713
22210425 1387889
22210994 1362998
22211364 1095068
22211773 19758
22212398 598578
22270907 378215
22321702 265188
22341257 87857
22356281 684913
22383155 118112
22384587 280669
860059 476570
7798192 269105
22394066 36279
860086 372263
22395275 332294
22402779 467996
22404106 546475
22417576 927799
22426766 149793
22435180 92487
22460002 105204
22466320 4571
22472253 121714
9501696 264224
21647552 359789
22504748 434487
86393 58192
7800047 221315
22520640 822387
22521359 81834
22546197 248538
7800559 135540
7789731 25913
22599846 132537
22615027 996107
22580807 236910
22637844 67935
22638590 1161324
22667738 441977
22673441 269608
22676574 226202
22677610 200655
22687645 143544
22688230 128382
22689228 360356
22695570 92316
22697413 524673
22703719 213345
22783992 9451
22808093 251129
22864845 268657
22865449 722332
22865697 60064
22880901 255221
22882120 230836
22883820 583499
22906018 360895
22912243 161181
22928973 269886
22960680 164214
22979908 46048
22984026 131976
22994267 375151
21644220 1371041
23100499 118560
23107440 80851
23109212 1274763
23110393 657465
23116466 37863
23143385 178087
23145113 435731
23162551 1886
23176782 264132
14933444 105570
23181077 254404
23181126 5721
23181290 515603
23181764 352392
23182134 274821
23182254 365974
23182490 248782
23182639 274149
23197560 424854
23198089 84048
23247825 497037
23260394 448139
23274559 226184
23291687 448840
23325266 218755
23354623 534574
23372095 219146
23373096 175797
23373123 661384
23374091 267004
23394812 82650
23410850 66538
23411857 1228889
23413713 653402
23425368 8747
23546279 198952
23559613 206764
23559925 367250
23571513 495622
23575900 265066
23576736 354267
23583120 482992
23593189 96542
23624776 29397
23632966 936407
23637333 317066
23647035 332968
23650454 81722
23653336 509542
23653345 538491
23653361 294889
23654276 261087
23656020 261238
23659079 399837
23676720 510388
23679144 42393
23679376 527397
23701344 260349
23701355 14935
23703551 299451
23707490 531230
23707737 568872
23710210 231496
23713767 91645
23713821 201239
23714514 1219692
20387550 225689
23714907 4325
23714970 1098093
23714989 848204
23717063 732288
23717291 296008
23718496 5202
23719130 55881
23719161 80297
23742259 7042
23763209 315298
23770917 409983
23802832 62246
23820339 40463
23823104 70324
23823113 254337
23823294 60227
23894940 43871
23898360 126155
11325354 950629
23899139 329833
23901130 600709
23902981 131758
23921416 162982
23938989 335348
23938999 306497
23939009 218646
23948403 19027
23954984 334373
23981738 701930
23990301 319244
23992731 278052
23992740 329613
23992748 467641
23994743 73694
23997260 782330
23997269 16597
11420004 618120
24025602 592762
24046949 325287
24061247 591882
13086570 313978
24072604 82249
24104800 257717
24122982 42828
24141269 483120
24434705 646351
24473444 235322
24484268 491414
24571178 562961
24571462 666658
24641656 113606
24641737 95128
24641774 265795
24812989 786216
24819367 241468
24821086 871978
24839822 195765
24842258 1464343
24843445 843476
24876717 254888
24957183 136612
25043389 357072
25067564 741642
25076086 359108
25104059 494203
25105108 49156
25549361 266303
25631335 370265
25631429 334211
25713899 1103553
25770996 423540
25819609 155210
26352881 726993
26353227 68903
26354799 69168
26394211 257962
26524871 311923
26524914 140356
650595 248581
26730906 264095
26731557 864956
14933100 134452
26809432 89279
26809443 716766
26871610 125944
27240717 308558
27249735 197166
8399598 282925
27625243 119619
27836049 1455160
27836077 105561
27838603 1108425
28348370 42035
859967 135535
16002498 411627
28375785 189856
28378289 304817
23042293 257149
8369645 440904
8880549 72083
860084 36771
14929360 135153
28505829 18136
21847401 192330
28520780 164575
28523131 50104
15279106 64771
815300 240967
28541941 91980
860004 387006
860010 61431
860021 61509
1058997 134147
7794775 88529
815302 406659
18405490 62466
7177336 181694
28578122 212104
28588264 148960
28599588 126129
23872705 771203
28599639 325281
28602420 253961
28602749 33287
28629203 492957
28647448 350263
28649167 231722
1854516 165717
28650573 128108
21646091 325983
14935036 432822
28743672 235015
28777383 1049232
28777514 1597054
28056172 393353
28779557 381808
28788441 363992
860023 118574
13276965 1290101
28822401 510648
28056459 265456
28838449 828641
28850729 439722
815308 1014403
21647305 70843
28858295 1233102
28870751 243470
28889214 115776
860107 63094
28905724 172819
28909723 34844
28914311 211621
28944010 144484
28948727 518904
28973289 12421
28976026 479649
28978809 3025
28981141 241740
29010407 767201
29030635 300253
29030654 118434
29044585 49482
29044605 212152
29045903 475246
29046915 67956
29058721 900364
29060308 541635
29060416 113746
29082586 236849
29105265 744424
29164080 436629
29173713 269815
29180026 630721
29225111 236025
29226560 85063
17269537 573823
29273180 134521
29302042 430717
29319933 434788
29344969 298668
21643298 126106
14931893 344318
29367127 78015
29388502 489776
29406038 983267
29413098 99070
29422321 441435
29433111 86532
29458918 250241
29459477 20095
29459694 522278
29460462 127894
29460543 322826
29462482 93622
29492874 232583
29505892 18992
29513270 5927
29529542 179423
29529578 11708
29530187 48337
29530416 239389
29531029 461489
29566283 345510
29566768 42639
29618570 633316
29618668 549310
29701976 207119
29713693 147368
29716681 311056
29718230 71543
29718766 693067
29727229 90402
29745495 101450
29753029 115534
29753788 428482
29755394 187134
29767369 1085704
29789861 43576
29879137 128648
29881161 72573
3935031 941878
29903205 35810
29903818 5111
29919644 119178
29933455 697371
29950479 271846
29950900 49203
29951451 137275
29951762 75439
29951778 134707
29954078 177317
29956749 354529
29956778 253259
21645947 483303
29972102 564440
29972122 110940
29974147 316298
29985393 759610
29985403 430018
29985490 147292
29985824 798197
29985825 534785
29986260 161839
29986270 24535
29988203 136770
29994050 138816
29999399 153221
29999409 647514
30005037 410346
30011109 29501
30011539 859374
30029776 361737
14935134 122365
30046750 192154
30049897 553711
30050240 430080
30050456 436439
30050852 230897
30077715 126069
30092339 19604
30151187 568896
30153477 883835
30210452 654253
30223756 18850
30245237 116694
30248766 115422
30269803 1714957
30284275 311718
30293771 87368
30308212 21551
30313324 200119
30313811 355525
30313859 735390
30313868 848886
30316067 883715
30316748 169180
30318137 510301
30318145 445228
30331492 921887
30353551 379253
30356369 244123
30356377 263990
30356384 304810
30356392 113610
30365338 171345
30365472 503400
30366234 652239
30366261 347939
30366276 296776
14936532 269709
21647412 88492
30417744 109622
30419429 124465
30431316 101435
30454995 1025005
8086836 70596
30772425 61419
30782790 129032
30811894 258791
30864630 627887
30895546 4201
30933896 926729
30972668 18452
31049937 156473
31059864 506002
31170015 243969
31218671 645165
31353424 653760
31369864 464185
31390222 48281
31551829 200095
31554223 44813
31554717 297986
31906952 62021
31906987 230729
31908394 12447
31908444 14796
31991626 45126
31995507 466982
32086483 209923
32590380 1093
32590441 362479
32591666 33525
32639247 247296
32959107 160243
8151323 812998
33031102 306787
33059326 471721
16356592 322990
33450609 240193
33450827 2071047
33585500 273731
33589474 561663
33603622 907160
33920141 514505
33920193 608843
33926778 166385
33926956 33492
33927036 1175109
34561671 128551
860097 176783
14928700 430856
34663361 462285
34242771 18116
34665067 380802
815298 925937
34666575 75149
34669717 95092
28051887 12104
34670528 476167
7791278 862727
34689090 71090
34691705 545708
34709279 427223
34713609 316523
28053516 563033
7793821 17658
28053532 409339
860018 219151
10164939 206846
34745154 13806
34746393 1525913
28054452 355470
17489001 191175
7795900 36142
34778195 651112
34779360 452933
21644785 25866
34780277 315035
34780706 711838
34780805 88951
33717028 275576
4171756 123692
860076 484618
7797426 264083
32918189 551247
34246397 357000
34913802 415541
34932882 788451
34949621 23071
19784566 100199
34966851 61106
34970733 243846
34975199 36661
34984359 553549
34984780 63736
35015677 480249
35017703 269901
23656327 253800
7799588 628988
35025639 109938
35046256 1593420
28057215 9855
35063097 467254
35065649 424878
35075636 147227
35078856 42822
35084942 265780
35087465 404096
35096850 339780
35100285 221170
860111 118490
35127907 212819
35146085 180060
35146086 359847
35161779 312197
35165082 66429
28051353 657839
35180568 76070
8086835 523510
35196692 733714
35208983 1549858
35216607 198212
35218025 334494
35228665 1151900
35229481 332906
35230206 103036
35231995 97302
34242757 59764
9705448 288826
35289652 142576
35308349 44938
35350852 245419
35350986 94635
35392076 114303
35393292 13483
35393947 579285
35394386 329341
35465238 527344
35483377 128122
35483491 588018
35500934 705406
35511851 626787
35526543 116505
35582965 289201
35583731 257741
35619686 134455
35620618 435833
35621508 205530
35629465 8051
35661685 270786
35687198 211949
35687456 526262
35687815 379961
35687991 578339
35688031 214529
35688128 979620
29247247 1742641
35688449 136928
35697906 495002
35704024 438169
35706479 7872
35732551 95505
35734562 123808
35736608 586878
35752942 296007
35774388 107960
35798743 637329
35853862 129237
35858505 401549
35871615 752078
35871651 138247
35871975 198040
35873614 514112
35874122 2011196
35881197 251481
35919725 531922
8880555 309193
35967202 442155
36009006 296486
36025812 752872
36040499 1115259
36042076 91539
36050831 266912
36055940 223897
36055966 296018
36060434 238864
36079001 439045
36084895 656832
36103183 373141
36112611 46833
36116395 1111468
36120202 135599
36127553 61074
36129021 147011
36129032 204577
36129041 98491
36129051 66076
36129943 803014
36129950 235351
36146009 202588
36146016 381122
36153960 463709
36154257 67349
36170727 325652
36170815 764603
36174707 529557
36186622 379810
36191013 1961749
36200155 887190
36205856 70627
36290050 481335
36350185 305216
3966613 268769
36360352 4667
36377892 1025979
36381256 681259
36426067 133220
36429336 1078250
36432967 141083
36445504 87278
36445513 66696
36446857 413596
36453709 28523
36487988 31848
36489265 112952
36496356 432608
36508946 286949
36521996 118079
33675366 400337
36536103 505162
36548541 298191
36713797 205483
36881451 571729
36881491 485331
28051587 213717
36919070 3735
37038567 876346
37218028 65310
37231586 517230
37233740 865950
37234627 167460
37256617 321652
37264719 105380
37291902 178664
37334345 329828
37444064 58836
37445368 97542
37145570 326065
37454288 269009
37465118 513794
37465137 276005
37474782 362148
37481331 318969
37481536 256480
37568385 571632
37593245 264472
37985326 160434
37985328 60320
37985534 228325
37985687 44777
37985962 439134
37986114 92892
38056432 24548
38060209 285909
23979027 125947
38071579 2262
38074085 196958
34919614 81629
38630660 1424634
38630708 682921
38631573 63240
38632067 288711
38669986 62799
38678585 376973
38984765 283398
38987434 179544
38987744 81499
34245350 402438
39057313 135484
320510 28453
39465911 240023
39474141 1040366
39474314 45782
39609057 529
39609062 961326
39920336 64193
39926665 16511
39926924 300606
39926950 142724
39944607 426430
40025785 303461
40030088 318861
40032702 289592
40032962 69335
40333299 263730
397741 178789
40536800 225532
859975 200190
860083 35773
859973 432653
15211837 216679
11641195 302358
2204155 295140
8880552 249439
40658231 242774
3840095 314169
815299 445092
397733 261749
14931045 292610
815301 52727
4171752 474705
23172847 159918
1001561 108221
14931528 500617
14931544 207206
32753800 11177
2793503 125225
40735880 132880
21644764 422378
40763874 343790
40764161 443376
40764174 10768
3543174 64861
40790543 83651
21645201 403253
40810650 386149
23872707 257721
40872338 27370
40874976 432355
40881393 246625
21645951 65557
40890956 5701
40931179 89123
40932344 288611
26873703 312410
7798365 304803
40945395 89881
40946332 156453
40956790 1831
40968740 125991
40969311 281742
7798697 293011
40986397 212
40991134 96408
41003638 226576
41007326 286553
41012161 13783
7800082 579001
21647653 999123
41056469 135137
41058924 443597
41059289 71098
13277372 582544
41075245 153185
41110839 13967
41118000 532284
41118153 261078
41120038 703971
16555635 247669
26874283 439453
40683111 285928
41160585 73456
41170474 196407
41184598 112536
41185981 3507
34242638 158241
41188217 445485
41200834 115037
41202978 446543
41213900 421021
41237494 699367
41287422 401550
41287578 108626
41298299 480001
41299276 737022
41301098 118259
41301305 4903
41357774 322332
41360385 171510
7793113 41711
41361643 86824
34244259 22480
41418672 11060
41430761 354640
41475947 276657
41482441 165500
41482602 120674
41487338 507222
41492616 273452
41495390 18279
41518040 18635
41519235 269422
41538853 148976
41564768 25083
41601209 223067
41614340 1255802
41630009 28942
41631061 520010
41646527 776784
41646564 996739
41647257 390022
41647962 97318
41648575 449313
41662896 368642
41663028 254972
41675746 16952
41682520 386444
41710608 115027
41728772 307899
41746610 5220
41772454 620409
41808928 210131
41825037 11157
41825686 12460
41825694 210477
41825701 190679
41859079 807314
41859315 640835
41859732 16425
42019928 209550
42040184 136996
42043931 766969
21645937 1151369
42048303 7733
42058363 35849
21645975 530882
42061468 255778
42063506 291145
42063522 37763
42064171 391417
42064415 485114
42069170 323958
42074679 697091
42074687 75613
42074696 374584
42074709 423594
42074718 124052
42074728 127662
42074738 284127
26411200 66839
42087811 22661
42092033 966458
42098964 4620
42099137 87784
42107763 245026
42108074 706477
42120424 132378
42128727 390188
42129431 798807
42130256 96314
42132171 91253
42132183 511260
42132759 92128
42135771 196668
42136166 4656
7797962 9504
42138079 550770
42142702 162606
42150628 193295
42150644 133058
42168025 660213
42169636 805699
42214318 1117380
42229794 340416
42232305 179446
42277512 16636
42314157 31875
42315605 348158
42316138 3253
42321125 729066
42321134 160673
42336852 315017
42345781 50519
7798797 44605
42370048 209759
42372762 44373
42380473 417718
42386766 93623
42387601 44042
42387966 459010
42391120 157022
42391824 121981
42413181 275422
42421115 444627
42424465 80294
42434554 20454
42439795 33776
42447191 48499
39679449 1360109
42508274 149009
42641136 469268
42896347 318062
42934717 2002475
42934729 815691
42965607 15519
42965632 103568
9104776 459004
43047097 240247
43062816 110290
43072374 89063
43148273 402484
43149250 488436
43150034 288521
43168902 225433
43175454 92045
43186393 251536
43186582 24807
43217102 476872
43235318 883
43263703 88632
43287808 16031
43320522 247035
43363815 250142
43370863 365135
43372724 663561
43379038 1055463
43381811 13491
43421706 298402
43469011 756720
43825449 13915
43893419 527022
43894026 136145
43894240 873621
43967256 303705
43976494 133517
43977848 74611
43980815 127313
44019487 434404
41647158 196588
44347374 231701
44505287 44009
44506576 435699
44506833 196157
44850103 73855
44850283 807824
7995256 103556
44919542 75599
44919550 307430
45325029 68593
45444485 83468
45452623 258583
45501523 684133
9356115 708596
45762494 705310
45763958 893126
45764245 318278
45770572 402945
45770613 265918
45787813 338197
45866892 140933
45874427 662043
45874654 311054
5583873 278681
14937397 2185
859981 1068587
46479838 276273
46479905 698948
28051882 61353
908635 497859
46483619 541261
2817861 34839
860051 105573
46512102 114573
860003 593546
13477834 122482
46524552 149135
7793702 153267
860085 243676
14932482 142277
46550106 303966
46555434 14193
46555509 209708
46564197 251276
7795533 423652
7795545 77982
46578376 105564
14933470 143761
46582326 212582
46583016 214764
46584100 857505
46584121 480286
46584395 91325
46584401 1075800
46584431 156455
46584870 34477
46585172 103370
46585205 60977
46585380 250635
46585382 365626
46585494 5747
46597988 16914
46073615 262608
1001578 266328
7796887 73316
46693640 1222450
908642 260930
46740014 101670
46740118 268090
46742683 229069
1854521 626405
46760836 148618
46768697 359423
34246737 797585
45350723 542458
7799665 348660
7799673 164890
16128393 552261
35693665 718802
40237818 14173
40237839 194119
46866212 918427
46869679 1099899
14937035 140649
29247249 1406009
46878785 34310
46894833 40729
46923113 411086
46071595 17794
21639977 390418
46932230 367140
1854502 586032
46071628 359343
46948144 87403
46952532 243588
46988835 134829
46990848 879006
46991368 98320
47001901 265550
47002857 254367
47012131 261984
23172846 219368
47037276 550046
47045827 11971
47059635 195393
47111273 732737
47112405 526156
47120014 122485
14931121 62730
47196550 273935
47227988 351859
47245987 774123
45507044 438002
47268131 94638
6350568 217627
47272038 23967
40235466 575132
47285402 480609
47360792 263655
47435838 519170
47438748 707053
47438870 148587
47460629 483434
47472305 498581
47481882 131597
47499532 1062075
47533354 310776
14934240 67405
47643218 282437
47644463 242271
47649493 276611
47671307 615497
47712783 267590
47718438 15316
47771339 426603
47778198 1566785
47779365 387591
47779905 739900
47784186 649194
47784212 687699
47383317 349891
47812937 323078
47816433 1100999
47822160 35413
47842772 532276
47847751 144717
47852836 11362
47852845 279358
47852854 34161
47853631 698462
47853641 253710
47858932 245123
47860024 332651
47891351 430415
47892574 365274
47892591 18073
47896792 782338
47904051 283507
21646171 134815
21044301 151424
47907678 138876
47907895 129195
47907904 5187
47907912 18523
47908086 389058
47908458 156541
47908595 490383
47908635 213669
47911689 644147
47912026 1139061
47912477 292363
47912574 123289
47912624 161609
47914966 623147
46309471 73191
47951527 455011
47959533 337388
47974106 443633
47981049 317405
47994891 263579
48066326 372088
48068655 545811
48073784 123505
48087580 406714
48092173 122756
48094997 294406
48119750 486617
48126605 548804
48135840 696306
48145530 425906
48150114 171823
48155877 333012
48155919 1015750
21646761 259747
48158419 475847
48159640 875717
48159757 255653
48160546 8021
48163994 524774
48195017 36706
48195025 141279
48196259 229627
18320602 251151
48207715 641175
48210543 500932
48210748 413816
48215092 794867
48227705 253148
4016267 225450
48269085 176200
48287890 376
48496823 187607
46071698 358867
48606133 1151682
48637592 137285
48716282 21548
48815455 678475
48888400 329853
48923426 338234
8086834 296011
48932810 392090
49063686 923044
49087469 304790
49087481 1148297
49105976 34110
49139605 319890
11308401 90614
49290212 904166
49621758 18735
29932569 269661
49696019 37980
49702064 1192740
49702299 348101
49702380 169812
49702561 456669
49703813 156451
32591852 831292
42151688 8811
50200499 802798
50201663 528482
50201668 1300908
50202053 648116
50245995 435356
50538954 294504
50539020 103965
50541572 546545
50541574 236881
50606537 59913
50611754 137853
50620150 537900
10342309 3038
14054832 23729
51004360 454904
51004705 123195
48148949 122403
35834617 137568
41974927 531522
51118719 60424
51131351 235336
51131362 93631
51427829 208833
51433917 380588
51440232 149066
51457393 322331
51535141 26270
51543599 761759
51544280 184089
51546692 417626
