47567 47582
52814 52840
59888 59916
60145 60162
60207 60229
60641 60665
62488 62508
62715 62737
63076 63095
65301 65313
66396 66401
125250 125257
125260 125267
208148 208156
212925 212932
214956 214960
223699 223712
226958 226972
246991 246995
279054 279066
279422 279431
293044 293063
301159 301177
304590 304596
304621 304629
323764 323773
327866 327872
330363 330376
337268 337282
338745 338754
343968 343981
348903 348912
349138 349146
349240 349245
353883 353894
371778 371793
373497 373507
376998 377004
377014 377022
378525 378534
378624 378630
379712 379717
385192 385199
388115 388123
391711 391719
395004 395017
398484 398502
407681 407690
407732 407743
410846 410851
412478 412490
414117 414130
414137 414142
417472 417477
417578 417586
417719 417726
418292 418302
448454 448468
453997 454011
476161 476165
496750 496756
497364 497372
497662 497666
497721 497731
498940 498945
502837 502847
542589 542594
545675 545680
546810 546820
572045 572060
573966 573976
583524 583543
586932 586943
586976 586983
593433 593444
595186 595197
595577 595583
596529 596536
622723 622730
623786 623791
626327 626335
626498 626503
631056 631063
631651 631660
633308 633314
640579 640585
642654 642660
651279 651284
657003 657009
661038 661044
665146 665153
677589 677593
679863 679869
680514 680519
685732 685738
686142 686155
689371 689383
689797 689803
691050 691059
697406 697411
700637 700644
700816 700826
701238 701246
703930 703934
704254 704265
705205 705212
707157 707164
708623 708634
709332 709338
712691 712695
714412 714417
717096 717103
721606 721610
724888 724893
724897 724903
728008 728015
728269 728276
732956 732963
736595 736606
737262 737269
737617 737623
737823 737828
738816 738820
739070 739082
742068 742073
752675 752679
756936 756943
768272 768278
802279 802285
815118 815125
820950 820955
826444 826457
827032 827042
828707 828712
828714 828720
829650 829657
830124 830131
832092 832098
815309 832887
833455 833462
836116 836123
837004 837011
837453 837458
837726 837730
837900 837907
837954 837962
841451 841459
844318 844325
845602 845608
846816 846823
870084 870088
872838 872842
872921 872926
873365 873372
873402 873408
873507 873513
874240 874245
875200 875206
877208 877213
877687 877693
878411 878422
878615 878620
882728 882733
891150 891157
893361 893367
893568 893572
894954 894959
899232 899238
907834 907841
908445 908451
908907 908911
908956 908959
909056 909061
909152 909157
909172 909178
909986 909990
909991 909995
910330 910335
910475 910479
910485 910488
910544 910552
911314 911319
911321 911328
911425 911431
912134 912140
913085 913094
913729 913735
913788 913793
913809 913814
915028 915034
915213 915221
915596 915604
915676 915680
916298 916307
918419 918428
918884 918889
922531 922538
925075 925081
925425 925433
926796 926801
929309 929318
931035 931040
931668 931675
935881 935886
938198 938203
941533 941537
944404 944409
945951 945956
948938 948942
960613 960621
966170 966175
979727 979734
979775 979782
994042 994048
994750 994754
996954 996960
996968 996974
999246 999249
999550 999555
1001049 1001056
1001770 1001779
1005647 1005655
1006620 1006628
1008043 1008047
1011789 1011796
1011808 1011813
1012045 1012050
1012860 1012867
1016571 1016576
1016591 1016597
1016717 1016722
1022042 1022047
1022555 1022560
1026450 1026456
1028874 1028880
1029583 1029588
1030667 1030671
1032089 1032094
1033591 1033599
1046923 1046932
1049519 1049529
1082134 1082143
1082177 1082184
1106347 1106353
1113940 1113949
1113958 1113962
1113965 1113970
1114055 1114061
1114152 1114156
1114331 1114338
1114342 1114347
1114357 1114363
1114450 1114455
1114515 1114522
1114539 1114543
1114564 1114570
1114595 1114603
1114612 1114616
1114640 1114646
1114734 1114739
1114880 1114886
1114897 1114904
1114905 1114912
1114921 1114924
1115007 1115012
1115015 1115021
1115166 1115170
1115194 1115198
1115265 1115270
1115351 1115354
1115530 1115535
1115594 1115601
1115699 1115703
1115763 1115769
1115823 1115829
1115838 1115844
1115915 1115922
1115944 1115950
1115954 1115959
1115971 1115975
1116035 1116041
1116104 1116110
1116233 1116238
1116278 1116285
1116331 1116338
1116507 1116513
1116577 1116582
1116627 1116632
1116638 1116643
1116681 1116687
1116729 1116736
1116808 1116813
1116856 1116863
1116896 1116898
1116923 1116929
1116946 1116951
1116955 1116960
1116962 1116967
1116985 1116989
1116996 1116999
1117032 1117035
1117108 1117113
1117231 1117236
1117246 1117254
1117299 1117304
1117333 1117337
1117394 1117400
1117403 1117408
1117456 1117464
1117471 1117477
1117504 1117508
1117526 1117531
1117541 1117546
1117601 1117609
1117639 1117643
1117882 1117887
1117987 1117992
1118013 1118017
1118049 1118054
1118077 1118084
1118127 1118134
1118138 1118143
1118260 1118266
1118269 1118273
1118324 1118330
1118340 1118346
1118436 1118439
1118463 1118467
1118497 1118502
1118532 1118536
1118573 1118578
1118664 1118669
1118692 1118697
1118822 1118826
1118844 1118850
1118877 1118883
1118898 1118904
1118909 1118915
1118948 1118954
1118957 1118962
1119036 1119044
1119117 1119123
1119279 1119284
1119287 1119293
1119310 1119315
1119340 1119347
1119365 1119370
1119418 1119423
1119504 1119509
1119566 1119571
1119638 1119643
1119676 1119681
1119702 1119706
1119762 1119767
1119806 1119811
1119985 1119990
1119996 1120000
1120035 1120039
1120050 1120056
1120123 1120130
1120193 1120198
1120199 1120204
1120206 1120211
1120259 1120264
1120268 1120273
1120275 1120280
1120288 1120295
1120364 1120371
1120506 1120509
1120577 1120581
1120607 1120612
1120748 1120752
1120854 1120858
1120879 1120884
1120890 1120895
1120973 1120978
1121046 1121050
1121121 1121125
1121149 1121156
1121185 1121187
1121219 1121223
1121254 1121260
1121419 1121424
1121547 1121553
1121727 1121734
1133101 1133109
1133134 1133138
1133200 1133206
1133265 1133271
1133334 1133343
1133350 1133357
1133361 1133367
1133386 1133392
1133554 1133561
1134073 1134078
1134105 1134112
1134118 1134124
1134126 1134132
1134203 1134211
1134967 1134972
1134997 1135003
1135085 1135088
1135181 1135186
1135484 1135491
1135512 1135519
1136277 1136283
1136328 1136333
1136341 1136345
1137303 1137308
1141207 1141211
1183072 1183078
1195263 1195270
1248115 1248119
1252859 1252865
1274585 1274591
1274614 1274620
1274795 1274803
1275018 1275026
1275166 1275171
1275222 1275228
1275236 1275244
1275452 1275458
1275650 1275656
1275798 1275806
1275880 1275885
1275928 1275932
1275939 1275945
1276110 1276116
1276121 1276126
1276149 1276155
1276239 1276244
1276308 1276312
1276529 1276534
1276544 1276549
1276558 1276563
1276575 1276582
1276604 1276609
1276926 1276931
1277002 1277009
1277027 1277035
1277072 1277078
1536014 1536019
1536321 1536324
1536553 1536558
1536567 1536572
1536873 1536878
1536899 1536904
1536957 1536962
1537015 1537021
1537119 1537125
1537135 1537140
1537142 1537146
1537163 1537167
1537168 1537173
1537175 1537180
1537186 1537192
1537195 1537199
1538086 1538089
1538102 1538107
1538126 1538130
1661888 1661892
1678910 1678916
1687851 1687856
1688027 1688032
1693154 1693158
1693244 1693251
1693458 1693463
1693496 1693503
1693588 1693594
1693624 1693629
1774943 1774950
1833718 1833724
1844836 1844840
1844853 1844856
1844860 1844865
1845512 1845516
1846649 1846653
1872263 1872269
1873164 1873171
1875655 1875660
1925570 1925575
1925954 1925959
1926191 1926196
1929247 1929250
1939666 1939669
1998544 1998547
2000259 2000263
2055350 2055353
2318508 2318515
2323997 2324002
2325494 2325499
3404985 3404989
3456478 3456482
3506162 3506163
4042019 4042026
4460788 4460792
4565308 4565310
4997468 4997469
5004477 5004483
5090048 5090054
5186316 5186319
5209900 5209902
5828123 5828128
5851914 5851922
5851991 5851996
6002756 6002759
6002761 6002765
6003029 6003035
6003069 6003075
6003473 6003478
6003762 6003771
6003791 6003797
6003812 6003818
6003831 6003839
6003845 6003852
6003869 6003875
6003876 6003882
6003886 6003893
6346347 6346351
6409145 6409149
6423620 6423624
6425072 6425075
6425601 6425603
6425650 6425653
6425949 6425952
6427520 6427523
6429290 6429294
6430596 6430600
6433016 6433020
7761929 7761931
7761958 7761963
7762646 7762649
8104087 1019047
8104088 8104089
8104090 699414
4745615 8142387
8147226 8147233
8147248 8147261
8147394 8147402
2564046 8154266
8154394 8154409
8154439 8154455
8155678 8155689
8157695 8157704
8164946 8164959
6817824 8172291
7800924 8177314
8188028 8188037
8201165 8201170
8225681 8225691
8272098 8272101
7790456 8277182
8295256 8295261
8321280 8321290
8322468 8322472
1412951 8330761
76022 8336233
8336555 8336558
8341285 8341292
8350269 8350273
8350374 8350383
8351328 8351333
8371127 8371132
8372297 8372302
8385516 8385519
8389907 8389911
8391257 8391260
8392275 8392279
8394194 8394199
8397990 8397994
8404676 8404682
8422811 8422815
8444485 8444490
8446006 8446014
8472948 8472952
8482415 8482419
8482585 8482590
8482700 8482702
8486601 8486603
8492089 8492095
8492271 8492276
8492372 8492376
1001656 8495323
8515989 8515993
8518206 8518211
8556283 8556287
8562270 8562274
8562396 8562399
8571699 8571702
8577536 8577540
8579007 8579011
7797707 8584004
8585725 8585729
8586747 8586751
7797782 8589218
8589856 8589861
8591372 8591377
8591593 8591598
8592255 8592264
8592447 8592452
8593432 8593435
8593460 8593462
8597200 8597206
8599237 8599243
8601793 8601798
8603979 8603983
8624253 8624260
8625356 8625364
8626660 8626664
8627629 8627635
8627912 8627917
8628113 8628117
8628232 8628237
8628319 8628323
8630982 8630988
8634230 8634234
8634664 8634667
8635956 8635961
8636599 8636601
8636961 8636966
8638216 8638221
8639321 8639324
8640668 8640674
8641472 8641475
8643102 8643106
8643177 8643182
7798283 8643210
8645664 8645668
8647218 8647223
8647650 8647653
8652340 8652347
8652595 8652598
8653404 8653407
7798391 8654315
8656412 8656417
8656852 8656857
8661575 8661577
8662098 8662106
8664183 8664187
8664227 8664232
8665280 8665287
8666043 8666047
8667587 8667592
8668009 8668013
8670819 8670823
8672545 8672550
8673455 8673459
8677459 8677465
8677564 8677571
8679797 8679802
8679810 8679815
8687560 8687564
8692582 8692586
8713454 8713458
8723416 8723425
8724179 8724182
860078 8728236
8733959 8733969
8738238 8738242
8743515 8743522
8745212 8745215
8746408 8746412
8748117 8748125
8749016 8749020
8749157 8749159
8749703 8749705
8749808 8749811
8749849 8749852
8749925 8749929
8750578 8750583
8750679 8750682
8751013 8751018
1001673 8752830
8761171 8761178
8761459 8761462
8766766 8766775
8767334 8767337
8769302 8769305
8770291 8770294
8770571 8770581
8770646 8770648
8770651 8770655
8770747 8770749
8771286 8771290
8771985 8771989
7800068 8772364
8772454 8772457
8772817 8772821
8773222 8773227
8773723 8773730
8774948 8774951
8777403 8777406
860029 8778173
8778624 8778629
8778771 8778776
8780112 8780115
8784124 8784128
8784425 8784432
8786324 8786327
8789900 8789905
8790077 8790082
8793236 8793240
8796617 8796620
8796647 8796654
8796711 8796716
8797756 8797759
8797772 8797775
8798362 8798366
8798575 8798581
8798665 8798671
8800552 8800557
8800568 8800574
8800902 8800904
8801253 8801257
8802465 8802469
8802895 8802903
7800325 8802986
8804102 8804109
8804723 8804728
8806487 8806491
8810694 8810698
8812960 8812965
8813878 8813888
8814997 8815004
8815314 8815318
8815695 8815700
8818987 8818993
8819033 8819038
8819670 8819676
8819756 8819760
8819815 8819818
8819911 8819914
8819948 8819953
8820281 8820286
8821600 8821604
8822128 8822130
8824030 8824035
8825816 8825820
8829586 8829591
8830406 8830411
8834166 8834169
8838406 8838410
8840402 8840409
8843237 8843244
8852498 8852504
8852507 8852512
8852700 8852704
8852881 8852885
7789578 8855429
8856094 8856099
8866998 8867001
8868412 8868414
8868809 8868815
8870459 8870464
8873324 8873328
8876149 8876152
8878473 8878475
8879224 8879233
8879461 8879465
8881809 8881813
8882473 8882476
8883846 8883850
8885729 8885735
8887262 8887266
8890148 8890155
8892592 8892596
8895055 8895058
8907312 8907316
8915375 8915378
8919321 8919324
8919502 8919506
8933028 8933033
8934547 8934552
8934557 8934561
8934929 8934933
8937446 8937450
8958389 8958394
8958464 8958470
8958472 8958475
8958557 8958562
8958588 8958591
8958593 8958598
8958671 8958677
8958697 8958701
8958748 8958752
8958761 8958763
8958767 8958769
8958803 8958806
8958813 8958817
8958844 8958848
8958888 8958892
8958908 8958910
8958928 8958932
8958956 8958960
8958984 8958989
8959091 8959094
8959130 8959133
8959189 8959192
8959263 8959268
8959320 8959324
8959399 8959406
8959434 8959437
8959444 8959450
8959464 8959467
8959470 8959474
8959484 8959488
8959520 8959525
8959545 8959548
8959551 8959554
8959608 8959612
8959620 8959624
8959631 8959637
8959642 8959646
8959675 8959680
8959716 8959720
8959830 8959835
8959839 8959843
8959849 8959851
8959935 8959938
8959965 8959968
8960026 8960029
8960034 8960037
8960092 8960095
8960105 8960109
8960120 8960125
8960137 8960141
8960165 8960170
8960274 8960278
8960293 8960295
8960297 8960303
8960354 8960357
8960383 8960386
8960409 8960412
8960434 8960437
8960456 8960461
8960604 8960609
8960675 8960680
8960684 8960687
8960718 8960720
8960726 8960732
8960736 8960738
8960800 8960803
8960871 8960873
8960914 8960920
8960949 8960952
8961025 8961029
8961087 8961093
8961160 8961164
8961213 8961216
8961244 8961248
8961317 8961320
8961360 8961362
8961376 8961382
8961386 8961389
8961394 8961398
8961401 8961406
8961437 8961441
8961467 8961472
8961479 8961483
8961487 8961490
8961529 8961534
8961555 8961560
8961589 8961592
8961599 8961601
8961667 8961674
8961683 8961686
8961731 8961736
8961767 8961771
8961815 8961818
8961864 8961868
8962120 8962124
8962142 8962146
8962147 8962151
8962175 8962178
8962181 8962184
8962198 8962200
8962287 8962293
8962366 8962371
8962372 8962375
8962392 8962396
8962433 8962437
8962439 8962443
8962459 8962461
8962493 8962498
8962519 8962526
8962540 8962544
8962553 8962556
8962580 8962583
8962693 8962698
8962704 8962709
8962724 8962727
8962751 8962756
8962758 8962761
8962785 8962789
8962816 8962820
8962905 8962908
8962949 8962954
8963003 8963006
8963056 8963059
8963111 8963116
8963186 8963189
8963194 8963196
8963247 8963252
8963301 8963307
8963334 8963340
8963353 8963357
8963359 8963363
8963369 8963371
8963378 8963383
8963460 8963462
8963532 8963538
8963586 8963589
8963602 8963606
8963609 8963611
8963653 8963656
8963732 8963735
8963737 8963739
8963746 8963750
8963785 8963789
8963808 8963812
8963872 8963878
7790495 8963922
8963944 8963948
8964026 8964029
8964066 8964072
8964098 8964104
8964204 8964211
8964268 8964272
8964476 8964480
6344229 8964676
8974776 8974779
8974829 8974835
8974860 8974864
8975134 8975138
8975884 8975888
8976872 8976876
8976886 8976890
6428885 8976902
8976961 8976967
8977070 8977076
8977669 8977673
8980417 8980420
9007577 9007585
9028125 9028129
9059739 9059742
9077226 9077232
9093992 9093998
9094182 9094187
9094197 9094200
9094221 9094226
9094296 9094301
9094336 9094339
9094585 9094588
9094759 9094764
9094786 9094791
9094859 9094863
9094875 9094879
9094950 9094953
9095071 9095074
9095401 9095404
9095407 9095412
9095640 9095643
9095717 9095722
9095742 9095746
9095847 9095858
9216952 9216956
9311347 9311352
9311501 9311504
9311810 9311814
9311920 9311925
9333033 9333037
9380955 9380959
9423796 9423801
9429246 9429249
9429251 9429257
9436280 9436283
9436534 9436538
9440456 9440460
9440478 9440481
9440483 9440487
9440492 9440495
9440525 9440528
9440563 9440567
9440600 9440605
9440700 9440706
9440711 9440715
9440778 9440784
9440802 9440806
9440868 9440873
9440875 9440882
9441036 9441039
9441045 9441050
9510185 9510191
9565526 9565531
9565548 9565552
9567102 9567108
9567141 9567144
9591571 9591575
9628609 9628613
9633054 9633056
9633194 9633199
9634978 9634981
9740763 9740766
10033672 10033675
10122417 10122420
10435136 10435139
10740110 10740113
11491675 11491680
11530819 11530823
11749667 11749669
11868922 11868924
11990066 11990070
12115115 12115119
12129220 12129224
12893317 12893320
13054060 13054063
13276985 13276987
13276988 13276992
13277014 13277020
13277059 13277063
13277064 13277069
13277094 13277100
13277101 13277106
13277119 13277122
13277148 13277151
13277320 13277324
13277343 13277346
13277347 13277351
13277353 13277358
13277383 13277388
13277447 13277450
13277451 13277454
13277948 13277955
13277978 13277983
13277985 13277991
13278038 13278045
13278056 13278060
13278065 13278071
13589677 13589680
13658436 13658439
13658642 13658646
13663660 13663663
13663839 13663841
13663979 13663982
13665326 13665329
13665400 13665403
13665486 13665490
13666194 13666198
13666245 13666249
13666576 13666580
13666886 13666890
13667725 13667727
13669100 13669104
14020246 14020247
14046526 14046528
14857462 14857464
15101284 15101286
15187456 15187457
15228588 15228589
15228590 15228591
15228592 15228593
15228594 15228595
15228596 15228597
15228601 15228602
15268744 15268746
1826378 15275232
6884451 15275302
15276938 15276949
15277882 15277892
15297469 15297475
15298666 15298669
859977 15304207
15329190 15329193
15329537 15329541
15383229 15383233
15401050 15401053
860012 15433759
7793448 15443308
15448120 15448124
15452888 15452890
15454819 15454826
15454900 15454908
15455369 15455377
15455382 15455389
15457224 15457230
15467244 15467249
15467499 15467503
15475848 15475853
14932587 15483351
15485999 15486007
15487049 15487052
15487386 15487393
15489347 15489355
15489401 15489408
15494998 15495005
15496703 15496707
15496845 15496850
15500105 15500108
15500414 15500417
15508070 15508074
15508082 15508087
15514825 15514828
15552754 15552759
15558900 15558905
15573594 15573597
15576292 15576294
15579909 15579915
15580838 15580847
15581332 15581338
15604348 15604355
15605204 15605210
15608557 15608560
15609796 15609800
15640414 15640418
15652486 15652489
15652596 15652599
15671163 15671166
15676365 15676369
15677022 15677028
15677135 15677137
15677967 15677970
15686862 15686864
15687101 15687104
15689826 15689832
15701182 15701187
15710296 15710300
15712941 15712945
15715120 15715124
15715799 15715801
15716071 15716075
15716852 15716854
15718580 15718584
15719652 15719658
15214643 15719703
15719797 15719802
15720309 15720314
15722680 15722685
15723451 15723455
15723734 15723739
15726040 15726045
15726466 15726470
15727529 15727532
15728649 15728652
15730688 15730692
15731651 15731655
15733367 15733370
15734283 15734286
15735115 15735117
15735789 15735792
15737625 15737630
15744820 15744824
15744991 15744994
15745613 15745618
15745628 15745633
15748110 15748117
14935568 15751368
15751558 15751563
15761985 15761989
15762693 15762697
15763224 15763228
15768697 15768703
15769229 15769234
1001669 15791362
15798618 15798621
14936453 15802192
7799605 15802547
15802623 15802630
15805233 15805237
15805317 15805320
14936553 15812002
15814890 15814892
15816429 15816432
15817200 15817203
15817512 15817516
15818925 15818928
15819202 15819205
15821308 15821312
15821538 15821541
15822568 15822574
15823373 15823380
15824338 15824343
15824353 15824358
15824367 15824372
15825060 15825063
15826049 15826053
15827816 15827819
15829256 15829260
15840531 15840534
15841200 15841207
15842431 15842439
15842902 15842905
15842981 15842983
7800057 15843589
15843599 15843602
15843603 15843605
15843933 15843935
15844204 15844206
15844353 15844361
7800070 15844628
15844944 15844948
15845050 15845053
15845060 15845066
15845275 15845280
15845616 15845619
3125041 15845757
15846658 15846662
14936851 15847552
7800099 15847668
15847884 15847887
15848720 15848727
7800118 15848920
15850838 15850842
15851593 15851596
14936881 15853055
15855259 15855263
15855321 15855325
15855800 15855806
15861300 15861304
15861472 15861476
15861693 15861697
15861732 15861739
15865058 15865059
15869168 15869170
15869176 15869180
15869186 15869190
15869197 15869200
15869412 15869414
15869586 15869589
15869619 15869621
15871500 15871505
15871607 15871610
15877904 15877907
15878934 15878937
15881598 15881601
15882199 15882205
15883955 15883959
15884071 15884076
15885751 15885755
15889154 15889158
15889725 15889729
15890145 15890149
15890311 15890317
15890445 15890447
15891808 15891812
15895422 15895425
15898471 15898475
15898918 15898921
15899984 15899988
15903837 15903840
15906370 15906374
15918591 15918595
15919263 15919265
15919490 15919494
15919575 15919580
15920810 15920815
15921683 15921687
15927782 15927784
15929315 15929319
15929707 15929710
15929855 15929859
15935925 15935927
15942147 15942153
15942192 15942198
15945977 15945981
15947630 15947636
15949554 15949557
15949559 15949562
15949565 15949568
15950891 15950895
15953978 15953981
15954357 15954360
15956496 15956500
15957974 15957978
15960216 15960220
15967550 15967553
15990734 15990737
15991797 15991801
15991805 15991808
16014382 16014386
16014673 16014677
16014713 16014716
16014809 16014811
16014818 16014821
16014901 16014906
16014991 16014995
16015052 16015055
16015079 16015082
16015145 16015150
16015257 16015260
16015299 16015302
16015314 16015318
16015336 16015338
16015364 16015369
16015411 16015413
16015470 16015473
16015583 16015588
16015591 16015593
16015612 16015615
16015646 16015650
16015738 16015742
16015764 16015767
16015774 16015778
16015883 16015885
16015931 16015934
16015937 16015944
16015976 16015980
16015994 16015997
16016025 16016028
16016046 16016051
16016080 16016083
16016108 16016111
7790464 16016156
16016162 16016167
16016201 16016205
16016235 16016241
16016319 16016322
16016337 16016341
16016398 16016402
16016419 16016421
16016517 16016520
16016601 16016604
16016672 16016675
16016705 16016707
16016748 16016752
16016793 16016796
16016882 16016885
16016974 16016976
16017027 16017032
16017034 16017040
16017142 16017146
16017148 16017151
16017201 16017205
16017297 16017302
16017330 16017333
16017337 16017340
16017396 16017401
16017417 16017420
16017455 16017458
16017471 16017474
16017495 16017499
16017535 16017538
16017615 16017618
16017626 16017631
16017698 16017703
16017733 16017738
16017789 16017793
16017849 16017852
16017866 16017870
16017940 16017944
16017982 16017987
16017997 16018000
16018018 16018021
16018029 16018031
16018076 16018079
16018108 16018111
16018125 16018130
16018208 16018211
16018213 16018215
16018223 16018227
16018307 16018310
16018361 16018364
16018382 16018385
16018387 16018390
16018420 16018426
14928644 16018470
16018474 16018479
16018526 16018529
16018621 16018625
16018656 16018660
16018676 16018679
16018682 16018685
16018704 16018707
16018868 16018871
16018882 16018885
16018903 16018907
16019016 16019020
16019070 16019073
16019082 16019084
16019085 16019088
16019100 16019103
6003082 16019242
16019249 16019253
16019254 16019257
16019444 16019447
16019480 16019482
16019511 16019513
16019520 16019524
16019565 16019571
16019576 16019578
16019638 16019641
16019664 16019667
16019695 16019699
16019704 16019706
16019896 16019901
16019911 16019914
16019918 16019921
16019940 16019943
16019993 16019997
16020071 16020074
16020084 16020086
16020095 16020098
16020105 16020107
16020109 16020114
16020179 16020181
16020349 16020353
16020548 16020551
1854504 16029806
16029837 16029842
16029847 16029850
16029931 16029936
16029943 16029948
16029988 16029991
16030083 16030088
16030152 16030155
16030543 16030546
16030589 16030593
16030607 16030609
16030621 16030627
16030681 16030684
16031705 16031708
16031717 16031722
16031893 16031896
16032101 16032103
16032937 16032941
16033399 16033401
16134413 16134416
16142329 16142334
16142466 16142469
16143220 16143224
16143230 16143235
16143317 16143321
16143609 16143611
16143639 16143643
16143687 16143692
16143834 16143838
16143885 16143889
16144021 16144025
16144040 16144044
16144209 16144214
16144324 16144327
16144333 16144338
16144588 16144592
16257512 16257515
16343724 16343727
16344159 16344161
16344485 16344489
16344553 16344556
16388460 16388464
16391259 16391263
16461290 16461294
16461310 16461314
7795268 16461502
16461617 16461622
16461708 16461710
16461727 16461730
14932882 16461996
16462000 16462002
16462410 16462412
16512899 16512901
16513525 16513527
16525044 16525048
16578283 16578287
16578295 16578299
16578896 16578900
16580090 16580094
16585440 16585443
16585453 16585456
16600372 16600376
16630621 16630624
16641196 16641199
16641344 16641347
16641413 16641415
16652015 16652017
16742530 16742533
16949108 16949111
17446006 17446008
17458783 17458786
17710685 17710687
17710825 17710827
17714655 17714660
17875375 17875377
18064250 18064252
18129842 18129844
18638665 18638669
18831436 18831438
18854483 18854487
18993304 18993306
19187379 19187382
14931797 19282073
19915388 19915393
20043458 20043464
20062070 20062075
20062175 20062178
20062189 20062192
20062216 20062217
20062501 20062503
7795372 20062818
20062869 20062873
20062877 20062884
20062935 20062942
20062946 20062953
20062964 20062968
20230895 20230902
20357139 20357142
20357232 20357236
20425757 20425760
20427026 20427032
20427732 20427734
20427945 20427949
20427981 20427983
20428113 20428115
20428193 20428195
20428196 20428198
20429540 20429544
20429558 20429561
20429596 20429600
20430225 20430228
20430278 20430281
20430422 20430426
20430438 20430442
20432034 20432037
20434658 20434659
21806680 21806681
21928186 21928187
21928188 21928189
21928192 21928193
21928196 13277976
7800677 21963708
21965524 21965527
21965616 21965621
21972158 21972165
21972203 21972213
21972420 21972426
21972458 21972473
21973868 21973871
13140014 21974182
9296309 21975261
5611524 22008928
22032308 22032311
22079002 22079005
22084085 15439352
22092145 22092149
22119389 22119394
22132181 22132189
859968 22137085
22141642 22141646
22142774 22142778
22142781 22142786
1854508 22143848
22165615 22165618
22174354 22174357
22177433 22177436
22179218 22179222
22180289 22180292
22181184 22181186
22181191 22181194
22181563 22181566
22182526 22182528
22183967 22183971
14932818 22184115
22184899 22184904
22185739 22185742
22185974 22185979
22187793 22187797
22188578 22188580
22195110 22195115
22196037 22196041
22196947 22196951
22197794 22197797
22198873 22198878
22200653 22200657
1001647 22225520
22258316 22258319
22262005 22262007
22262259 22262265
22267220 22267225
22267277 22267280
22269053 22269056
22269876 22269882
22286348 22286351
22287360 22287363
22310057 22310065
22323517 22323520
22324897 22324900
22334396 22334401
22342628 22342632
22343513 22343517
22344492 22344496
22345081 22345084
22346194 22346198
22346766 22346770
22350025 22350029
22350088 22350092
22356281 22356288
22358336 22358339
22359866 22359869
14935146 22367039
22371593 22371598
22384306 22384311
22385656 22385659
22386775 22386778
22388335 22388340
22388555 22388560
22388941 22388944
7798192 22388985
22389244 22389247
22390904 22390908
22392235 22392238
22392845 22392851
22392861 22392865
22392869 22392873
22394439 22394447
22395196 22395202
22395275 22395280
22395745 22395750
22397134 22397137
22397611 22397613
22400006 22400009
22401068 22401071
22406982 22406986
22408591 22408595
22408866 22408869
22410713 22410715
22412130 22412134
22416119 22416125
22417423 22417427
22417594 22417598
22422037 22422040
22427491 22427495
22427603 22427605
22427794 22427796
22429483 22429486
21646599 22432729
22433552 22433554
22433809 22433812
22434839 22434842
22435847 22435851
22436950 22436953
22437803 22437808
815307 22459541
22463003 22463008
22464656 22464663
22468792 22468795
22469924 22469930
22469999 22470002
1001671 22471878
22475326 22475334
22476783 22476788
22478671 22478676
22481825 22481829
22482371 22482376
22488077 22488082
22488181 22488189
22489302 22489305
22489316 22489319
22492218 22492220
22499660 22499662
22503188 22503196
22504720 22504724
22506244 22506250
22507542 22507545
22507642 22507645
22507665 22507667
22507671 22507673
22508033 22508035
22508335 22508337
22508341 22508346
22508355 22508357
22508625 22508629
22508887 22508889
22509264 22509266
22511684 22511686
22512613 22512617
22515037 22515039
22518557 22518560
22518973 22518976
22519294 22519297
22521492 22521494
22521533 22521537
22524362 22524365
22524382 22524386
22526566 22526572
22529906 22529910
22530935 22530937
22531019 22531023
7800290 22531048
22531072 22531075
22531094 22531099
22531103 22531105
22531443 22531446
22531450 22531453
22531465 22531467
22531735 22531739
22532251 22532254
7800296 22532400
22532982 22532984
22532987 22532990
22533015 22533018
22533139 22533143
1001683 22533165
22533469 22533471
22533589 22533591
22533598 22533601
22533665 22533667
22533964 22533967
22534119 22534124
17404544 22535149
22535156 22535161
22536594 22536597
22537074 22537076
22537085 22537089
22537624 22537627
22537690 22537694
22539126 22539130
10164944 22539292
22539992 22539996
22541243 22541248
22542392 22542396
22543565 22543567
22545369 22545374
21914724 22545462
22545896 22545902
22546264 22546267
22547807 22547812
22548016 22548019
22550059 22550063
22551693 22551697
22553401 22553406
22553706 22553709
22557055 22557058
22557783 22557788
22562487 22562491
22565293 22565300
22570060 22570063
22571148 22571151
22577479 22577482
17711771 22578171
22579953 22579957
22580008 22580012
22580030 22580035
22582191 22582197
22592093 22592096
22592639 22592641
22593166 22593168
22594110 22594116
22594500 22594503
22594878 22594883
22595313 22595317
22595517 22595519
14927958 22595531
22597048 22597052
22597545 22597550
7789731 22597637
14928001 22598927
14928005 22599255
22601726 22601728
22602121 22602127
22602742 22602744
22602909 22602912
22602964 22602965
22603985 22603990
22604422 22604428
22609643 22609645
22610740 22610745
22612742 22612745
22614973 22614977
22615027 22615030
14928169 22615155
22615871 22615873
22615938 22615942
22615968 22615971
22617490 22617493
22627731 22627734
22636365 22636371
22638265 22638268
22647703 22647709
22651900 22651904
22672919 22672922
22672956 22672959
22673016 22673019
22673036 22673041
22673052 22673054
22673085 22673088
22673124 22673127
22673183 22673187
22673222 22673226
22673278 22673281
22673313 22673316
22673322 22673324
22673399 22673401
22673444 22673448
22673517 22673522
22673574 22673579
22673605 22673608
22673631 22673635
22673745 22673749
22673834 22673838
22673848 22673852
22673926 22673928
22673959 22673965
22674085 22674089
22674097 22674100
22674160 22674163
22674181 22674184
22674194 22674200
22674239 22674242
22674298 22674300
22674315 22674318
22674328 22674332
22674348 22674350
22674401 22674404
22674416 22674419
22674433 22674437
22674452 22674456
22674468 22674470
22674579 22674583
22674586 22674590
22674637 22674639
22674654 22674658
22674729 22674732
22674736 22674739
22674821 22674825
22674854 22674859
22674891 22674895
22674954 22674958
22674969 22674972
22674991 22674996
22675003 22675006
22675020 22675022
22675051 22675053
22675077 22675080
22675138 22675142
22675250 22675253
22675322 22675325
22675327 22675331
22675333 22675336
22675337 22675341
22675345 22675346
22675445 22675448
22675501 22675504
22675523 22675526
22675559 22675562
22675566 22675570
22675634 22675637
22675641 22675644
22675707 22675709
13667260 22675838
22675866 22675868
22675870 22675872
22675918 22675922
22676056 22676060
22676081 22676084
22676120 22676123
14928632 22676131
22676191 22676194
22676224 22676227
22676231 22676234
22676241 22676244
22676256 22676261
22676291 22676295
22676299 22676302
22676304 22676308
22676428 22676431
22676452 22676455
22676481 22676484
22676489 22676492
22676529 22676534
22676557 22676561
22676564 22676568
22676574 22676578
22676620 22676622
22676650 22676654
22676702 22676706
22676713 22676715
22676726 22676729
22676734 22676736
22676750 22676752
22676786 22676789
22676855 22676858
22676916 22676918
22676934 22676939
22676967 22676970
22676984 22676987
22677122 22677125
22677133 22677136
22677141 22677144
22677196 22677200
22677237 22677241
22677257 22677259
22677261 22677263
22677289 22677291
22677397 22677400
22677402 22677406
22677470 22677472
22677489 22677491
22677535 22677538
22677629 22677631
22677639 22677643
22677662 22677665
22677670 22677673
22677716 22677719
21640434 22677746
22677845 22677848
22677927 22677930
22677951 22677954
22677997 22678002
22678096 22678099
22678111 22678114
22678158 22678161
22678201 22678207
14928661 22678217
22678219 22678222
22678296 22678300
7790503 22678317
22678488 22678490
22678825 22678828
22687241 22687244
22687508 22687510
22687565 22687569
22687574 22687578
22687692 22687696
14928712 22687786
22687907 22687912
22688031 22688035
22688050 22688052
22688164 22688167
22688221 22688224
22689071 22689073
22689074 22689078
22689123 22689126
22689150 22689155
22689261 22689265
22689913 22689916
22692486 22692488
22743422 22743425
22779232 22779236
22779397 22779401
22781857 22781860
22795901 22795906
22796205 22796209
22796329 22796332
22796545 22796549
22796886 22796889
22796892 22796897
22796922 22796926
22796992 22796996
22797083 22797088
22797101 22797106
22797171 22797174
22797491 22797495
14930366 22797526
22797545 22797547
22797573 22797579
22797611 22797616
22797623 22797626
22797636 22797641
22797643 22797646
22797657 22797658
22797669 22797672
22797674 22797677
22797889 22797895
22797905 22797911
22797913 22797918
22797931 22797935
22798145 22798147
22798253 22798257
22905671 22905673
22908829 22908834
22913455 22913458
22980494 22980497
22987048 22987052
22987635 22987637
22987798 22987803
22987922 22987924
22987926 22987930
22987975 22987977
22988001 22988006
22988677 22988680
22988701 22988702
23090050 23090054
23090074 23090076
23100266 23100269
23100350 23100355
23100370 23100372
23100428 23100430
23100528 23100532
23100577 23100583
23100667 23100671
23151971 23151973
23168961 23168964
23189777 23189781
23203330 23203334
23210961 23210964
23210991 23210995
23211441 23211444
23211449 23211452
23211485 23211491
23212392 23212395
23217462 23217465
23232390 23232393
23270433 23270435
23270618 23270620
23270965 23270967
23338602 23338606
23366030 23366033
23559898 23559900
23564180 23564182
23570036 23570040
23570078 23570082
23832149 23832153
24281378 24281380
24281381 24281383
7789949 24281496
24281497 24281502
24281503 24281510
24928013 24928015
24956379 24956384
24957668 24957670
25152751 25152753
25161394 25161396
25161413 25161414
25522657 25522659
26389470 26389476
26445315 26445316
26523991 26524000
26524040 26524046
26524061 26524067
26524147 26524151
26524154 26524157
26524239 26524243
26524480 26524486
26524489 26524492
26524499 26524503
26524505 26524508
26524609 26524612
14932966 26524927
21644306 26524972
26524985 26524991
26525006 26525008
26525011 26525017
26525043 26525048
26525064 26525068
869877 26525078
26808671 26808674
26810974 26810977
26874092 26874095
26874291 26874294
26876276 26876279
26876465 26876468
26877840 26877843
26877864 26877868
26878417 26878420
26882462 26882466
27625690 27625692
28025852 28025854
28331384 22386313
28331387 22199405
28331392 9431206
28331399 28331400
28331401 16344505
8369777 28365259
28365300 28365304
4671370 28370760
28371512 28371515
15993619 28371905
28371931 28371941
2912221 28372053
8672310 28372113
21648114 28372162
28420333 28420335
28420467 28420470
7790072 28464739
28466678 28466684
6942384 28480157
908636 28481769
28515874 28515876
28521783 28521792
28525141 28525149
10164935 28528980
14931619 28542174
28543168 28543177
14931736 28548185
28548265 28548272
1058997 28552854
1001639 28563441
9705453 28565161
21644045 28565637
28567251 28567254
28567535 28567539
28569024 28569027
28572777 28572780
28573361 28573365
28573989 28573994
28579807 28579811
28588451 28588455
28594969 28594971
28600384 28600388
28600570 28600574
14933894 28622001
7796495 28630613
28645996 28646002
28647596 28647599
1854516 28649371
28650573 28650580
28659286 28659289
28675388 28675392
28675557 28675565
28694858 28694862
28706220 28706227
28710933 28710937
28055820 28717594
28717807 28717810
28734119 28734123
28734465 28734468
28735100 28735104
28735209 28735213
28735675 28735678
28736586 28736590
28737930 28737934
28739999 28740003
28741706 28741711
28743703 28743705
28743974 28743976
28744757 28744762
28747647 28747650
28750172 28750175
28751544 28751548
28753936 28753940
28754468 28754472
28758727 28758729
28759885 28759890
28766584 28766587
28767445 28767447
28770751 28770755
28771134 28771138
28771739 28771748
28776077 28776080
28776174 28776176
28777327 28777330
28779312 28779317
28779519 28779522
28781123 28781131
28781968 28781978
28784334 28784339
28784500 28784502
28786108 28786114
28786845 28786848
23656326 28789471
14935460 28792175
28792673 28792678
28792778 28792780
28793263 28793266
28795166 28795169
28798439 28798442
28800738 28800742
28802132 28802134
28804458 28804461
28805643 28805645
28806152 28806154
28807281 28807283
28810089 28810092
28812950 28812954
28815520 28815523
28816242 28816245
28817722 28817726
28819684 28819687
28819990 28819995
28820175 28820179
28820820 28820822
28822182 28822185
28822769 28822773
28823459 28823464
28845393 28845396
28848681 28848685
28850369 28850371
28851763 28851765
28853253 28853256
28854425 28854429
28855564 28855568
28855810 28855815
28856709 28856720
28859203 28859210
28859266 28859272
28860306 28860308
28860486 28860491
28862206 28862211
28862376 28862380
28865100 28865103
28865316 28865323
28866680 28866682
28866808 28866814
28867541 28867544
23656329 28868077
28869698 28869700
28871343 28871345
28871354 28871357
28872185 28872188
28872930 28872933
28874105 28874107
28876138 28876144
28881340 28881344
28057201 28885834
15214620 28886986
28889230 28889235
860077 28889291
860107 28889301
28889538 28889541
28889555 28889559
28890028 28890030
28890488 28890492
28890876 28890880
28890884 28890888
28891222 28891225
28891234 28891237
28891245 28891247
28892989 28892993
28893347 28893352
23656331 28895234
28895293 28895297
10307828 28895526
28896892 28896897
28897106 28897109
28897170 28897173
28897175 28897177
28898372 28898375
28900581 28900585
28902896 28902900
28905724 28905729
28905782 28905784
28906909 28906913
28908760 28908764
28911073 28911075
28911492 28911495
28911734 28911739
28912558 28912560
28912567 28912571
28912880 28912884
28913197 28913204
28913256 28913258
28913375 28913378
28913383 28913386
28913393 28913397
28913851 28913853
28913855 28913859
28914311 28914315
28914451 28914454
28914988 28914990
21647826 28917355
28918032 28918035
28918041 28918045
28918125 28918127
28918660 28918664
28920791 28920800
28057371 28921096
7800368 28921579
28922338 28922341
28922670 28922675
28923170 28923173
28924375 28924377
28926709 28926713
28927109 28927116
28928139 2948569
28930384 28930387
28930419 28930422
28931227 28931230
21647933 28931463
28932115 28932120
28932400 28932405
28932636 28932639
28932695 28932697
28933775 28933778
28934485 28934490
28938045 28938050
28940169 28940173
28940344 28940347
28940970 28940973
28941861 28941864
28941942 28941944
28943123 28943127
28945337 28945342
28945600 28945603
28946697 28946699
28057485 28948034
28949563 28949566
28957224 28957228
28957569 28957577
28957891 28957898
28958012 28958015
28960097 28960100
28961213 28961217
28961269 28961274
28966461 28966463
28968273 28968276
28968581 28968583
28969815 28969818
28970016 28970019
28970651 28970656
28971715 28971719
28973289 28973294
28973900 28973904
28977769 28977772
28978073 28978076
28978809 28978813
28051159 28978827
28978978 28978983
28980132 28980134
28980372 28980374
28981285 28981288
21639985 28982796
28051187 28982973
28983285 28983288
28984439 28984442
28985486 28985489
28985508 28985510
28986477 28986480
28986741 28986745
28987434 28987437
28988578 28988581
28988728 28988733
28990422 28990426
28996670 28996673
29007286 29007290
29022565 29022567
29022593 29022597
29023535 29023538
29023550 29023556
21640342 29036612
29043884 29043886
29043905 29043908
29043970 29043974
29044019 29044021
29044128 29044129
29044156 29044160
29044186 29044190
29044243 29044247
29044249 29044254
29044267 29044270
29044333 29044336
10015827 29044383
29044427 29044429
29044456 29044459
29044461 29044464
29044471 29044473
29044476 29044480
29044493 29044495
29044543 29044545
29044548 29044550
29044559 29044562
29044605 29044609
29044632 29044636
29044650 29044654
29044682 29044687
29044695 29044697
29044707 29044710
29044744 29044747
29044836 29044839
29044847 29044849
29044858 29044862
29044975 29044978
29045038 29045041
29045045 29045047
29045059 29045062
14928619 29045157
29045275 29045277
29045330 29045333
29045378 29045383
860088 29045417
29045445 29045447
29045548 29045551
29045608 29045612
29045668 29045672
29045694 29045698
29045718 29045720
29045745 29045749
29045764 29045766
29045777 29045781
29045875 29045878
29045883 29045886
29045888 29045891
29045897 29045899
29045948 29045951
20062248 29045964
29046031 29046034
14928628 29046093
29046096 29046099
7790473 29046131
29046227 29046231
29046310 29046313
29046365 29046367
29046386 29046389
29046393 29046395
29046407 29046412
29046428 29046432
29046435 29046438
29046483 29046490
29046510 29046513
29046520 29046523
29046526 29046529
29046569 29046571
29046582 29046584
29046623 29046627
29046693 29046697
29046721 29046723
29046748 29046750
29046802 29046805
29046828 29046832
29046858 29046861
29046863 29046865
29046894 29046898
29046927 29046930
29046945 29046948
29047030 29047032
29047040 29047045
29047048 29047050
21914722 29047056
29047093 29047095
29047131 29047136
29047187 29047190
29047202 29047205
29047240 29047244
29047342 29047346
29047350 29047352
29047357 29047360
29047489 29047492
29047506 29047508
29047537 29047539
29047560 29047563
29047577 29047580
29047606 29047611
29047643 29047645
29047649 29047651
29047665 29047669
29047707 29047711
29047742 29047745
29047797 29047802
29047834 29047837
29047885 29047887
29047889 29047891
29047914 29047917
29048026 29048028
29048030 29048033
29048043 29048045
29048050 29048054
29048094 29048096
29048341 29048343
29048365 29048368
29048417 29048420
29048483 29048486
29048504 29048507
29048525 29048529
29048540 29048543
29048550 29048556
29048722 29048725
29048755 29048761
29048763 29048767
29048771 29048776
29048781 29048784
29048820 29048822
29048843 29048845
29048849 29048852
29048863 29048867
29048940 29048944
29048948 29048951
29048952 29048954
29049254 29049256
29049257 29049260
29058237 29058241
29058246 29058249
29058372 29058375
29058660 29058663
29058666 29058670
29058673 29058679
29058846 29058848
29059187 29059191
29059307 29059310
29059311 29059314
29059412 29059416
29059695 29059698
28051576 29059990
29060134 29060138
29060373 29060375
29060386 29060391
29060436 29060439
29062559 29062561
14928797 29063170
14928932 29085942
29144539 29144543
29147039 29147042
29149279 29149281
29155064 29155068
29161407 29161409
29161588 29161592
29162216 29162219
29162463 29162466
29162477 29162480
29162573 29162576
29162596 29162600
29162606 29162609
29162630 29162632
29162637 29162640
29162970 29162972
29252033 29252035
20431376 29266599
29267072 29267074
29267337 29267339
29271123 29271128
29346196 29346200
29346266 29346268
29346466 29346468
29346485 29346487
29347035 29347037
29386691 29386695
29441673 29441676
29451993 29451995
29451998 29452000
29452051 29452054
29452111 29452114
29452143 29452148
29452174 29452179
29452350 29452355
14932876 29452454
29452466 29452469
29452684 29452686
29463351 29463355
29466222 29466225
29469112 29469118
29485136 29485139
14933295 29510097
29510101 29510104
29517158 29517161
29522413 29522417
29524707 29524709
29558167 29558170
29558182 29558185
29558187 29558190
29558196 29558200
29558501 29558504
29558667 29558669
29558682 29558686
29618169 29618172
29620350 29620352
29710440 29710442
29710705 29710708
29895386 29895388
29896759 29896761
30077477 30077480
30077481 30077483
30308809 30308811
30382369 30382371
30991783 30991785
31218631 31218635
31437984 31437986
213170 31889835
31976204 31976207
32152729 32152731
32622332 32622333
32625531 32625537
28054508 32738302
32753047 32753048
32753098 32753102
32753104 32753110
32753123 32753126
21644301 32753144
28966832 32753226
32753228 32753233
32753243 32753246
32753260 32753261
32753739 32753741
32753743 32753747
7795376 32753753
7795378 32753760
32753776 32753782
32753786 32753793
32753796 32753802
32753842 32753843
33030324 33030327
33030361 33030365
33030372 33030375
33030401 33030404
33096080 33096082
33096087 33096090
33096092 33096095
33096115 33096118
33097490 33097493
33097498 33097501
33097522 33097525
33098172 33098174
33099022 33099025
33100984 33100989
33100994 33100998
33443636 33443638
34516724 28786815
34516737 34516738
34516742 34516743
7800694 34551847
30634186 34557015
34557820 34557829
14937380 34557882
28057575 34558916
34559023 34559029
34584887 34584889
34592196 34592199
34592224 34592228
28056993 34604184
34606156 34606160
34626414 34626420
34658882 34658885
34664824 34664827
34666060 34666063
908634 34668161
21640808 34668942
34670528 34670532
34694235 34694238
34696060 34696063
34244161 34698491
22560943 34701278
34705541 34705553
34713133 34713135
34717036 34717043
34721665 34721672
34722182 34722185
860073 34722478
34722719 34722727
34733545 34733548
34743089 34743091
21644039 34746194
34748314 34748318
34748411 34748414
28054406 34749497
34749699 34749704
34752963 34752965
34753262 34753266
34754477 34754480
34757208 34757213
34764938 34764945
34764954 34764958
34766159 34766163
21644404 34766243
34767988 34767991
34768825 34768828
34770033 34770035
7796002 34778678
24522539 34805107
860096 34808821
34825446 34825452
34826056 34826059
34826259 34826265
34834173 34834175
34835579 34835586
34837206 34837210
34837456 34837459
34839364 34839367
34852340 34852344
34852821 34852824
860076 34876442
34880638 34880645
34882622 34882626
34911742 34911746
28055963 34913690
21646053 34913903
34913925 34913929
34914026 34914030
21646066 34915572
34915937 34915940
34920164 34920166
34921588 34921590
34922395 34922398
34927302 34927304
34927316 34927320
34928787 34928791
34933735 34933738
34934194 34934198
34935246 34935248
34940411 34940415
34943160 34943162
34943616 34943619
34944031 34944033
34945643 34945648
14935266 34945676
34946129 34946131
34946577 34946582
27243458 34946737
34948749 34948752
34949103 34949107
738464 34949740
34950080 34950083
34950101 34950104
34951349 34951352
34952767 34952770
34954143 34954152
34954785 34954788
7798302 34958595
34959083 34959086
34962088 34962090
34962610 34962614
34963919 34963921
34964082 34964085
34966254 34966256
34967174 34967176
34972312 34972315
34981235 34981238
34987823 34987826
34991143 34991146
34997645 34997648
1001668 35012176
35012276 35012280
35018262 35018266
35018869 35018872
35022007 35022010
8880557 35023007
35023982 35023984
35026853 35026857
35027638 35027644
28057005 35027679
35027994 35028000
35029880 35029882
35031807 35031809
35032280 35032282
28057053 35032864
35033519 35033525
35036885 35036887
35037396 35037402
35038198 35038202
35038315 35038319
35038428 35038432
35039200 35039203
35040150 35040152
35040592 35040596
35041066 35041071
35041670 35041672
35042459 35042463
35042536 35042538
35042961 35042964
35043325 35043329
35043701 35043705
35044396 35044401
35044641 35044646
35044668 35044671
35045363 35045365
29247246 35056758
35060132 35060136
35060441 35060444
35060578 35060580
35060584 35060586
35060624 35060631
3398061 35060672
35060694 35060698
28057215 35060741
35061153 35061155
35061429 35061431
35062379 35062381
35062401 35062405
35062539 35062541
35062918 35062921
21647672 35065469
35065701 35065706
35066856 35066858
35067371 35067373
34247582 35067476
35067485 35067488
35070959 35070962
35072628 35072631
35073007 35073010
35073128 35073132
35075636 35075638
35075778 35075782
860074 35075791
35075793 35075796
35075800 35075803
35075991 35075995
35076023 35076027
1001680 35076033
35077150 35077154
35077196 35077200
35081224 35081226
35082317 35082326
35082736 35082739
35082741 35082743
35082872 35082876
35082894 35082896
35083119 35083123
35084105 35084107
35084130 35084134
35084137 35084142
28057337 35084238
35084857 35084860
35085721 35085724
35087184 35087188
35087465 35087469
21914723 35089498
35090279 35090282
35091085 35091089
35092922 35092925
35093740 35093742
35093856 35093859
35096319 35096323
35099295 35099298
35099599 35099602
35099717 35099719
35100127 35100130
35100214 35100217
34247706 35100437
35100506 35100509
7800459 35100583
35100615 35100619
35100627 35100631
35100876 35100881
35101477 35101479
35101516 35101518
35101778 35101781
35102194 35102198
35102518 35102520
35105620 35105624
35106631 35106634
35106684 35106688
35107787 35107790
35109479 35109483
35110032 35110035
35114894 35114897
34247754 35117494
860111 35125611
35127843 35127845
35127863 35127867
35127871 35127873
35127958 35127963
35127964 35127969
35130372 35130376
35130460 35130463
21639766 35130813
35133502 35133505
35138686 35138688
35139708 35139710
35139714 35139717
35141499 35141502
35141522 35141526
35141534 35141539
35141627 35141629
35143330 35143336
35143624 35143626
14057094 35143693
35146907 35146911
35147147 35147151
35147457 35147460
35148034 35148038
21639943 35149073
35150137 35150140
35152078 35152081
35152575 35152581
34242363 35153190
35154277 35154279
35154794 35154796
35154798 35154801
35156333 35156336
35157431 35157435
35157832 35157835
35157945 35157949
7789958 35159409
35159929 35159931
35160614 35160618
35161171 35161174
28051304 35172485
35172492 35172497
35179132 35179134
35180633 35180635
35180637 35180639
35182373 35182375
35192013 35192017
35192401 35192405
34242554 35193141
8086835 35193146
35212681 35212685
35212774 35212778
35212780 35212782
35212787 35212789
35212796 35212798
35212839 35212841
35212889 35212892
35212994 35212998
26876482 35213039
35213110 35213112
26524465 35213211
35213282 35213286
35213289 35213291
35213295 35213298
35213444 35213449
35213604 35213607
35213625 35213628
35213629 35213632
35213675 35213678
35213697 35213700
35213718 35213721
35213725 35213727
35213782 35213787
35213867 35213869
35213944 35213947
35213952 35213956
35213960 35213962
35214008 35214011
35214021 35214025
35214057 35214059
35214098 35214102
35214166 35214169
35214262 35214265
21640410 35214357
35214363 35214367
35214410 35214414
35214423 35214428
35214433 35214435
35214495 35214499
35214515 35214519
35214548 35214550
35214603 35214605
7790470 35214810
35214868 35214872
35214876 35214879
35214917 35214921
35214925 35214928
35214931 35214934
35214958 35214961
35214978 35214982
35214985 35214989
35214999 35215001
35215006 35215009
35215017 35215019
35215023 35215025
35215058 35215060
35215174 35215178
35215241 35215243
35215247 35215249
35215301 35215303
35215310 35215315
35215374 35215377
35215388 35215391
35215424 35215426
35215526 35215528
35215545 35215547
35215718 35215721
35215772 35215774
35215871 35215875
35215884 35215886
35215921 35215925
35215955 35215957
35215976 35215980
35216024 35216028
35216033 35216036
35216044 35216047
35216060 35216062
35216136 35216140
35216159 35216163
35216180 35216182
35216204 35216207
28051535 35216246
35216292 35216295
35216315 35216320
35216331 35216333
35216338 35216342
35216344 35216347
35216355 35216358
35216362 35216364
35216402 35216404
35216406 35216408
35216440 35216444
35216445 35216449
35216575 35216580
35216582 35216584
35216587 35216589
35216591 35216594
35216599 35216602
35216607 35216611
35216649 35216653
35216671 35216674
35216678 35216682
35216739 35216740
35216755 35216758
35216761 35216763
35216765 35216768
35216783 35216787
35216817 35216819
35216872 35216876
35216886 35216889
35216933 35216935
35216961 35216964
35217256 35217258
35217263 35217267
35217331 35217333
35217359 35217361
35217379 35217382
35217458 35217461
35217478 35217481
35217526 35217530
35217576 35217578
35217586 35217590
35217650 35217652
35217768 35217771
35217785 35217789
35217827 35217830
35217836 35217837
35217881 35217886
35218025 35218029
35218032 35218035
35218043 35218045
35218347 35218349
35218676 35218678
35227096 35227099
35227173 35227178
35227262 35227265
35227285 35227289
35227297 35227301
35227368 35227371
35227530 35227533
35227617 35227620
35227627 35227629
35227631 35227635
35227670 35227673
35228965 35228968
35229293 35229296
35230051 35230054
35231369 35231371
34242757 35245987
35276002 35276004
35312067 35312070
35329864 35329868
35329870 35329877
35330154 35330156
35330380 35330383
35330469 35330473
35330478 35330481
35330497 35330500
35330950 35330952
35331084 35331088
34243759 35331126
35331132 35331137
35331167 35331171
35331186 35331188
35331353 35331356
35331423 35331425
35331485 35331487
35331628 35331631
35331650 35331652
14930402 35331748
35378372 35378376
21642792 35436052
35436379 35436381
35479329 35479331
35507924 35507926
35508081 35508084
35508132 35508134
35526162 35526166
34245186 35595552
35602590 35602592
35603813 35603816
35611680 35611682
35611696 35611699
35611700 35611702
35611704 35611707
35611708 35611712
35611726 35611729
35611864 35611867
35611874 35611876
35611940 35611944
35612041 35612043
35612050 35612054
35612057 35612059
35612061 35612063
34245223 35612257
35654277 35654279
7795634 35657602
35667203 35667206
35675504 35675507
35686702 35686706
35706479 35706482
35716445 35716448
35722827 35722830
35722835 35722839
35737249 35737253
21644964 35737969
35738735 35738738
35739055 35739059
35739095 35739098
35763303 35763306
35773010 35773014
35773201 35773203
35773223 35773226
35773242 35773245
35773319 35773322
35775547 35775550
35814421 35814423
35864757 35864759
14934812 36046613
36049056 36049059
36059319 36059321
36065755 36065759
36153594 36153597
36698234 36698235
36700553 36700558
37349389 37349391
37729264 37729270
37744069 37744071
22886552 38660044
38787578 38787580
38787582 38787585
7794965 38787624
38787664 38787667
38787669 38787672
38787694 38787699
38787715 38787717
38787735 38787738
34245271 38787841
14932958 38787844
38787871 38787874
38787875 38787878
38787990 38787992
38788065 38788066
1141440 38788258
28054562 38788315
38788388 38788392
38788394 38788398
38788399 38788403
38788405 38788409
21644308 38788413
7795370 38788418
34245282 38788424
38788440 38788444
38788474 38788479
39026061 39026064
39056442 39056445
39118131 39118134
39118135 39118137
39118223 39118225
39118536 39118538
39120060 39120063
39120137 39120139
39121330 39121334
39121428 39121431
39121444 39121447
39121471 39121474
39122217 39122220
39125605 39125609
39436361 39436362
20275768 39436418
40501878 29046579
40501890 35216778
40501891 22674131
40501892 29497294
40501895 35216995
28057550 40541538
19138400 40541660
14905775 40544800
8947778 40553551
14937554 40570929
15211837 40574082
40588486 40588491
908632 40645486
40654912 40654914
40662256 40662260
28053427 40698159
40701536 40701540
40701615 40701619
40701669 40701671
9705450 40706211
28053571 40707312
7794019 40713420
40714235 40714240
40716858 40716860
40717786 40717790
28053714 40717917
40731957 40731960
40732932 40732936
40734147 40734151
34245156 40734786
40735064 40735068
7795150 40736078
40738290 40738292
6433348 40739236
40739972 40739975
40741455 40741458
40236154 40752715
40761918 40761922
40804613 40804617
1001650 40807133
36832432 40815570
14934354 40816371
40817099 40817101
34246176 40831667
28055609 40834890
40835755 40835758
7797249 40852770
1001658 40861820
40865128 40865132
34246387 40872398
40873475 40873476
40873518 40873520
40886464 40886466
40887112 40887114
40887831 40887834
40888592 40888595
40891563 40891565
40892227 40892231
14935008 40894322
34246478 40894380
40895770 40895772
40896534 40896538
40896896 40896900
40900785 40900787
29221821 40903325
40904118 40904120
40907840 40907843
40909654 40909659
40909663 40909665
40914444 40914449
14935211 40917084
40919686 40919688
40919789 40919795
40920215 40920219
40924401 40924402
7798144 40925390
40925729 40925732
40927266 40927269
40927624 40927627
40933278 40933281
30951252 40933328
40933947 40933953
40938821 40938823
40940147 40940149
40943099 40943102
40944589 40944592
29247248 40945007
40946551 40946553
40951233 40951235
40237092 40953092
40956130 40956133
40956382 40956386
40957360 40957364
40960530 40960533
40961092 40961095
40961651 40961654
40962448 40962453
40963299 40963302
40966392 40966395
34246768 40966722
40969311 40969316
40969853 40969857
7798697 40970696
40972666 40972669
40975287 40975289
40993267 40993276
40995513 40995515
40996749 40996756
40997099 40997106
2480746 40998020
40998404 40998407
40999206 40999208
40999291 40999294
40999740 40999744
41000596 41000598
41001926 41001929
41001967 41001969
41004126 41004129
34247422 41006974
41008304 41008307
41008309 41008314
41014081 41014086
41014189 41014192
41014205 41014208
23656328 41014400
41015700 41015703
41016343 41016347
41018609 41018612
41019126 41019129
41019636 41019641
41019644 41019647
21647502 41020198
14936674 41020688
41021356 41021364
41021367 41021370
41033929 41033936
41035261 41035263
41035589 41035592
41035872 41035875
41036232 41036235
41036257 41036259
41036533 41036535
41036536 41036539
41036763 41036766
41037074 41037077
41037096 41037098
41037106 41037110
41037142 41037145
41037245 41037247
14936829 41037552
7800082 41037685
41037968 41037973
41039112 41039118
41039520 41039523
41041474 41041478
41041802 41041804
41041999 41042001
41042497 41042500
41044088 41044090
41046239 41046244
21647702 41046549
41047040 41047042
41047214 41047217
41047662 41047665
41050541 41050545
41056034 41056038
41057037 41057039
41057170 41057173
41057178 41057181
41057183 41057186
41057486 41057490
41057845 41057847
41057849 41057852
41057856 41057859
7800301 41058549
41058924 41058929
41059289 41059293
28057343 41059577
41060287 41060289
41060335 41060337
41060497 41060499
41060512 41060515
41061684 41061686
41062291 41062295
34247665 41062742
10646674 41063531
41064954 41064958
41065747 41065751
41067990 41067992
41068507 41068511
14937098 41070628
40237922 41070635
41073470 41073475
41073845 41073849
41074292 41074295
41074375 41074377
41075055 41075058
41075121 41075124
41075245 41075248
41076059 41076061
41080096 41080099
41082647 41082649
41086636 41086640
41089661 41089665
41090119 41090124
41099909 41099911
41100670 41100674
34247775 41100703
41108322 41108324
41109646 41109650
41112976 41112980
41112983 41112985
41114010 41114013
16566259 41114378
7789733 41116070
41119366 41119369
41120239 41120242
41120714 41120717
41120742 41120744
41120823 41120830
41123576 41123579
41123738 41123740
41123838 41123841
7789909 41125382
41125850 41125853
41127494 41127497
41129870 41129875
41131027 41131031
41131267 41131269
41131675 41131681
41132525 41132529
26874283 41142675
41146374 41146376
40683111 41157428
41163305 41163307
41163574 41163577
7790219 41163587
41165156 41165158
41165173 41165178
41169671 41169674
41169684 41169691
41179005 41179009
41184533 41184536
41184566 41184568
41184572 41184576
41184583 41184585
41184598 41184601
41184705 41184708
41184734 41184737
41184755 41184758
41184782 41184787
41184817 41184820
41184868 41184870
41184879 41184883
41184992 41184994
41185036 41185038
41185095 41185099
41185116 41185118
41185119 41185121
41185205 41185208
41185264 41185267
41185293 41185296
41185316 41185319
41185358 41185361
41185382 41185384
41185393 41185396
41185518 41185522
41185523 41185525
41185750 41185754
41185760 41185762
41185775 41185779
41185808 41185810
41185812 41185817
41185903 41185906
41185912 41185916
41185922 41185926
41185945 41185947
41185957 41185960
41186009 41186012
41186034 41186036
41186137 41186139
41186166 41186169
41186171 41186174
41186201 41186204
41186207 41186209
41186268 41186274
41186279 41186281
41186301 41186302
41186318 41186321
41186376 41186381
41186479 41186482
41186539 41186542
41186543 41186545
41186548 41186550
41186553 41186555
41186765 41186767
41186872 41186876
41186938 41186940
41187008 41187011
41187029 41187031
41187101 41187104
41187122 41187124
41187172 41187174
41187201 41187205
41187208 41187211
41187227 41187230
41187266 41187268
41187286 41187289
41187293 41187297
41187362 41187365
34242636 41187379
41187400 41187403
41187416 41187420
41187514 41187518
41187528 41187530
41187540 41187543
41187574 41187577
41187580 41187583
41187606 41187608
41187751 41187755
41187835 41187838
41187869 41187872
41187909 41187911
41187937 41187941
41187975 41187977
41187986 41187988
14928638 41188081
41188087 41188090
41188092 41188095
41188100 41188104
41188136 41188139
41188182 41188187
41188217 41188221
41188256 41188260
41188295 41188297
41188347 41188349
41188351 41188354
41188396 41188399
41188430 41188433
41188539 41188541
41188650 41188653
41188655 41188659
41188665 41188668
41188691 41188693
41188709 41188712
41188737 41188739
41188744 41188747
41188767 41188772
41188776 41188779
41188790 41188792
41188817 41188821
41188876 41188879
41188890 41188893
41188915 41188919
41188961 41188963
41188965 41188967
41188987 41188991
41189027 41189031
41189035 41189037
41189045 41189049
41189076 41189080
41189096 41189099
41189166 41189170
41189187 41189191
41189205 41189207
41189334 41189336
41189354 41189357
41189414 41189418
41189450 41189453
41189460 41189463
41189473 41189478
41189515 41189520
41189546 41189548
41189582 41189585
41189640 41189642
41190027 41190029
41190065 41190067
41198426 41198430
41198576 41198579
23656321 41198627
41198800 41198804
41198982 41198985
41199054 41199056
41199122 41199124
41199146 41199148
41199151 41199153
41199249 41199251
41199316 41199319
41199876 41199879
41200642 41200644
41200647 41200652
41200813 41200815
21640661 41230983
41251214 41251217
41294647 41294651
41298299 41298304
41298331 41298334
41298636 41298639
41298644 41298648
41298694 41298697
41298737 41298741
41298805 41298809
41299185 41299188
41299387 41299390
41299462 41299465
41299496 41299499
41299514 41299519
41299601 41299604
41299678 41299682
41299688 41299690
41299695 41299699
41299709 41299712
41299769 41299772
41299793 41299796
41299799 41299802
41300049 41300052
41300072 41300075
41300138 41300141
41300199 41300202
41300374 41300378
41399545 41399547
41410648 41410649
41445611 41445614
41472825 41472827
41473185 41473188
41473196 41473199
41473208 41473211
41473213 41473217
28053692 41473230
41473233 41473236
41473238 41473242
41473247 41473249
41473264 41473267
41473296 41473298
41564836 41564839
21644212 41564845
41574002 41574004
41574193 41574196
41574216 41574220
41574256 41574260
41574321 41574325
41640017 41640019
41640063 41640065
41655110 41655113
41673772 41673774
41674499 41674502
41675175 41675178
41675182 41675184
41681136 41681139
41696242 41696245
41696961 41696964
41720519 41720521
41731642 41731645
41731649 41731651
41731897 41731899
41731905 41731907
41819356 41819359
41819362 41819364
41819369 41819371
41819382 41819384
41991435 41991439
41991467 41991470
41998466 41998469
42009245 42009247
42122445 42122447
42287422 42287424
42627911 42627913
42733762 42733764
43809895 43809898
44551568 44551572
44564989 44564991
44588805 44588807
44640788 44640791
44656914 44656917
44656918 44656922
44656923 44656929
44657012 44657014
44657015 44657019
44657022 44657026
7795355 44657097
44657139 44657140
44657147 44657150
44657304 44657307
44657597 44657601
14932971 44657603
44657620 44657624
21644310 44657687
44657690 44657693
44657694 44657698
44657713 44657716
9070402 44657719
34245285 44657733
44657736 44657738
745448 44657741
44657773 44657776
8781652 44882534
44882541 44882544
44918856 44918859
44919819 44919822
44976136 44976138
44976498 44976501
44976548 44976551
44979918 44979921
44980121 44980124
44980644 44980646
44980737 44980739
44980842 44980844
44981327 44981329
44982091 44982094
44982908 44982911
44983384 44983387
44983395 44983398
44984310 44984313
45673413 16020551
46048785 46048787
46334876 46334877
46334878 44657639
46334879 8492115
46334884 8804850
46366590 46366599
21648076 46366676
7800742 46372227
40238008 46372890
40238012 46373300
46373374 46373381
7800793 46373961
36696773 46375911
46382840 46382844
6942382 46401298
46406464 46406468
7801044 46407423
46417482 46417484
46461074 46461077
46472737 46472741
14928785 46475644
46479190 46479193
46483150 46483154
46501978 46501980
860051 46503078
46506699 46506702
7793222 46508267
46524552 46524558
46525027 46525030
860050 46527900
29221815 46528101
1001632 46528497
9705451 46536474
46539699 46539703
14931877 46540552
46552032 46552035
46553767 46553771
46558139 46558141
46558901 46558902
46561850 46561853
34245240 46564434
46564470 46564473
46564707 46564710
40236124 46570451
40236126 46570528
29903710 46572576
7795533 46572604
46573459 46573461
46573517 46573520
46573608 46573611
46575980 46575984
46577283 46577286
46611376 46611379
46612040 46612044
46625013 46625018
46626187 46626190
46627991 46627994
46628620 46628622
7796745 46630058
34246122 46638069
34246182 46652184
46652689 46652691
40236752 46652997
46654144 46654149
46654323 46654329
46654926 46654928
46654964 46654966
14934664 46671259
46691611 46691613
40236872 46691633
7797655 46703075
34246445 46704486
46706457 46706461
46706662 46706665
46707304 46707307
46707617 46707619
46709645 46709648
46711226 46711231
34807357 46712730
46714326 46714330
46715040 46715043
46715216 46715220
46715638 46715640
46716280 46716283
46073926 46718344
46720007 46720009
46720848 46720851
46724150 46724154
46724768 46724771
908642 46728321
46728630 46728634
28056080 46729366
46730946 46730948
44920909 46736510
46737168 46737173
46738838 46738844
46739116 46739118
46739253 46739255
46073954 46740469
46741607 12473021
46741970 46741973
46742003 46742006
46742841 46742844
46743988 46743991
46744133 46744137
46745345 46745357
46745789 46745794
46745805 46745808
46746847 46746849
46747188 46747193
46747629 46747632
21646366 46748740
1854522 46749381
46749768 46749770
46751556 46751559
46751566 46751568
46756458 46756460
46756914 46756919
46757740 46757743
46760697 46760702
46763331 46763333
14935489 46763685
46767952 46767955
41391646 46771540
46773591 46773593
46775880 46775884
14935599 46776309
46074016 46781419
7798651 46781600
46783150 46783153
46784202 46784205
46074033 46785877
21646656 46786870
40237620 46804002
7799487 46805690
46808074 46808077
40237649 46808504
46809409 46809412
40237662 46809622
46809688 46809693
46810412 46810414
46811250 46811254
46074454 46812173
10015830 46812220
46812976 46812979
46813248 46813252
40237680 46813339
46814277 46814279
46814666 46814668
46815707 46815711
20062241 46816143
21647315 46816992
14936515 46817520
46821420 46821423
46822139 46822142
46822213 46822216
46823406 46823408
21647442 46824634
46824645 46824647
46461095 46824812
46824903 46824905
46825046 46825049
28057099 46825944
46826250 46826253
46826269 46826272
46826444 46826446
46826739 46826742
46827463 46827465
46827843 46827845
21647491 46828497
46829069 46829074
46829549 46829551
46829644 46829647
46830394 46830397
46831090 46831095
7800024 46842051
14936774 46842917
46844290 20968656
46844904 46844906
14936803 46845037
46845138 46845140
46845185 46845188
46845715 46845717
46846333 46846335
21647643 46846663
46848213 46848217
46848459 46848461
46848605 46848609
46848946 46848951
28057242 46849094
23656330 46849378
46849393 46849397
36166045 46849403
46851847 46851848
46853603 46853606
46854407 46854409
46854494 46854498
46856545 46856547
46856629 46856633
46859660 46859667
46859768 46859771
46861588 46861590
46862301 46862307
46865451 46865453
46865764 46865767
38154817 46866120
46866137 46866140
41391645 46866413
14937005 46866506
46866880 46866882
46867025 46867027
860109 46867305
46867533 46867535
46867537 46867540
46867611 46867614
46868159 46868161
46868369 46868372
46868423 46868426
46870502 46870505
46870600 46870602
46870908 46870913
46871053 46871056
46871065 46871069
46871072 46871074
46877164 46877166
46877237 46877240
46877264 46877266
46877841 46877843
46877881 46877883
46879939 46879943
21647908 46880687
46880753 46880755
46881334 46881338
46882088 46882091
46882129 46882131
46882186 46882189
46882360 46882362
46882610 46882612
46882781 46882785
46883166 46883170
46074619 46883471
46883555 46883557
46888420 46888424
46889274 46889277
46894833 46894836
46897634 46897638
46898825 46898829
46907128 46907130
46908709 46908712
46909415 46909418
46914864 46914867
46916488 46916491
46918749 46918753
19040419 46921518
16128391 46921943
46923454 46923456
46928504 46928509
46929615 46929621
46930511 46930513
46931130 46931133
46931140 46931142
46931148 46931150
46931455 46931458
46932722 46932727
40233869 46933631
46937296 46937299
46937606 46937611
46948759 46948762
46952539 46952542
34242515 46960354
46985787 46985790
46987119 46987122
46987124 46987127
46987145 46987150
46987177 46987179
46987190 46987193
46987196 46987198
46987205 46987208
46987211 46987214
46987220 46987222
46987273 46987275
46987303 46987305
46987396 46987400
46987402 46987405
46987439 46987444
46987654 46987657
46987660 46987663
46987677 46987679
46987760 46987762
46987792 46987795
46987833 46987836
46987867 46987871
46987876 46987878
46987913 46987917
46987945 46987950
46987973 46987977
46988007 46988010
46988077 46988079
44657208 46988081
46988104 46988107
46988150 46988153
46988167 46988169
46988367 46988370
46988451 46988454
46988502 46988504
46988506 46988509
46988520 46988522
46988534 46988537
46988538 46988540
46988575 46988577
46988580 46988583
46988593 46988596
46988652 46988654
7790466 46988677
46988763 46988766
46988769 46988771
46988779 46988783
46988798 46988800
46988853 46988856
46988867 46988870
46988886 46988888
46988890 46988894
46988911 46988912
46988984 46988987
46989000 46989004
46989029 46989032
46989059 46989062
46989081 46989083
46989191 46989193
46989207 46989212
46989289 46989291
46989301 46989305
46989355 46989357
46989377 46989379
46989447 46989450
46989468 46989470
46989528 46989531
46989625 46989627
46989631 46989635
46989638 46989640
46989668 46989671
46989684 46989687
46989705 46989708
46989726 46989729
46989763 46989765
46989820 46989822
46989871 46989873
46989874 46989876
46989910 46989914
7790481 46989946
46989964 46989967
46989974 46989976
46990034 46990037
46990108 46990113
46990135 46990141
46990155 46990157
46990185 46990187
46990287 46990290
46990317 46990319
46990401 46990403
14928642 46990429
46990435 46990438
46990441 46990443
46990515 46990518
46990520 46990522
46990550 46990553
46990574 46990576
46990688 46990692
46990718 46990723
46990839 46990841
46990843 46990846
46990848 46990851
46990913 46990917
21640432 46990999
46991011 46991013
46991027 46991029
46991066 46991069
46991072 46991075
46991080 46991083
46991089 46991090
28025858 46991094
46991103 46991105
46991117 46991119
19282608 46991236
46991326 46991329
46991374 46991379
46991453 46991456
46991461 46991463
46991477 46991482
46991548 46991550
23656320 46991577
46991730 46991732
46991812 46991816
46991819 46991822
46991864 46991867
46991917 46991920
46991934 46991937
46991954 46991956
40234073 46991992
46992131 46992134
46992189 46992193
46992470 46992472
46992813 46992815
47000616 47000620
28051560 47000816
47000856 47000860
47000919 47000922
47001196 47001200
47001446 47001449
34242679 47001527
47001850 47001853
47002449 47002452
47002619 47002622
47003075 47003078
47004603 47004607
47004824 47004826
47005185 47005188
47005355 47005359
7791001 47049429
47051769 47051773
47051985 47051988
47082175 47082180
47099547 47099550
47099572 47099576
21642001 47099880
34243754 47100047
47100177 47100179
47100234 47100235
47100251 47100255
47100262 47100265
47100267 47100270
47100279 47100282
47100347 47100350
47100377 47100380
47100401 47100404
47100426 47100428
47100530 47100533
47100593 47100596
47100599 47100603
13670694 47100738
47100753 47100756
40235002 47100780
47100802 47100804
47100834 47100838
47100906 47100911
47101079 47101084
47101261 47101263
7792462 47101321
47101381 47101383
47101488 47101491
46072555 47101538
47179951 47179953
47267885 47267887
47268131 47268134
47268146 47268150
47268275 47268277
47268286 47268288
47268325 47268327
47268341 47268345
47268936 47268938
47357982 47357985
47358365 47358367
47359479 47359483
47366887 47366890
47366925 47366928
47366931 47366934
47366967 47366970
47367175 47367179
47367262 47367267
23656325 47367274
47367396 47367399
47410016 47410020
47419601 47419605
47458024 47458027
47465555 47465558
47467066 47467070
47467087 47467091
47471983 47471988
47473257 47473260
28055130 47486592
47486855 47486857
14933907 47517512
47519773 47519775
47519913 47519915
47522184 47522186
47554827 47554830
47604213 47604215
47604230 47604234
47773911 47773914
48384148 48384150
48564727 48564729
48744762 48744766
48752680 48752681
48979736 48979738
48979740 48979742
49087033 49087037
49183173 49183175
49293204 49293205
49777208 49777212
50324627 50324629
50348976 50348977
50348978 50348983
50349014 50349017
50349077 50349080
28054553 50349204
40236073 50349237
50349239 50349241
50349289 50349292
50349310 50349313
50349314 50349317
50349800 50349804
50349815 50349817
50349829 50349832
7795374 50349842
28054566 50349847
46073292 50349854
50349856 50349860
50349861 50349863
50349866 50349869
50349886 50349889
50349892 50349894
50570237 50570240
16020156 50599639
50666375 50666377
47000721 50666639
50666961 50666963
50667779 50667782
50667824 50667827
50667879 50667882
50668383 50668386
50668601 50668605
50668880 50668883
50669134 50669137
50669146 50669149
50669493 50669496
50670215 50670218
50672133 50672136
50672185 50672187
51992046 29048890
51992048 41005597
51992051 41100624
51992054 15811549
