0 27
661 674
823 844
111 1259
698 1386
6 1698
706 2018
1245 2306
1730 2629
3372 3407
1165 4209
4690 4733
113 4810
1208 5035
1173 5399
1171 5546
1152 5790
1201 6186
701 6277
6410 6417
1182 6990
1177 7107
7403 7422
7742 7781
1748 7843
7905 7967
8067 8072
8323 8327
8481 8486
9288 9339
9358 9385
9603 9653
10261 10262
3376 10360
8525 10442
10474 10517
11284 11323
11520 11560
10415 11629
13860 13891
13931 13961
13989 13997
14296 14329
14617 14647
1394 15033
13362 15695
16211 16219
19640 19668
26586 26601
32039 32055
32041 1698
35774 35805
36049 36088
36105 36137
36111 36258
4121 36398
35786 36493
36600 36632
13871 36698
35784 36766
36115 36804
38980 39001
22845 39389
39394 39437
39394 39438
39690 39701
46007 46036
56387 56402
57156 57167
61754 61759
63665 63670
19851 73050
74751 74815
76508 76516
77841 77858
80551 80555
81740 19668
82526 82549
87882 87900
90283 90308
91221 91229
91614 91620
92219 92239
94101 94118
103239 103261
41555 107544
145042 145043
157748 157762
157893 91620
158151 158158
161299 4810
21623 189270
191328 191336
196490 196494
199160 199212
201297 202647
205278 205282
205564 205569
37030 207140
208577 208597
213445 213457
218063 218065
222231 222232
225821 225830
230009 230020
230152 230155
232202 232234
243447 243454
249906 249907
254140 27
259270 259276
267907 267908
274442 274446
274442 274447
278251 278268
279391 279398
283471 283479
292656 283479
145051 293274
298117 298118
300691 300701
25545 305301
306329 306337
312557 312564
313762 313770
76285 314753
315583 315586
319940 319941
320731 320735
322159 322163
323023 323027
323691 323695
324654 324659
325970 325972
326841 326845
334587 334591
335172 335181
345296 345298
365488 365500
374119 374126
396385 396398
398411 398478
411058 411059
212861 413422
423881 423882
307435 451990
462393 462397
466356 466357
469038 469040
488564 208597
488576 208597
492898 492903
497671 497672
498121 498140
499656 499657
505617 505618
572155 572157
595390 595391
344805 601623
609395 609398
142244 621168
623707 623709
636606 636607
639679 639681
640061 640063
669909 669912
681150 681154
682650 682651
684533 684539
689416 689417
697775 697776
703219 703220
704977 704978
713225 713227
719124 719129
721072 721075
726529 726532
734952 734962
737042 737047
738528 738529
749926 8486
153688 770239
770504 770506
258424 772146
774143 774146
775224 775225
224032 224031
778518 778520
779049 779051
779635 779644
779646 779655
779933 779942
797373 797374
809838 809839
814408 814409
820788 820789
825187 825196
826741 826742
826879 826893
835588 835600
844838 844839
858634 858635
863959 863978
864245 41878
871967 871969
874849 5035
877637 877638
878695 878700
521441 878998
893581 893583
896379 896382
896802 896803
900534 4752
900551 900553
905769 905773
906170 906176
920393 920396
922444 922445
938365 199212
629820 629819
943597 943599
948237 948238
957501 957505
975275 975277
981965 981969
987092 987100
993430 993431
993666 344408
1000499 1000501
1005040 1005048
1007988 1007989
1019197 1019202
1030161 1030162
1033777 1033779
1034054 1034055
1048041 1048044
1048738 1048741
1051756 844839
732174 732172
1055623 1055625
921921 844
1057702 1057705
661072 1057980
400566 1060062
1060589 1060592
1070458 1070460
1075451 1075455
1078023 225830
1090277 1090280
1097866 1097869
1111729 1111730
1117725 1117727
1118162 1118163
1122830 1122831
1125876 1125878
1132515 1132518
1146291 1146292
1146900 1146901
858064 1156093
835447 1161751
1167824 1167825
1169890 1169893
1171663 1171665
1199809 1199813
1201006 1201010
1210167 224031
31781 1214872
1215027 1215032
1216948 1216950
825196 1222003
1224507 1224508
1002796 1225019
1232838 1232841
1233044 1233045
1233295 1233297
1236687 1236690
1248576 1248577
1255857 1255859
1256040 1256044
1264984 1264989
1265139 1265142
1267233 1267236
1273666 1273667
1285212 1285214
996451 1293942
1294889 1294891
1296853 1296865
1301934 1199196
1312316 1312317
1317973 1317974
1323783 1323784
1333492 1333493
422148 1336153
1344932 1344933
1345683 1345685
1352055 1352056
1354620 1354622
1366052 1366053
1369570 1369571
1372512 1372516
1380971 1381008
1384173 1384177
1386197 1267236
1387319 1387323
1397418 1397420
1429557 1429561
1443052 1443053
1443992 1443994
1447425 36258
1259138 779051
1454559 314753
904923 1454637
1356190 1454814
1490895 222232
1517982 1517985
1139037 1518228
1533086 1533095
1534440 1534441
1544901 1544903
1550498 1550499
1554692 1554693
551686 1561865
1565172 1118624
1614632 943599
1642490 1642493
1647868 1647869
1662044 1662045
1677961 1677963
1744180 1744183
1770521 1770523
1802418 1802419
1806808 1806809
1828325 1828329
639698 639696
1845794 1845795
1847485 1847486
1855058 1855059
1891431 1891432
911875 1904725
1918679 1918680
1922206 1922207
1922324 1922329
1923611 1923612
1928566 1928567
1933673 1933674
1959121 1959122
1968014 1968015
1970729 1970730
1984135 1984136
1147142 1984642
1985724 1985725
1987098 1987099
1993843 1993845
2009484 2009485
2013409 1987546
2025502 2025503
2028596 2028598
2028599 1030162
2038545 2038546
2039993 2039994
2039995 2039996
2039997 2039998
2039999 1072329
2040000 2040001
2040002 2040003
2040014 2040015
2040016 2040017
2040018 2040019
2040020 2040021
2040022 2040023
2046734 2046735
858566 2048393
2051137 2051138
2051139 615068
2051141 2051142
2051143 2051144
2073798 2073799
2073810 2073811
2073852 2073853
2097345 2097346
2099007 2099008
2107953 2107954
2109505 2109506
2111520 1233297
2111521 1599430
1690526 2113746
2115246 2115247
2151478 2151481
2167417 2167418
2265043 2265044
2275629 2275631
2308158 2308161
2330827 2330828
2337695 2337696
2352605 2352608
2361571 2361572
218066 2369502
2373062 2373063
2375542 2375546
2393839 2393841
2394024 2394025
2405360 2405362
2443114 2443116
2458498 2458499
2461216 2461217
2470496 2470497
2500893 278268
2622879 2622880
2659197 2659199
2667066 2667068
2718834 2718835
2749996 2749997
2758538 2758541
2824172 2824173
2826833 2826835
2830724 2830727
2875441 2678881
2942575 2942577
2731010 2731009
2952992 2952994
2321069 2968582
3023968 3023969
2383216 3041622
2326689 3056286
3089530 3089534
1989566 3089569
3135487 3135488
2821877 3326340
3430246 3430247
3433930 3433904
3436824 3436825
3436833 3436834
3454266 3454267
3455260 3455262
1754434 1754433
3457349 3457350
3458811 3458812
3459772 3459773
3460238 3460239
3516988 3516989
3518388 3518391
3790788 3790789
4040127 4040128
4139445 4139446
4139770 4139771
4139811 4139812
4139843 4139844
4140353 4140354
4187060 4187062
4193795 4193796
4268043 4268044
4336966 4336967
4577059 4577061
4585044 4585045
4683888 2035997
4721561 4721562
4721634 4721635
4742408 4742409
4747291 4747292
4822249 4822250
4823496 4823497
4823753 4823754
4826224 4826225
1928426 1928425
4875301 1075455
4876164 4876165
5012075 6277
2985417 5022838
5073024 5073025
5613872 5613873
6307297 2380949
2618294 6315629
7041091 7041092
3415317 7081136
7148273 7148274
7493763 7493764
7505989 7505990
7505992 7505993
7506007 7506008
7513700 7513701
7735995 7735996
7937980 3500712
7956577 7956578
1927736 1927735
7991876 7991875
1466785 1466784
1392 244629
107 8112666
91 36632
100 259276
1227 3399580
1725 8113740
1443 8113845
98 8113958
1180 8114076
1234 61759
1195 1435655
109 8116128
386386 726215
1739 820789
1223 8116481
1210 8116595
1164 8116676
8116892 8116894
1237 8117194
1167 4284859
96873 630500
1018935 8117601
1218 8117675
1217 8117755
1199 8117953
1166 196494
1531920 8118410
4696 208597
55462 8119283
7913 8119397
50348 8119500
78423 1235681
24901 8122695
39375 39389
159646 8123173
1382787 8123235
14620 8125155
222820 8113958
19940 8126574
8134711 8134714
31851 8135557
1214869 8135661
8135735 8135743
8135773 779644
1258204 8135807
36559 8486
21258 8139318
36058 8139446
36235 8139487
36060 8139594
257911 8139790
36114 8139829
8141129 8141286
1016752 8141325
8141372 8141390
892709 3368785
8143070 8143071
3045145 8143115
331837 514744
6435192 8148262
82532 8149791
1144745 8154283
286083 8154304
180798 8154589
1274759 1274755
595397 2232673
1691386 8156323
470317 8159021
8162525 8162527
92222 564394
95008 470889
46014 8170051
258725 8170795
2758208 8170984
82529 8172386
671265 91620
31922 8175647
90286 244629
90290 442073
2357747 8176161
8177578 8177579
8178164 8178168
3078678 8178549
82531 215018
19867 8180092
19939 8188326
4136385 8188407
39374 330051
657529 324279
949428 949427
8195428 8195431
345299 8486
141702 8213500
141703 8213558
802056 881299
160295 8223918
1908298 8224246
160296 8224721
2620445 8226244
136035 8227006
14933 8258887
109700 8265851
1037102 8267391
2355473 8116481
1600659 8279511
8281968 8281977
92175 8282255
8288553 39389
774798 8300122
8301381 1355941
448268 32055
861113 8305381
8313262 8313265
869549 8316514
2724330 2724329
4277503 8319737
77891 905000
277993 503281
1202109 8322068
3109274 8329589
261413 8331195
8120203 8332330
8333827 8333833
8335497 8335500
635825 8339161
177550 828746
4771931 8344214
2117515 2098923
3304216 8354465
8354517 8354519
8355706 8355710
910278 8355757
267569 8358238
8358342 674
8359031 991539
8359631 8359643
8359701 8359704
863578 8359758
8366723 854909
879000 878998
4663831 8378482
8385160 8385161
8385433 8385435
1052110 8392203
8393175 8393176
1382576 8412176
8413769 8413774
1115380 1201010
8423765 8423766
1360650 8453
8423876 8423879
1067894 1252906
612076 8452802
1037232 8468651
8468832 8468833
1038555 8475878
6799494 8480715
2485543 2485541
317692 317691
8498973 8498976
8516178 8516185
8527953 8527956
755941 809839
1123584 8537151
823731 1800283
906097 8551876
2315066 8552011
8554935 2045864
1169733 8558352
8562123 8562130
610755 8565210
191387 191336
8578061 8135661
8580073 1057980
8590821 8590822
8596585 8596586
5874662 8598953
8601710 8601711
1481591 8615973
1100915 8625405
8626502 8626502
3457217 8632299
934679 63670
8635871 2112842
8487 639833
2201571 8647647
8649883 8649884
8650211 8650215
5970618 8650292
2821676 3092917
2098814 8664414
8671020 8671022
1760633 8672033
8672208 8672209
8676563 8676565
837864 8676991
410671 8677842
8678194 8678195
697309 8678395
67910 36632
754507 8679236
45428 8679406
319944 8681429
8676992 8676991
894768 809839
449409 896130
8684354 499657
6434702 8686109
8688849 8688850
221088 639833
8241153 8153357
8694044 8694054
756247 2369502
455268 2380949
8713856 2028598
3128110 8721008
3117304 8725182
1228696 8729310
490241 8729500
763954 8735255
1985419 8744943
8745875 8745877
8747325 8747326
1844816 8750271
1301613 8757085
633422 8764970
8769879 8769880
4849449 8775613
793833 793828
8779849 8779854
8785484 750207
446653 1199813
897779 8788758
8789345 8789349
8791852 8791855
8793391 8793405
230155 8796023
8804644 8804647
8808545 8117675
2224617 8740003
8826847 8826848
2406394 8392942
3457189 8857441
4886520 8859333
6405365 8860685
6887211 8861639
993263 993262
476916 8864201
8869392 8869393
1031035 8883170
3500456 8886566
460233 460232
8906099 8906101
256376 8665831
8909874 319941
837712 844839
8913416 2609254
8896198 8896197
8919512 8919513
8921973 8921974
3100948 8935840
3109435 8947806
3403134 8947987
8948688 8765844
5181509 8960069
2415331 920396
8978317 8978318
3096997 8982162
3172338 8988592
597068 9012970
9019178 9019179
9023432 9023435
1475688 9020173
2364616 9031633
8564311 9036721
9038880 9038882
9041028 809839
9048320 9048321
1039775 1873718
9051184 9051186
906305 906302
9052804 8139594
9057035 9057036
9060906 9060907
9064766 9064767
9068600 9068604
5086779 9069541
275093 9057036
4067618 9070149
3143375 9070723
1565173 1118624
5086133 5086780
227812 9077409
8634229 9078341
9079599 9079601
2845158 9082553
1305330 1305326
728222 9099807
9101317 8831669
1298922 1298917
9109208 761518
9109219 8305381
942487 36632
1467943 9114977
9120790 8962404
9124049 9124050
4192420 8227006
9128619 9128620
5087927 9130412
9143313 9143314
9150725 9150726
9151140 9151146
9156472 9156475
1305829 9160049
9161875 9161876
583724 9164347
9165219 9165221
96372 9173440
9173492 9173494
1874785 821031
9175182 9175183
2926425 9175411
9176219 9176221
9179266 7948431
3180517 9182789
329013 4802930
9190226 1955879
9212180 9212181
9217701 8422048
9242637 315586
9243060 1959078
9243346 314753
9254418 9254419
9171151 9265531
821033 821031
1378164 9296535
9321414 9321419
9329775 9329777
9333776 9333777
9348076 9348077
9354627 9354630
9368044 9368045
2046455 9370994
9404124 9404125
9406889 9406890
9418878 9418879
8551617 8551613
1585975 9435311
246698 8117953
80552 9441523
2004581 9444157
1928340 1295741
363659 8143070
2303564 3092432
1189443 330051
9510044 9510047
1928333 1928328
2346939 9517704
1929469 9517710
2830632 2405362
8636721 9529626
2821932 300701
9560012 9560013
9523514 9523513
9523522 9564376
3455257 9564614
9566218 8117601
1101097 9570195
9596983 9596984
9626522 9626523
9626524 344408
8153358 27
9626526 9626527
413623 413621
8900934 9626536
9627110 9627111
9635269 1949579
9635282 9635283
9369203 36088
1971486 9648378
2565358 2904535
2561410 9671147
1159929 9697735
2906113 2906112
9715743 779644
9715744 9715745
5591529 8486
9715748 8072
9715749 8327
9715750 9715751
9715752 639833
9715753 9715755
8905793 1030162
505619 505618
9724941 9724942
9727488 1670067
9727489 772146
9727490 2051777
9727491 9727492
9727493 9727494
9727495 9250217
9727496 758846
9727497 9727498
9727499 9727500
9727501 9727502
9727503 9474565
9727504 949427
9727507 9727508
9731958 9731959
9737141 615064
9737142 8635748
9756066 9756067
9756076 7793767
9756096 9756097
9756100 9756101
9756105 9756106
9756107 9756108
9756119 814848
9756134 9756135
9766045 9766046
9774831 9774832
9774833 2071761
9774835 9774836
9777654 1698
9783651 9783653
9788846 9788847
9788848 9788849
9792556 9792557
9800043 9800044
8655444 8655443
9929271 9929272
9995945 2965536
10005136 8316514
586394 4759810
10024381 10024382
2439846 2439844
10083028 10083030
2733427 10085918
3092486 10102859
10112902 10112903
10149609 878998
10150346 10150347
10182433 10182435
6458743 10183602
10188181 8227006
10204152 10204153
2821774 10267849
10321536 10321537
10362533 10362534
10371381 10371382
10372694 10372695
10395815 10395818
10402870 10402871
10403103 2232673
2821779 2821778
10431365 10431366
2821282 40142
10451616 6923607
10456736 8906101
2821318 10489353
10502697 10502698
10524253 10524256
10568307 10568308
10575756 10575757
10695906 10695908
10837191 10837192
7183372 515653
10911783 10911784
10912549 10912550
10927250 10927251
4305243 10927252
3158519 10937037
10938802 1265142
10940800 3292482
670627 670625
10958904 10958906
10958940 10958941
10959534 10959535
10960092 10960093
10960220 10960221
10960499 10960500
10967405 319941
11025455 11025457
11053123 11053125
11055806 11055807
11125010 11125011
11129401 10938900
11138620 11138621
11155001 11155002
11176357 10937037
11195783 11195786
11227590 11227591
11253127 1352056
11255689 11255690
11258310 11258311
11259850 11259851
11261150 3045145
11347408 11347409
11586066 11586067
11631966 11631967
2861 36632
39407 12009103
12018184 12018185
12078582 771491
12079483 8499215
12130218 1216950
12082754 12082753
6437161 6437160
12209741 12209740
12209786 12209787
12228484 12228486
12250003 12250004
12254870 12254872
12255065 12255066
4981637 12345398
12347992 12347993
821754 1197843
12531734 12531735
13106629 13106630
13131794 334730
13564301 13564302
1738918 14021377
14143840 14143841
14662535 14662536
14662539 14662540
14664952 10790797
14672028 14672029
14724873 14724874
14953205 14953206
15087301 15087302
15102335 15102336
15119583 15119583
15120018 15120018
2004327 2004326
10958724 15148376
1133430 1133428
15211300 15211301
15214831 15214832
15214850 15214851
577880 15220563
1214 15236697
7749 8112666
1700 15236825
1713 15237396
96 344413
9294 8452802
1216 15237742
94 15237843
1735 8166403
1233 8166403
1228 15238094
102025 15238210
704 15238993
1190 15239444
1737 15239555
1151 9066696
64785 1398164
1395 15239768
1225 4765190
1397 15239917
1397 15239918
1242 15240034
1235 15240249
1439 15240297
1142 8355710
103 564394
1742 15240729
1157 15240951
1147 14143841
1249 15241323
1715 8319737
1194 1294891
1186 15241706
700 8378482
186105 276621
210873 939727
41849 2035997
348833 315586
9610 2485541
5977 15244445
7911 8562130
9292 10402871
12194 15245757
716578 306337
759424 15245985
13687 15247531
36056 9661002
13872 15247919
1046573 15248001
957478 947759
380495 15248103
1752478 15248127
829154 1197843
306385 15248346
1780317 15248385
220977 14647
144377 15249162
1565271 15249277
253569 15249722
240485 244629
327811 15250852
15418 1057705
942857 15251704
21349 15252586
622107 15254683
470572 15255509
1825089 15261810
3994 15261847
36785 5139154
36744 15261920
36745 15262168
15263442 14143841
15263498 15263516
893508 334591
2197566 15263804
585372 8946373
244639 15266840
114201 1259
20025 1259
321228 9030382
8865769 15272991
1133731 1133726
59736 1133726
184391 821031
29044 15287034
254046 15287297
476677 8113958
15290304 15290308
1217132 15239768
90182 15294448
90288 15294469
13997441 15294507
36061 15295820
2595326 324279
2572918 15305452
10234564 15305895
2588888 15305918
15306236 15306246
3111700 1154434
55834 15325831
8652964 259276
107524 15338891
9251 14785364
1378249 15339057
488573 8316514
1378291 15353564
1101774 15359262
642168 1918680
1786561 7793777
15379305 15287034
825490 15379517
1686569 1686566
2094915 15400239
1593594 1593593
15407457 15407462
6399170 15410277
15419895 14931266
840174 8647647
197529 1928344
12102314 8635748
384631 384630
245471 15436212
61740 15436758
8120230 15439802
172963 15440707
3458360 57167
15446665 1369571
2011441 3125091
87092 15450883
15450893 15450894
15455016 15455020
948072 15455868
3725258 15456071
1112686 9779561
1112686 15456876
2415406 10100177
2532072 314753
2098018 15466301
2781466 15466736
892010 15467206
3282933 15467734
294009 15469209
697620 15470796
15487164 15487168
979349 15488969
2821389 15491200
15491633 15491636
758847 41847
15335283 15509617
15513765 4905120
1129511 15537422
8934669 15548624
3176880 15577475
15579656 9044322
1043690 15579918
2398050 8155670
889055 14934273
15586932 2821304
1110825 15607550
660129 1975291
635814 9070565
15619853 15619854
1257966 1257965
977830 7798590
15628645 15628646
10714516 15628753
15630622 15630629
4627614 15635310
577491 15238094
606789 15653861
15654038 15654040
2730505 15654147
1897035 15659724
603305 15660718
15661544 15237396
620091 15662812
15663251 15663258
15278617 9830738
1039780 8143071
15677960 15677961
15686049 15686060
15688726 15688727
820738 820730
922895 15713166
10656861 15713241
15715982 1985725
67796 755168
38793 38788
348639 15722616
15724183 15724184
2175517 15738660
15741613 15741614
810899 9538117
553367 10643962
2397584 15744620
15746319 15746321
15751244 15751245
15751415 15751418
9715746 8486
1542955 15757805
1345686 1345685
2098826 623709
15769105 15769106
1258882 8786894
1247441 15771774
77903 777057
304666 769438
1123022 7798734
2361219 15790612
15794158 15794159
5616289 15799420
858642 858639
711208 15807595
14787 15809009
15810026 15810027
8141662 4765190
13131752 15820941
1152935 15833062
841997 15833666
15008344 15834301
1315104 1315103
2713403 15841625
2085961 15846710
3039984 2098943
15847700 1167825
13131878 3501722
1133429 15644457
867978 15858844
15860650 15860652
4139798 15876959
326846 315586
5217802 10643810
1435712 1435710
7991989 7991988
10904504 15906540
9215653 15251704
1368445 6249388
682538 15266840
156075 15926841
1781789 1781788
15937728 8729734
15939656 15939657
8857435 15939999
15046731 2107954
2821517 8282255
15843382 15843379
15949466 15949467
707520 15956140
15958095 15958096
15958702 15958703
15961707 15961710
8683253 8683250
9650800 9650797
324283 324279
1683225 1683224
8321581 2410031
2821371 2821370
15993638 15993639
16009922 16009924
16010680 8946373
8873193 16015837
976370 976369
1388688 16025381
3012371 16041072
771573 771572
838433 1984642
1364823 15236697
1700228 1700227
1779705 8113958
1986499 10676741
16090026 896130
9116826 9116825
687168 16092755
1786564 8143071
745102 15250852
16105557 16105558
12152482 16123782
4157203 16125329
16127366 9810577
5115633 199212
16169233 16169234
893295 16171655
16173518 16173519
16186198 16186201
16192651 1080242
11735411 16197571
2817153 2204357
3178585 16212021
8828685 16217305
16222700 16222701
9635094 16223496
16152390 16152388
3116372 16231095
2940068 16235340
15940167 16235921
2098948 16237686
13756647 11707038
2112843 2112840
1374555 16266752
1310385 16274671
10651800 15237396
16284320 16284328
2432729 16289172
5860347 16291077
9902335 9902334
16304718 16304722
16344586 16344588
16350105 10432749
2489398 16358715
16380581 14535362
8456839 9681326
517867 16388142
927961 16155862
9227599 9227667
16440622 16440624
16441784 16441785
10459692 8222959
2821315 8470969
16449641 16449642
1907963 16466068
10715523 16476846
15264642 2877639
16518361 16518362
10416787 16519842
16532622 451990
9634956 16532624
16541408 797374
7360365 16542534
9367993 9367992
16552497 16552498
16581498 1922207
16585088 9194429
16631051 16631052
16409337 16409336
9523537 9635283
1798663 3798133
16643402 16643403
16643410 8143039
1959079 1959078
1928332 1928328
1892113 1892112
14222579 16700377
11595132 906176
858638 821031
16719911 15755155
16719912 16719913
16719914 16719915
16719916 16719917
16719918 16719919
16721448 16721449
16722341 15580887
10402779 16726353
16727700 12066919
16730521 2110768
16730522 8948687
16730524 11002255
16730525 16730526
16730527 16730528
16730529 891481
16730530 2098822
16730531 15379517
16734870 16433796
16738545 2352761
16757125 2039996
16757128 9396224
16757147 15885779
16757155 1580122
16757164 8468651
16757172 2118598
16774595 237413
16774596 16774597
16774598 9807358
13517133 2098880
16776658 2046994
4567140 8826806
2098892 2098891
16786630 9731547
16796722 9730016
4139845 16817082
4140951 4140950
16875484 16875485
10888647 16882127
3500713 16885067
4826162 4140240
4825924 16897979
16917541 1173994
16972435 16972436
2418825 10402550
2821561 2821560
16987662 16987663
16996878 10018817
10450976 17016129
3093075 16289172
17044071 16944256
17044508 10460440
17085274 8729734
2389567 17106581
2813111 17141048
2405501 16963189
17226731 660632
2821501 10460544
17237007 17237008
3095090 10093691
17349770 17349771
17351273 10194290
17351852 10579056
17358290 8316514
17384354 2631717
2400185 17395060
17427953 17358205
4853855 17434669
17456115 17456116
2308577 17473564
14537586 14537585
10402635 15815250
1293312 17581838
17617390 17617391
17630374 17630375
17727615 10695908
17728093 17728094
16217471 2749997
17765691 7148274
6363908 17796341
17817550 11258311
17848347 2749997
17874319 17874319
3455478 17874615
17875062 17875063
3093108 3093107
17875338 17875339
696117 17875454
17875642 17875643
10960807 13124645
17878446 17878447
14947906 17913282
904516 4099924
18011950 18011951
18043757 18043758
18151966 18151967
18157048 18157049
18158655 249907
18163921 18163922
18169501 2381239
4826080 18470093
12209863 18470160
18471292 18471293
18484729 15980872
13131750 18486919
18537564 18537565
10926768 18604060
18667338 18667339
18832320 18832321
45108 15398739
39403 1189490
19015555 19015556
19058419 19058419
19059267 1258017
13124568 19059292
19061399 19061400
19061473 19061474
4140949 4140948
4680949 87900
19225228 19225229
9030803 19238168
12383596 12383595
1295744 1295741
15433927 2369502
19932220 19932221
20320557 17467869
1641956 276621
6829316 6829315
20771674 20771675
21356740 21356741
21387373 3089569
21387381 21387382
21388762 21388763
21388767 21388768
21402501 21402502
21428116 712360
21432569 8886566
21614340 21614341
21641336 21641337
21677044 15939999
10913125 10913124
1125879 1125878
21790164 21790165
21824178 21824179
21825475 21825475
21827264 21827265
21838683 21838684
21840056 21840057
21852607 21852613
21914906 21914907
2902 21936373
1211 1302021
108 601623
1726495 320735
1734 1047027
1708 315586
1230 1857784
1728 1710741
1229 1985725
1712 21937145
1143 1007989
92 15386642
93 21938540
1219 639696
1718 8156323
4695 9227620
1720 15820490
1215 21939906
1209 15820941
1441 21940087
1178 21940166
1163 8274763
1246 21940599
1170 15713166
1162 8672209
1243 21940905
1716 21941081
699 15607550
1184 21941286
499629 1317974
11387 21941675
55364 564394
3305 16152864
24866 15249722
51991 8392203
7337485 2040001
3158 466357
15620 21942366
4694 8828286
58111 21942942
7910 9095814
33924 21943443
20804 21943672
102737 21944116
11543 9195692
253957 8917836
11287 854909
91219 518633
11050 21945469
196638 21945784
115463 8666656
324778 21946022
41509 2073811
74758 21946114
1754213 21946158
14783 21946557
665998 21946649
1663429 15838509
426459 2380949
51743 13164057
275139 32055
78422 939727
16860 814575
5968 1259
672668 564394
46392 39389
759156 15339057
1258018 1258017
7851590 21951823
3122008 8305381
10398 21958168
2145 21958909
35783 21958939
957479 9181901
1747323 21959045
36062 21959318
1952377 4870595
13937 4762368
280062 21959468
21960651 9036721
8141147 21960743
2438250 21960760
3535 21961558
19244864 21961917
8143260 21962157
625032 15870540
833710 601623
59733 21967455
56450 344413
36440 21970223
4144694 8153357
415376 674
8155776 14535362
746659 611839
229014 4818099
78653 315586
1140 21978138
270449 21978596
302379 21978943
1407676 16963189
74756 826742
2974472 7641092
525395 21981994
1178366 344413
36558 7800675
77854 21983432
229030 4818099
110746 827802
82533 21988510
45304 17110134
2164137 21989810
90287 538276
82534 202647
6997399 8135557
277510 8126574
39373 3125091
3000452 15251704
46015 9635013
157639 8223918
8074 36632
2074686 2502371
138420 9636385
1422045 1928301
533584 1939383
988744 1955961
106527 22068936
22076119 1683224
866718 14143841
5191917 22079180
836173 8571496
9085216 21938540
1167554 22097972
949116 2051138
16087639 16087638
2342334 87900
898554 22110460
1302021 22118257
614401 22118587
7793102 22120723
16651752 22123467
3066221 1845795
1344471 22130287
13958469 9529626
639266 639265
308323 22133422
922446 8139594
2833810 2821760
684641 1372735
1643025 22140906
2051142 9792158
1153118 22143506
326416 22143591
771698 1435655
22146466 8153357
307439 307424
423052 12142093
415227 22150171
22154006 22154007
22156207 345298
16833750 9441523
22157368 22157370
22180305 9212181
1293057 16128815
384057 22184295
21981934 22186902
3818758 22196265
15781 91620
1372736 1372735
22204731 22204732
410250 14170540
41721 41878
22237638 22237639
22238647 4790805
22239644 4209
9794347 22246282
764767 764759
8752376 1298917
1559792 22270423
22307166 9078607
7163275 22307877
3110831 22323234
776380 202647
602943 63670
599462 1928412
2349684 22331181
608895 9417423
16606983 22366607
8175622 19131176
1879564 8558712
22385460 2040015
6011440 22386936
4029725 21959318
780520 8876157
8731741 8332330
3500821 4040128
22395613 22395617
1343158 16155873
15711947 11017641
22397966 22397969
1246165 1246157
11271306 9968943
9418880 9418879
238787 9181902
22413458 22413462
17445054 22413829
3041825 22415585
22416746 22143591
302814 22420377
517142 8886566
3095304 22425466
754268 754267
901592 22428551
749552 22429223
22434953 835600
4158703 22434959
520308 315586
670700 809839
1083098 22442608
15839539 22443015
22445161 22445162
11550012 7686272
10853660 22455169
6423953 8730424
15812868 8113845
64573 15771774
192706 8908067
1191507 22485095
16726154 22493590
9777579 22507166
1986840 315586
13156494 15439802
115539 10643671
16499953 16499952
18401909 13742743
45118 45116
46126 12078910
22525819 22525820
22527154 22527155
22528573 11707038
12284254 22528942
22529030 22529036
3505106 15867137
22537434 22537436
17749571 22540597
22541889 9962576
2256744 22545199
22568496 22568497
13131775 22597331
3798133 9527997
3644048 15251704
1361430 1361429
22630280 22630281
9155523 16157306
5087905 15858082
8786365 8786363
9408398 22580779
2821580 22675114
19921274 159954
22679308 22679309
22688150 9321419
2393194 22697103
22714066 22714067
21640692 22730031
1375950 3788470
3716531 15758127
1845908 2821448
3147535 3147534
16239912 8143115
22745434 22745435
22755358 22755359
752014 15654040
22758039 22758043
9404464 9404463
8913763 8913759
1201581 22764373
837630 22772054
22773690 22773691
1435804 22777470
1351594 22777651
9059457 16164512
18477235 22781585
1928343 1928342
2366469 16519842
22143229 22786690
11258233 16375906
1797945 1103649
22792802 10385483
13577791 22809362
22810375 22810376
10641134 22811915
22820651 22820652
1222334 2830625
1285215 16157205
22849350 22849351
22780954 8697442
22851378 1993845
11635706 770506
22863436 22863437
17044127 22863973
2570210 844
22870037 22870038
651686 22874380
1842803 22875385
9191873 22781974
3433905 22888216
16053790 8141390
11891623 22898544
2915931 22910495
22913364 22913367
22922746 8751963
22927598 22927599
22927854 314753
22927902 314753
974519 22929158
3201977 22930160
15139250 22936900
22939110 8195431
15857629 22318351
9156733 9156732
9161754 3006650
10670608 7793767
3126731 22960759
1511707 15509617
1195662 8626070
15025220 22974607
1599097 1599096
12114408 12114407
1353461 8786894
9788850 9184963
23005086 23005087
13090235 13090234
1559597 23012809
23020017 23020018
2031548 2031547
7791784 2405362
6320335 1189490
7997417 23027174
23043336 15469209
23045452 23045453
9259351 23048464
23054772 23054773
3456561 10958262
8963110 16427706
981970 15237843
222245 222232
1245950 1057705
1965908 23136500
23145359 1882668
2928979 17358011
23163141 23163142
23168531 23168532
2821783 23168533
2821398 23168535
1949573 16173363
23215991 9547897
2732880 23216728
23250236 23250237
1897102 1897101
3419645 22307902
1793336 23264519
21746 21739
23264524 23264525
22075350 14936759
10068691 23272351
16643203 9750489
2728273 2570036
32872 32870
23272356 23272357
23281430 23163142
23282547 23282548
1115232 8195431
23319210 23319211
1982416 23319991
11967040 23323850
1200946 23326336
23343426 8572500
23343427 23343428
1336154 1336153
23345831 16237686
4139780 23351995
23352925 15430488
23354274 41847
23354275 16719919
23354276 23115768
10674053 2045864
1298238 22853425
9727506 23362595
23362596 23362597
23363289 23363290
16757129 8072
23379860 9731959
23379861 22407041
23379878 23379879
23379882 1835963
23396142 1336153
23398259 23398260
23406878 2098869
23406879 2098835
23406881 778520
10452436 244629
23453523 1301694
19926729 23482890
23515636 10625511
4140195 19061348
2534988 23560887
1313459 1313454
2455838 23607277
2821497 23667001
2821489 17358118
1802391 2915731
23742208 23742209
9710912 23748328
23763140 13093243
7009573 7009572
23821180 23821178
23884140 3459486
2631747 2631746
19225562 23892545
17310068 19225675
10001608 10001607
9959233 9959232
2592126 23937418
10475267 23180001
23961883 9114977
23968317 23968318
10323029 23971981
3619 15295820
2942698 2942695
9948361 23674324
2976619 10402733
3092970 3092969
24047469 24047470
24047848 24047849
2881386 24036755
10190846 24053114
24053988 2508127
12263776 17478215
10402591 10402590
24124313 24124314
16687708 1984642
22468218 1386
4886906 24164426
6363872 24179858
24281737 3264281
17845419 17845418
6850723 24419702
24421275 91620
24421828 3436834
10958025 24436050
8538250 8538249
24436377 24436378
24437716 24437717
24437739 24437740
24439133 17876300
24498897 24498898
18933359 18933358
18922264 22974928
24705466 24705467
24707913 24707914
22989498 24702220
24718322 24718324
24726416 22898544
12066920 12066919
14788 15809009
18470957 25011736
4139973 4139972
4981468 25012673
25013172 25013173
25026901 25026902
414114 22527155
25120068 25120069
6331114 14039760
25284243 25284244
39404 25382340
39401 760735
25492262 25492263
3177790 25518534
1707129 1707128
25576087 25576088
20312619 905000
25738859 25738860
25778983 25778984
1928356 1928354
26400490 26400491
26742353 384630
26780245 8779360
17874689 17874688
27209919 27209920
14033410 27221145
27495489 27495490
27495500 274447
27805125 27805126
27805167 3089569
27807344 16074264
27814237 10687026
27819781 10940814
27820103 20053611
27820111 16240845
28052233 28052234
28067920 17913282
28154863 28154864
28199077 28199078
28208328 28208329
28226816 10958429
15118356 28227259
28229852 28229852
28230092 28230092
28231475 28231474
28231778 28231779
15122854 15122853
28233793 28233794
28240429 28240430
3455442 3455441
28307614 28307615
24436456 24436455
1222 22154006
9 1133726
9 7422
33725 2232673
1723 95830
1187 878998
1721 21970223
1241 22887157
723237 9294164
708 28339997
708 22561792
702 244629
1159 12468653
1239 28340227
1185 22110460
1741 828746
4356 28340919
797714 8155670
797712 22143506
178729 15456071
4357 28341220
9607 28341295
1202 19851380
1232 28341874
1226 16266391
1714 22133289
1207 16266369
1200 23080773
707 9824486
1181 18537565
728194 2051142
7331719 466357
233603 994811
48760 9174062
7909 28344421
9609 28344629
706013 28345162
706842 28345218
36603 8143039
41511 15280116
1745341 23272357
14305 28346904
14303 28346950
31747 28347697
11475 15754604
71919 601623
8126791 7006589
8124270 22107136
2351729 28351582
5552 28353659
27412 28353931
31776 32055
707310 22525020
16156 28356506
1184547 1381008
1381140 28356552
32070 446340
3993 9294164
21741 330051
35785 1718294
2195499 28359115
14306 28359173
13868 23272118
8123216 28359288
11388 28359326
35787 28359452
36604 1336153
13938 16643252
790 15339057
8563921 15653861
8141381 22790402
11257316 28360649
829153 1197843
1362730 1815348
192270 12009103
611240 1845795
24484 28365629
2533297 8145684
22402744 22402743
304482 28370615
25076738 22528942
596806 28373537
28377079 17433063
8351897 1146901
75833 17370385
1553337 28379664
77855 17401526
46016 9635013
3069961 28386241
360689 2306
90289 497672
2716807 23925840
3116009 18477354
49639 28389092
1888829 28390094
2502364 28391401
115984 28345218
623849 9618774
564859 15251704
28397399 28397405
107521 28397910
1369368 23773883
22640195 7686272
876082 23633225
264792 854909
10699015 15869397
4092378 28461057
2550572 28461149
10695119 10695118
28471024 9074724
240684 1435655
10698669 28476172
8154599 8154589
3387796 28481295
854914 854909
28490514 28490515
933781 933780
1435731 8112666
453447 4800928
1392425 1392422
284846 28511869
28513566 10634434
1677450 9886598
24225591 28516005
45334 8143039
8329587 28520916
524751 630810
506782 726532
726026 14935740
1057706 1057705
3179871 1386
3186895 28540207
649455 22510099
1352237 17358298
8994029 8994028
28562385 28562388
617352 28569390
14932716 893893
9227725 9227723
2388571 23150932
28596246 28596250
445911 7006589
9353565 15237396
6923413 8116481
3074629 16097046
1435749 1435748
23019860 23019857
1175501 1828329
880210 880209
8787609 28655903
681155 8329589
751730 8486
28677951 28677952
28686779 28686780
28363436 8492542
445618 8135743
22929858 28694226
13137517 28710840
974157 2331228
2472052 2472051
3076625 22471883
22826234 2821841
8571722 986597
390270 8534361
1031652 8679406
1626873 1626872
9181902 9181901
2352762 17016129
1450095 1450091
3134607 28794162
821125 1215032
790097 15238094
28802149 22520359
2111522 1599430
1141350 2040001
2042747 28808412
380436 8678395
27985566 9474565
1895992 41716
28818057 15831083
250589 16146250
1350552 15858094
9454213 1295741
731476 9038882
893311 22773691
871972 871969
3334890 15771774
8854375 22955121
211877 1939565
28853807 17401524
28853849 28853850
28859407 8224246
23982531 23982530
2821816 28879272
28879431 826742
28879473 28879474
861498 28880754
704979 15339057
28888071 16607350
1721232 9635095
28895029 22397107
883126 28895593
28898437 28216526
1011326 28898804
1145834 16730526
1102984 2025503
1378578 1378577
3455490 3455488
28909850 28909851
2036554 8883170
893336 8431416
5837328 5837327
8692011 15769212
28950440 28950441
1105914 28958251
28968390 8605878
9523857 306337
12278169 22687797
9635076 9635075
28978383 442073
2819172 7781
29008858 29008859
8561465 29009083
1167522 29010141
29012186 29012187
22424419 4905120
976779 17445571
7362525 7362523
1251017 1251016
2328226 29043992
16383995 22690486
3266777 14953206
1163616 1163615
1816295 29081001
3091110 8650215
9662763 29086927
360431 573136
29106059 22869678
247349 615064
477130 16175062
446250 15704519
16772416 8678756
1734949 2877639
6331128 4762368
884136 1292396
9541477 9541475
219226 1173994
29137847 2803904
1246262 8594729
16643208 15239768
167145 770239
3091439 21946114
4800952 2940503
22796352 22796351
29161862 29161863
5838297 21938540
1091907 29167317
13564303 29173919
412250 22420377
1020598 1435684
1790821 29180932
10361376 22257909
497673 497672
2351076 29212317
29213239 29213241
29217165 29217167
8120205 315586
2435040 56402
989468 17171941
29280574 29280575
1986007 3399580
28893325 8117675
29288395 314753
3458127 3458126
2209757 2209756
6397796 13638271
22846795 22846794
22526795 22526794
22733054 29346681
2098870 1233297
814851 16719917
2117498 9731547
29379232 15589556
7697460 28461149
2667028 15339057
254630 29436395
28902735 29438921
2171971 4826031
15885780 22622323
16654242 29458035
1939760 29486350
29495833 10371382
29501370 17358453
3459453 10959691
29513610 16620233
2612253 2821588
22413473 22413472
9635043 15294507
23992994 8393176
29524881 2163479
29525508 29525509
29528675 23272118
16517131 16575383
29566905 11025521
29595198 29595199
16576677 28390094
10482506 39389
1780745 15266840
29619159 29619160
29619666 29619667
29619753 15033
6322565 8562130
2408032 19926680
2393355 17034839
4168840 29619950
2416361 29619951
16611097 29619959
1172283 9635283
24070060 17343566
12983294 29629911
17358153 29656781
493110 622663
1910786 29664350
29674673 29674674
3318073 8858988
29689600 851170
29689601 896130
29689602 15833666
29689605 1366882
29689606 41579
2096202 1030162
29691795 15579918
29696156 29696157
29699504 943599
29699505 725470
29699506 41878
29699507 22428930
29699509 29699510
29699511 15369146
29699512 16776797
29699513 751801
29699515 15280116
29706299 29706300
29707559 2051142
29723805 1066837
29723815 2040015
16725392 29741185
29746681 16237686
29749461 2098923
29749463 2098817
29750816 16266752
4141127 11586067
3322693 29704295
26395512 26395511
29915658 1928306
10723658 29918385
29920187 23951988
17294345 29929178
29944104 16404668
16776730 15744620
29948285 23615797
29950015 23012809
23596481 17419819
29959462 29959463
10497176 10625511
2739297 29980553
17528401 30006983
30015017 15239768
30046681 2461217
24162319 15807222
2931622 10402766
15940035 30084200
30126672 2631717
30194573 30194576
2855549 10402712
30225600 16186201
30226273 10402600
30247601 30247603
23902337 30271030
30318923 30318924
30365134 10019778
30369749 30369750
17358305 30370342
30374839 1057980
2821492 19225474
30388012 23590376
30406286 30406287
30430153 30430154
2531228 30275047
9756136 36632
22603867 22413829
3093324 10701078
3300186 30475100
8732721 8732720
997941 997940
10859753 30641126
17821890 30514834
30686932 30686933
30689388 14662540
30692200 3089569
30692248 30692249
30715585 3135488
24210616 3267914
30737198 30737199
28064366 28064365
30737525 30737527
30737539 30737540
10958109 10958108
30737991 30737992
3181304 30738438
10895295 17876219
2374532 880209
30739404 30739405
30739924 30739925
4823600 26423700
11029397 15436212
1201582 22184295
5085633 17783762
30916770 12522969
1440454 16173519
8334260 8334259
30996036 8135807
30996225 8543449
30999841 30999842
8900777 9179863
31023880 31023881
31027285 22318351
31315753 31315754
31317109 31317110
1197845 1197843
31485851 31485852
31490465 22783228
1611151 16879651
31766490 14935740
4767992 1416897
4772544 9082421
12160284 767269
31814335 31814336
31854548 1258017
31854556 2754994
1796954 22561792
31856315 31856316
12209760 12209759
4825993 12209797
4826166 31856403
32647952 10371382
32959216 15925691
33380181 22495621
23840294 15667364
10958952 16750027
33431306 12359522
3417002 33640842
15102954 33653430
33664630 33664631
33700156 274447
34004149 3147070
34004167 34004168
34018475 34018476
34018487 9063506
34038657 1985037
34045899 9070565
34217340 3531265
34243233 2405362
34369458 16885067
34369700 2485541
16109796 34400486
34415698 34415698
34415915 34415915
34416695 34416695
34416994 34416994
28231469 28231468
10643996 34428599
34437337 23333912
34483440 28199078
17874369 17874368
34493289 34493290
710 380220
1193 63670
1175 191336
99 34524952
1205 34525014
110 337982
1896 9697735
101 8876157
11286 11323
1729 9529626
1709 15379517
7415 27
1247 8299286
1726 28499550
691482 1983066
709 571662
1169 34527359
1168 8279511
797713 1384491
4360 34527753
1731 22775655
685651 8112666
1191 34527890
1711 8959557
1719 34528043
120655 15660718
1733 34528156
50430 7757704
1198 8784418
1196 1259
1738 1201010
1144 29044912
711 1700975
1172 28351582
1161 34529150
1238 922894
1244 34529264
1231 374126
106 196494
1154 29139222
1221 16611272
1213 8117675
1727 34529720
1206 22515138
9217 34529848
8521 28903594
95918 28609439
447151 9830738
228526 15722202
800906 29212317
1568197 697776
95 28339997
9608 15250852
566680 1057980
71285 8966398
65734 30271030
24577 893893
3313 34531874
20283 16310300
36112 34533778
52240 23055758
36743 34534018
1330489 34534050
4046138 1617409
702263 9294164
384243 21945469
34535004 34535007
1103074 8715014
26486 328702
1453910 15272991
9180876 10942782
7300657 28609439
23351 74653
1800632 1800631
292934 34541905
32071 8677842
1636253 8143038
22847 16409336
1784932 17645190
36678 34546357
414395 39437
14304 39438
8141257 15751418
15263450 9067175
39205 222232
94104 15993639
7622659 8154283
5989074 34553502
793554 7686272
14937399 9727500
322636 18537565
322636 18537564
322636 17293150
449160 1258375
1169892 34564028
86095 1386
42666 34572324
15293362 9556698
15399482 230155
1690443 16186201
34603166 63670
42586 34612460
830734 15238993
23355203 9035811
107523 9766046
10672556 19668
1928416 1928415
320092 34652767
34652807 34652808
90364 34659195
22082002 22082000
70892 8784418
1087941 15958703
244667 22416764
60456 34670057
124394 22140906
2176738 8894891
10319081 7641092
280445 8294767
1298925 1298917
2433397 30084200
297296 34697452
474253 29249484
9635032 34699162
3102310 21946649
60103 34702152
1539873 28784583
943990 1189490
3282613 315586
4304088 34707455
8346394 15379517
34711020 34711022
750971 8697442
1059508 8882691
15343435 29139222
704216 22107136
1844464 23324411
17648365 34718599
12440734 23388095
751342 34711022
856170 56402
9029346 16267073
3180777 571662
8495343 34727834
34729248 603508
361418 22416764
34742575 706256
9635111 34749759
519843 519841
424651 1698
16872190 17171943
2766172 8227006
16220 761518
162770 755615
2351812 28976410
1610236 34802995
9799681 22110460
16094180 17358141
520167 34830561
24175137 34861436
10651357 1057980
8565728 21942942
34897391 34897392
8578470 319941
1536437 1536436
9635100 202647
543680 34702152
34917899 34917900
30502526 26601
670701 753138
7809690 2232673
916579 916578
30825075 22471883
2969646 34948306
1272841 34948741
1221871 15767817
15806857 63670
8655878 29374855
15646183 15646182
3041805 34965390
921869 34969017
848180 34975462
3025971 13958655
15874594 22415585
8849784 34979143
770480 1298408
34983193 10913124
892737 7798760
16108837 28901363
2708866 854909
764766 15843379
16643190 8354519
8473382 8729230
1213760 15765087
1235185 8858988
850938 771491
994929 28589461
1148879 15858822
8304662 3399580
10514149 35020095
333160 28719625
1857784 35021427
15923405 35027751
2821471 24030885
26183600 61759
6889534 29012187
655971 16156109
35052750 35052751
5581038 8439920
1298507 8816689
9117925 35061742
35066919 35066920
35067064 21938540
14875021 17766216
15738661 15239444
17618046 35072560
50713 1955785
10644117 35083829
24101382 17358298
854912 854909
8361805 8116676
3181998 16994803
1226676 15885779
8729254 35098036
692756 10024382
4687519 4687518
1498971 7422
3091100 2232673
35114890 2042762
9541817 9541816
1083572 10913124
13131732 29152321
17490417 28339997
35148075 35148076
8765845 35148441
35148999 35149004
3659492 28340227
1793305 35168240
35173302 15240034
3185288 23158543
1146902 1146901
4360125 15359262
780241 8876157
2821596 16963189
35182845 8751963
35191786 2232673
9496785 29620198
19374213 15804286
900284 900283
1390489 35209577
29175561 29175560
3098389 12188276
3672665 35238651
35244455 35244456
1262090 8849452
819635 35257631
35267412 32009268
1691794 16312963
2025504 22773691
5830962 15033
3092375 35293682
2074170 22133422
10702130 22555103
2359506 35307614
5843601 1227797
8319408 21937145
8666657 8666656
35341344 16362225
17583775 35343019
319141 35343554
1921850 4900183
35352706 8796217
4687809 35358551
29060546 21091324
35385293 35385294
1310384 16274671
16636174 35391594
3500386 35408529
8740444 6990
35422284 35422285
1140920 35429208
22995521 28878777
1985038 1985037
2914260 8935840
7793583 28341295
26181845 35452621
35452626 23602315
1047028 1047027
1460308 3399580
1224509 8143071
91782 35481226
997813 32058625
22629971 35484040
939604 3097783
1508843 9288555
10068166 10068165
10961377 35502545
35523888 28567269
296160 296159
749491 35270327
35557420 35557421
3188657 314753
35559932 314753
2558211 35565524
35588280 35588281
15289838 5399
1931636 9294164
1039796 15976034
3419530 9524238
15084760 29951932
35659264 35185187
35070021 8113958
1928316 1928315
35675120 9406890
12923315 17117760
1860438 1860431
2388636 2821426
2424858 713227
35699393 22697103
10643503 10643501
23098579 23098577
1968090 29349069
29558624 35767488
1589362 35775097
9835010 878700
35794212 15248346
2519202 2519201
2306509 17469208
35813186 35813187
844729 3089569
1429563 91620
28873431 15240729
27386127 35240912
35843737 22786690
636608 949427
35843738 7798612
35843739 9812303
35843740 22433790
623710 466357
907022 23398167
1443993 16893821
35853615 2040001
35853616 35853617
35853618 9715755
35853619 41893
35853620 8686464
35877375 17583967
35877615 35877616
35877619 14935740
35877620 29291700
35877621 35877622
35877633 9359989
14045529 35877634
35894514 56402
35901145 23356482
35065136 1056875
35915686 237413
35927030 18469415
35936891 2629
97 28345218
11022756 20542486
12428653 36006287
10205063 22143591
36057920 36057921
36060494 23148373
36075310 23883312
23877608 36080931
10874906 10874905
10402817 15926841
14532141 14532140
36111632 18830025
3117886 15833666
36123084 36123085
36126028 36126029
22634405 23952137
36145076 10598725
4768969 36166005
34548334 15305895
2434941 36218776
36256654 30471916
10402926 22874380
14612846 36277803
36289178 36289179
30275440 36302532
36352242 19225250
17345618 2826835
891454 1698
2802700 17552635
17358340 36495676
3093953 17577565
7364888 7364886
10461823 10461821
3107719 5546
36522675 36522676
2406396 2406395
2934125 30275311
9991592 10432711
1066838 1066837
36567188 9727492
2618469 10037071
2547302 1855059
379816 12468653
3373190 30275096
1844543 28546736
36620042 36620043
36623891 21940166
36628160 9783653
10678745 16071980
31854462 639681
36728893 3300836
3366087 36783365
36808868 515653
36817487 36817488
36830182 23318453
36831963 23500862
36833027 30724255
4523217 30216879
24436378 24436377
36847875 36847875
36849015 17878485
19059476 23210043
34343807 22888216
36914656 36914658
24474908 36922540
23596597 16986121
2790041 2790037
9980744 9980743
37102767 22798964
37104294 249907
30399398 37124410
37411178 22434959
9635150 9635149
35178821 21940166
4823604 17831656
24439717 37933779
4826111 4826125
19061462 19061461
12209674 12209673
37975368 28479741
37975550 37975551
37975552 37975553
38045285 38045286
4981587 4981586
38084209 2743811
32047576 32047575
4981497 38121851
38133756 31336925
10382660 26149690
1928296 1928294
35120854 33664631
1158754 36493
38599795 38599796
9184964 9184963
39437330 39437331
9035812 9035811
7033572 39606071
39671560 14662536
10939200 10939199
40002698 40002699
40003366 30502621
40139326 15867137
40210320 19932221
40231854 24421362
40252461 22679002
40283676 34702152
40284167 15834301
40372964 1715123
40378972 40378973
40384455 40384456
40406976 40406977
40407125 1784064
17874681 17874680
35701359 35701358
40427151 3456719
24436368 24436367
1156 28351582
1710 8730424
667 19668
11953 1259
11953 4765190
1189 757729
1174 8327
105 8223918
8 36632
1148 29438921
1724 28888843
1158 40511048
1150 334730
1240 22180953
1736 6350786
1212 900553
1236 8729734
1132151 1301694
1437 8392942
61340 244629
1145 4810
104 7686272
1203 9541477
1183 9441523
36375 28540973
777878 23061627
7914 35185285
147977 1993845
95967 22803332
7412 16219
10363 20784609
349620 34942440
97067 1828329
57245 875443
1889138 8116128
9291 498140
7912 40515629
677793 1856123
501520 9109286
1649407 25382340
41510 1918680
36057 9635283
74755 10371382
36783 1968188
829155 40517569
647367 40517651
15417 1057705
687747 34927222
334736 15820941
433168 40520661
9009539 2380949
4797752 22180953
152301 7188893
8135653 40527489
8135738 34789941
4614 40529190
13936 9451371
36059 9652888
14309 12009103
145869 1011847
1743182 38771746
10416614 222232
8190692 1593593
156110 380220
27602 40532724
45231 31359706
4697 8170984
363653 9890030
2842336 40534626
78502 15236697
4243 833708
86752 16438271
43551 1892112
570671 15820490
1117036 15239917
1920485 15339057
10 1133726
9825474 29778539
3054385 1352555
230103 40552160
76300 23158543
920492 17357411
86098 17326357
1760465 29980553
15511949 22805369
55832 23302568
308035 40561440
501569 15386642
710595 8665831
82530 82549
157637 16206598
3094426 40574521
2161408 2161407
138417 17571279
22846 23379754
10632612 12359522
1694949 21981994
40612493 40612494
39372 40616901
226662 1683224
801419 22460182
232206 8282255
17585944 40648345
46009 232234
17328887 17328888
1090281 8655443
844 11671310
963627 225830
40682897 40682898
1187023 22814261
8260715 7412429
593553 34529720
432128 63670
1338631 1338630
22145007 7793777
57748 2018
8904828 35774938
814580 814575
1512109 35314055
1233012 1233010
815757 15266840
26247957 8906101
9635014 9635013
78583 9066696
3023486 259276
2557395 8166403
15904745 334591
14066572 34985867
4601342 29731270
410948 3399580
7170714 15237843
9379623 9756719
1494944 466357
736572 2886264
40714466 15467734
464053 9063296
16692914 17858042
3093106 8223918
8826725 8149791
22090033 15237742
284808 8678756
846071 22180953
1122832 40766908
37433692 278268
5074429 2380949
9531724 10643555
3329628 3302061
2072550 21940087
614117 40796046
3109404 3089569
10643282 2940310
15848613 40818051
15435531 10371382
2046395 737047
40834221 15237843
18878810 29857429
40849796 9183338
2322668 8650215
9777655 2369502
40874301 40874302
517505 40874381
40874432 39033045
2479827 8392203
15405106 40881233
3006745 19879563
23952238 23188847
6406889 17167490
941024 1265142
1228374 22080468
1761753 15266840
767827 15436212
29023476 29023475
1817676 8571496
17967727 40929620
1928324 9114977
643064 244629
466369 14930771
9635035 22555479
2821702 2821699
2667067 2667068
845677 28864657
2298608 374126
676217 40949473
6829516 33437484
82348 21945469
1255512 1985725
9079645 2035997
1258376 1258375
7766 15820490
1918689 40960143
765669 8948687
2051136 2040001
11176176 35284080
40969474 8786894
1212508 15737559
767270 767269
5192151 29282991
1067418 40973307
5700561 24421362
1224194 8786363
40977183 15861299
3281217 9173263
5615870 40986854
29619632 9727492
16267074 16267073
8750272 15280116
2106800 15809009
14968628 41007086
827995 16264247
2731008 30208539
712967 8299564
3011766 35721583
37867625 37867624
1207113 12468653
9774834 22622323
2028905 10402937
36616147 15241706
794038 15728342
8120259 15439802
1339884 41042404
196550 344408
1341281 8732720
5853922 29348886
7334587 7334586
889037 41054944
17867718 8299564
3344086 3326340
6767162 35805107
934036 8636376
3500802 28520916
1344935 1259
18829138 18829137
21378278 41068077
41071675 846069
1294892 22133289
41076016 41076018
2550183 2232673
40701871 20419921
3441024 30275405
1568242 1568241
10791626 15974142
6696933 24498898
41125606 23952245
27244451 8583019
4767813 4767812
3163955 24498898
10719706 22118587
1458487 23205815
41143657 24374667
16937829 41124088
25740493 17476577
2592983 15722202
1278329 4905120
8093745 8316514
12282143 423923
29586994 29586993
892744 15643318
16127801 16127800
1812108 4284859
423438 8453
11017432 23168532
17782478 41204103
1083580 29180932
19114370 28520916
642228 9686036
2818009 2818008
10642354 41223687
3531266 21614341
28351582 41237362
8877405 8877402
6423938 5023112
17542555 22536976
4305245 40616901
755739 933780
1426404 451990
1257979 1257976
8970439 8970438
41285285 41285283
3044144 9555566
41293508 15264645
1267574 10371382
1355247 1984821
11580169 35583012
8813796 41315418
1236629 15857176
41318270 41318271
2872808 2872807
1297993 41319788
9008254 41322740
1493612 1493611
30149458 30149457
895702 40926186
41349092 7043133
544889 41354403
41357102 9177520
29619680 29619678
16212453 16212452
38777363 9044322
12094325 41366237
8486643 23362595
33102096 41370516
12908494 12908493
1235682 16201317
16157208 16157205
22698716 28879185
2489709 41398194
10390458 10390457
1987100 1987099
1614413 1614412
1141276 22498955
1985042 29660872
41432336 41432337
7803 7781
1326672 1326671
16206287 22571214
41447748 41447749
10610080 17389439
41454752 41454753
28485648 18933358
41469285 40766908
41472081 41472082
41480899 16427712
9184965 9184963
2926080 15758127
11613364 11613363
1928895 17427889
8959558 8355710
22623249 22623248
10402589 10402588
41548279 630500
9652891 9652890
1224485 22397969
41571177 17168920
35235425 35235422
41588945 2629
28404219 7641092
25556682 25556681
6806230 6806229
9635072 9635071
16643170 16643167
29619614 29619611
9195696 9195692
1759458 28390094
21501442 2461217
9556641 41682093
9565290 41359017
835534 1928348
41733467 16614547
22675114 19083290
7353893 35185285
9635002 9634998
5139104 35775097
2821510 29103424
523491 30470485
14938305 2821332
6826564 34529720
16538240 29596378
2821610 2821609
3437416 41771623
3789123 37395889
41795448 41795449
35152348 14935740
1120047 639833
41799229 15704519
41808665 8486
41808666 40946327
41808667 2098869
41808668 22622323
41808669 23326898
41808670 16171656
41808671 23379879
41808672 1366882
41808673 15719102
41808674 41845
41808675 29688614
41808676 9184928
41808677 1298408
41809231 9245523
41812490 41812491
41813606 40544776
41816488 22422657
9160050 15707972
41832021 9788191
865013 865009
41846689 1296147
41846690 8667243
2317370 9635020
29741150 29741149
41854480 2115147
41855969 29748916
41855970 2107954
41855972 29273709
10687018 16264897
1160 35176761
17941199 41927934
41963710 2749997
29926356 29926355
7361439 7361438
10468203 42050426
10388907 10388906
30984784 30984783
2821300 2821760
16750582 17358515
42162774 36518894
42281743 30480434
42291204 23951992
10134616 10555352
2367197 2821565
36495677 36495676
30275232 30275231
2376551 42349353
42396200 24034217
3093094 3093093
626085 626079
5022454 17358029
36098143 36447559
3430325 30585966
3093310 91620
1044158 3788470
3093266 3267914
42560017 3399580
42570054 42570055
42639605 42639606
42642390 42642391
10959539 10959538
12158730 31812894
3329943 382873
30588592 1075455
42755907 23500862
42757641 10937037
29541026 29541025
42770418 42770418
42770594 42770595
28633548 42771688
42773598 42773599
23885095 9173494
42578625 767823
42806536 42806537
42806565 30337507
9881398 11013583
42831553 17834938
42855353 30818156
20380446 42929892
42961366 305713
42977612 10432711
19012387 19012386
43017455 11253574
43022041 8319737
43258733 16223496
27805036 22777984
43278470 22397969
37935385 37935384
4139720 11585876
19190985 11347409
4139690 4825933
43324543 42234310
2098830 2098829
43417164 1259
3419648 22811915
43661248 43661249
39063316 25492263
43823917 7792837
19072126 43835823
25577965 25577964
43844308 19061348
19061387 25578089
2145868 43844335
12228722 462397
4981423 4981422
1017995 44038843
2873651 44320095
95966 22803332
45047870 5815091
40975674 41617824
45289479 5024290
45363875 42554949
7196145 21111295
45551961 24284704
45842207 24474978
45844514 3399580
45846124 8329589
45858479 91620
45969231 36802721
10998839 29664036
46138038 41068077
46174740 326845
46190664 981969
3093104 3093103
46223435 33653430
46236323 46236323
46236540 46236540
7992207 7992206
28231457 28231456
3455484 3455483
36601181 36601180
23813072 23813071
74630 344413
7 8153357
1153 809839
4 601623
58316 34527000
1220 34969323
3552 14828517
703 57167
112 344803
1149 202647
1141 17328888
1176 35484040
1396 41118496
4698 19083290
58117 726532
1438 17427889
1440 8558352
9613 814409
102 7641092
1732 41315111
1146 28373537
1179 1312317
1717 28467859
1188 23210722
1646 1698
1224 16207001
1204 35179127
705 8571496
1197 230155
1740 41211243
8524 3449985
7856 9109286
1863429 1060592
5825062 41802619
10520 249907
7854 40766908
124756 2380949
134480 46346578
41578 16719919
40487 36632
64898 22421746
50359 8316514
270410 4759810
9293 8650215
51985 46347415
11885 22781974
3095474 21645489
453648 9570195
1107709 976369
1107710 9044322
15852872 21951823
571119 16135094
74814 10371382
384971 630500
653265 1993845
86337 1259
966088 1928342
2855 42639606
212608 9321419
31775 1214872
752243 1698
31986 390268
32042 28905508
886984 1800283
35782 46360804
14307 46360827
23243555 8112666
1547321 46360919
7855 29558594
1785802 46360977
13870 46361003
36374 46361082
1784620 1189490
14308 46361301
13869 46361364
36113 46361408
36784 31325550
15508646 31373941
2001451 31342812
933976 46363074
8159102 8327
306880 46364032
46013 29619955
232029 9564376
72172 1984821
92223 225830
2197567 9030382
1821146 8159021
2938225 8764970
184266 916578
33646342 35240912
68351 29633903
380220 232234
10988327 28373537
2568703 15770089
1677722 22981725
94103 10390457
1540749 15287034
283328 343079
1007562 46386077
94105 46388334
2686256 6383868
665124 8725182
407239 3125091
2680143 10236710
795679 34603953
370147 22161132
96897 42658752
9250 14785364
1099745 726532
40305 670625
107525 46427104
15820491 15820490
706256 344413
340859 28609409
2127285 8558370
1855665 1236690
979304 4818099
1953795 764759
513586 9715751
1589399 15587263
785904 827802
21985691 4818099
1019282 466357
39482170 15581347
513905 29037119
274448 3399580
26183699 1105906
1912748 1845795
8155589 8413774
29353026 22157370
731353 761518
827735 46502921
14182 46503722
8878072 8878071
273792 15236697
3106764 40676414
3011765 35721583
13481 16266752
751641 8486
826743 10371382
300286 15835723
29175470 29175469
25515523 40929620
645255 16064038
514616 15589556
1776703 9574728
23272119 23272118
3099397 35447630
789111 22790402
863579 23400249
9454134 91229
1237516 6356454
987996 46548714
17413092 4810
22178882 22536250
56869 4905120
904518 22777984
384056 22764373
90469 893893
17355386 17358222
3104099 7799667
238718 15237742
3403097 46578892
3525744 46582696
552691 552690
997089 15240249
41583 41582
9080541 35343554
763202 763200
23312276 23312275
1503405 16222701
893310 22773691
1983067 1983066
46631561 317691
731226 28353931
46632271 44573474
1512491 615068
17650396 6859494
10628809 36051120
611840 611839
2821513 24163740
2352723 22914694
358169 36501306
8561258 8119283
523621 22869134
1175351 1828329
6918328 8629340
36619623 26601
16504923 23314254
4981487 87900
15686059 8135557
1360647 35557421
1344589 35071885
447549 8135557
3430248 3430247
1854363 46743084
46753757 9605860
612488 8339161
17151024 29147173
16983315 24164052
1518166 36199409
1928424 16264897
806531 35438879
46758597 46758598
3485730 46752450
844334 23952022
770224 835600
1921567 23349977
636410 15280116
758320 1353054
920397 28345218
781443 7281012
46774752 8948687
541354 2875874
779558 779555
488789 15755155
17619986 22318351
15951749 779051
249201 32058625
2485542 2485541
328775 22107136
46788598 22625304
8915049 25531916
24211963 22525020
2937404 13958655
3533518 35144373
1267222 1267221
627230 15241706
13118177 1435655
12899615 6432791
6826677 6826676
4831377 23293402
888696 564394
1331457 1331456
15586295 35519611
2870191 4733
9718714 40904718
1949580 1949579
22524222 22776128
1109061 1292396
22273125 46869689
3639959 2661087
22422657 46883594
3656140 922152
8338652 8338651
46887595 29566905
16776827 46635267
43801225 43801224
28798976 28798975
5122364 46907147
1032576 15266840
46915960 23951814
1205224 17221267
1142480 22871776
29513295 29513294
1793311 8139571
3166103 14724874
698454 15925691
2436956 22503097
843131 843123
2413977 22503097
46940521 17526451
22186005 35440021
942524 344413
2925740 1070460
46948639 10514634
950006 1366882
2331196 46951387
35790627 35790625
10716125 8740003
46957693 26854452
35439993 35439992
14986417 34702152
46985398 10097297
46989515 16608090
46990971 2035997
27228477 34529150
1302387 1352554
41882 4559808
47015300 35578165
7493765 7493764
8476872 35216780
47047306 29865090
2455499 684539
417546 417543
3435508 3438239
47051331 35619896
328546 47051777
1435882 29671631
240105 28611062
821126 324279
10664723 779051
47059837 755168
19104828 15244445
1146293 8113958
471179 16552498
47066984 1352555
15818142 15818141
16120009 16120008
1991095 16074264
1398169 19083290
721340 8446536
757639 779555
10402781 10402780
488061 41410887
47125161 40930823
8934834 8934828
1360791 1360790
1582784 8374146
544868 544867
8760771 47161830
16918313 16918309
9840068 15237843
681955 47174967
2647439 11323
8978077 47088223
41224331 74815
4825921 4826225
1968103 15262168
1793288 16564507
2904714 2904713
1574686 23012809
866607 16719915
16205359 16205358
16050339 47256345
47264859 47264860
34957637 34957636
1570717 30996128
8662427 8662426
8850896 47284354
47289986 23349977
1798432 40520661
47319373 20840834
47319862 47319863
802057 36501536
456338 41287551
8238547 22974810
47336325 499657
16660152 16660151
2163480 2163479
2821874 23081603
2363906 23584897
42826435 15266840
17100948 23681550
10961622 47381206
47391762 41878
3455799 36619558
41021529 23272052
9656934 9212181
9512204 30043196
2655019 2655018
1769873 9517710
1773442 29187585
22436734 315586
9037551 158158
47501565 16735685
1984138 15033
16289559 16289558
820536 943599
1844818 15883899
2372378 2631742
47521522 41770373
23317565 23317564
1935782 1935780
16615768 16660148
47529343 10514180
29401922 29401921
47581313 47581314
47584897 15755155
47584898 2098954
47584899 8678756
47584900 9626536
47592927 8697442
47594084 771572
47594085 35270327
47594087 14930956
47594088 15965708
47594089 2875874
1512480 41348367
47594091 41858143
47594092 35894479
35114893 15707972
2051140 2051142
47601323 2051144
47601785 29068590
1949577 1949575
2651865 23720086
47615769 35904767
47616087 23343428
47616088 40924770
47616095 2039998
47616127 6829315
47630679 40996299
47639762 16105907
47639763 1199813
47639764 22318351
16796471 47632499
35790623 35790622
36008557 41911667
1921493 18469478
47567384 34965390
47781101 23596406
47793343 36127469
4469375 13380906
2821632 12385595
10514635 10514634
2834724 9031595
6799554 30471916
47906927 23607277
2426292 5023109
2414618 17426369
47986367 42624961
48022502 37452142
10402868 10402867
8686110 7798590
10168310 38672527
48072662 2763345
48083522 32009446
19773521 36244152
23624518 23624517
48124093 35144373
2485864 8279511
48144409 17358438
3093088 10093690
9969065 24164053
48160758 36340777
2463597 2821474
10625514 10625511
48198420 2886264
47147224 15240249
23381215 48204296
48209567 22068936
48267336 6830283
3188174 14953206
3300171 13151894
328773 22107136
48321410 17630641
3458351 35455823
48330676 14662540
4771828 43803687
8709664 29704262
48483071 10695908
48486831 30518222
3156930 16240845
3156930 20053611
24405082 23688403
947760 947759
17636646 3399580
3159518 7513701
48510392 8124206
48512849 3292482
3174881 48525042
8023640 9748793
31854519 31854518
24437660 24437659
48558222 8333833
17926394 31302378
754880 36372735
48605017 17860004
48711969 15424871
48728395 18099940
3498598 9186489
48764740 48764741
572110 29347513
48769421 31813533
11259852 8135807
4826015 19061389
5073928 5073927
49071109 16727035
49071110 23362597
22578807 22578806
4768208 29619795
733435 733434
18872346 43676367
47202552 41845
49512125 49512126
12209859 31856379
4826142 4826141
49058003 49572515
19061329 31856434
49715910 36407887
25769502 844
2765174 8946373
50043325 8486
41414684 770239
50653363 22433323
50984869 41432337
1718296 1718294
24213391 35680276
51506216 23315814
51508863 1677963
51513655 24381570
51513658 34004168
51554448 36883359
51556349 17831188
51716387 460232
51726331 41775650
51832323 16071980
51869867 29329157
51872600 49067789
51877787 41315418
3455797 48292188
10958093 31311761
40402297 40402296
51896902 51896902
28232240 28232239
10958729 10958728
3455839 3456585
10958865 10958864
