4402 4424
4452 4471
5867 5878
7453 7476
10870 10948
12861 12875
46253 46274
49679 49689
70109 70123
86573 52727
87587 87610
98549 98583
100147 100162
103533 103559
155175 155186
156485 156502
102947 156542
161557 161584
207295 207306
217038 217048
223717 223729
231643 110911
235022 27718
236385 236397
250492 250503
252032 43119
252131 252151
252430 252443
271574 271586
271770 271780
271818 271833
271984 271994
272009 272024
272250 121974
272272 272284
272289 272301
272350 148787
272420 272436
272449 272466
272505 155172
280660 280672
282030 282050
285429 120669
289454 289467
290109 290122
293638 293656
296759 296781
298741 61911
299836 299848
301556 301558
304742 304755
308170 308190
309806 209092
310614 310632
311176 224309
314340 314363
316632 316647
76370 324079
324913 324929
325119 325130
325747 267163
326142 326149
326160 326164
326857 111493
329694 127997
331559 331569
331869 331880
331976 331989
332052 332061
332104 332117
332129 332142
332153 332170
332211 332223
332292 332305
332341 332344
332372 332384
332413 332428
332465 306892
332491 332509
334547 334569
334977 334991
335195 205483
335343 335356
349884 349895
350492 350505
350520 350530
350619 350634
355791 355801
355859 355874
356060 89368
369058 369068
375388 375404
401143 213599
416407 416424
417871 417900
427013 222191
429476 429489
429504 429516
431408 431417
435848 59036
440960 271228
475750 475769
477477 477488
477985 12226
481796 358381
504215 233817
505366 142266
507132 507134
508117 508131
511718 2239
514261 514276
523015 108131
524811 415315
524853 12509
524885 524903
524956 524971
525011 397707
525052 525070
525119 240964
525199 475981
525263 525286
525744 525759
525962 525980
525985 525996
526048 27131
526067 526084
526146 526156
526168 128162
526304 526331
526353 350431
304362 526391
526512 257994
526675 526691
526763 406329
527005 527019
527252 527272
527325 527342
527386 240424
527467 527480
527521 527532
527566 527578
527622 527632
527729 65633
527833 527847
527999 311054
528023 528031
528056 528064
528091 344732
528326 375597
528371 84170
528415 528437
528509 483163
528567 528580
528607 528624
528710 388465
528764 329855
528785 528797
528837 528848
528917 528930
529083 529100
529495 231300
529718 529731
529774 58708
529859 529874
529961 529973
530072 15738
530149 530156
530176 530184
530198 530219
530609 530621
530631 530643
530706 530720
530766 530787
530967 269709
531006 531014
531149 484035
531299 531308
531314 531327
531334 531344
531395 531408
531477 60631
531895 337657
531944 531957
532032 532046
532079 226376
532323 532333
532386 532396
532408 532421
532692 532701
532742 532754
532832 532853
532869 532878
532892 1590
533005 533016
533032 197436
533095 262636
533141 533151
533161 300309
533204 533220
533298 533308
533340 533351
533448 533460
533492 533501
533577 533587
533733 533752
533906 92088
533925 134245
533964 533977
534062 306677
534087 534105
534121 534133
534474 534485
534594 534603
534658 534668
534794 58127
535417 535429
535467 535476
535526 535543
535558 535571
535764 267687
535805 535818
535990 536010
536079 536097
536144 536160
536182 536197
536225 359327
536243 536262
536344 536355
536600 536614
536766 536779
536838 222849
536895 536910
536989 537001
537061 537071
537078 537095
537346 537358
537378 537399
537448 537460
537490 119178
537752 228200
537890 537899
538028 538042
538096 538116
538279 538284
538352 343502
538412 300791
538445 538459
538486 538506
538575 538582
538597 538607
538738 491476
539104 539112
539119 228078
539415 539423
539415 539424
539437 539455
539518 539520
539731 539734
539911 539920
540126 540136
540167 540179
540195 232852
540227 44532
540258 540270
540477 107308
540594 540604
540666 540675
540689 540699
540744 69157
540899 540916
541022 159864
541582 541591
541666 541674
561165 169822
590803 101442
696681 696693
804933 479944
848189 848199
853177 853182
860145 512719
888553 680262
907582 907583
907637 129237
908394 908402
910691 910700
911005 911010
911174 911178
911598 911601
911679 911693
912094 912103
988294 988310
988456 988464
1058141 982265
1061637 520001
1061958 1061967
1090462 27904
1090617 1090628
1090904 1090914
1090935 1090936
1098210 1098219
1117647 1117663
1127874 1081538
1192620 1192630
1199305 679195
1252400 634368
1263734 1263745
1285491 513257
1302503 407910
1305508 1305520
1307640 1307642
1311334 1311346
1318186 1156580
1330234 1330239
1358249 329702
1387090 476342
1405846 510915
1407082 162571
1422506 1422515
1424398 1424408
1428657 251066
1446929 977029
1449410 1449413
1458223 1458236
1491915 1491926
1496996 94882
1510841 1510852
1520690 1520693
1526036 625263
1527550 1527561
1529172 1529185
1539051 1539058
1539488 1539497
1546037 1546039
1556528 1556538
1593665 1593674
1597229 1597238
1597272 1597284
1597529 1597538
1597900 1597909
1601459 1601475
1614803 808865
1622631 1622645
1634615 1634627
1635906 1635915
1643465 115717
1657328 361232
1670552 82623
1677529 1677542
1686113 262856
1693116 1693124
1697875 1697886
1718538 455955
1730275 1730286
1734591 1734598
1750457 1638491
1778281 1236000
1802725 1802734
1810281 1810290
1810894 1810903
1811570 1811578
1817018 1817026
1819292 1819298
1835344 505043
1852438 1852442
1906711 1906719
1906869 1083694
1906941 542229
1909947 1670136
1918358 1918365
1918728 105210
1926961 1926970
1931670 84376
1931734 129777
1931847 1931858
1937160 1071900
1954790 1524486
1955208 1955222
1978225 856323
2020634 446261
2020654 2020657
2042270 291450
2059495 2059508
2059536 609723
2066055 2066060
2093963 2093973
2105654 2105662
2146660 2146663
2149933 1093502
2161171 232314
2174020 2174023
2220214 496774
2238209 2238215
2255064 1749224
2268317 1777611
2280282 2280293
2280314 2280324
2280403 165802
2280432 322061
2287302 511775
2343570 1603166
2398258 206448
2425215 952950
2450028 2450036
2453874 2453883
2464148 2464158
2465413 38297
2466268 2466283
2467181 2467192
2488701 2488705
2501296 340096
2517098 325285
2571227 2571237
2571763 2571769
2572815 2572823
2601930 391799
2647488 2647495
2647502 2647513
2679769 2264663
2735606 2735613
2752733 665122
2806654 197836
2806808 2806817
2818737 2818750
2848125 1161161
2865653 1906984
2865673 2865681
2870822 2870832
2872648 2872657
2883666 1772568
2883888 1082786
2884230 2884240
2887123 158600
2887144 2887157
2929489 2929499
2958569 567520
2978003 2978013
2999368 293836
3013871 3013884
3063956 3063972
3162515 1959985
3175244 3175263
3207964 155255
3265299 3265303
3265384 1422772
3267839 2308023
3268091 265877
3269451 1483039
3276380 306680
3290550 3290558
3308360 3308363
3314262 1736820
3322324 3322330
3538928 3538935
3538950 3538959
3565722 3565731
3706991 3707001
3737054 321024
3737362 2952618
3822082 3822083
3823505 3823516
3884587 2456079
4025955 453083
4026778 4026787
4026824 1559128
4026903 4026910
4026941 4026948
4026988 4026990
4027024 4027033
4027051 2076845
4040905 1912139
4041491 4041499
4041552 4041560
4041566 1022248
4062366 4062367
4091693 723594
4102458 4102463
4103649 1217216
4132377 598852
4226056 1297481
4226327 4226333
4273757 4273761
4369675 628903
4478397 4478401
4478546 4478550
4478595 182372
4478654 1203025
4557364 245595
4564484 3048934
4602684 4525361
4681451 4681456
4688460 4688465
4740193 4740197
4742947 3011330
4747279 1921059
4748885 2205283
4749099 4749105
4751500 1323332
4789076 2757829
4799593 4799598
4804762 652220
4838853 635290
4898569 4898574
4899082 1890905
4902316 4902318
4919042 4919046
4919098 2123909
5106763 375260
5145823 3356480
5192858 2049199
5196278 5196280
5196324 4847995
5196337 1574857
5196447 5196449
5197538 5197539
5197556 5197557
5197562 4004173
5197565 2250704
5197600 5197601
5197616 629162
5197661 5197662
5197733 2499000
5580256 2712847
5580269 5430384
5580331 127847
5612783 1936594
5613548 5613562
5802764 5802768
5803494 187056
5814700 456811
5830787 5830789
5830940 5830957
5830985 956012
5909501 1995730
5982692 2414073
5982711 428807
5982798 1512623
5982832 5145941
5982928 5982940
5982941 5982955
5982968 1853050
5983104 510304
5983185 732686
5983200 28609
5983275 397940
5983288 422371
5983330 5983346
5983347 1624923
6005062 6005115
6010446 6010465
6011232 6011250
6012082 1876767
6012210 6012225
6012572 498613
6018289 1186299
6018798 6018814
6020113 6020137
6028696 2872146
6029088 6029106
6029107 49870
6033223 575338
6033300 1460450
6033382 709202
6033533 6033547
6033661 941986
6033679 151419
6034156 1818548
6034639 6034655
6035293 2055698
6035675 414140
6037308 3262611
6037929 732814
6039748 3235413
6039818 6039832
6041960 6041971
6051085 6051110
6057670 1739211
6059718 1494395
6061896 6061912
6063478 6063493
6063494 1459386
6063509 6063520
6063695 2016761
6064064 6064077
6064078 6064092
6064106 6064121
6064173 6064185
6064186 6064200
6064289 2092906
6064365 6064379
6065514 5051750
6066350 1557711
6067398 3454742
6069432 109713
6070011 955522
6070319 453604
6071115 6071136
6071257 6071273
6071592 4722405
6071953 3760609
6121025 2000536
6121579 1213006
6122934 750019
6123584 753975
6124169 468794
6125610 6125623
6125624 2255650
6125903 5090549
6126788 6126799
6126891 723471
6127102 2336910
6127828 59576
6127921 6127934
6128071 6128084
6128124 6128137
6128204 1142617
6129080 3202626
6129700 6129712
6130176 213679
6130220 2491
6130433 2118240
6130899 2083568
6131162 2491658
6131293 6131308
6131567 6131581
6131802 6131814
6131943 20217
6132159 510491
6132418 312647
6132719 1740664
6132926 6132945
6133118 5259301
6133343 1554778
6134002 481701
6134755 6134769
6135326 6135345
6135346 1544084
6136115 828061
6136225 745011
6137347 462292
6139081 92331
6139688 613599
6139954 6139966
6140102 6140114
6140519 6140532
6141071 6141083
6141659 739889
6141671 6141683
6141732 154148
6141874 6141885
6142342 2590297
6142634 1504779
6143404 6143417
6143789 3207510
6143976 373455
6144322 6144333
6144731 2881825
6144808 1091990
6146240 2780042
6146313 5395644
6146845 1427739
6146899 6146911
6147010 1053398
6147085 60775
6147713 3683821
6147777 3542666
6147877 5057744
6148621 486710
6149018 918955
6149053 110414
6149258 6149272
6149388 896625
6149536 482720
6149707 6149719
6150024 371572
6150280 620837
6150779 2054055
6150819 528025
6150878 2114310
6150980 87586
6151074 1599374
6151534 6151548
6151759 4524517
6152290 775598
6152955 6152967
6153136 2287860
6153612 6153626
6153795 6153806
6154396 6154413
6154954 312546
6155138 6155150
6156137 354537
6156391 78151
6157643 5048784
6158337 6158349
6158413 6158427
6158577 712247
6158779 4334368
6159320 6159333
6160277 1344147
6160384 6160397
6160669 3634714
6161177 6161191
6161433 3206857
6161786 2476858
6162046 1902409
6162189 6162203
6162538 6162553
6162932 5338362
6163144 569191
6163302 1505328
6164256 6164272
6164666 6164677
6165411 6165423
6165806 254360
6165832 6165845
6165965 6165977
6166308 967593
6166855 759492
6166882 559200
6168464 935427
6168719 6168731
6168958 1565290
6169065 391067
6169258 217567
6170221 4112206
6170247 1462098
6170301 2503079
6170510 3575044
6171016 3412657
6171710 2016074
6172573 1373597
6173086 6173098
6173794 6173805
6173833 3450834
6173929 6173942
6173968 992078
6174500 6174519
6174726 422851
6175377 1467197
6175434 6175447
6175448 4542979
6175528 239717
6175601 6175612
6175762 6175777
6176011 2638303
6177095 2856269
6177426 6177439
6178096 161143
6179063 2355430
6180364 2743649
6180448 687162
6302252 6302263
6302278 465367
6302316 6302327
6302770 6302783
7904356 1776746
951312 5747402
2749 474083
538306 526124
2031631 401612
2103782 18513
953405 576465
541423 573217
8120641 156453
4974378 60608
8124560 1077699
8138847 1060198
8142619 4560495
8143492 443021
8144463 28899
8147094 415513
8147688 6877413
8157998 152714
2933282 147967
1230742 160888
8194821 2397778
8212740 5796022
8219177 1959532
8257277 93403
8262053 3313577
7785946 1566192
8272450 478437
5971576 176745
8226336 331042
8284076 441072
8295508 432102
8295897 176657
245141 260156
8297852 551787
8310418 8310435
8310667 2354803
8310685 3916824
8310699 325681
8310733 1861476
8310774 378540
8310868 673459
8310924 4904362
8311016 828822
8311029 813796
8311048 474457
8311077 1472122
8311093 5694720
8323279 3719069
8328993 388081
1200954 310053
8336819 828384
8339331 8339346
8345725 581588
4900124 839789
8351219 8351234
8351848 257164
8351992 165994
8354895 402261
8356574 577689
8356606 380130
8356671 326600
8356697 3849515
8356712 8356724
4973587 1103795
8356812 247029
8356839 8356848
8356883 1107855
8356913 591732
8356937 1070774
8356974 1535684
8357028 1568000
337101 8383349
8386745 2575665
8386940 247978
8405732 4542864
8417979 119027
709512 1328391
8419105 154871
8421434 595196
8422872 1076441
8432415 379253
8439295 346021
8446390 6096005
8446915 594003
8450246 1027178
8459561 668656
4969215 1061519
8464154 368973
8472284 671244
8486606 157465
8491799 7938441
8492755 441070
8500163 976085
1050767 744419
6964554 456669
8500370 498522
8500414 8500423
8500432 1339344
8500501 8500514
8500569 160488
8500591 1055280
3007198 208788
8500648 4028268
8500697 8500707
8500786 5112780
25717 8500846
8500989 1285079
8501163 59934
8501215 246151
8501256 8501265
8501435 185685
8501500 1445202
8501527 1693450
4972483 85855
8501837 928375
8501958 3188308
4974808 409081
8502054 882286
8502088 25916
8502163 2728631
8502257 1234609
839077 1128420
8502590 1106419
8502705 5868826
8502715 8502725
8502747 207895
8502796 136835
8502814 8502823
8502829 660674
8502912 1856238
8502937 72212
8502959 127622
8502994 479023
8503100 4643139
8503166 5108373
8503228 8503237
8503366 4801065
8503699 1184109
8503726 228775
7354947 95071
8503836 116694
8503897 8503915
8504221 3416038
8504299 8504312
8504342 362948
8504362 8504376
8504382 3576792
7330322 123977
8504603 104639
8504615 1543383
8504663 590173
8504890 2531906
8504998 794695
8505093 393691
8505195 7434436
8505270 4414
8505297 2620650
8505331 2050020
8505427 1356504
8505466 5539444
8505717 165039
8505804 730945
8505826 1212192
8506111 8506134
8506293 768517
8506346 3250450
8506372 7452286
8506439 122444
8506527 736308
8506586 1163095
8506619 60210
8506664 1344906
8506773 994576
8506811 3211587
8506908 502879
8506923 8506929
8506951 126785
8507107 7365818
8507128 8507138
8507175 1766783
8507291 39194
8507329 161911
8507365 1543235
8507465 79498
8507499 8507513
4973778 120513
8507699 926710
8507779 202588
8507847 22661
687880 612635
8508329 683298
8508362 627964
8508391 29547
8226356 2620955
8508585 3188575
8508627 600386
8508655 115422
8508718 8508727
8508776 915474
8508798 241620
8508900 7632393
8509102 337972
8509119 2225006
8509181 8509190
8509197 8509205
8509210 1098416
8509223 293595
8461992 8509474
8509598 1442386
8509616 1134300
8509830 807369
8509975 5401038
8510113 8510135
8510218 60294
8510323 2527103
8510347 7528773
8510361 431486
8510446 5621457
8510464 240421
8510488 233281
8510588 224307
8510666 2292981
8510685 4064010
8510698 1355826
8510811 3786165
8510850 317781
8510948 86539
8510970 399199
8511131 37863
8511283 649688
8511459 3846199
8511611 429331
8511939 271307
8512282 2263442
8512544 2350726
8512678 437410
8512694 1590193
8513003 4062277
8513027 5022668
8513051 945654
8513323 8513337
8513347 8513358
8513420 110338
8513444 8513455
8513535 210664
8513643 13668
8513659 44809
8513796 1558553
8513924 8513935
8514008 8514020
8514369 3611940
8514646 1588135
8529257 833487
3527222 60160
8540373 413194
8552045 1065066
6458663 280323
6458652 285061
8644068 8644080
8646266 4763426
8684650 256173
8722696 3054301
8724136 8724140
8744151 1251733
8760399 1416811
8798548 792549
8800881 551228
8801179 2282079
8835841 8835843
8863369 8369400
8867134 8867142
8878516 2794283
8917248 3048923
8932220 8453258
8940405 1583404
8940973 3888081
8946279 8946287
8946511 1001762
8947830 8947840
9000583 9000592
9024738 9024747
9072500 1128328
9128419 297108
9185589 260373
9187961 5209628
9189153 2944148
9190492 846821
9193891 9193901
9197208 8858275
9203967 7030391
9207170 1611506
9217934 818066
9227178 2175307
9229047 144411
9230140 7825976
9241339 9241352
9247846 653760
9262055 7388010
9263115 2154673
9272010 1462113
9278800 9278806
9281713 9281721
9283848 9283855
9285028 2640392
9298578 9298587
9301712 3529624
9302494 148856
9305148 9305157
9319940 963356
9327990 65873
9337850 4628549
9356546 9356554
9362432 9362437
9365313 270459
9369975 1183400
9376625 723507
9376758 9376767
9377025 1151609
9377519 9377530
9380990 522663
839074 874859
9399009 80580
9400076 3216762
9414142 9414150
9421379 3216119
9424418 9424426
9434236 9434248
9436561 1093269
9443454 898934
9455527 331920
9456708 1266306
9463928 2407844
9469346 4067603
9473872 3603783
9473892 9473900
9474434 9474440
9481473 1976735
9488427 9488435
9499304 4292108
9508042 4594790
9508773 9508783
9515090 727367
9515686 4219348
9519853 790401
9520599 1552850
9548470 9548478
9565981 9565990
9611352 673845
9617067 9617076
9619479 468508
9619738 1803321
9642317 9642332
9674279 9674286
9685162 229859
9695107 9695115
9711668 4117733
9735304 1086199
9758522 6886010
9802251 28363
9815527 969852
9823646 9823653
9895663 9895670
9922321 1548825
9922367 1556672
9932081 9932093
9932219 3910214
9961053 121756
9974121 8592534
10027008 83699
10049710 10049718
10065697 10065701
10070525 124748
10084544 10084553
10089512 4301399
10090864 302940
10091450 573534
10091483 4350119
10091891 3574890
10092812 8928105
10092833 3567740
10122624 2211477
10150657 6992691
10202194 1060309
10235068 4061345
10266024 5981963
10350931 4873404
10350955 1344068
10370798 1009575
10372419 3679883
10406811 8369364
10406966 603784
10416712 392258
10446005 524928
10446041 1752450
10447743 3240933
10447868 1754282
10515786 10515788
10525127 1528164
10531304 2077734
10560653 10560661
10573493 1140481
10573510 411086
10573754 4035464
10680987 10681006
10729345 4102680
10739834 1573144
10790549 296004
10793538 5842213
10828722 142456
10833254 8625553
10878443 9599107
10903695 10903708
10974535 342741
11004410 1617814
11091105 644071
11178473 10116281
11197562 11020740
11213859 10114256
11257179 1410482
11347304 3649376
11348005 2972158
11481040 739705
11482071 11482080
11482094 11482103
11482127 4745973
11482167 11482175
11482218 11482227
11482243 4146186
11482287 11482296
11482306 11482313
11482319 580845
11482810 2732180
11493693 11493697
11494219 453560
11494320 271273
11494342 7545704
11494378 11196906
11494423 382653
11494451 1915382
11532175 4720084
11534530 1061518
11552265 109439
11578244 356685
11627881 7457961
11643734 4588501
11653639 69808
11690376 10173397
11740827 900975
11794288 934494
11892354 9861021
11968523 1962639
11998921 2277739
12041902 271382
12113421 3593298
12175560 523178
12175573 587987
12276529 170935
12277841 1202845
12288111 713809
12429556 1578541
12477024 454111
12503443 229627
12521111 414716
12532909 331117
12541126 628256
12541184 12541186
12541341 12541343
12542312 10304764
12542325 1779413
12542338 1150085
12560150 2198676
12560520 7560235
12560598 4763963
12983788 211576
13120566 510456
13145210 2538664
13152903 1194142
13258509 9354626
13258539 10769549
13258571 1043439
13258591 13258606
13258607 13258620
13258698 647830
13258939 2501175
13259020 5665078
13259053 276746
13259066 13259080
13261066 13261076
13287577 1556045
13287868 595148
13289285 176697
13293409 511578
13293458 4065367
13295416 7218934
13301882 1559566
13304485 294372
13304699 11326682
13304753 13304769
13304770 13304787
13304867 1188091
13305006 8337082
13306072 2134036
13308269 6627303
13308595 11536474
13313062 1219695
13313297 1360058
13314223 3600815
13317025 3758084
13325180 1709722
13327705 13327718
13330905 9014761
13330940 1781515
13331354 4453737
13335460 2985668
13335471 7409150
13335769 1691022
13335822 3207867
13335867 3577602
13335880 13335896
13335897 13335913
13335915 10771129
13335932 481854
13335962 3012432
13336290 13336306
13336367 3213911
13337640 7100903
13338139 13338149
13339863 651283
13340154 11950364
13340542 1490287
13341431 1036630
13342750 3682599
13343011 3512984
13387157 3236624
13387199 6592749
13388030 207954
13388150 13388163
13388401 1472708
13388770 2658753
13388906 364551
13389107 6085761
13389298 9408049
13389411 544308
13389439 6103678
13389581 13389595
13390664 13390679
13390898 325683
13391089 13391103
13391104 364283
13391667 2321018
13391692 2104647
13392116 3573133
13392156 13392168
13392912 13392926
13393305 13393315
13394657 1804150
13396409 498895
13396503 1989002
13396588 468586
13397577 106584
13397924 9282803
13398377 665233
13398521 8479242
13398752 1140642
13398878 1623933
13398904 3710914
13399143 13399154
13399169 1398126
13399457 220633
13399569 1712761
13399909 13399921
13402262 658021
13402966 1056314
13403337 13403346
13403916 13403927
13404055 1254716
13404495 6144033
13404752 10685767
13405034 2026986
13405218 2738827
13405296 13405308
13405392 2116945
13406463 1449747
13407190 13407202
13407422 2120234
13407434 1421400
13409096 13409109
13409278 4801785
13409324 7453270
13409916 13409932
13411039 7554654
13411246 13411262
13411382 13411394
13411747 13411759
13413529 4003065
13413602 1505511
13413949 4764205
13414230 3658113
13414916 4029714
13415167 13415183
13415433 76605
13416281 2942737
13416294 295023
13416417 1448867
13416510 719158
13416589 3611919
13416748 13416761
13416772 768959
13416905 2546112
13417120 914214
13418150 1004414
13420056 7902732
13420188 10767578
13420810 1175643
13420884 880724
13420898 3564782
13420990 161133
13421313 12664858
13421828 258096
13422881 13422894
13422953 2139237
13423197 13423206
13423666 400340
13423737 7279595
13424095 3201549
13424145 327453
13424182 918480
13424907 3926103
13425299 1319379
13425335 1138036
13425853 10572019
13425942 5147160
13426717 714382
13426731 11622265
13427298 138195
13427617 13427630
13427687 13427701
13427903 9745537
13428009 5411521
13428165 45333
13428340 13428350
13428551 9975409
13428700 63224
13429933 1745509
13429998 1210615
13430009 13430021
13431176 2014775
13431296 2775936
13431508 2363268
13431806 2820667
13432368 434281
13432521 116362
13433953 3558009
13434091 1409131
13434124 108015
13434958 494498
13435449 4095217
13436092 13436106
13436107 13015015
13436121 434461
13436335 570805
13436429 7001381
13437072 13437086
13437556 11062549
13438780 305148
13439116 3214984
13439581 7805543
13439677 13254657
13440047 3258043
13441787 3218542
13441908 2119149
13443053 866561
13443251 3993035
13443543 316892
13443693 11021838
13443944 429812
13444412 3174755
13444672 13444681
13444781 584858
13444790 13444799
13444978 13444991
13445702 4854056
13549815 701665
13550004 13550022
13550466 8926934
13550844 177742
13550898 9334683
13551325 471624
13966998 797568
13995138 1794377
14230782 11993855
15085829 15085837
31583 15069399
41430 445856
8970233 489589
3520916 135807
277005 650890
13654519 643682
15240906 647375
9724784 36403
9724784 4619645
3100422 16659
907114 440515
907114 14999263
15242165 486617
2029612 223067
15245619 60663
2266275 937063
1787287 62927
15246806 4620
15266108 205534
15277829 1710220
15281264 11731744
1121583 2530599
2829540 803720
15310796 729279
15340134 1303099
15375691 15375699
1200950 786239
15378824 705308
15388927 1156701
1049809 14203402
14524733 300007
4926558 736864
15401073 11604551
3103986 12655268
15403063 3232307
15413891 107693
11025157 62364
15417417 91186
15417432 812199
15417450 1115379
15417499 918477
15417515 698071
15417791 786295
15417922 609980
15417999 1928033
15418016 12881
15418044 9156007
15418124 12152642
15418154 1890881
15420920 60422
12341400 65188
9132531 412696
1200953 162727
15432013 2214768
15432681 278497
9067712 312193
6458667 1803760
15436549 554886
7621646 589167
15438352 7331615
4974656 3445065
8329117 4802364
4926557 4569986
15443804 266595
15445839 95122
15447657 15447665
7353268 2861688
15453399 408157
12341826 259689
15453603 1023225
15457585 3534909
15457614 279153
15457720 42848
15457800 32750
15457907 15457918
15459153 180363
15460821 67248
8003767 292877
15470474 15470480
15470530 15470540
15470610 442413
4969251 5248115
15473967 1547087
15473985 476179
15493928 979928
15493977 1437773
15400717 355240
15513931 3295618
15514227 893127
15514311 8408090
15514529 177913
15525211 9301311
15525746 122379
15527035 322763
15528550 11731775
15529854 763830
15559043 277322
15560309 41784
15560336 750809
15573838 267348
15576780 408279
8144706 197720
15580130 159542
7797002 1611755
15421602 58190
13691970 11112319
15593056 2212584
7797004 125051
15593116 549360
13773882 461820
15593254 598054
15593305 1651771
15593325 11108002
15593485 11062521
15593659 1248912
15593840 616818
15593870 2736931
15594001 2550291
15594023 110298
15594044 370691
15594072 1278990
7353279 15594131
15594149 877155
12340986 581255
4974569 8784
15594286 67100
15594363 426302
15594541 745848
15594591 2957790
15594808 15594824
15594808 15594825
4974822 2540191
15594922 1182615
15595011 316305
15595095 5128554
15595152 913076
15595307 861793
15595347 388039
15595427 104028
15595455 15595472
15595504 75497
15595523 15595534
15595542 143544
15595558 8798918
15595613 7802104
15595687 1586337
15595708 2994269
15595776 2015900
279697 5763053
10632278 3550114
15596001 242996
15596056 332976
15596069 105564
15596362 2347548
15596388 1360363
15596411 1084484
15596453 9697097
619181 9086832
15596569 1893500
15596613 15596628
15596756 602179
15596996 1611996
15597207 734131
15597260 486696
15597288 1887019
15597394 1776791
202844 9242949
15597496 327047
4973602 728108
15597725 3016792
15597809 937720
15597858 15597869
15597877 134455
15597891 160480
12341806 15597921
15598020 2433297
15598038 2100961
15598167 97762
15598238 15598242
15598266 5684231
15598301 771322
8226353 1498430
15598425 524250
15598539 259833
15598558 576849
15598948 15598960
15599012 15599030
15599142 4122912
15599326 468020
15599349 390954
15599368 2504591
15599420 699854
15599442 11339679
15599461 3574868
15599478 4037703
15599579 7560084
15599598 15599611
15599622 15599630
15599703 10084875
15599725 1851016
15599814 2253081
15599835 558121
15599909 15480025
12341503 1635561
15600364 2055442
15600389 15600399
15600481 262548
15600541 9533760
15600603 7452743
15600642 10587711
15600676 8663211
15600697 940350
15600705 52836
15600780 295152
15601168 6871934
15601252 1368988
15601280 10797213
15601329 15528488
15601352 427223
15601366 26532
15601382 12506262
15601480 2614435
15601554 150920
12341586 454103
15601626 266328
15601640 267784
15601734 15601745
15601828 123505
15601872 3535840
15601918 572618
15602048 9165805
15602069 476595
15602087 96314
15602215 316866
15602266 15602277
12470779 603766
15602398 8861883
15602459 15602468
15602476 1807589
15602520 12619203
15602621 2749329
15602637 276581
15602710 313628
15602752 15602767
15602819 2612566
15602869 630949
15602899 1344655
15602912 59416
15602932 353327
15603009 1536869
15603052 3259367
15603182 188777
15603210 2576599
12341614 1323648
15603396 1440342
15603428 515602
15603510 1555565
15603638 1908603
1297328 11025951
15604395 221734
15604437 61595
15604511 9950875
15604707 696444
15604761 7560487
15604987 3253359
12294447 2877860
10430175 2497259
15605508 34057
15605895 15605906
15606206 3569633
15606228 15606241
15606268 14436733
15606303 9471529
15606322 1513073
15606477 5286017
15606661 351781
15606692 60796
15606724 485942
15606820 199439
15606966 13857073
4974804 10093
15608227 10750515
15643547 265777
709511 4227690
15708478 227849
15745933 12740167
15807331 15807340
15813354 811284
15827357 2737672
15828837 1635189
15838943 2943768
15846221 15846228
15854540 3461902
15866277 1405525
4974559 1196237
15869625 5113745
15869842 316998
15870120 15648387
15870275 15870284
15872765 3012912
15873224 15873231
15899696 15899706
15928943 11029667
15936839 2452947
15938992 9064233
15944299 1890374
15960729 1166183
15962121 3250670
15970410 10266585
15978525 2113420
15980020 1769540
15998145 672282
15998186 269687
16002946 16002954
16025457 1446190
8941266 74968
16036940 3447514
16037126 5325772
16061577 2586283
16062802 313493
16075965 16075974
16155075 1244370
16155091 6518311
16197969 785398
16226457 16226473
16233387 9306463
16237120 16237130
16238325 549192
16243190 864867
16257969 1466339
16268230 7463834
16268789 16268799
16284367 4770503
16284592 16284598
16285573 16285580
16289590 509618
16293708 9318115
16294886 60835
16295570 3855424
16300066 147383
16303613 1854152
16305509 2164573
16313295 1331631
16313518 1784069
16314336 7452212
16314572 165272
16317004 268019
16329582 16329584
16333768 1295657
16336911 386201
12341812 353892
16347380 1244417
16353896 2966207
16358264 1054947
16360856 6361268
16377176 3242718
16381349 23977
16387420 747679
16399165 14598570
16402597 1178878
16404171 10572960
12337236 1073688
16406911 92939
16414863 2314944
16416208 7172240
16425149 305313
16427224 961992
16429094 542160
16437721 1126664
16439521 1080006
16446639 9403846
16446654 4190742
16450909 10475602
16454805 16454814
16467694 2408214
16469939 16469942
16476192 16476195
16479919 686830
16485603 7451303
16489584 2664199
16491541 5841659
16491556 949598
16492125 2573198
16493778 771192
16523194 1510364
16536010 11293270
16539700 1259686
16544682 16544689
16544820 1390600
16546032 66617
16584975 4763712
4974833 1941429
16625838 277317
16628216 6884765
16632026 16632030
16657858 16657868
16704126 16704131
16714664 16714676
16727196 573184
16733625 6639989
16746353 3496784
16782172 187120
16792355 2080069
16803758 1068496
8878606 492100
16830354 223216
16831521 1660620
16841317 1693248
16863454 347065
16894546 850729
16895883 5879414
16901278 16901286
4973767 3604441
16910653 11058199
16919198 1069847
16924090 376754
16924114 2656690
16924145 1424660
16924537 3245311
16931795 6158721
16997943 8481972
17014456 8766413
17026872 8550019
17045860 9513785
17047143 2020245
17076656 17076668
17094818 10123796
17107456 15805300
17109933 6444302
17118888 2965624
17119519 319119
17204191 2983507
17345922 17345931
17361678 9245973
17378776 3202489
17378793 605999
17378906 168737
17380721 1926129
17395090 9605189
17413379 9675631
17464078 9235095
17517690 3237587
17568617 423209
17581437 17581444
17609944 17609951
17666572 681540
17667251 269029
17717813 2220526
17735256 7509735
17741514 13547
17741525 5445973
17762493 616620
17823314 9413018
17833861 260809
18073031 2089406
18111953 875225
18157718 1720511
18241634 708429
18373588 17389557
18373607 14619702
18373629 551425
18373675 5113754
18373722 18373730
18373761 7453592
18373777 3847466
18373795 2024136
18373811 4983911
18373829 18373836
18373843 9228842
18373861 767860
18373876 18373883
18373950 9450538
18376074 15777113
18385247 1650214
18423844 18423848
18465779 3569858
18486792 12187232
18504187 1095601
18538348 728067
18580441 1492957
18667727 7393854
18762160 6113196
18762169 1798991
18762253 8323062
18762265 17965596
18862465 16630925
18865105 18865111
18892131 565617
19026317 249955
19028749 894688
19028775 2603435
12340978 824696
19125453 1967883
19125473 94627
12341629 853933
19125710 19125715
19125730 515983
19125737 2501524
4973577 12580272
19136237 19136242
19301505 1894501
19312999 8097471
19313022 9861968
19373175 19373177
19373256 1699644
19374090 249059
19374092 633952
19374093 2365707
19374135 12894393
19374151 7935430
19374160 2981683
19374170 423670
19377842 8405222
19397177 19397191
19694474 19694481
19878478 11163282
19887330 699413
19887385 4301679
19887404 7317817
20034553 3525541
20044448 210853
20044588 2260723
20044602 1459116
20044630 9083110
20044675 7500112
20044700 1413900
20044777 8289484
20044859 3245316
20044876 3205574
20044891 20044905
20044925 20044942
20044943 8156243
20044982 10006944
20045076 17969198
20045106 878983
20070499 1437830
20072747 374903
20077462 1270798
20079035 329616
20080130 3024954
20085324 4301585
20086722 4301589
20088905 1566749
20089139 2355073
20089270 1124381
20089572 3550956
20090208 1843641
20091108 1012547
20092684 15128509
20092738 457088
20095242 17938200
20097323 1761726
20097875 695324
20111010 955510
20112314 1134663
20113942 4628717
20114181 1304912
20114331 1496115
20118735 20118748
20118749 3530990
20118805 1423784
20118841 14063551
20118891 3575110
20118905 16528038
20118932 1566780
20118948 2650251
20118964 794617
20118994 3575033
20119009 17064966
20119087 14206007
20119103 2549655
20119189 1423946
20121523 14571045
20125464 20125477
20125549 8730066
20125654 1841116
20167172 1015983
20168111 779239
20168354 1312839
20168761 5796064
20169150 3847775
20169909 20169926
20172106 20172116
20172258 3917273
20172412 875023
20172541 250322
20173026 20173039
20173551 266590
20173619 1161426
20174275 3818112
20174399 1097486
20174687 82252
20175581 9306784
20175903 815371
20175993 1671172
20176246 1245900
20176318 10528177
20176845 76597
20177007 782468
20177083 3880337
20177170 394400
20177421 14909604
20178300 3241189
20178480 20178490
20178506 1597517
20178830 19177439
20179853 1441324
20179875 10961150
20179885 10223239
20180249 1661881
20180505 7942289
20181067 10940532
20181660 1270374
20181680 1320498
20181952 117528
20183967 1600756
20184050 19487918
20184271 350954
20184585 891578
20186700 20186713
20186753 1899993
20186788 20186800
20186988 733876
20187078 510531
20187433 10749835
20187444 1432726
20187634 1637293
20187871 61425
20188105 649669
20188300 13108211
20188429 9145930
20188991 1499215
20189979 17999197
20189988 1080904
20190080 6896324
20191433 263789
20191661 18527013
20191755 8524705
20192550 3972396
20192688 3792123
20192777 3038058
20193234 20193245
20194138 5796209
20194162 16555282
20194956 1602158
20195050 10764369
20195271 3575549
20195594 5337639
20196290 186154
20196705 1413872
20196788 643736
20197025 127473
20197295 3647809
20197399 1071397
20199123 4044089
20199497 20199511
20200935 1467404
20201159 4696770
20201437 1745425
20201580 1688828
20201796 349473
20201962 568935
20202628 1119131
20202706 20202718
20202744 1454479
20203052 2965031
20203432 3255472
20203510 9733747
20203587 741765
20204249 2987274
20204262 594241
20204449 1984653
20204564 1630634
20204851 10737119
20205132 841983
20205676 19488880
20206070 20206082
20206364 741937
20206635 29702
20207380 20207389
20207444 178706
20207469 2495143
20207562 10761431
20207650 6106156
20207890 381953
20208096 7458728
20208138 11717631
20208756 3076453
20210432 2860151
20210661 1572027
20210779 609304
20210863 11232929
20210973 1277367
20211221 11472587
20212875 17906954
20213301 11864413
20213377 1153747
20213611 16033441
20213680 9862805
20213726 497178
20213840 288776
20213904 524699
20214305 361351
20214605 962163
20214883 2046766
20214905 11761711
20215027 1739726
20216136 9426186
20216184 628679
20217029 3546144
20218065 1236282
20218619 1780486
20218766 7176118
20218895 11030004
20219044 2000942
20219327 8542855
20219400 3206882
20219775 2006630
8226364 128684
20220364 20220377
20221726 710716
20221813 1402608
20222453 938255
20222574 14708010
20317715 67503
20318432 209850
20319500 8640795
20319803 238161
20320005 3592556
20320192 4085448
20405762 5389026
21552860 11033366
21868466 69813
21925025 1313292
1985003 16104
505778 1345132
746888 1814404
4029624 65771
1192808 365941
2043889 501910
325310 1625951
325310 8079267
2061419 373991
12292860 184655
15466571 7257070
21974779 538527
3135263 21977593
6813007 2763482
530602 4574858
22027082 22027090
22047122 9355927
3007196 202927
7790604 279111
22084316 431343
22089032 212526
19185451 763264
1274768 3746470
10941435 922613
21640991 1742031
22097230 1659675
22106221 22106230
22109397 317584
22109428 1004839
22109772 48489
22109815 1911250
19126074 715665
22109937 509596
22109951 10954145
22110055 554287
19184457 394425
19185155 432309
22116670 5978368
4907011 924155
22120777 29206
932768 19040178
910953 8051
1528658 1749645
6458669 3523051
532154 503400
5971577 199623
22134066 253982
22137174 7257817
22143042 377804
22143180 1045013
22143246 3572704
22143433 5323492
22143486 123958
22144558 17727588
22146758 21170482
22146800 12358176
22146869 8658814
22146922 18608524
22146939 693649
22146952 584163
22147018 767725
22147265 332452
22153034 61088
22158641 602223
12341406 1075182
22159856 3628730
22159871 4542883
22159895 2618889
22163472 14715579
22163564 1202635
22163615 434486
22169924 19427996
22170630 570911
1019513 8117908
22174069 2872895
22178146 133
22178795 2544132
19183794 481429
3120557 3613466
13317313 878532
22196419 2655356
22196486 319877
22199408 1979149
22199640 40330
22206339 9315500
22210635 3531211
22210799 243508
22211089 5245023
22215773 692861
7330276 14627094
22233045 4227899
22236569 156706
22239421 384810
22239623 8335406
22241663 3243094
22255730 227135
22258654 283701
19185459 886522
17344074 1010571
22269156 22269169
22269198 987404
22269902 10616898
306566 1011890
3831849 321571
10536422 1674995
22274000 600646
22274032 2024
22274074 432632
22274136 236025
22274156 293061
22274226 110468
22274306 8820133
22274332 16989776
22274653 255007
22274682 11524287
22274712 18507029
22274826 73853
22274883 575751
22274930 11079688
22274996 4207202
22275045 1452442
22275088 2184198
22275168 7499102
22275209 2398499
22275254 1695859
19185239 130368
22275382 22275393
22275449 22275459
22275572 3739379
19185420 613455
22275675 8454685
10475541 2067856
22275785 590317
22275811 10778600
22275868 122362
22275882 10774085
22275977 369056
22276091 2143007
22276105 1352351
22276151 22276159
22276221 14785395
22276238 3548235
12341634 97960
22276280 10766442
22276286 291145
22276330 11309807
12341499 340643
22276549 547397
22276566 3639043
22276596 61906
22276701 8479098
386553 3531673
4974403 85360
22276881 699319
22276933 15787450
3438317 434329
22277006 135540
22277074 22277093
22277100 1367367
22277201 22277215
15302364 9869364
22277289 19487124
22277380 22277386
22277423 11170077
22277463 212346
22277483 839885
22277531 22277544
22277723 144198
8372830 7001204
22277840 296757
22277883 22206896
16364203 21342879
22277961 524580
22278120 1912705
22278199 18523681
19185428 167860
22278250 1413383
22278370 34314
22278608 2517783
22278654 2604704
22278672 12720652
22278796 9033319
22278817 3219665
22278913 1801856
22278957 494014
22279093 331358
22279125 15518665
22279200 589665
22279233 2408260
22279253 1604203
19185024 68595
22279356 1877542
19185445 299714
22279565 22279575
22279692 22279699
22279774 702479
19227910 4058360
22279878 7560247
22279921 443376
22280174 1056546
22280243 3584902
22280280 18517
22280397 22280413
22280612 1358047
22280713 3544331
22280740 443494
22280838 459866
22280918 6334926
22281027 369790
22281109 22281123
22281136 462140
22281217 3840357
22281239 250737
22281261 16397587
22281285 10795783
22281351 7221216
22281513 270653
22281545 3247042
22281581 698219
22281594 1015990
22281681 14623662
22281872 7029965
22281923 3405774
22281983 3568775
4973623 965182
22282247 856622
22282275 22282284
22282292 114095
22282427 3204098
279701 1401298
22255874 731994
22282609 214471
22282630 127780
22282667 2052003
22282683 455010
22282720 82736
22282761 4996511
4927077 22282795
22282913 7572195
22282932 7458851
22282957 69127
22282985 15541545
22283002 1012920
22283094 22283109
22283419 8005861
22283482 552422
22283669 224913
22283917 12970532
22284070 1055977
8226335 384472
22284166 1599495
22284203 7632398
22284249 12349
7330408 4797733
22284334 9033933
22284394 22284404
19185430 5746898
22284590 1692004
22284712 967900
22284761 1895180
22284817 486061
22284841 8333729
22284868 23983
22285004 1800921
22285292 4734584
22285398 5130283
22285420 3604644
22285454 5069742
22285571 2374696
22285583 1751305
22285639 359343
22285715 933709
22285734 73314
22285785 622762
22285836 22285843
22286207 918580
22286599 191761
22286628 1276151
10628396 2600682
13693978 975384
22347488 545770
22356748 422140
12194917 2078724
17645859 950947
22383570 9578114
10442276 1894774
22430522 3869744
22459276 325284
3110387 621377
22509816 3451609
22517689 805842
22524601 296219
22531515 1600683
22531594 13872833
22531749 916383
22532006 1925213
22532457 976539
22532474 70581
22532783 4591074
22533851 22533862
22538935 1308430
22542592 82210
22567742 1406176
22570448 7368525
22594159 16859545
22600266 17853911
22600298 17712619
22609364 2969639
22615436 138876
22616234 1054624
22621486 14335629
1201446 2215757
22636535 609312
22636711 428275
22660745 5287550
22661262 2658388
22693668 749679
22703091 18385165
22714536 22714555
22719062 21325270
22719126 22719131
22734079 21752931
22773434 22381339
22783520 644816
22849706 22849716
22859589 1695872
22873232 3276865
22878817 2224779
22889264 534723
22892440 525059
22913028 1792463
22915656 526138
22917797 317405
22918181 19574462
22918225 2694990
22919797 500044
22921743 501808
22923275 1838700
22926048 22483954
22928950 2953269
22931943 5727
8529656 351096
22936849 16745848
22936905 9480306
4974820 214533
22959572 18113246
22966798 681185
22970242 1193352
22972844 4039202
22974971 445381
22978638 22978647
22978678 4087780
22981873 3226518
22982754 430949
22985879 2799757
22989919 122400
22994466 154825
4974563 397619
22996878 7032
23009585 5796031
23018490 42857
23023447 826773
23025125 1166803
23027368 8662897
23030170 440392
23036407 11029689
23039168 1598110
23040620 12894562
23045476 823006
23053463 261301
23073181 17983465
23075260 123283
23081423 3732431
23099063 23099073
23102199 6628893
23106463 501704
23106644 2535600
23113737 1476520
23116556 1256011
23118823 2294130
19185162 694833
23127667 1726684
23129240 7463798
23129250 1344128
23129382 9809642
23130654 34113
23130677 265947
23131071 10870137
23145156 11889351
23160436 3456459
23171756 4229102
23175341 268595
23184833 21133014
23185352 4301402
23193878 7172850
23195744 23195757
23196186 18610858
23198468 3228371
23212139 1742336
23219290 5624
23257859 8281515
23262437 260054
23264093 552996
23274694 1253814
23285777 2812282
23306371 1006287
23320358 252596
23339852 277556
23344953 3611362
23370213 23370219
23370316 2108546
526727 8575159
23390113 144694
23432202 4873307
23447396 45255
23448210 948395
23452503 2700346
23452535 114662
23480176 429697
23487751 5335857
12337240 9874750
23509996 57962
23510318 2360592
23532558 721258
23532586 786078
23537135 1909102
23537636 5454106
23544434 4290811
23545077 1815788
23556642 8837282
23575324 8767130
23615364 4301568
23627101 990409
23635502 23635509
23638016 1739652
23645950 4902702
23672334 9504950
23700000 9188293
23704399 1575554
23713373 14501868
23764699 11731618
23803033 6649116
23870958 4800709
23898492 21261248
23903260 7498857
23940787 12584073
7330367 23940961
23955342 789982
23977841 15585708
23986484 5056176
24073423 4334468
24091181 1119122
24102975 96553
24103169 22921003
24103511 3243338
24130098 22357981
24215045 5310868
24284451 4338363
24307736 235339
24320866 817577
24397586 4763267
24480663 441251
24502999 18883865
24504223 22326010
24504237 157436
24617251 5229166
24658978 1796159
24671496 9461695
24735625 1186524
24815062 247610
24918764 12767417
24918810 6117149
24919607 2506363
24919619 2953991
24919633 643964
24919660 13672471
24919677 11199599
24919693 4628724
24919716 131321
24919907 20609945
24920311 939740
24920432 2298185
24928888 1109652
24930421 366344
24930461 9839408
24930497 10213874
24930525 24441477
25024212 12615
25037937 25037939
25054484 638528
19183970 171322
25118784 2823753
25153508 985517
25201380 3205778
25292363 344551
25292378 2137989
25292384 3573655
25292391 9959479
25292444 2790171
25370386 10112035
25377765 49375
25415780 358819
25457504 16303860
25525089 1257577
25621061 7453186
25621106 5336737
19185455 5005437
12340982 225858
19185241 7020968
25644891 17038136
25657667 1295712
25813892 25145480
25876227 16464894
25879392 5350496
25879428 15752672
25879445 2856826
25879488 1435902
25880141 9484674
25880143 413324
25880162 4853430
25880172 1315489
25880177 1186532
25880181 13556645
25880190 13154060
26173934 1988250
26356161 618118
26360528 23069121
26360824 326739
26363579 4301497
26371697 981306
26385451 1041706
26505931 11287505
26507266 652953
26507281 132239
26507304 489605
26507339 1774159
26507387 26507402
26507538 1576124
26507593 26174070
26507603 2061852
26507650 488415
26507698 83655
26507713 1405100
26507793 2404600
26507807 130172
26507889 1892306
26515066 3603833
26523533 956340
26526251 4244828
26530797 4229326
26531653 67530
26532458 939092
26533081 14027081
26533348 3573918
26533804 10775145
26534529 3604419
26535118 6461844
26535121 5043543
26538672 495454
26540123 26540136
26542582 75188
26543308 23086514
26544410 2016783
26550669 8478704
26550944 16619839
26551137 6101437
26551333 553405
26551510 4030035
26552905 626360
26553006 5388064
26555091 2640586
26556972 10162496
26559023 586616
26559457 26559467
26559884 2988420
26562833 6458478
26574832 958921
26577914 370573
26579963 129136
26580075 9747801
26580136 10366660
26580173 4098253
26580209 138092
26580249 3575035
26580265 26580280
26580374 1769657
26580444 3575069
26582528 975029
26584593 26584603
26584687 11058212
26585368 6421556
26585606 1227489
26585676 662561
26585877 13546646
26587271 1534785
26587285 10761569
26587322 2777887
26628442 115944
26628587 198504
26629243 1751528
26629320 6633413
26630282 7452479
26631067 1807408
26631224 69833
26631303 1208720
26631581 1912913
26631678 49222
26631780 8274696
26631824 1176475
26632303 26632315
26632845 1348376
26633565 6219295
26633800 266360
26633809 2058543
26634157 3497738
26634964 17873204
26635213 26206827
26635249 3256723
26635302 26635313
26635447 23118575
26636219 3535385
26636497 11112105
26636649 2810685
26636775 17698026
26637063 293902
26637285 22943801
26637796 1093975
26638038 525806
26638236 141014
26638666 18370546
26639570 1651338
26639683 599650
26639695 423969
26640545 26640557
26640613 18023323
26641070 6221226
26641471 131018
26641786 2053414
26641982 24630380
26642115 4301455
26642297 10355343
26643236 2426858
26644010 4851811
26644021 1577961
26644126 10064770
26644322 553291
26644941 15648375
26645364 18735564
26645747 3514541
26646244 3889919
26646433 26646445
26646627 14598620
26647150 623045
26647867 491475
26648007 1223365
26648770 1106766
26648992 10067131
26649493 9422653
26649749 1603948
26649761 2881171
26650276 10006765
26650500 6854724
26650759 11386456
26651270 11123854
26651420 22691303
26651433 2635487
26651543 466480
26651673 1792664
26652342 10322619
26652651 2245794
26653046 1959537
26653334 12665653
26653673 10152039
26654531 131696
26655072 4792346
26655228 639575
26655576 3444860
26655806 3653233
26655966 3230688
26657254 378482
26657269 7855704
26657416 67564
26657427 949373
26657460 4990056
26657576 218659
26657756 20940537
26658151 12667192
26658295 11062564
26658310 3259496
26658655 7560105
26659318 26659335
26659420 6965833
26659483 1424320
26659573 7437460
26660064 8483251
26660165 1165052
26660453 1404663
26660876 444927
26661843 727066
26661988 3531214
26662705 19303212
26662730 3432278
26663538 3624314
26663811 5431904
26664216 2533702
26665045 316609
26665071 26665080
26665242 63020
26665440 17568066
26666824 10741623
26667143 1102800
26667232 1171507
26667302 3657778
26667437 840751
26667725 11026477
26668360 4600879
26669098 9319646
26670221 1742217
26670296 14598528
26670427 5338688
26670703 3512171
26670768 247303
26671122 917209
26671281 10557545
26671945 26671955
26672028 7362223
26672158 1381832
26673558 452593
26673574 10759261
26673707 1000561
26674085 16404650
26674639 1541779
26675043 3917033
26675092 3993739
26676186 413722
26676216 4653069
26676814 19824987
26677099 781807
26677398 1156398
26677512 9871393
26678313 21687952
26678326 1924966
26678349 3626528
26678440 19487972
26678722 12413739
26678899 10542033
26679025 9706915
26679174 2990222
26679267 3123717
26679581 1517921
26679980 7081942
26680220 70866
26681274 5842171
26681655 16586691
26681870 26681885
26683103 519491
26683222 9815094
26683463 4662516
26683505 699569
26687951 13695250
26772519 13502441
26772784 10832906
26773015 394704
26773233 15025268
26773804 225339
26775908 1352264
26804242 2789846
26960243 7462423
27433560 23887012
27971361 616254
28153461 19196804
28340973 1172230
907113 128878
17597303 59122
9807159 339318
18998515 1178986
144211 370086
953404 69176
16799631 91643
3520918 356025
28343695 798197
3821424 64771
24209504 2067506
304383 9104027
1303510 551689
28372464 1438052
28373698 44837
28384562 192338
28390383 2660270
28390576 133126
28402893 11027287
8371246 69155
28423929 95478
28431145 2805793
28479909 1099789
25049628 22932413
7668516 2789454
1297329 713494
28491890 575306
28492388 1701277
28492605 238166
19185453 4542810
19183966 219069
25700589 1650189
28503308 834562
28503347 2600200
28503661 308995
28503714 18121712
28503783 4416222
28503909 4129148
28503933 13912224
19183911 1990505
28514185 7043621
4711686 2474105
15597140 8956983
9860406 129449
28523340 25145444
28528146 1070955
25700649 12622
2566889 898372
4974816 967440
6964553 1762281
28532023 110526
28536098 27653765
8529659 11141403
28536477 43190
28536614 7219581
28536645 698462
28536671 407911
28536692 1621737
28536986 140097
28537743 2967802
8003765 556617
28539586 251755
28540400 914640
28540508 463533
28540543 1048061
28540579 9661587
28540617 1277034
28540669 3295458
4973604 1136642
28540727 1094278
28540744 487918
28540764 519029
28540828 332352
28540848 1281873
28540864 467209
28540893 24241436
3101399 2589516
14931638 260114
14503808 6205124
12341001 77311
4973592 591139
28552147 408889
28552165 1294735
28552181 643472
28552195 554745
28554870 2673836
28569294 918559
28576916 5417455
28578666 1177866
2902343 627896
28592694 372676
28592798 1761292
4974385 82643
28595578 3844697
28597919 28597924
25699974 233334
246049 15554788
28630475 4473
28631646 1693396
28650534 811924
19185160 2995163
28654087 4571
28657750 253660
28660439 1537067
28663777 414618
28663812 486099
21605347 386658
28664011 8042574
1303511 75919
19185231 267029
28664150 371324
28664165 2575621
28664209 318969
224373 16104968
22758799 5425978
28664457 595376
28664718 514179
28664886 354267
28664914 4301526
4973764 1913175
28664958 44094
28665019 9802280
28665093 28665104
28665125 12894212
28665166 1138461
19185434 1656070
28665193 248314
28665220 639338
15840279 253800
1007544 3872837
28665678 3524157
28665818 96421
28665888 316341
28665961 15814
28666053 17612916
28666083 1092220
28666097 63094
28666161 62509
28666219 1799419
25700012 651657
28666320 5424842
28666435 2078242
28666456 5086884
28666475 589881
28666495 20274356
28666533 593715
28666672 3606928
28666963 7407647
4581374 1367052
28667068 8219135
28667145 1229272
28667233 25145507
28667381 17708155
28667478 960775
28667506 11410938
28667553 2066249
4974818 4049761
28667746 28667751
28667790 2427557
28667827 1746942
28667857 8314250
28667878 19819
28667961 10759218
28667998 1074077
28668043 2904130
28668068 185473
28668088 28668097
28668170 1282131
28668190 9449630
18998667 758645
28668395 3224433
17645659 366893
28668522 1436179
28668556 2525414
28668586 18311377
19185235 125980
28668695 794994
28668803 1296267
24102126 3216863
28668913 267323
28668942 136170
28668968 24963
28669068 157682
28669097 60611
28669114 282681
12337259 1331319
28669325 21384274
28669431 1806608
28669452 273470
28669469 2108796
28669537 71845
28669726 92893
28669740 601876
28670040 687038
28670063 1039146
28670293 7258307
28670367 14621052
28670460 1262326
8226331 3544876
28670623 11731797
28670675 215837
28670756 17680182
28670908 105201
28670934 3603831
25525255 14598741
10663240 19203482
28671271 333941
28671301 28671309
28671393 172967
28671668 1589896
28671724 1582787
28671843 703960
28671918 528421
28671988 1559343
28672002 165801
28672136 705745
28672202 3756328
28672249 8711241
28672318 3544336
10627261 6052824
28672519 5223609
304358 1362194
28673068 553979
28673095 17692899
4972814 1204174
12458807 392538
24189263 653962
4580660 1342096
28674110 89375
28674199 354923
28674219 135386
28674261 2427659
28674299 1332029
28674393 704032
28674466 2136992
28674493 211226
25700022 333973
28675138 829301
12341618 2238985
28721399 22674855
28731775 1099787
28741836 215326
28753575 28753586
28754302 10785698
28771273 1929051
28789357 9606265
28792593 1961881
28792747 246990
28794111 608634
7978038 453711
28805568 86291
28838095 15861622
28841951 18608473
28849459 203586
28877009 479107
28889933 9355232
28899511 3697814
28905936 3603827
28911546 1062537
28911754 1565467
28912195 43799
28912614 1705490
28913468 1397511
28914069 22923183
28914903 2056609
28914929 873623
7800321 19441912
28916127 9350085
28925110 131512
28942827 752311
4969273 3513674
28967986 101366
28973386 897660
28976419 2880720
28990462 3714764
28994788 28994795
29010561 17677483
29014517 1851095
29022313 81334
29024567 21346478
29033639 25976826
29049326 4301428
29053736 21345652
29061849 731117
29106588 226207
29109112 4299633
29109160 6550304
29125070 478129
29127320 322845
29142133 602088
29162107 2772380
29180363 292759
29184585 2202109
29191869 12659279
29199229 558746
29240437 5381711
29250817 4302079
29265508 278485
25699566 560701
29277520 1481665
29278017 1775777
29279931 832798
29285859 1365166
29290473 11379340
29292150 9262175
29294815 1347618
29295076 4249326
29300652 117415
29311925 228459
29314843 1258575
29315110 16614992
29321189 29321197
29344495 9195578
25700014 1922
29352636 3605997
29360943 510551
29376959 125018
29377845 1022308
29380613 29380624
29395126 25009971
29398861 2050411
29398921 1324160
29402016 757299
8226343 206557
29414442 652429
29417222 294884
29427608 145396
29433413 4984041
29437773 1867531
29440258 1897206
29446517 2977930
29449140 29449147
29450242 83008
4973773 2390626
29460004 1465303
29462612 10430518
29463235 267905
29466811 2079892
29467384 14648866
29477885 3514572
29479126 11339860
24148569 1431853
29479511 130693
29479616 1450262
29481076 374462
29481127 1358847
29488034 2588908
29488756 12667205
29511682 735733
29527589 493420
29527981 4223982
29535311 3746550
29545907 10761909
29595944 5583100
29624961 18989594
29655416 3221261
29660879 263851
29674889 255782
29686109 594810
29705430 10760279
29706484 17101
29743954 401796
29747323 11058197
29754552 3745062
29768003 2077575
29784948 2614234
29805322 14621022
29815657 5113789
29825775 4590760
29828636 6128286
29834906 1072698
29835902 3532757
29847384 2669950
29860189 3206187
29861438 2429848
29861464 458710
29861476 96326
29861538 2772374
29868391 1046293
29868449 497310
29872681 6609387
29873092 2501177
29928567 5181162
29928840 134543
29940957 7453860
29970651 3004705
30004010 12363886
30039895 3542543
30085219 1471983
30125391 10943452
30143777 967183
30151139 3535822
30228383 3573691
30264101 1032185
30278162 2246600
30321391 16781547
30323682 345760
30392461 3457972
30414227 5743274
30419715 7124680
30459229 5711375
30521978 30521982
30535845 700547
30541344 4296497
30564039 2549376
30587109 1186212
30615392 22079376
30624385 17350220
8529657 2082618
30774597 3454748
30815349 2905650
30937958 10752697
31081225 10297454
31083261 3045003
31210418 3276121
31210435 4281009
31210469 4452470
31210607 1340470
31216625 29788347
31218946 1758081
31220536 651476
31220900 1506060
31221019 7786407
31221048 760536
31243113 3611923
31272255 4524066
31282064 1803064
31324410 603967
31328563 1409543
31329179 6309672
31330984 11010334
31335840 790876
31404375 18178414
31438713 412375
31576067 1588486
31576132 3860879
31576486 2114219
31672337 1073260
31673759 31673764
31737220 114417
31772833 10584491
31784765 9326022
31825313 1683620
4974647 1883673
31923582 7388169
31924852 22884375
31933611 6516594
31933705 4177089
32090473 3023665
32090495 2214513
32143448 7865102
32143486 17017321
32143520 730440
32143570 24982176
32143590 5602210
32144273 2096491
32145850 6550855
32166390 407689
32169005 7551823
32423313 794651
32441649 1138138
32601350 6995544
32608844 17316884
32681859 8643195
32727127 7454860
32735498 2079632
32736843 10780740
32736911 4087812
32736948 3123778
32736958 1772398
32737057 9492580
32737085 23765005
32737168 302685
32737206 1400621
32737228 9762621
32737352 3849577
32737486 677109
32737534 468869
32737556 6092508
32737574 422716
32748013 7804013
32762109 498867
32762543 3683265
32765923 11214907
32772518 2070584
32772760 7565012
32774988 12664957
32775364 1485601
32775787 16462821
32777085 873522
32777996 2429984
32778861 2837835
32778899 1939154
32779074 6637411
32779093 4802322
32779134 224310
32780364 2985708
32781080 1093940
32781118 733161
32781175 10256204
32781233 8366462
32781807 190873
32781858 1010425
32782563 32782573
32783022 1537052
32784698 7560458
32784960 6915934
32788101 16011
32788890 8330932
32790246 2287117
32793796 1547927
32793810 7388116
32800358 5335768
32801265 1114727
32802876 775265
32806175 9511353
32807313 4750242
32807400 2978398
32807419 313172
32807447 22924872
32807541 7576240
32807598 8265261
32807807 4415043
32808946 2065884
32811123 3630080
32811300 710674
32812480 10522270
32812513 17503742
32812836 1627681
32813550 2498622
32813702 60019
32837370 346880
32855904 21434435
32855917 32855927
32856169 2116925
32856303 150507
32856328 1395547
32856923 9874259
32857091 12266249
32857405 491305
32857910 3031645
32858255 313481
32858470 3818037
32858825 1162611
32858873 1158461
32858946 584463
32859237 1083405
32860447 419639
32860605 17675208
32861253 1926632
32861316 88378
32861812 926996
32861988 636720
32862212 5718444
32862424 12627641
32862497 32862510
32862738 2991560
32862801 15096993
32863058 3741239
32864019 2490034
32864313 1620195
32864380 1703618
32864454 6116980
32864477 1699642
32864489 533069
32864602 11062523
32865084 264412
32865099 1277967
32865512 5796122
32865920 28730078
32865976 17839224
32866043 22971545
32866156 23274316
32867404 303658
32867531 12566647
32867633 2077259
32868024 12701869
32868104 2493316
32868239 9621326
32868815 16472325
32868947 498258
32869497 24102571
32869583 4589885
32869999 23195270
32870283 248085
32870777 868739
32871175 7394064
32871408 1008700
32871589 547812
32871658 690133
32871998 218650
32872670 32872682
32872776 868019
32872877 857603
32872969 666166
32873429 9540402
32873568 868639
32874235 2984713
32874354 3937825
32874390 4456046
32874427 2583901
32874486 3573716
32874868 584381
32875252 6105545
32875678 89919
32876215 1921798
32876530 9504995
32876799 142206
32877232 1352106
32877713 724459
32878331 16143213
32878613 25983626
32879176 2607764
32879198 21698422
32880311 24421764
32880668 2632621
32881128 3747358
32881315 761651
32882869 231129
32884033 408420
32884670 9916987
32884746 22801082
32884880 30802682
32885265 16376732
32885870 5305739
32886255 19331660
32886522 5047765
32886620 2656040
32887265 1257190
32887510 1784189
32888026 362466
32888500 663133
32888882 738869
32889637 1561892
32890435 2151227
32890494 7226290
32890549 2758830
32890590 276700
32890984 701124
32891068 116636
32891161 2063106
32891857 3806274
32892092 18817212
32892445 5843183
32893190 17696804
32893605 1591026
32893701 22198327
32893770 2084324
32893892 2407826
32893996 23484653
32894071 3229824
32894194 1249567
32894217 2798140
32894269 2001115
32894587 1692530
32894620 609310
32894787 3756680
32894879 32894896
32895588 7537864
32895829 6099109
32895996 23522632
32896584 1063309
32896696 380499
32896813 877107
32897118 62348
32897251 8518629
32897306 168400
32897334 5068725
32897466 955623
32897478 977415
32897781 1900703
32898131 3706657
32898845 1993249
32899557 961027
32899571 280799
32899689 21420154
32899790 22734630
32900499 3598487
32900866 22879534
32901352 338490
32902074 7498799
32902709 12583200
32903960 3645602
32904455 1940079
32904701 386622
32904933 2988736
32905664 165460
32905774 17355820
32905900 446242
32906028 26353534
32906052 528923
32906667 7498723
32906693 5056219
32906912 12666692
32906936 268674
32907057 9531790
32907110 4334414
32907626 162013
32907768 10737188
32907804 15737167
32908072 2140197
32908173 17511584
32908480 290183
32908532 7278482
32908777 1243139
32908885 10929292
32909427 2051034
32909562 2248890
32909728 7454943
32909986 6638790
32910537 1888441
32910676 4888158
32910765 402335
32910777 1058106
32911057 462127
32995525 3604868
32995985 1550474
32996030 16350529
32996362 29161129
32996482 32996494
32996549 5292903
32996804 6749982
32997671 17937825
32997798 16415353
33053543 33053550
33427003 5442896
33626631 2349229
17596609 1920755
23108 167426
2033202 490652
2036646 100078
280367 198696
781446 1740587
2750 155378
978808 1098093
16730989 589924
155866 701245
2032543 344591
10638149 448901
17583806 1069159
4969255 59228
12341802 288618
16970692 225028
14503976 1200291
19185440 512571
34647142 405221
34649577 87392
34658043 2396111
34668508 6900010
33730552 1086343
12341378 11731891
34672616 6155043
34672654 1062335
34680885 5419763
19168971 1942285
12470781 466086
19184490 1541834
34684685 119466
19185245 142883
34684737 83151
34684800 13872644
34684817 25866712
3831846 2087642
34684896 470040
34684951 1813696
34685502 24968299
12375821 11063469
13693956 938250
34696819 791327
4942171 951095
20456323 676894
1091055 7461761
22162875 273065
34703683 614370
34715631 2408902
34715696 231743
34715770 323398
34719272 14624985
34719350 512027
34719414 4984553
34719527 382135
34719560 4301565
12341054 622998
34719599 11730712
31973255 1094243
34719744 23315531
1200955 52839
6458661 957124
34732266 279790
34732296 264814
34732349 7463838
34732373 1433113
12340218 373141
34737836 2927376
34744216 958812
14101248 101381
34746685 2450698
31972012 3216743
34751112 545371
2178184 780205
25700709 400775
279699 829822
34767598 18254
34768484 1212176
34769048 6067583
34771117 243403
34779656 1100536
16075763 2746344
32744313 5592644
14162505 423431
34779990 4911229
31973383 11091428
19160911 4627689
4974313 422068
12341395 250231
12341394 510591
19183732 634963
34810360 8493615
691758 293318
34827452 2134929
34833803 1980822
22797847 213947
34835034 14576298
34835894 14480392
34840837 400173
34840908 916896
34840933 203877
34840984 90752
3115979 132848
34841144 894398
9078904 347524
9350175 562129
34841301 4135163
34841376 1176639
34841471 461165
19181606 267781
34841615 30752325
34841678 271060
34841692 1581172
15221180 1358765
24102129 40238
34841812 206680
34842080 251276
34842166 60227
34842230 539548
34842288 7458993
34842321 2873744
34842351 238937
34842370 393203
3007199 272584
34842971 1728146
34842994 212110
1200951 911501
34843091 2804307
34843152 7432775
12340223 2212188
34843197 1425955
34843313 14614054
34843474 5434356
34843474 8657429
31970000 1303143
34843608 1015212
244312 1226695
34843898 498611
34843930 329951
34843980 3261612
34844021 51211
31972544 93197
34844062 3215954
34844082 90761
12337264 918558
34844171 520789
34844217 3569322
4973668 212935
34844283 1887122
24743201 61787
34844409 1128829
34844464 292584
34844492 3593310
34844527 24670051
34844572 2802831
34844602 515455
34844621 135959
34844640 485752
34844760 204562
12341814 778225
34844980 9462622
34845001 4567989
34845018 282386
34845057 163176
34845186 1312211
34845431 1807101
34845633 7938406
34845830 1233104
22501839 17674456
34845990 4982463
34846013 199083
34846165 160658
34846195 9614518
34846221 2063218
34846252 626066
34846376 1255172
10640874 906045
7330455 9869185
34846517 2415555
25732 10067121
24102124 90756
34846730 14715481
34846796 83644
34846870 330517
34846881 2408908
34847088 2753284
34847236 5429642
34847275 1422502
34847298 459551
34847376 125032
34847395 34847409
34847469 1235072
244313 16354602
34847572 23499635
34847594 5337027
34847648 1797310
34847690 1133629
34847721 240902
34848072 2592739
34848135 3221714
34848152 20047581
34848312 1174037
34848342 598986
34848553 1888531
34848616 21325205
34848719 928364
34848734 727067
34848779 21169655
34848843 134538
34848940 141842
24102127 1350812
34849086 1474491
34849305 7464025
6456708 1547290
34849582 202430
34849600 2478678
34849822 150550
34849887 1257414
34850018 890926
31972015 66243
34850164 404532
34850335 425432
34850401 2785791
34850420 1475315
31972623 11025942
34850790 3512270
34850804 542470
34850960 707931
34850982 156294
34851054 7855709
34851078 8804977
34851114 30569509
34851130 158029
34851147 106287
34851165 7499062
34851247 7460888
34851268 34851279
34851415 16769724
4974801 2856295
34851441 538234
34851472 2615424
34851531 12547938
34852017 117884
34852046 5050187
34852112 34852131
34852132 28452981
34852370 27748673
34864785 2715814
34981341 3268046
4972518 2259769
35039180 1691853
35039526 11731612
35044372 22299199
35051152 12030303
35056657 15522694
35081977 19458709
35083300 16125873
35083406 1013446
12340984 2516834
35083832 1023450
35085303 3572605
35085412 321032
15221183 1190330
35154236 33628
35164563 1296434
35165144 16325481
35179051 18503716
35179205 321253
35197677 7499113
35200912 408273
35256257 1512235
35268899 1895544
35277293 7005214
35278804 6854589
35364533 562806
35413477 1180157
35420125 155103
18156023 336041
35443397 2737221
35448433 12572264
35456177 2191476
35456215 23016677
35458685 665674
35463931 1456781
35480600 8353377
35481574 1000796
35482332 3611418
35491438 337391
35494069 246246
35500171 9754826
35500453 1034842
35501040 478350
35501636 68157
35504971 9662825
35505833 119485
35507822 4628897
35510272 15361655
35512631 11680896
35524913 18608489
35525529 1440366
35531488 464185
35531559 265463
35548086 335734
35560326 194335
35562235 2432439
35576516 78537
35579288 303638
35583335 15573390
35585715 3437403
35588622 1609056
35594242 1229005
35598224 2619577
25700645 114830
35598775 9367148
35607510 703497
35607526 3514155
16667072 242953
35615304 17011970
35615825 427910
35617852 12124655
709513 2992179
31973202 407198
35635094 8870438
35637202 9811275
35637216 13116949
35637403 5697103
35637477 14707969
35675578 3003022
35690792 18608423
35696625 751130
35699618 4588848
35703363 4963865
35717122 30880251
35746509 884570
35758881 2355208
35765910 6653216
35773153 859066
35839230 11519898
35840280 71193
35840587 294034
35841533 180589
35863777 1946489
35911075 2763523
35913120 16356485
35920647 4004449
35926981 9522660
35939883 10457302
35954269 62729
35963375 4588895
35970280 1814158
12341612 266770
35985757 14619773
35996181 632325
36002003 374725
36007776 648899
36009239 7172966
36011913 586202
36015665 23295388
36015688 5154585
36015743 5407890
36026259 1815931
36074416 2067201
36074539 5854949
36085834 15340972
36086896 205537
36091593 802522
36129078 16749484
36129310 1268805
36138515 27566506
36146761 2615302
36147189 752091
36147733 1320864
19184561 393823
36184395 18206578
36191792 4988513
36224747 11423947
36241945 5424944
36249863 738203
36280563 142545
36363124 2900970
36365972 16474797
36394545 4460613
12277680 9330187
36412632 512774
36420700 498273
36421682 7451989
36445721 5238636
36456151 848983
292148 794550
36501051 1981580
36501065 2292129
36547035 1669407
36547206 10534666
36551876 3551435
36643035 3536466
36653388 1594564
36662832 578994
13160975 1188532
36702923 1303186
36702967 326943
36703693 12747569
36704041 4457844
36720663 4334365
36801508 14623714
12341607 1031304
36847649 19007799
36876048 1313263
36909873 5287551
36918827 9993644
37182162 29987025
37306819 2508464
37307660 19695241
37307677 244235
37307691 1957578
37307782 2444268
37307821 6460333
37307840 36903776
37307854 29790422
31973210 2805143
37318242 1357562
37318259 2292825
37318292 8432348
37392164 381640
37422111 1563395
37464871 24506567
37524944 9292646
37527683 708688
37574453 1751426
37662649 3915379
37662774 5237308
37662851 536174
37731883 17820
37734105 122524
37789344 68898
37858638 26884223
37867166 794619
37889940 21614
37905000 2258368
37905014 16809623
4973597 794447
19185449 248960
37996271 276615
38005039 680533
19181592 38006103
38011332 397627
38011370 24638657
38011448 1797201
38156621 1843809
38156646 818880
38160404 244848
38161353 604989
38161385 16386595
38210831 827444
38213843 12665861
38213911 11536702
38213948 3833219
38213986 1543524
38214017 96934
38214097 12898335
38214715 374006
38214717 9835853
38214733 651061
38214752 4628901
38214759 3661749
38214801 383564
38214802 17737107
38469709 90882
38637866 467375
38637890 541118
38641821 1421622
38648825 5039339
38676147 3639079
38772204 102064
38772259 1313373
38772276 273646
38772285 1787241
38772341 2689721
38772459 4998418
38772550 276927
38772564 238673
38772618 11566981
38772631 49233
38772767 124053
38779379 502585
38782933 491283
38790216 1653976
38795078 14704385
38796129 11029671
38796853 6634423
38802090 494496
38803999 222558
38806284 1809287
38806361 4264874
38807278 6086570
38808165 1035099
38808260 6630141
38808434 188194
38812385 442162
38812530 4087815
38813697 225254
38814075 212970
38814135 18136227
38814724 17468002
38815300 1186682
38816817 766302
38817027 350590
38818258 415728
38833235 2178664
38836240 8352644
38837202 8116887
38839722 9589269
38840094 14696704
38840107 15751181
38840120 307085
38840450 3247319
38840534 238799
38840558 3225182
38840607 16673302
38840685 1642662
38840781 2549511
38842309 10466230
38843426 1014413
38844572 1835584
38847879 1891385
38886219 16093379
38886368 671615
38887116 1185632
38887162 317755
38887372 446837
38887470 3680159
38887729 12610543
38887835 2645354
38888214 7417166
38888524 14609680
38888605 5795751
38888713 7540737
38889805 248799
38890054 10896020
38890531 30973198
38891005 708951
38891840 1735954
38892507 423860
38893210 734743
38893255 30002465
38893319 3229577
38893416 651477
38893544 17948395
38893571 7172301
38893769 10407285
38893890 14355494
38894165 2720970
38894334 83360
38894448 14695366
38896190 5171636
38896206 2996373
38896436 2009379
38896558 2743534
38896770 501625
38896959 9150615
38898608 358991
38898721 415676
38898735 1306614
38898793 1687867
38899142 6095034
38899430 3510726
38899736 402931
38900275 1944085
38900468 1948313
38900553 4963895
38900600 647021
38900822 1958622
38900834 66254
38902036 8413572
38902761 689901
38903073 3541171
38903610 14989569
38903665 1995308
38903938 2729796
38904412 3294121
38905019 102709
38905305 4446368
38905713 21347010
38905909 3672662
38905949 751102
38906347 16343602
38906596 2523669
38907219 713001
38907846 586699
38907989 19441913
38908025 1875331
38908141 1571705
38908197 9670241
38908290 1919915
38908486 10169078
38908559 3676582
38908750 432417
38909250 248985
38909361 16904663
38909618 14621002
38910706 1772486
38910827 9734273
38911169 982183
38911220 7464810
38911437 11454257
38911461 234670
38911663 38911675
38911744 107272
38911758 1894476
38911947 1887762
38912046 33034413
38912235 795588
38912493 16490048
38913246 10334914
38913267 3548295
38914394 32238562
38914756 7434346
38914769 6635602
38914926 27330
38915251 382608
38915723 1040729
38915810 608356
38915983 33964769
38916016 536335
38916029 9250638
38916141 1585918
38916370 12571851
38916402 24507039
38916536 14620702
38916789 6872777
38917069 446265
38917206 2057805
38917242 2592277
38917697 463910
38918038 2887082
38918379 267422
38918642 8333766
38918737 15853194
38918843 879926
38919018 725617
38919587 1984681
38920185 2292174
38920367 11686897
38920469 17027127
38921088 9250652
38921508 1395836
38922191 5256184
38922312 837839
38922925 1711554
38923064 2528741
38923097 176631
38923136 2173291
38924772 36672686
38925445 1780252
38926358 439476
38926393 5834192
38927380 3459693
38927973 2897316
38928047 3248651
38928082 1771117
38928212 1542344
38928593 10115168
38928739 356375
38928971 311916
38929366 5851911
38929495 4070153
38929588 8555827
38929956 9425056
38929974 298502
38930269 10280460
38930300 1982267
38930485 10515290
38930525 6645021
38930686 421402
38931143 3569021
38931958 445278
38932135 529791
38932216 3012624
38933035 7560378
38933085 1410471
38933240 108845
38933297 10239094
38933342 3533352
38933495 3574471
38933579 1192738
38933655 10808809
38933822 4652329
38934249 2328119
38934352 573393
38934566 3758784
38934591 1175715
38934726 1989281
38934804 956598
38934920 1390856
38935572 1578477
38936918 24501817
38937479 2394464
38937955 9642724
38938043 4143314
38938148 1085497
38938214 37644591
38938247 679837
38938701 4605672
38938773 3249975
38939089 834163
38939318 1341387
38939655 924387
38940938 3639264
38941376 9554
38945828 401368
38946357 150965
39018202 919043
39022638 29280752
39023329 404024
39023533 1630225
40153888 2176640
40251891 108302
40442315 719624
82964 856571
24184892 661202
538307 741738
2047334 76476
2102767 466934
4747247 1008696
2029607 22239
19185044 343984
23965692 62740
4607539 2775180
15872739 8579
4907593 5725
40541836 289950
19184596 2634183
4943790 16239833
40546288 368866
10453025 62117
8760580 1921477
12341381 257271
24102125 206993
28395594 1130746
15597515 2588121
40598919 8657018
40599457 17872585
3077770 3747763
22399235 23112417
40635845 15586442
40640114 3186140
40644430 13502792
8510314 7085491
11031090 1764046
40649648 557977
18124649 33600
40653153 25701020
40653153 11724610
8138685 3248779
40655594 19473
10530415 741506
12341616 143735
14929357 1422788
40669648 293854
40669668 1548944
38049429 1245121
40669863 1016935
31972516 174089
40669940 595675
12340988 1031092
40670052 316967
40670139 1315985
40670171 636119
40670186 492013
40670238 216368
4934219 506378
19185243 4301642
684786 321034
40679709 10749931
40681760 665543
13693954 9166075
13279018 668973
7939505 10289494
12341512 256549
35383910 456274
37879696 608431
26902681 1753379
40688561 1579049
40688920 247022
40689287 16209969
22636411 3451609
40690225 5983364
40690621 810401
24743202 240167
40694830 1012894
40702013 259149
40702615 18652
40703325 632724
40704025 7111014
40705330 238034
40705353 2640925
40705397 9381605
40705464 561139
40705574 226970
40705618 4301440
31973327 59856
40706344 3540405
19684389 4011544
4974407 156594
40716911 2115047
40716933 11176169
40716983 35830323
38049310 1482051
40735362 2923934
40737533 30238
40739425 72630
737688 1284830
40751194 15315927
40752389 200711
40753307 987646
40753420 39835480
40754688 873062
40756393 17691974
40762207 1909269
40762751 3197980
40801160 7144635
40806141 3000666
25725 13362097
19125661 538153
40810924 8602115
40811706 736597
25632765 306072
25379567 13090924
40820690 20648
40821315 682921
10499130 579290
10810257 861548
40821912 13659
10456547 3809989
31969996 84086
532519 15693478
40822095 3835763
40822148 3973422
40822163 9950072
40822215 22422167
40822232 10780249
40822539 222364
40822661 757224
40822694 634091
4969229 1016280
31973208 3238115
40822972 844315
40823016 1985462
40823065 19810713
40823105 2827480
40823132 25145488
12341508 759217
40823444 1694471
40823458 39982
40823526 1356011
839078 1057901
12341621 269650
4972828 1174728
40823843 553293
3831848 923908
15200879 238758
40823954 3249783
398086 681679
5010041 141679
40824172 12717669
309452 229062
40824273 22432713
8329110 10112198
4969316 504123
40824520 1697242
40824557 1235504
40824573 17108641
40824851 1986775
40824925 1461374
40825009 4301529
40825071 30823720
6456883 8812
40825390 8942036
40825479 22204663
40825508 1922347
40825532 2414330
40825547 7560074
40825598 237604
40825665 338202
40825697 4753182
40825752 650041
40825902 49411
40825922 294785
40825988 508617
40826022 368379
40826070 11042965
40826206 17674489
40826339 2071850
40826385 407666
24158806 9082081
40826583 380583
40826739 10214065
12339626 7144638
40826824 722229
12340967 2245
40827036 59024
40827237 2209839
25699570 325355
40827328 471638
40827422 20127
40827480 119672
40827497 97594
40827518 543309
40827534 308198
40827548 9157834
40827693 10468261
40827797 9871682
40827829 878232
40827871 644349
40827975 852797
40828034 234744
40828047 2152591
40828186 3225609
40828318 4161595
40828435 21145344
8529658 1105892
24743200 12127772
40828609 10740802
40828660 8713206
40828698 519750
19215056 8277430
40828767 11731780
40828796 937373
40828821 1886652
40828833 612892
40828955 1662306
40828980 9874105
40829127 7422347
40829273 660373
966266 10337989
40829362 3247570
40829558 914681
40829643 10579321
40829729 40829736
40829751 1695414
40829790 1025005
12341505 19334664
40829856 334211
40829877 175871
10632274 371945
40829909 15872640
40829963 873536
25699978 1437986
40830105 3569860
10627259 985119
40830164 859006
40830198 101447
1738791 378928
40236750 1339735
25699564 83660
38049308 62122
8226368 1949275
40831119 1308094
4581647 2745918
30466417 1990984
40831316 1371759
40831363 212123
12341014 409356
966264 88796
40831543 2307379
38049425 2086481
40831706 31217955
40831726 533272
31973212 1309058
40831767 27759855
40831830 815204
12310152 9332962
25700005 710435
40832053 21383133
40832109 14599733
40832147 606819
40832173 1335733
40832248 83207
40832259 266782
25880226 1112186
40832725 890640
40832916 3230171
40832959 134322
40833036 17338837
40833339 11062536
40833424 1569095
40862702 2825550
40881009 14623798
40930231 2814193
40933407 157390
4974571 15366925
13693982 399840
41013312 1105931
31918531 666287
41019149 18300003
41024142 2443139
41027634 54120
38049368 1117380
16366451 1516442
41058052 1169240
41058620 1788411
4974652 203914
41059507 794109
15731949 5165659
41059869 29992125
41101361 6291987
41106041 122403
41108072 227055
41126426 17924500
41020611 9308366
41149054 157712
41149074 1908143
15442294 149917
41239318 1721087
41250374 21353436
41310193 864486
41317975 30827554
41321891 35228215
41326048 204175
41327444 124785
41348106 1108404
41353789 41353798
41368054 9682222
41382011 7855564
41383740 12585903
41405096 18596647
41405720 1590440
41407720 6627456
12340969 2213704
41408118 23174109
41409477 800568
19185052 12567346
41415608 3329837
41416045 11490390
41416513 11574299
41417867 1335332
41422146 4854030
41424148 29818926
41442487 5794305
41445366 705300
41446022 1165159
41448538 9835099
41455502 7009218
41461796 22514184
41464359 17058084
41472702 605605
41474268 16456986
41482624 775964
41502398 7387271
41504297 36110269
41505672 12207169
41511057 3577607
41512433 419196
41521239 1244141
41523367 570809
41534925 679227
41564723 4217174
41565069 704526
41567899 12467443
34989621 6812139
41572413 9871578
41575879 22989367
41576933 3206191
41577356 2887035
41578580 3569864
41584926 1030789
41585101 501068
30314556 144505
41596672 36931027
27433562 18608420
41597832 172457
41599271 1029038
41599287 787288
41599785 13130381
41599797 60001
41599832 761531
41600078 27769653
41601671 16915
41613597 3759440
41620260 23371122
4974565 1887079
41626835 15558601
41627459 4875100
41635038 14223880
41635048 9373373
41645898 21189950
41650148 8429970
3267 217625
41651254 7461438
41652168 256680
41654818 841184
41656271 11173786
41660968 34395417
41662538 3865065
41716957 39501
41717167 30798251
41717284 2330034
41719955 11718221
41733597 1812345
41738165 5842081
41754981 10333067
41776485 5322063
41786428 387378
41795011 965691
41868034 1830490
41921564 3511816
41930220 237160
41951157 7324437
41952206 311791
41965432 286350
25700642 116904
41975119 2673194
41977135 2003022
41990269 2420361
42062697 403899
42065653 3813663
42076208 420810
42076273 292276
42079707 17460037
42081595 811291
42090735 5409509
42091288 3721108
15978857 3140243
42092276 3694336
42093831 1185583
42114588 18080175
42166749 22849269
42233267 874716
42272537 13876607
42285416 24501823
42293478 1664357
42295140 1898712
42325898 9505
42338486 4847403
42347277 7088691
42352066 1492438
4974654 1592951
42393206 7452221
42395290 1855697
42459878 14623525
19185442 122358
42485588 1828658
42525833 1749331
42556564 14021689
42590295 250611
42630531 1040619
42630641 1309312
42631113 12660066
42646683 8213824
42656338 446893
41062333 148538
41062333 744680
42833880 7375715
42886953 196048
43226278 8253471
43227316 16484202
43227354 14077940
43227418 29983471
43227435 3226767
43227444 502927
25700539 727109
43227494 388019
43228640 1147683
43233441 398756
43237195 659353
19185462 3578129
43237764 1514309
43340917 14212737
43344137 587705
43355575 10954730
12458806 809497
43363261 6353744
43371159 28710646
43414197 2441456
43444386 3228070
43489830 323527
43492500 2861538
43567417 16664051
43574759 2873208
43574806 3783947
43574811 43574814
43639142 447876
43644965 11424417
43645238 16617497
43646895 8822472
43647759 62396
43736465 1201353
532443 12152291
43794999 1909528
43795083 302555
43810233 469116
43813936 3696005
43813989 10974270
43895302 2207058
43901534 1077698
12341828 9637003
38048879 1294031
19185432 2330437
31972514 2026112
43905805 11761794
43910707 7434148
43911870 3536905
38048449 23667416
43912400 11510675
43915922 11950377
43917453 1943808
25700713 6967426
44005438 120439
44005528 4478166
44066256 1092265
44066266 1633066
44066280 15993938
44107312 155848
44107319 430286
44114262 2055979
44114313 11114331
44114357 440598
44114410 10723046
44114441 2496274
44114536 6246424
44114559 16616302
44114638 13657578
44115201 7170992
44115222 14626240
44115223 12266171
44115230 1652840
44125016 22294278
44349404 2120080
44366660 967360
44516274 603931
44553482 16765892
44641761 25145578
44641852 578339
44641862 6288238
44641923 625770
44642009 7530271
44642022 6550862
44642044 16170894
44642087 8161552
44642174 3017206
44642211 1978919
44642250 9873186
44657836 8850514
44665776 2897745
44669370 1513008
44670899 18817256
44674249 33570310
44676167 3843832
44678379 3104056
44681572 412112
44681633 9834971
44681790 7560307
44682327 995115
44683034 22978586
44683054 15643869
44683126 35645915
44683683 24244907
44687219 3846296
44687617 44838
44690720 4420247
44690748 2916310
44692473 603829
44700652 3975266
44704154 26395716
44709044 2950813
44709057 3524146
44709255 3232701
44709338 25984453
44709375 9452012
44709453 5129833
44709467 8211463
44709488 7451318
44709529 9310118
44709567 2212446
44709584 22652343
44709705 1852878
44709749 2182846
44710010 1473155
44710774 14219654
44711304 7526897
44713529 589869
44713742 3252947
44714099 456611
44714413 930831
44714504 14600106
44714515 397212
44754952 1680437
44755061 2663686
44755561 3575071
44755778 228203
44756128 10696592
44756291 11021724
44756749 24464214
44756922 878452
44757445 1916510
44757692 3704866
44758152 312508
44758168 3926018
44758206 35421
44758577 1406963
44759139 11231571
44759261 840319
44759342 3250288
44760071 3575039
44760085 3252444
44760183 9346385
44760205 10172236
44760826 843816
44760871 2873845
44761093 9078972
44761317 7560140
44761715 16413074
44761803 554807
44761922 31449059
44762029 10565146
44763018 13803421
44763080 2331285
44763719 9192886
44764148 2770556
44764160 9043807
44764552 3569325
44764782 375203
44764864 14658472
44765168 13864888
44766040 532325
44766377 9690103
44766472 5175113
44766608 24113044
44767226 523384
44767872 664909
44768071 12677652
44768281 78603
44768317 1935929
44768711 1227851
44768986 900273
44769327 39964104
44770108 141544
44770406 1999769
44770487 4334355
44770515 3630101
44771154 10553096
44771362 3393411
44771826 11195076
44772197 7089037
44772478 2743299
44772560 4033775
44772869 267369
44772957 1664561
44773445 3610368
44773457 3605718
44773618 10052598
44774167 4560646
44774719 1216727
44774807 28502890
44775421 335258
44775454 646613
44775468 7038780
44776230 1268329
44776257 424622
44776499 972914
44776610 1895395
44776763 2703597
44777273 624183
44779193 16935489
44779276 4898742
44779616 1693403
44779962 264854
44780080 4843188
44780358 760517
44780709 965988
44780733 4174078
44781036 1596189
44781197 8738907
44781254 3230749
44781337 5436171
44781447 494087
44781750 5291264
44781811 415157
44782187 30547080
44783110 36688889
44783155 1099798
44783259 3993127
44784384 552311
44784610 702712
44784819 17410292
44784904 3557934
44785363 3593783
44785511 28752476
44786370 1029995
44786597 4614754
44787510 6639852
44787817 7459210
44788137 14532705
44788232 592010
44790063 10475443
44791218 11319493
44791273 19925239
44791297 20606850
44791538 17164583
44791955 75157
44792182 43061138
44792732 9283456
44792754 937346
44792898 1472476
44793315 3841702
44793792 1192486
44794224 18370996
44794316 11196262
44794623 120047
44794706 23375920
44794901 18817292
44795224 1555759
44795488 1475255
44795850 4456048
44795912 3251775
44796186 843819
44796491 2316081
44796702 10556555
44797161 1751189
44797219 266852
44797271 14119309
44797306 1479780
44797534 1917372
44798941 1490108
44799594 1884609
44799997 5146782
44800452 4888147
44800465 356412
44801588 1140713
44802157 613184
44802522 1417774
44803039 2021128
44803174 664901
44803481 1364544
44803957 9861003
44804325 3147515
44804411 609585
44804496 24084769
44804694 1774489
44805007 17048325
44805219 17994970
44805499 353132
44806105 984852
44806324 423467
44806555 309999
44807756 621326
44808281 1069039
44808340 825460
44808473 11731624
44808528 1892233
44885864 15884006
44886013 688897
45993557 9660137
46315019 2703796
1670633 246619
2060468 304817
202814 275538
15868793 264105
2109309 36577
115560 306056
155865 28456
10659605 164182
3007197 24968933
244288 34119
14937294 126240
25713 3648601
1958165 1392409
34770024 49165
12470782 329431
4938032 811471
46401908 3533018
46425119 33326184
46425222 188649
9906629 581991
46428976 5039305
12337228 1092203
46431412 4542878
2890133 11536471
46461789 402439
43955351 953560
46472420 7938305
2860157 6005321
12341632 274220
46479613 349222
14929362 7529124
245140 447370
46485515 34664795
46492686 4200791
18850969 115401
9934420 603103
46495946 11412482
46495962 1612612
46495979 826916
665515 348540
46501502 3243326
7003649 2723776
4942170 9605342
46503560 1215762
46504145 9736724
46504174 6347195
18834674 3717742
4091788 5225942
20456327 3212062
10658632 18205510
43391634 299451
40337497 613449
46517963 432630
6954791 224776
10908672 3929742
8226369 618218
46525333 1483423
46525602 8288330
46525859 310336
10653316 466862
46527715 48402
627256 18611
46528963 2825253
24102128 405207
46529043 3283271
46529074 1816703
23965691 116702
15733144 17946394
30226710 4137326
46539332 528087
46539425 906643
32123548 740863
46541974 4560
46548737 3036678
8138686 1050262
46557499 19805272
46563025 1894573
46565308 3247949
46571872 624126
46573742 810242
43956435 382936
10660325 252647
10655118 711451
46575139 31641492
46575878 695396
46578299 879761
46580419 237600
46582234 11469406
46582824 341537
46583645 214600
46584014 11388639
46585410 3214791
4969307 49204
38048912 748760
46588703 573305
19684388 979826
46603990 826493
46612331 22614
46627700 1696149
46631720 2763361
38048956 161534
28913821 10490682
46640610 616124
1200952 1255786
46640723 411627
36193783 85779
46640845 9648675
46640982 276760
43956018 263918
536382 233046
46641059 133987
43953508 304186
46641263 1737023
46641277 11620603
46641583 14715475
12341638 301925
46641657 2725340
26379733 1158237
19185026 319191
46641789 654909
10659496 128449
46641894 17101571
8282890 234721
24175586 931476
46642136 730172
46642219 104797
46642437 1296300
19184425 1767675
46642531 736939
46642571 3662595
43002235 4000336
306620 2131167
3007200 134055
46642868 5339323
12396014 3763783
46642918 2987559
46642948 956736
46642969 476386
37136251 1983620
2346416 1913275
46643105 20422
46643121 1058794
46643183 707022
46643253 167380
46643275 2128379
46643321 1305669
46643363 416683
2346413 14207192
43956393 1740794
46643564 1886410
46643617 29786628
4974556 1536740
46643762 11761650
46643781 69813
46643796 632946
46643829 2737091
46643878 582377
8329105 22247273
31973232 1197286
4934541 1200234
25699325 1147922
46644299 28518295
46644322 504914
46644374 1021375
46644435 378926
19184454 2461405
46644542 52529
46644593 1713319
46644694 467254
43956429 11058759
46644803 1009082
46645013 10322489
46645037 260362
46645073 3013992
46645118 265062
46645132 448466
46645199 1788406
8003766 3640122
46645271 1409968
46645324 338575
46645535 2495138
46645641 2886908
12340971 88630
46645817 21419773
43956262 2394217
24171253 17973416
31973196 1461696
46645995 17822580
46646070 46646081
46646093 227100
46646122 817918
19723605 17706489
46646200 276008
46646292 1093983
46646349 17908762
46646415 134075
46646518 9872824
46646554 20302
46646616 2901916
46646645 1585231
46646713 4788965
46646801 42976570
46646882 1084511
46647047 1016187
46647075 1792852
46647229 4301692
634761 4025525
46647341 17970903
46647485 12475353
46647538 5854034
38048881 2310212
25700525 452217
46647935 2922095
38049362 612208
20032813 14118605
46648149 1243215
46648165 1362430
46648217 356188
46648230 110722
19184493 885175
46648354 562762
46648386 3236548
46648688 6635474
10656313 635562
46648802 4301545
14503874 301001
12341818 5191
46649079 393786
46649130 328209
46649225 10328102
132249 623756
46649271 7176116
46649331 132058
46649392 3542259
46649468 2884324
46649513 1278231
46649671 11341221
46649691 9503408
46649703 4064482
46649773 141576
31973257 1041454
46649860 4618850
37791927 196588
76369 973238
4927648 1625573
12339400 9815497
3373357 12420178
46650524 927234
12470780 1190510
19185158 1707714
46650630 1862301
46650683 31247
31973250 3012633
46651126 839363
46651725 1542762
46651759 115426
687881 4301674
46651857 257434
46651873 7434559
46651975 61733
46651989 3845854
46652014 302767
46652188 3531657
46653494 16081156
46682957 2958655
46684114 470443
46684131 272957
6458659 2303399
46696206 1960843
46723109 32826
46724986 1895589
31973389 430282
46756148 2408252
46769488 4589926
46775239 869481
46805031 1725928
46818479 2142656
46836068 2627484
40761492 2003380
46854142 375740
12341510 2267447
46864869 625514
46866311 449686
46866416 31258580
46866808 17745837
46867090 1363981
46867363 29819784
46867464 8915401
46867667 3251747
46868388 645502
46870585 4638233
46878844 357724
46905118 259129
46920819 2046153
46936427 41477
46941608 431988
46965781 12186600
46972157 273661
46972369 1147791
46975515 1636761
46976349 289293
46976643 3855452
46981737 10291171
46986723 4156763
7330207 16892589
47029124 479966
47044107 1057827
47090748 862999
47118080 3713799
47147128 6115657
47171702 23100207
47173014 44513
16522133 15649306
47205464 660986
47205492 622023
47208299 1318822
47208920 3627619
47211954 513242
47219085 11406709
47226590 972393
25700585 389812
47239521 12252830
47243067 11040441
47244211 271241
47245374 23282589
47245419 8245759
47247588 365274
47258200 2636523
47260083 362680
47266157 342289
47269205 9601065
47272503 9228767
12341624 3249423
47286653 15846057
47297463 660630
47297597 2236528
47303482 515349
47306299 7452371
47306643 1441474
47306877 3783352
25700587 540262
47311564 7183326
47317349 709876
47317469 1908868
47317512 9416052
47317551 1463215
77211 4252403
47320728 505172
47326859 67844
19184497 903521
47350050 467862
47354555 3227381
47362857 98799
47363546 8457866
47367000 80288
47367808 9974701
47376735 10765162
47380371 8738548
47390184 758426
47390607 47390616
47391025 9149642
47391043 1940418
47391066 25928352
47391088 6311076
47391318 1775906
47391328 14625024
31973252 968591
47420268 8183181
47422216 2608535
47423680 28634353
47426552 6310054
47426575 1866661
47441980 9328643
47442464 4050419
47453976 11049857
47461963 26497
47495438 421375
47506111 525534
47506356 8768164
47509065 9609186
19185054 9813598
47516790 1793680
47523779 400186
47559907 4238567
47580996 775112
47582815 1989996
47611560 1685659
47627542 2220947
47633372 18599065
47663359 255411
47671780 2356046
47672438 142424
47688712 3254838
47707111 10096583
47709066 116677
31973391 809479
47725711 496196
47727217 1010573
47738551 1482046
47740380 12362945
47740436 1894660
47745923 7560268
47749529 256116
47749556 578443
47749629 16858673
47749654 11616211
47749963 7033505
47750060 8833032
47756287 13965584
47802877 17970908
47819489 8240593
47819505 17987867
47830915 1437009
47869669 47869678
47871266 25556456
47890092 11025944
47916121 3190444
47943385 11062531
48024190 3911748
48059772 24259064
48088006 57761
48109397 1308351
48117340 6908436
48136212 8578843
38049359 11449599
48155538 4301669
48162632 11043382
25700654 2077086
48165529 5698898
48203383 17489106
48207490 121409
48223098 16265319
48251320 3309906
48316957 12020797
48320352 9626397
48324771 2069722
48345274 21346237
48387005 221923
48387048 16317525
48389107 3033009
48403051 1433036
48642079 3527741
48706780 246754
48734009 16654209
48971145 72308
48972032 1953021
48972051 10050737
48972075 103411
48972117 10064434
48972147 16886531
48972217 16263758
48972575 603377
579481 1993315
48981850 3010428
48982115 28596771
48982168 1225264
48982254 5260036
48982275 1508864
38048934 252135
49003803 37344696
49067382 10010818
49101572 9117911
49119092 634352
49119187 11510144
49229494 1129129
49269891 3513213
49311590 3233262
49311597 1195439
49311745 386731
49376844 22380515
49398300 3835213
49465349 840182
49468354 12030318
49530384 4763251
20456321 6435315
49543165 354597
49545038 8289435
31971768 1470108
49613275 12234514
49630479 2407031
38048910 951457
25700647 16243746
12339938 225529
49636458 35416226
49646066 1808860
49780544 17966720
49788522 2162880
49822219 789371
49834059 3639260
49834074 2056336
49834180 17998672
49834196 8655694
49834859 1119821
49834863 431323
49834876 10748575
49834878 2625335
49834879 27367397
49834895 2463053
17342245 1085948
49856505 2495289
50065868 3234487
50066479 3236667
50117175 3575073
50196210 16220750
50207234 146663
50218523 19410017
50252684 479733
50284967 18170333
50334023 3593302
50334037 2818574
50334061 823345
50334153 15992910
50334167 4429468
50334188 829071
50334216 11158951
50334284 3672915
50334301 17706115
50334315 4763340
50334336 517355
50334351 7084616
50334385 278938
50334526 143472
50334604 16857065
50334636 1597558
50334681 22986315
50344220 1904944
50351201 166387
50351529 7554632
50355478 3231917
50355908 2720388
50356895 954631
50358103 678628
50358605 1888949
50358618 1031689
50358632 10374238
50360516 3808386
50364720 9331056
50366196 449024
50373613 349145
50373884 402363
50374107 220452
50377248 135920
50377284 10763365
50377517 16303234
50379525 1772598
50383945 2263392
50387609 6637699
50389731 9082119
50392902 23670171
50393768 22062942
50393845 9596097
50395577 11761662
50400983 14300284
50401309 4138697
50401358 2191534
50401384 17944451
50401398 17293977
50401465 3738574
50401531 1697785
50402750 3534302
50403715 1723261
50405308 9287910
50405887 958908
50405921 721078
50406349 687795
50406881 3575075
50407655 3457203
50407830 769143
50445056 96401
50445758 16269641
50446667 17966429
50446858 19331478
50446866 3241996
50446921 283527
50447030 17059
50447391 3213068
50448486 194593
50448654 609551
50449048 228263
50449310 120488
50449562 9225045
50450119 752102
50450150 1487778
50451614 1409059
50451679 37426725
50451816 4155466
50452634 1556005
50453461 1175125
50453675 1183668
50454067 1683251
50454552 3201114
50454873 469341
50455048 12666332
50455352 2393472
50455475 807120
50455830 387563
50456211 33904972
50456332 5716721
50456521 9313600
50456900 9506852
50457782 3575999
50458601 1583308
50458629 22466316
50458900 1074114
50459528 357467
50459563 17677798
50459902 1023609
50460231 1528365
50461052 2105808
50461109 2079570
50461164 10990781
50462071 2107721
50462691 1258096
50462702 485350
50462789 1810
50462888 9988246
50462965 16152314
50463137 360962
50463298 21347571
50463360 35193360
50464344 11213268
50464547 1204905
50465335 832122
50465635 1496749
50465784 43093429
50466473 1070048
50466485 19397778
50466533 9747450
50467035 3233765
50467219 3568981
50467383 6854279
50467487 7152218
50467694 42092545
50467830 348693
50468599 741913
50469117 2419199
50469400 5050205
50469766 1100978
50470310 8712003
50470947 3263359
50471116 19884316
50471761 2402507
50472472 3489282
50472664 1789809
50472915 1940337
50472962 1254086
50473354 502846
50474081 417833
50474293 656708
50474329 1476854
50474846 3003481
50475184 3605727
50475194 2014938
50475682 6076073
50475817 1638587
50476922 3210103
50477672 1201347
50478963 4455979
50479040 3654653
50479088 3567448
50479199 9509830
50479211 4059362
50479417 24732351
50479786 1290959
50479940 1594179
50479963 908238
50480163 2310094
50480383 588209
50480774 49553429
50481111 4301552
50481166 16433653
50481428 2743156
50482015 13083232
50482227 16015315
50483119 1057059
50483418 7551847
50483666 1533526
50483925 1731227
50483971 18097626
50484082 1599575
50484452 423163
50484464 19196123
50486176 6627306
50486273 232185
50486437 2956251
50486814 200817
50486967 824836
50487222 10709604
50488597 36962546
50488979 5211384
50489152 3254753
50489686 209546
50489709 1639233
50489764 6516582
50489993 718355
50490004 10121769
50490668 930629
50490739 755569
50490859 1888059
50491016 7560288
50491943 17671764
50492490 128587
50492830 635176
50492919 650915
50493787 1009427
50494046 6454818
50494539 1299726
50494919 609952
50495826 1158467
50495961 2130521
50496016 4480297
50496368 4588631
50496609 2164708
50497141 1235981
50497173 3136475
50497682 521413
50497985 708926
50498024 2056882
50498343 27765924
50498955 1146876
50503038 28580885
50503043 716722
50573327 6649891
50574733 265365
50575395 2422685
50576470 423540
50772391 274893
51389050 694354
51735434 3604536
51747828 704567
51749386 3535820
