214500 214506
256993 256994
282590 256994
285822 285827
286404 286405
319398 256994
334172 286405
335286 256994
377351 256994
392676 286405
411304 256994
427981 256994
428027 286405
428044 286405
428054 286405
428098 256994
428101 256994
428192 286405
428285 428286
428471 286405
428476 286405
428725 256994
505345 286405
523659 256994
545784 256994
640459 256994
644187 286405
653450 256994
662860 286405
671218 256994
693384 256994
727143 286405
751881 286405
752682 286405
762003 762005
792196 792199
794930 256994
794947 256994
814764 256994
818261 286405
834276 256994
846339 256994
911984 256994
751884 286405
1210752 256994
1241294 256994
1309486 286405
1365753 286405
1365803 256994
1368790 286405
1457287 286405
1530101 286405
1575182 428286
1586228 286405
1592976 428286
1592979 428286
1603423 1603426
1604966 256994
1674666 428286
1782950 428286
1790988 428286
1791000 428286
1791015 256994
1798012 286405
1798018 286405
1798021 286405
1830273 256994
1830405 286405
1844690 286405
1858894 286405
1858904 286405
1858909 286405
1858912 286405
1938875 1603426
1938897 286405
1938916 286405
1938916 256994
1938916 286405
1938968 1603426
1938971 1603426
1938981 1603426
1938986 1603426
1998862 286405
1998867 286405
1998871 286405
1998875 286405
1998899 286405
1998966 428286
1998970 1998972
1999000 1603426
1999009 286405
1999027 1603426
1999055 1603426
1999062 1603426
1999086 1603426
1999140 1603426
2021413 428286
2021473 286405
505347 286405
2022100 286405
2027239 256994
2031794 256994
2031802 286405
2031984 256994
2032331 286405
2032333 286405
2034786 286405
2034953 286405
2036073 256994
2036509 286405
2037212 286405
2037220 286405
2040341 286405
2040611 256994
2040613 256994
2043821 286405
2044175 256994
2044175 286405
2045365 286405
2045373 286405
2054314 256994
2061643 256994
2066559 286405
2075711 428286
2077224 286405
2077285 256994
2080204 286405
2080389 286405
2081885 256994
2083364 256994
2085410 256994
2085447 256994
2090322 256994
2091946 256994
2093602 286405
2093884 286405
2097298 286405
2097305 286405
2097309 286405
2101549 256994
2105199 256994
2105212 256994
2105388 256994
2108188 1603426
2108391 256994
2115501 428286
2118144 286405
2118146 286405
2122430 256994
2124271 286405
2125175 286405
2125273 762005
2126953 428286
2127913 1603426
2128335 256994
2128354 256994
2128392 256994
2129855 286405
2132136 286405
2132994 286405
2133052 256994
2133554 256994
2133560 256994
2135649 256994
2136311 1603426
2136319 1603426
2136346 1603426
2136358 428286
2137030 286405
2137049 256994
2137491 1603426
2138893 286405
2284167 286405
2384408 286405
1007705 622667
2650368 286405
3011660 428286
3024887 286405
3056582 256994
3537221 428286
3557309 286405
3567296 256994
3567308 256994
3623363 256994
3651993 256994
3667075 256994
3687579 256994
3783653 1603426
3790168 256994
4042985 256994
4182857 286405
4204082 1603426
3667076 256994
4453278 286405
149651 256994
4559756 256994
4742755 286405
4764522 256994
4844556 256994
4902854 256994
5036793 5036794
5215846 622667
5839603 256994
6405919 256994
6911279 286405
5839606 256994
7295566 256994
7954115 622667
8045844 8045845
3114916 256994
8284388 256994
6309215 8297074
8317846 286405
25218 4900124
8350084 256994
8359663 256994
2713580 286405
8415162 256994
3101729 286405
8427301 286405
8427367 286405
3091041 286405
8427380 256994
8427462 286405
8427496 256994
8427645 256994
8427806 256994
8454388 256994
8454433 256994
8515798 256994
8595178 256994
8603396 256994
8614631 256994
3084102 256994
8292819 792199
8630708 256994
1858896 286405
8642127 256994
8646469 256994
8657568 286405
8672127 286405
820921 256994
8673107 8673109
8726112 256994
3129249 428286
8866407 256994
9011025 256994
9063447 286405
9088006 286405
9118389 1603426
9121663 286405
9165208 286405
9174662 256994
9230590 286405
9240402 428286
9240402 256994
9240857 256994
9244966 286405
9248366 286405
9304878 1603426
3070154 1603426
9363567 256994
9363570 428286
9379791 286405
9390978 256994
9400066 1603426
9424475 256994
9425993 428286
9446977 256994
9521373 428286
9521392 1603426
9521410 256994
662864 286405
662863 286405
9527466 286405
9527468 286405
9527530 286405
9527558 428286
9527558 286405
9578241 286405
8635670 286405
1858906 286405
9578248 286405
9590202 256994
1918858 1603426
9643833 286405
9643926 286405
9686109 256994
9693640 428286
9693694 286405
9693708 1603426
9693711 1603426
9693730 286405
9693736 1603426
9693749 286405
9693754 256994
9693764 428286
9693766 1603426
1999063 1603426
1999059 1603426
1999090 1603426
3145414 1603426
3145355 1603426
3145355 256994
9693812 1603426
9712286 256994
3114942 256994
9712442 256994
9712538 286405
3115086 256994
3115086 286405
9712834 286405
9718123 286405
9720578 286405
9721570 256994
9722346 286405
9722446 256994
3123678 286405
9724564 256994
9727872 286405
9728094 256994
9728111 256994
9731037 256994
9731040 256994
9731320 256994
9732182 286405
9733112 256994
9733940 286405
9738271 256994
9740122 286405
9744744 256994
9744755 256994
9750529 428286
9755035 256994
9755903 256994
9758625 256994
3135636 256994
9760955 256994
9762090 286405
9769330 286405
3136682 256994
9769860 286405
3137056 256994
9776009 286405
9776013 286405
9776763 286405
9778857 1603426
9780531 256994
9781532 256994
9782214 286405
9782819 256994
9782824 286405
3138656 286405
9782831 286405
9782844 256994
9782847 256994
3138673 286405
9782867 256994
3138680 256994
9783889 1603426
9786535 256994
3069728 428286
3069798 428286
9792564 286405
9793401 286405
3139234 286405
3139685 256994
9797159 256994
3140380 286405
9799595 286405
9799597 286405
9799600 286405
9799625 286405
9799997 256994
9802155 428286
9803050 428286
3143608 256994
3143730 286405
9804743 256994
9806738 286405
9807067 256994
9807074 286405
9807385 256994
9808766 256994
9809816 1603426
9809861 428286
9809875 1603426
9810613 1603426
9811015 1603426
9811557 256994
9812313 286405
10063908 286405
10160839 286405
10382811 256994
10540716 256994
10631435 286405
10694303 286405
10813115 256994
11047332 286405
11047446 286405
11051697 286405
11051910 256994
10682814 256994
11133851 256994
11135636 256994
11254223 24109
11579522 4900124
3537224 428286
11700856 286405
4258271 286405
11749702 286405
11968551 286405
12002950 256994
12012448 286405
12143460 286405
12181705 428286
12276594 622667
4742758 286405
12012451 286405
12181710 428286
4863533 256994
13552626 256994
14947941 1055389
15329633 286405
15424178 286405
15427228 256994
15446631 286405
15459227 286405
15471989 286405
15495204 256994
15497754 256994
10638074 286405
10632730 286405
15522049 286405
15522063 286405
3085073 256994
15522147 428286
15522183 428286
15522190 286405
15522227 256994
15522251 256994
15522266 256994
10624414 286405
1465265 256994
10674078 256994
10688759 286405
15610168 428286
15655159 256994
10677330 256994
2713598 286405
10673209 1603426
2670182 792199
15739109 256994
15743431 762005
15766417 256994
15767170 286405
15785320 256994
15793630 256994
3139171 256994
15817284 256994
15818970 286405
3078581 256994
9174664 256994
15825122 256994
3138596 286405
15881675 286405
15889783 286405
15910365 286405
15910484 256994
3143529 286405
15930423 256994
15972359 256994
16037388 286405
16040119 256994
16040119 286405
16072364 286405
16119277 256994
16157686 286405
16216418 256994
16279329 256994
10682726 256994
16380578 428286
16423055 286405
11024195 256994
3121608 1603426
3072028 256994
16542048 286405
16542050 286405
16566839 256994
16566839 286405
16578192 286405
8819977 762005
16589601 286405
16589605 286405
16651305 286405
16651308 286405
16651319 286405
16651389 286405
16651391 286405
1998877 286405
16699339 428286
3135621 428286
16699393 1603426
16699403 1603426
16699406 1603426
10664850 1603426
16699412 1603426
16699436 1603426
9693739 1603426
16699448 1603426
16699472 428286
16699476 256994
3120847 1603426
16716763 256994
10662494 256994
3114950 286405
16717426 286405
3115380 286405
16718237 256994
16719812 286405
16722385 256994
16722416 286405
16723206 286405
16724348 286405
16724379 286405
16724383 286405
16724386 286405
16724551 1603426
16726263 256994
16726264 256994
16728801 286405
16730999 286405
16731051 256994
16741688 256994
16744278 1603426
16744927 256994
16747264 256994
16749713 428286
16759214 256994
16762367 286405
16766168 286405
10680871 428286
16769766 256994
10646576 286405
16775518 286405
16776469 286405
16777039 286405
16781163 286405
16781189 286405
16781225 256994
2108190 1603426
3139029 286405
16789558 428286
3069758 428286
3098940 286405
16791228 286405
16791232 286405
16791644 286405
3139742 286405
3140007 286405
16794295 286405
16794850 286405
16796894 286405
16797123 256994
16797127 256994
2126955 428286
1575184 428286
2127916 1603426
10655498 256994
16799373 256994
16801640 1603426
10657699 256994
16802733 256994
16803078 1603426
16804253 256994
16805314 1603426
10688678 1603426
10688699 1603426
9809877 1603426
16805922 286405
16807314 286405
16917584 1603426
17206959 256994
17311741 428286
8823104 428286
17387622 286405
17937554 286405
17960652 286405
17974751 286405
12012449 286405
18580582 256994
18837181 1603426
18875153 286405
19012070 286405
19038115 286405
4294038 256994
19773178 428286
19784534 428286
13142331 286405
20039259 256994
21358603 256994
403673 286405
403674 256994
22088342 286405
22137323 286405
10673973 286405
22198304 1603426
3537223 428286
22207800 286405
17600654 256994
22207806 256994
22207809 286405
22207812 286405
22207882 256994
22207909 286405
10486428 286405
22208024 256994
10631551 286405
22208111 428286
22208131 256994
3103193 256994
3114920 286405
22228874 256994
22246407 285827
22267351 762005
15724233 1603426
22324035 286405
1938988 1603426
22372450 256994
22372752 256994
22401962 256994
22423308 286405
22453982 256994
22473588 1603426
22475355 286405
17615815 256994
10631535 256994
22531592 762005
3095379 256994
22545096 286405
22560928 1603426
22648950 256994
22747388 256994
22766102 256994
22786762 428286
3078590 286405
22817791 256994
693385 256994
17469131 256994
10625859 428286
22918697 256994
22918697 428286
10682938 286405
10687055 256994
9063448 286405
1599400 428286
3096965 256994
23047791 286405
23086784 286405
23087199 428286
22228876 256994
10662476 1603426
17616753 428286
3115406 256994
23171554 1603426
1798024 286405
23177141 286405
23200783 286405
23208961 1603426
15903963 286405
1844692 286405
3135639 286405
23221327 286405
23280090 286405
23280095 286405
23280205 286405
23280211 286405
23280223 286405
1938973 1603426
23280232 1603426
4042986 286405
23315274 792199
3122035 286405
10680324 428286
17625305 256994
10666819 1603426
9693685 286405
23324701 1603426
3118044 1603426
3145380 1603426
1999003 1603426
23324720 1603426
3072006 256994
16699479 256994
10683428 256994
23324769 256994
23324771 256994
10687223 286405
23324791 1603426
23324793 1603426
23343379 286405
23347906 256994
23347955 286405
23347971 286405
23347980 286405
23349080 256994
10670193 256994
23351818 286405
23357933 286405
23358427 286405
3128971 286405
23102609 286405
16017760 286405
9291619 1603426
23380879 256994
23382326 286405
23382355 256994
7308845 286405
3093485 286405
17617766 256994
23387327 256994
23387376 256994
10680801 256994
23391450 256994
23391463 256994
17586711 286405
2097299 286405
16775519 286405
2097307 286405
23396959 286405
23396961 286405
3138630 286405
23401952 286405
23401956 286405
17619710 286405
23401970 286405
23402910 214506
23404716 286405
8669214 256994
23406814 286405
23406933 256994
23409154 286405
2115503 428286
23410283 256994
17620190 286405
23412966 256994
23413491 256994
23413622 256994
17621231 256994
10685148 256994
10624314 428286
23418256 428286
23419378 286405
16801638 1603426
17624515 1603426
10624765 286405
23422316 256994
23422880 286405
23424253 1603426
10688676 1603426
23424279 1603426
17625325 428286
3145658 256994
3155527 286405
23534381 256994
23817565 286405
23934792 286405
23959132 256994
19036363 256994
24516860 286405
24516890 256994
24525797 256994
24556890 286405
24155258 256994
24708242 1603426
3145397 1603426
25053375 622667
25149797 1603426
11642528 428286
25555724 256994
4800287 256994
25903109 286405
12567532 286405
26830763 1147752
13552629 256994
28288534 622667
15633079 256994
17617709 286405
28561826 256994
28577045 286405
8729941 8673109
10247677 256994
28598717 256994
10641655 286405
24162987 256994
17469114 256994
10631327 286405
3049342 256994
28599087 256994
10658368 286405
28620283 256994
8729055 256994
28646493 286405
23324776 286405
9802157 428286
420768 428286
16589603 286405
3070433 1603426
28778462 286405
28779568 256994
28782170 286405
3528146 256994
28803465 256994
753072 256994
10677906 286405
28838189 256994
3144263 256994
1696489 286405
23112903 256994
17590338 286405
10633422 286405
3137301 286405
28908635 256994
1716510 256994
28926732 286405
28930629 256994
28937138 256994
28998281 286405
9776014 286405
29000382 256994
29064705 286405
17618791 286405
10683693 256994
29131113 1603426
29177588 1603426
17526517 286405
29182877 1603426
29185214 286405
29225559 286405
23846510 286405
24173260 286405
29227846 256994
29247466 286405
29247466 256994
17613139 286405
3097493 286405
3114918 1603426
29384177 1603426
29121640 256994
29418266 286405
9063449 286405
1674667 428286
16574872 1603426
24193637 256994
13552627 256994
29519934 1603426
29519936 256994
3129241 428286
29519947 428286
29525210 286405
3131763 286405
1844693 286405
29569206 286405
17618580 256994
17618580 286405
29627931 428286
24200568 286405
10687778 1603426
8647682 1603426
29661175 286405
24175567 256994
9769862 286405
29670602 286405
1998870 286405
16699338 286405
29670616 286405
29670622 1603426
29670643 256994
10667368 1603426
29670646 1603426
17607831 1603426
16699405 1603426
10664838 1603426
29670651 1603426
10572564 286405
29670671 1603426
29670680 428286
24200518 1603426
29670710 1603426
3145412 1603426
20797892 256994
10662488 256994
29686909 256994
29687007 256994
29692918 256994
29693201 286405
24182943 286405
17605842 286405
29693925 256994
29695526 256994
10669988 286405
29696972 256994
29697283 286405
29698238 286405
10673494 286405
29703470 286405
3128954 286405
29704952 256994
10675523 286405
1118357 286405
17613778 256994
10676955 256994
17615300 256994
29723448 286405
17617085 256994
10679871 286405
29728189 256994
24165299 256994
29731066 256994
10681544 256994
10681790 286405
29743598 256994
17619656 256994
3138654 286405
29744653 256994
29744850 286405
10682896 286405
16783720 1603426
3138824 286405
29747451 256994
16789562 428286
2115504 428286
10683204 286405
29753640 286405
29756118 286405
29756259 286405
17620702 286405
29756596 286405
29756599 286405
29757128 286405
10684275 256994
29757137 286405
15516634 792199
2126956 428286
3143407 256994
23846508 286405
17623860 256994
17624303 286405
17620188 256994
29763209 256994
29763222 286405
3144507 256994
29763781 256994
29763783 256994
29766111 286405
2136322 1603426
29766120 1603426
17625293 1603426
29914029 428286
29937404 256994
10680900 286405
8823105 428286
30263168 428286
30263168 256994
30286400 428286
30435544 1603426
30522526 256994
24193467 286405
30814098 286405
30931973 286405
4074247 256994
31215613 256994
31219132 286405
31466304 256994
4461789 256994
18836536 286405
32144263 286405
32139322 286405
12915245 286405
27258369 286405
27292936 256994
6924302 256994
33854778 1147752
26814516 286405
21724872 256994
34409051 622667
403672 428286
24195281 286405
34709722 286405
34721570 256994
687393 6557640
34744896 286405
16380580 428286
3084294 256994
16968077 256994
3090582 428286
24126538 286405
3115024 256994
30473531 256994
30801958 256994
34777029 256994
3100502 256994
30505994 286405
34777137 256994
34777148 256994
3075004 286405
3095452 286405
23280246 286405
28869792 256994
3667078 256994
22228877 256994
34887841 1603426
34894019 256994
17619719 256994
34935974 286405
34951180 286405
30505696 256994
17600603 1603426
10682768 256994
10680708 256994
10674624 286405
1361769 286405
9174665 256994
24155754 256994
35085703 256994
3126616 286405
9627219 256994
9565436 286405
17623847 286405
35172367 256994
443575 762005
35265346 256994
10627182 286405
17568749 256994
35282539 286405
17581840 256994
23868934 286405
30495716 286405
10435385 286405
35396552 286405
17619717 256994
17622216 256994
10683121 256994
3138811 286405
10412312 256994
3135047 286405
751883 286405
10650686 256994
30247102 286405
3071689 428286
24199804 428286
16917586 1603426
10680397 286405
16574871 1603426
30499208 428286
35678309 428286
16536099 1603426
1798015 286405
1798014 286405
1798020 286405
3141722 256994
10670001 286405
23119686 1603426
9643837 286405
24166500 256994
17594112 256994
24160610 286405
1938984 1603426
3145010 256994
32138608 256994
16036333 622667
1798828 792199
10668431 286405
1998869 286405
29670608 286405
10667366 1603426
2136323 1603426
23324703 1603426
24180619 1603426
9693738 1603426
17622228 1603426
10685503 1603426
30510377 428286
17565752 286405
3073481 286405
30463580 286405
35840938 286405
35840987 256994
30489715 286405
35841231 256994
35841233 256994
17600797 256994
35846887 286405
30493989 286405
24183014 256994
35848666 256994
3123624 256994
3082473 286405
3126613 286405
24187425 286405
3128285 286405
24187810 256994
35857655 286405
35857701 286405
35858810 1603426
4204083 1603426
30500245 286405
16744279 1603426
3133081 256994
35881630 286405
24193500 286405
24193755 256994
17617942 256994
17586057 286405
35888328 286405
23396962 286405
30480143 286405
35894582 286405
3138519 256994
35897134 286405
10682798 286405
16783712 1603426
24195539 286405
24172487 256994
35904962 428286
9792417 428286
24195651 256994
35907610 286405
10683947 286405
35909700 286405
35909703 286405
3140382 286405
35910486 256994
35910991 286405
29722789 792199
16798088 428286
35912276 428286
1575185 428286
3143405 256994
3143588 286405
35913502 286405
3144371 286405
30486360 286405
30481696 286405
35916086 286405
24200107 256994
35916474 256994
24200498 1603426
35918294 1603426
2136361 428286
35918904 286405
35919702 286405
30412862 286405
35937352 256994
36105376 256994
36145609 256994
36455853 286405
36508813 286405
18494401 286405
36929047 286405
24496585 286405
36968103 286405
15963595 256994
37037718 256994
37100531 256994
18534929 286405
4074252 286405
25262480 256994
37535677 286405
31215615 256994
38473928 256994
38473928 286405
39077993 622667
21326768 286405
39856632 256994
6765161 428286
40429052 622667
40467007 15200555
10582744 286405
3097466 286405
24195340 256994
3144373 286405
40700963 256994
36619944 286405
15854492 256994
40760642 256994
40760642 286405
40760649 256994
40760659 256994
3106076 256994
17618608 286405
36589540 256994
2713609 286405
29727711 286405
30464501 428286
10685831 428286
22270746 1603426
10655108 286405
24195747 256994
40914301 256994
23324661 1603426
3114914 256994
17565865 1603426
3090203 286405
17577784 256994
23873012 286405
1798023 286405
35170352 286405
24191860 256994
24175705 286405
41018726 4900124
36138419 286405
36600260 286405
24159663 286405
13607002 256994
500155 256994
500155 286405
1031104 286405
36600326 256994
28778464 286405
3084454 256994
36625949 256994
36630772 286405
3096388 286405
24169419 286405
30505511 256994
30494456 256994
24182906 286405
23039827 1603426
36588637 256994
36588637 286405
36588657 256994
3079289 286405
33096040 622667
29462344 428286
1674668 428286
17567728 256994
1790990 428286
41637814 428286
10674859 428286
1791017 256994
3131754 286405
41674426 1603426
41674428 1603426
16578194 286405
9578247 286405
1858907 286405
9578251 286405
23280092 286405
15609008 286405
3145504 286405
41740688 286405
24200553 286405
30500259 286405
36619963 286405
16651378 286405
41740747 428286
41740747 256994
41740747 286405
22869989 762005
3122056 286405
3122061 286405
1998878 286405
16699341 428286
41781402 1603426
17607860 286405
3145410 1603426
9693796 1603426
1999088 1603426
24200500 256994
41781477 256994
1592978 428286
3144827 286405
41796480 256994
41796547 256994
24148310 286405
24148310 256994
30489744 286405
16717427 286405
10662856 286405
24178845 286405
24151242 286405
3077887 256994
10666860 256994
41803029 256994
17606006 286405
3121865 256994
41806164 286405
36619175 286405
41809198 256994
24188201 286405
41812636 286405
41812652 286405
36620243 286405
41812656 286405
3130282 286405
41826527 286405
3091327 256994
41832611 256994
10679440 256994
30503077 428286
17617502 286405
36624545 286405
41841325 256994
25425233 256994
10681620 286405
9775998 286405
2097310 286405
2097311 286405
3137154 286405
17618776 1603426
41848875 286405
24195275 256994
36604950 286405
41851651 286405
36625924 256994
30463607 256994
16783717 1603426
9693763 256994
17510561 286405
30505502 256994
10683177 428286
29752206 428286
3069649 428286
30505556 286405
24195622 286405
41859704 1603426
17565738 1603426
41862132 286405
41863525 256994
36628095 286405
23417694 428286
10687074 428286
41866136 256994
24199238 256994
41866365 286405
41866511 286405
3144233 286405
36588813 286405
24199721 256994
16801641 1603426
10687768 1603426
3144705 256994
30509802 256994
36596564 256994
41871396 1603426
3145372 1603426
16805337 1603426
25038362 1603426
3145408 1603426
24200547 286405
30487383 286405
10688912 286405
41962586 286405
10310162 256994
42069942 256994
42118179 792199
17285540 428286
24188415 428286
42323005 256994
17617072 256994
30472080 428286
30472080 256994
42851833 256994
42851834 256994
42884648 286405
42923107 256994
42923185 286405
4761723 256994
3694560 286405
30932616 256994
42960312 256994
24971926 286405
43293622 286405
25641636 256994
16036334 622667
16036334 8045845
23280227 286405
19935818 286405
46325394 386601
46390898 286405
9565149 428286
9565149 256994
46439194 256994
24174199 286405
46472640 1603426
42552602 256994
10641844 286405
17611498 286405
10667898 286405
3097029 256994
24160513 286405
10662472 256994
3137149 286405
46581749 286405
10649042 256994
41743730 256994
17563744 256994
30489710 256994
24168572 428286
3072232 286405
17567001 256994
10662470 256994
24174201 256994
17593986 256994
2686629 256994
23846506 256994
46753012 256994
1858911 286405
9425765 428286
24154370 256994
36624552 256994
10662486 256994
42538713 256994
3082799 256994
36619684 256994
3141735 1603426
3098352 286405
24195338 256994
46494024 792199
24163575 256994
10646558 286405
10675597 286405
8808405 286405
23324794 1603426
10624724 428286
24179346 286405
3135379 428286
30477368 286405
30477368 256994
30506088 286405
47062813 256994
3133915 286405
24186675 256994
2954501 256994
2954501 286405
3567378 286405
17595069 286405
47161481 256994
47161481 286405
10651723 286405
10654863 286405
3078045 286405
47174722 256994
10306845 286405
10687192 256994
42526068 256994
34952472 1603426
10625451 1603426
47271582 256994
3145494 256994
1593144 428286
36605421 286405
29469869 1603426
9337653 1603426
9425994 428286
23087200 428286
36624885 428286
1790991 428286
17612322 428286
3129251 428286
3129253 428286
727145 286405
35683513 286405
9527470 286405
28766617 286405
10680351 286405
36624561 286405
47474971 428286
9643835 286405
36630673 286405
24200560 286405
47528535 428286
36587449 1603426
23872411 256994
30510339 286405
9693630 286405
3122080 286405
3135623 428286
36624537 428286
36624539 428286
36630620 1603426
3123674 1603426
17605285 1603426
17625301 286405
29670700 1603426
16699477 256994
24175571 256994
24175569 256994
1999143 1603426
47582224 428286
3114937 256994
24147976 286405
36588777 286405
47582605 286405
3074817 256994
47586956 286405
3120228 286405
42549834 256994
30426943 286405
10673492 286405
17611493 286405
47596857 256994
3128945 286405
47597784 286405
3128956 286405
10674614 286405
17247543 286405
10647360 256994
24192136 256994
24192469 286405
47616643 256994
47617230 428286
47618072 256994
24193032 256994
47621573 256994
47623393 256994
36624921 286405
47625329 256994
47625329 286405
36625183 256994
30479089 256994
47628539 256994
36625451 286405
2097300 286405
9776010 286405
2097306 286405
24167595 286405
3071858 256994
36587772 428286
10682775 286405
24195303 286405
3071860 256994
3138652 256994
47638047 256994
16789561 428286
24148016 428286
17565917 428286
9792413 428286
10624273 428286
17620051 286405
10683356 286405
42287558 286405
3139740 286405
24196216 286405
47646815 286405
3140384 256994
17621252 286405
17469136 286405
30508836 256994
10656230 286405
3144231 286405
24154178 286405
30509619 286405
17624630 256994
29764125 1603426
42561680 1603426
47653491 286405
12990937 214506
2136312 1603426
18837183 1603426
24200504 1603426
16805363 1603426
47656435 286405
47747470 256994
47833765 256994
47842959 286405
36620358 428286
3138667 256994
36311622 286405
48518163 622667
16805319 1603426
15767171 286405
48597098 286405
48604327 286405
693386 256994
24635892 286405
48290581 1603426
49400386 286405
49520316 286405
43293624 286405
20039260 256994
25780107 256994
5188844 256994
50068726 286405
19071369 256994
33292231 286405
51670934 286405
