46732 46782
6157 49467
76713 76721
104784 104794
146269 146281
185875 76721
233286 46782
233311 104794
250116 46782
282762 76721
321014 46782
344236 76721
344722 49467
368203 46782
376693 49467
379950 46782
392865 49467
461755 104794
499166 146281
503063 46782
513523 76721
514379 76721
545683 104794
642400 49467
672036 146281
679690 104794
689705 76721
691360 104794
700970 76721
710093 76721
718395 146281
379954 46782
739460 46782
772921 49467
798289 76721
798496 76721
820496 104794
821609 104794
831952 76721
845270 76721
871607 104794
333531 76721
691367 146281
881596 76721
333532 76721
884625 76721
888377 104794
891217 76721
891549 104794
896005 76721
911786 76721
376695 146281
915098 76721
953448 49467
961703 76721
972761 46782
997639 46782
1001812 76721
1007108 146281
1005988 76721
1017348 76721
1019694 76721
1020226 146281
1021790 104794
1030111 146281
1035285 76721
1042459 76721
1043546 76721
1051855 76721
1054997 76721
1055880 46782
1058242 104794
40550 104794
1063354 76721
1063992 76721
1078392 46782
1081276 76721
1083191 76721
1005983 76721
1091147 76721
1098396 146281
1113410 76721
1116798 76721
1139704 76721
1145209 49467
1162655 76721
1198072 76721
1098397 146281
1242370 146281
1249488 76721
1250471 46782
1273013 146281
1337115 49467
1371089 49467
1379769 76721
1380142 46782
1413767 46782
1428035 104794
1431552 76721
1442260 76721
1455819 76721
1457713 146281
1460890 76721
892711 76721
1477099 146281
1481364 76721
1482317 76721
1402463 146281
1485347 104794
1491710 146281
1513302 146281
1566710 76721
1568927 146281
1573659 76721
1582347 76721
1594451 76721
1604936 49467
1612976 76721
1619299 146281
1621299 76721
1641082 46782
1641159 46782
1643580 76721
1652063 104794
1652974 104794
1654554 104794
1665966 76721
1678481 76721
1678501 104794
1690900 146281
1694024 146281
1702461 76721
1704584 76721
1705041 76721
1714663 76721
1715364 76721
1717271 76721
1722031 49467
1768693 146281
1775551 76721
1782307 76721
1822751 76721
1905832 46782
1906219 104794
1909811 104794
1910098 146281
1910803 76721
1911252 146281
1911917 76721
1913392 76721
1916072 146281
1946645 104794
1984696 76721
1999645 46782
2029035 76721
2034162 76721
2048362 104794
2076220 104794
2085181 49467
2116394 146281
2132635 76721
2141120 76721
2142784 146281
2163603 146281
2231945 76721
2339799 46782
2366228 76721
2371091 76721
2413302 49467
2449937 76721
2530871 76721
2533940 49467
2717196 104794
912440 146281
2934528 76721
3010283 76721
3185191 76721
3198099 104794
3267236 146281
3267529 46782
3315194 76721
3317054 76721
3365006 146281
3698711 104794
3790481 46782
3792293 104794
4041458 76721
4156825 76721
4168901 49467
4267436 76721
4562451 76721
5012592 104794
6843221 76721
2613852 76721
1469115 46782
8188874 76721
8215272 104794
8241768 46782
8318223 76721
8319940 76721
8335754 76721
8355366 46782
8358741 146281
8362347 76721
8368863 49467
8375376 76721
8387976 49467
8390075 104794
8418614 76721
8433032 46782
7289284 46782
8462290 104794
8485552 49467
8584938 76721
6158 49467
8621787 146281
8621947 76721
4761055 49467
8626777 146281
8629963 49467
8644346 76721
8656983 104794
8658747 46782
8682551 76721
1714119 104794
5620324 76721
8712637 104794
8715643 76721
8658748 46782
1485300 46782
8526808 146281
8747441 146281
8748654 76721
4088759 46782
8766812 49467
8775680 49467
4791558 46782
8803815 146281
1005989 76721
3298617 76721
7678531 76721
972763 49467
8821362 104794
8824707 76721
333528 76721
8873871 76721
8878200 104794
8878403 104794
8883868 49467
8892847 104794
8913514 76721
819512 46782
8915711 76721
8919963 104794
8920360 104794
8928764 46782
8935401 76721
8957426 49467
8970187 104794
8977952 76721
8982320 76721
8983403 76721
8992618 104794
9051060 76721
9164129 76721
9229549 146281
9230463 76721
9236896 104794
9239549 76721
9240326 146281
9266337 76721
9267179 104794
9271713 76721
9278520 146281
9301675 104794
9321162 146281
9322371 76721
9327983 104794
9328714 76721
9328890 76721
9330890 46782
9331452 49467
9331880 76721
9338450 76721
9341388 76721
9342520 104794
9342559 49467
9347321 76721
9352095 76721
9360933 49467
9363463 104794
9376600 76721
9384778 146281
9395814 76721
9396758 76721
9398070 104794
9398531 49467
9400429 76721
9403880 76721
9408885 76721
9420261 104794
9423094 76721
9428428 76721
3099009 76721
9429537 76721
9430585 146281
9451040 76721
9451117 146281
9456938 104794
9459726 76721
9468348 104794
9513351 46782
9535404 49467
9540474 76721
798499 76721
9567266 104794
9567603 104794
1850230 76721
9589689 76721
9597874 76721
9612536 76721
9621216 76721
9621461 104794
9765336 76721
9788079 104794
9792112 104794
9813654 146281
10076388 146281
10076402 76721
2762115 76721
10132590 146281
10148237 76721
1081316 76721
10236166 49467
10310165 76721
10362757 76721
10396474 104794
10397762 104794
10729928 76721
10732938 104794
10804903 76721
10808479 104794
10826028 76721
11031863 104794
11032387 76721
11261587 146281
11462425 104794
11573952 76721
11613561 76721
12559707 104794
13446572 76721
13592988 76721
1009620 104794
14522627 49467
76726 76721
101831 76721
15310828 46782
798040 46782
15349406 76721
3091054 46782
46738 46782
1370238 46782
15404023 146281
15425531 76721
15438873 76721
15458665 146281
15471926 76721
3184845 76721
15477127 76721
15507013 76721
6155 49467
15511774 76721
15514429 76721
15543387 46782
15574469 146281
10653431 104794
15588078 76721
15644750 76721
8355382 46782
15672276 146281
333527 76721
15683814 146281
2075497 104794
10669171 104794
15717992 104794
15719213 76721
15720343 76721
694277 49467
1081318 76721
15742957 76721
15744531 104794
15747687 76721
891552 146281
15765366 49467
15798184 76721
9451042 76721
15816984 76721
15832368 49467
15843356 146281
1005980 76721
15846017 104794
15853877 76721
15864997 104794
15880270 146281
694278 49467
15891194 76721
15895059 76721
15897099 104794
15900308 46782
15918179 146281
11740712 49467
8718667 46782
5620332 76721
891550 104794
15974400 104794
15974448 76721
15976723 146281
15977294 46782
15980049 76721
15981911 146281
15984963 49467
15984998 49467
15991263 146281
15991326 46782
15992289 104794
15993760 76721
15993892 76721
15994376 146281
15996127 104794
15999545 76721
5224910 46782
16034795 146281
16037408 76721
8880523 76721
16062578 76721
16081131 76721
16081393 49467
16118035 76721
16118071 146281
16136349 49467
2596183 76721
16157009 76721
16160920 76721
16218266 146281
16237001 76721
16245344 104794
16257917 76721
16274708 76721
333533 76721
16279739 146281
16284842 76721
16288322 76721
16292597 76721
16298215 104794
8878404 104794
16305591 76721
499168 49467
16308423 104794
16308753 104794
16314036 76721
16334144 76721
9398532 146281
16359543 76721
16360394 76721
16363611 76721
16370122 76721
16374838 76721
16379698 76721
16380412 104794
16382903 104794
16400151 76721
16403574 76721
9338455 76721
16411373 146281
16415685 49467
16421916 49467
16429159 46782
16429169 146281
16430603 104794
1453844 76721
16452035 104794
16458884 76721
16460142 104794
16461957 76721
16466248 49467
16468439 104794
16469444 76721
16469897 76721
16470317 76721
1005984 76721
16480767 146281
16517674 104794
16528281 76721
16539374 76721
16549010 49467
16549025 76721
16551877 146281
16553849 76721
16554675 76721
16563302 104794
16601264 76721
16601660 104794
16617768 104794
16629179 104794
16629618 76721
16629787 104794
16649258 46782
16691243 104794
16691573 76721
16765938 76721
16794962 76721
16809638 146281
16809768 104794
16811772 46782
9305203 104794
17026760 76721
17046981 76721
17058341 104794
17134976 104794
17135294 104794
17442291 76721
17472246 76721
17537408 76721
17655862 76721
17658960 46782
17660568 76721
17817260 104794
17845904 76721
1005979 76721
17943663 76721
18086837 46782
18461010 76721
18462558 76721
18485423 76721
18487681 146281
18546647 76721
18549303 76721
18637438 76721
21365906 76721
12358854 146281
21970246 46782
22002851 76721
885276 104794
1881184 76721
8774512 49467
9364500 49467
6156 46782
22157874 104794
22178425 146281
22209015 76721
22237282 104794
17188352 49467
22267489 49467
22270975 46782
8355383 49467
22382167 49467
22383847 104794
22391337 76721
22398656 104794
670156 76721
22400336 76721
22404023 76721
22409228 76721
15946785 146281
694276 49467
22473684 76721
22480886 76721
22481736 49467
22482809 76721
22485463 49467
9432027 146281
22491330 76721
16998481 146281
22011654 146281
22509641 104794
1373263 76721
22533828 146281
22541311 46782
1306659 76721
22559450 76721
15113302 46782
22561490 46782
22564866 49467
15910823 76721
1153158 76721
22598203 76721
8882372 46782
22615605 104794
11740715 49467
22634371 76721
22634860 76721
22648195 49467
22651446 146281
22652200 76721
22652592 76721
16461244 76721
22653868 76721
22654543 104794
22688098 104794
22694721 104794
22695420 104794
22705131 76721
22714110 76721
1871640 76721
22752267 146281
22761864 46782
22772111 104794
22795924 76721
22804904 104794
15765367 49467
22809738 76721
22864524 76721
15876418 76721
22884523 76721
22615606 76721
8104810 46782
22926965 104794
22949660 76721
22996968 76721
22997211 76721
22998196 76721
22999186 146281
23004061 76721
333529 76721
23006935 104794
1001816 76721
7809467 76721
23009383 146281
11740720 146281
23013825 76721
23016665 76721
798498 76721
23020055 49467
7809465 104794
23031444 76721
1081317 76721
8690153 46782
23040459 76721
1223170 49467
10669172 146281
23055223 76721
23059431 76721
23081046 76721
23081345 46782
9328715 76721
23084456 76721
23086896 76721
23087120 104794
23089703 104794
23091693 76721
23092649 76721
23098933 76721
15994314 76721
16118036 76721
23107173 146281
23107809 76721
23108554 49467
23113865 76721
23116827 76721
23117810 104794
23120745 104794
23120943 104794
23124549 76721
23139841 76721
23208590 76721
23210277 146281
23211134 104794
16428180 76721
23214627 104794
23247944 49467
15993266 76721
23396348 104794
1911921 76721
23420721 46782
23426180 76721
23657921 76721
23758376 76721
23784323 104794
23796895 146281
23804836 104794
23831022 146281
22638657 76721
23939947 76721
24027249 76721
24056510 76721
24165022 76721
24237809 104794
24318014 76721
24320054 76721
24322261 76721
18078486 76721
25005317 46782
25046915 104794
25087145 76721
25356407 76721
25359338 46782
25552115 76721
25816997 76721
25821235 76721
2533946 49467
28189334 104794
2596182 76721
799552 76721
28430915 76721
3020933 146281
28489016 76721
28492489 76721
28503251 146281
3165868 104794
28531248 76721
28579000 49467
28587768 104794
11216489 146281
28653459 146281
28713774 104794
28733087 46782
28733935 104794
28771964 76721
28772130 104794
368204 46782
694274 49467
9554490 76721
28791820 76721
12153689 76721
28801093 76721
28802614 76721
28806348 146281
461756 104794
28818679 146281
915099 76721
28846849 49467
694275 146281
28851533 76721
1469114 46782
28852262 76721
873282 146281
1905418 76721
5620330 76721
28869895 76721
28876410 76721
1139707 76721
376696 49467
28895166 76721
28898383 76721
8182310 46782
915100 76721
28917446 104794
23349625 146281
1453840 76721
1453841 76721
28982617 76721
28987924 76721
9405633 76721
1019812 76721
29011461 76721
29024376 76721
29026673 76721
9738191 76721
29039124 76721
29058198 46782
29060968 76721
29064515 76721
29064548 76721
29077806 76721
29082731 76721
23285860 46782
29103286 146281
1513304 104794
29106364 49467
29116049 46782
3359906 76721
29207407 76721
29220903 46782
24166514 76721
29229000 146281
29229490 49467
29249021 104794
29274406 76721
29281812 76721
16360459 146281
29290962 76721
29292331 76721
29308615 76721
29309643 49467
29311788 104794
11740719 146281
29315608 49467
29322874 76721
29326131 76721
29349256 76721
29359573 76721
29359613 146281
29360122 76721
5620331 76721
29363152 49467
29363893 76721
29365171 146281
8195105 104794
29376174 76721
29380583 76721
29396926 76721
29398521 76721
29404562 104794
29405280 49467
29415520 46782
16475291 76721
22545362 76721
29416652 146281
29417191 146281
29418457 76721
29420717 104794
29423519 104794
29424916 104794
29425144 104794
915101 76721
29442805 76721
29451582 49467
29457901 76721
29460158 76721
29460162 76721
29513590 76721
29529043 76721
29537921 146281
29538269 104794
29607202 76721
29634377 76721
29671239 104794
29688135 146281
29741004 146281
29742287 49467
29743103 76721
29758773 146281
29771386 76721
29816011 76721
29895905 49467
29899321 76721
29915169 76721
29929064 76721
29932988 76721
29933849 76721
29973318 76721
30118361 76721
30129470 146281
30326777 76721
30610428 49467
30692204 104794
30787183 76721
29320658 76721
3267242 49467
31314151 49467
31320917 49467
9239556 76721
31383282 46782
21785362 104794
25594045 46782
33078137 46782
11227580 76721
33877939 76721
33983218 76721
34563803 76721
76732 76721
34571727 76721
34584219 49467
1485301 46782
34645093 104794
34665894 76721
34731245 46782
11740707 49467
34769206 49467
34823418 104794
34826819 76721
461757 104794
4668517 104794
17814328 76721
34904398 76721
34908141 49467
34913142 49467
34920984 46782
34948121 76721
34948592 76721
34955373 76721
34956348 104794
3185456 146281
5679930 76721
34965519 76721
34975000 49467
34979345 76721
35020228 49467
1576347 146281
344723 49467
7847598 146281
12374994 146281
3217613 46782
35033737 76721
35043793 49467
5620326 76721
691366 146281
35062774 49467
35067880 76721
27243287 104794
35096482 146281
35099476 49467
8928766 46782
15873932 49467
35151682 76721
35165957 49467
12904424 49467
35172397 146281
35174417 76721
35174849 76721
35177352 76721
35177525 76721
17568708 76721
11740716 49467
35181593 76721
35181597 76721
35183022 104794
35186409 76721
35190906 49467
25689447 76721
35195628 76721
35195638 76721
35197085 104794
1005985 76721
35235064 104794
17654004 46782
35252232 104794
35254063 76721
13567429 46782
35270796 76721
1669147 76721
35392910 49467
35397694 104794
14765598 76721
35423392 146281
35442633 76721
35450331 76721
35453697 46782
5224911 104794
35455647 76721
35460700 46782
7809466 76721
35471868 46782
35472071 76721
35472413 104794
4039660 146281
23098934 104794
35481334 76721
35521653 146281
35521750 104794
35522116 76721
35523580 76721
35524227 76721
35526578 76721
35528270 49467
8157058 104794
35533745 146281
35550460 76721
35550600 76721
35550915 146281
35552602 104794
35552609 76721
35557937 76721
5188612 104794
35561147 76721
35562023 104794
35564751 146281
35576204 49467
35585494 146281
35586983 104794
35587852 76721
35595011 76721
35596820 49467
35599084 76721
35599086 76721
35599095 76721
35604888 104794
35610020 76721
35610052 76721
35617228 76721
35617959 76721
35621352 146281
35626598 76721
35627423 76721
35678636 76721
35680507 104794
35689103 76721
35694774 104794
35706162 49467
35714860 76721
35737810 76721
35762034 76721
22269848 76721
35762283 76721
35846206 76721
35862237 76721
35894858 49467
35896120 76721
35899087 76721
35921493 46782
35922080 76721
35923536 46782
36049536 76721
36069556 76721
36088545 76721
36126940 104794
36135284 76721
36197366 76721
36253879 146281
36281658 46782
36347896 146281
9239555 76721
36411135 146281
36428413 46782
3108208 76721
36520136 76721
36588765 46782
36611377 76721
36660970 104794
36701239 76721
36732543 76721
36739065 76721
36777267 76721
36784036 146281
36909625 76721
36928277 104794
37083920 104794
37319019 104794
37380278 76721
37416274 76721
37548180 46782
1702467 76721
37768439 76721
37953331 76721
38047044 76721
39400678 146281
39888617 76721
40403897 76721
40557200 76721
3091052 46782
15750201 146281
15808687 49467
697450 104794
2679202 104794
40725423 49467
30544374 104794
40749515 146281
1752987 76721
1491953 146281
29309645 46782
31306301 76721
963263 104794
40833556 104794
27852422 46782
15608970 76721
5620334 76721
9738190 76721
1669315 76721
40929990 76721
28853892 76721
40935318 76721
40938437 76721
14057843 76721
3184846 76721
40945359 76721
670154 76721
40953778 146281
40957374 104794
40960639 76721
22495618 49467
1453842 76721
2878282 76721
10918112 104794
11601321 49467
30004758 46782
10677993 76721
12559715 104794
35081242 46782
40998729 76721
41003298 76721
35029677 146281
8738432 104794
5679929 76721
17380478 46782
1063993 76721
41036676 76721
16459707 76721
8773539 76721
41040830 104794
15284301 76721
6214018 104794
30361033 76721
41055077 146281
679694 104794
1198073 76721
41071362 76721
7678529 76721
8739223 104794
29700048 76721
41089720 104794
15853492 76721
7938721 76721
11740713 146281
41124965 104794
15938679 104794
22779973 49467
41140016 76721
15883101 146281
29360262 46782
11740714 49467
28472875 104794
1453845 76721
16422626 104794
41149587 76721
41149793 49467
41150224 76721
9338454 76721
11740717 49467
41157657 49467
8787666 76721
41167948 76721
1005987 76721
27634295 104794
41179420 76721
41201260 76721
41202721 76721
17833824 46782
41204830 76721
41205652 104794
41209600 104794
41211769 49467
9597875 76721
41244787 76721
1005986 76721
28566212 76721
41317166 76721
9384212 146281
9450228 76721
21819079 46782
41378002 146281
16082612 49467
41382694 104794
41385282 76721
41385599 104794
41388314 46782
3073041 76721
16301071 104794
10538653 76721
14021591 104794
41420847 104794
41433609 49467
41433683 76721
41434740 76721
11661808 46782
41441047 104794
41443474 76721
41452818 76721
41458429 76721
16353995 104794
41469009 104794
41481690 146281
41482675 49467
41486120 76721
3199320 76721
41500274 104794
41507173 76721
1083192 76721
41513068 76721
41515338 146281
41515428 76721
41515692 76721
9053012 49467
41524954 104794
41524960 104794
41526244 76721
41527097 49467
9685490 104794
41539702 104794
41542339 76721
41547486 104794
41553904 146281
41554510 76721
41554823 76721
29604714 104794
41573674 76721
41579524 76721
41580153 76721
41580637 76721
41583066 46782
41587282 104794
41587385 76721
1702466 76721
41595275 76721
41617249 76721
41631242 76721
41640414 146281
41656635 76721
41718641 146281
41720312 104794
41721526 76721
41733370 146281
41755096 76721
41765703 46782
41774669 104794
41774671 76721
41783128 76721
41788887 76721
41813078 49467
41870464 104794
41875459 46782
41875644 104794
42023622 104794
42026175 76721
42083309 104794
42168094 76721
42370545 104794
18878930 76721
42516236 76721
42560283 104794
42659445 76721
42663145 76721
42663688 76721
42669095 76721
42709763 76721
42824347 76721
42994921 76721
43009794 76721
43012917 104794
43021784 76721
43328775 76721
43381803 76721
43382844 76721
13592998 76721
43463986 46782
25594046 46782
43812621 49467
43891719 49467
44832134 76721
39838802 46782
45733001 76721
46196920 49467
9433686 76721
21963969 49467
21963968 146281
41041548 76721
796497 49467
22023782 76721
41035888 76721
15097433 46782
368205 46782
46485691 76721
37872783 104794
1469112 46782
46552757 49467
11601320 49467
46573014 104794
27852421 46782
46609878 104794
16422627 104794
18171559 76721
3139173 46782
46747511 104794
4559656 76721
46756162 104794
46756365 76721
46758372 76721
154286 146281
8773538 76721
379955 46782
46769101 76721
46777705 49467
1469113 46782
11601322 49467
46822900 76721
9338451 76721
17479839 104794
7990064 49467
28589468 104794
46849640 76721
7678526 76721
34979348 76721
46863144 49467
46869323 146281
46869325 46782
46881193 49467
46892999 76721
972764 46782
46897341 46782
46908162 76721
25880596 49467
46918723 76721
46919101 146281
76733 76721
7307671 76721
46948867 49467
42995568 76721
11216488 49467
46957148 76721
670155 76721
46957455 76721
46957535 46782
46968361 104794
46969597 104794
36911424 76721
46970632 76721
46981891 76721
16415686 146281
47003420 76721
29355526 104794
47008018 76721
47013700 146281
29360263 49467
47029174 76721
47044570 76721
47048690 146281
47054161 76721
47073673 76721
47084203 104794
21655604 104794
47099364 76721
47114023 49467
47144720 76721
47156219 76721
47157289 76721
42538457 76721
15765368 49467
47177355 76721
47182294 49467
17591983 146281
47224014 76721
2163608 146281
47234157 76721
47236739 76721
47237172 146281
47237218 76721
47221599 146281
47239102 104794
47239458 104794
47239716 76721
47253032 76721
47267232 76721
47270551 76721
15832369 46782
28978450 76721
1379376 146281
47280997 49467
7809464 76721
47282329 76721
47288514 146281
47290065 104794
47291470 49467
41732536 76721
35591841 76721
47296750 76721
47296860 76721
47306826 76721
47315872 76721
47317440 76721
9451041 104794
47318808 76721
47319585 76721
35455648 76721
47339374 104794
47339917 76721
47342714 76721
47350469 146281
47350562 76721
47354552 49467
47357912 76721
47358257 104794
47358334 146281
47372836 146281
47375773 76721
47378908 76721
47379670 146281
47384122 76721
2445176 76721
689708 76721
47430714 104794
47442988 76721
47453900 76721
47464424 76721
47506592 104794
47507539 76721
47509621 46782
47510170 76721
47510776 76721
47514116 146281
47528437 104794
47533185 104794
47560948 76721
47620545 76721
47628801 104794
47635500 76721
47646690 46782
47655618 104794
47657265 146281
47658603 49467
28889608 49467
47659742 76721
10495000 146281
47712022 76721
47824381 76721
47835850 76721
29987090 76721
47859188 76721
47864228 49467
47877781 104794
47878968 104794
28802615 76721
47918810 76721
7809463 76721
47988188 76721
48072219 76721
3732040 76721
48226409 76721
48348494 104794
48403783 104794
3304946 76721
48419516 104794
9038866 76721
48421462 146281
48462904 76721
48568572 76721
48579973 76721
48758137 104794
48970378 76721
49050634 76721
49052500 46782
49075074 76721
49077852 76721
49125932 104794
49202447 76721
49202448 76721
49314771 76721
50619405 76721
50625976 76721
51393944 76721
51552160 76721
