3622 3709
5235 5313
5235 5314
8692 8752
19703 19781
21438 21503
22863 22921
27098 27140
21513 29192
34351 34424
43064 43107
43092 43178
64298 73664
83495 83544
84221 84247
84561 84628
57340 87785
96262 96318
112500 112525
112537 114567
115183 115208
115667 115696
64404 116899
116928 116967
117036 117084
119055 119085
119650 119670
122760 122787
123160 123184
130444 130460
131281 131292
133433 133454
138327 138365
142116 142145
145269 145299
147522 147542
147547 147572
147586 147610
147918 147957
147987 148024
148896 133271
149299 149319
149561 149580
149986 150008
150272 150290
150445 150462
151946 151956
152583 152636
154664 154684
157095 157113
157095 157114
160868 160897
166155 166177
166423 166431
175729 175736
195575 195586
209551 209580
214190 214203
218707 218752
218912 218936
224843 224863
229338 229404
230544 230567
270177 270197
133043 280617
281967 281982
289299 289346
289384 289412
290458 290474
293409 293455
243603 306766
308071 308090
312073 312125
313828 313866
322640 322658
215171 328941
333501 333514
339269 339278
344808 344847
96783 347780
357966 357998
372716 372746
378104 378120
382772 382809
390503 390543
46091 91413
416919 416942
436230 436277
436919 436930
439484 439507
439984 440016
439984 265746
440256 440282
440294 440326
441083 441120
442243 434913
443470 443508
446345 446376
43089 447693
449102 449116
452279 452302
454587 454602
467645 467681
471444 471472
473877 473903
474384 474412
478132 478145
484930 484936
494849 494872
507006 507041
508957 508989
543656 543668
549098 549135
571558 571582
576428 576429
578479 578496
584066 584079
214156 605830
622523 622544
642806 642814
667016 667025
679598 129341
688019 201239
689746 689760
704014 704026
752968 204190
763446 763461
775729 775748
785370 785385
785530 785553
578745 790565
790952 790981
791886 791901
792514 792524
800572 800581
802942 802957
811954 811968
814376 814404
818848 818849
840929 840936
841490 841507
851210 19700
869704 134147
869704 869741
895793 895801
920617 13547
936169 936217
936169 612798
549133 957072
960508 960522
972964 972972
1062570 1062582
459859 1075889
1077623 1077631
1108136 276080
1122444 1122454
1127663 1127668
1130092 1130097
1138760 1138775
1201606 1201614
1301151 1301163
1327185 1327197
1351119 1351129
1369189 1369200
1383093 1383100
1396553 1396559
1429352 1429359
1452577 1452592
1454893 1057753
1576021 1576028
1583336 1583337
1681771 1681772
1684110 1684117
1684110 361737
1745890 1745895
1765834 1765846
1807635 1807652
1838967 653760
1872751 1872782
1874505 1874512
1878868 1878877
2011376 2011383
2222165 2222173
2323140 2323145
2423185 2423189
2545034 2545044
2636826 682284
2670833 2670852
2693324 2693330
2821210 2821223
2836550 2836555
2943855 2943860
3063526 3063536
3089445 3089448
3929623 3929627
4105378 4105380
431260 8114481
957130 8115066
5237 8117158
378688 8118285
84236 8125629
814656 8128163
814656 269105
652847 8129160
713701 8129288
8131636 8131664
64457 8132379
463714 8133367
8138132 8138146
293429 8140446
8160316 8160324
21512 8163373
3281571 8166089
818203 8166679
999811 8168139
726538 684955
3002618 8172820
655981 8173819
6505339 8174386
501648 8174625
4669808 396320
1516558 8175578
8177903 8177932
114548 8180533
8184244 8184267
8191782 8191804
830923 8192402
8195269 8195300
8195583 613795
8195939 8195955
8196214 334211
8197834 8197855
8197834 108217
8198174 8198200
8200234 8200246
1110170 8202743
8203312 8203332
8210501 8210521
8196762 8212058
8212067 8212079
8213580 8213594
8217032 8217042
184135 8217338
115201 8217493
150021 8218163
8218233 8218259
8195624 8218378
8218685 8218709
8217507 8219045
4801552 8221220
2130876 8228168
8228694 8228720
8230927 8230941
8232794 8232804
8235975 8235987
2853464 8241190
8257645 8257674
84598 8283259
84599 8285049
8291219 8291248
8297905 8297935
8304680 8304708
573855 8305929
64437 8309728
8312288 8312320
8319044 8319066
8320001 8320040
438929 8325477
670389 8326835
8331809 8331843
440288 8332161
2606954 8333599
8117147 8336313
47279 8336975
8339593 8339632
8341214 8341224
347772 8341767
402069 8342185
8343382 8343415
8347605 8347632
5279 8362649
7123546 8365176
8366168 8366177
8368318 8368345
8378860 8378866
8385098 8385112
8394042 8394046
7795124 8395847
130390 8403773
8408362 8408363
8412052 8412058
8421354 8421369
8425039 8425062
1886833 8426592
8426920 8426933
8431553 8431566
8434984 8434989
8437581 8437612
8438077 8438103
8438077 8438104
328924 8439394
8448136 8448142
8448136 145264
8451967 270460
8453172 556228
8457004 8457028
8458092 8458107
8460744 317774
8465041 8465050
8468492 8468512
8472956 8472978
8472956 238303
8474727 8474739
8476770 8476776
8476832 8476846
8488068 8488080
5852980 8489549
8518789 8518817
303494 8519964
8520089 8520115
8521344 8521365
3277496 8527681
1010829 8532064
8476773 8546074
8445613 8546291
8445613 8546292
387962 432167
8547608 8547627
8547703 8547722
8570993 8571013
8570993 263300
8580482 8580497
8586908 8586921
8596794 8596811
8600378 8600388
8614560 8614570
8617861 8617883
8630585 8630594
8638883 8638908
8639988 8639998
8653780 8653802
8682879 8682909
8700879 8700902
3154053 8702387
1032623 8709358
8710364 8710391
8710825 8710843
8710825 8710844
8713039 8713055
8655723 8713504
8713566 8713585
8716753 8716764
2306605 8744539
8777685 8777695
8779609 8779620
8808500 8808505
3793691 8809903
8832370 8832385
8832370 67526
8840506 8840510
8844494 352392
8849026 8849032
8894359 8894378
8894359 8894379
8921580 8921589
4104113 8933570
8945936 8945945
8946114 8946123
8988606 8988623
8994600 8994609
9004666 9004667
9006733 9006736
9009980 9009990
9017830 9017843
9019596 9019607
9094637 9094647
9137135 9137146
9153742 9153760
9252579 9252590
1474742 9265313
9340793 9340807
9340793 9340808
9405022 9405039
9427842 9427845
9463389 9463397
3027992 9491277
9507428 9507438
9549488 9549490
9566925 9566936
3000153 9586168
9623203 9623207
9623443 9623459
1493542 9631761
9632053 9632061
9632212 9632222
9632422 9632428
9667357 9667359
9678845 9678851
9679059 9679063
9715095 9715106
9781345 9781360
9885308 9885312
9891776 9891780
9957131 9957139
10078822 10078823
9885315 10085890
10094676 10094680
10096388 10096389
10204628 10204629
10211657 10211662
10272824 10272829
10273808 10273814
10277349 10277359
10288011 10288016
10294511 10294524
10299121 10299129
10378698 10378700
10443218 251269
10463990 10463993
10478428 10478429
10494370 367370
10494370 10494385
11667730 110429
155746 15243537
246985 15243622
512638 15243695
120812 15251962
2637436 15254974
1237034 15257095
147507 15257193
742157 15276400
120816 15278072
1796014 15284701
1796014 2082
15285193 15285209
457266 15285280
5196078 15286193
141495 15288997
296943 15290061
15293296 15293323
423559 15293486
15294761 15294786
10585318 15295503
296946 15297682
296946 15297683
15311428 15311452
503841 15312450
15312985 15313008
9016797 15313589
15314466 15314486
15314933 15314944
337076 15315499
15316128 15316145
15320558 15320568
15321260 15321273
12170488 15324747
8016114 15331374
339937 15331525
15331943 15331966
2238082 15332100
15332173 15332197
114550 15332250
8768368 15332381
121696 315298
15334605 15334619
1943152 15334826
15335114 15335143
84603 15338972
15345641 15345652
15349307 15349316
15373480 15373500
15376808 15376824
15380701 15380713
4197726 15383442
921731 15384127
2786296 15387995
1295806 15388551
2674850 15405067
8840438 15407884
93525 15410491
15167053 15415941
15418878 15418885
7522938 15426033
15430317 15430321
115672 15432168
115672 44009
951861 15433718
10172929 15435317
15437463 15437498
15438326 15438335
15443565 15443598
5382151 15443732
15447531 15447544
856428 15452053
947855 15457000
15461167 15461196
15462734 15462749
15463576 15463595
15464719 15464738
6333702 15466978
9627311 15467399
15478751 15478770
695153 15495887
15497492 15497506
15502110 15502134
10145727 15515417
239694 15520951
243357 15521848
15527911 15527933
15530730 15530746
15530799 15530816
15532677 15532699
4593820 15533792
4593820 250231
15536620 15536642
15541101 15541104
8595354 15545068
15546219 15546234
15547160 15547169
15550501 15550518
15550846 15550853
10291177 15553717
15555272 15555282
15556276 15556293
15556276 691572
549132 15561438
15563439 15563446
850357 15564202
631640 15564796
2923509 273065
5859484 15569493
10446134 15572722
1804585 15573407
15574851 15574878
1972851 15579314
15583129 15583150
1674751 15585498
8285034 15613776
8424669 15620320
15623749 15623761
15632081 15632086
15641624 15641634
802961 15641909
15642354 15642368
786966 15650092
15671078 15671082
15680066 15680067
15680761 15680777
15683794 15683806
15684772 525122
15687591 15687609
15696468 15696478
15696583 15696600
9006735 15698896
15702832 15702849
15709110 15709111
15720980 15720997
15751571 15751586
15759984 15760009
15767044 15767057
15777888 15777890
15777888 206837
15778513 15778523
15781287 15781295
6349875 15781785
9006734 15784649
8173792 15801096
15810966 15810976
15811820 15811832
15821699 15821711
15833620 15833645
15873632 15873641
15878525 15878540
15891441 15891458
15900343 15900353
15900360 15900374
7800549 99242
15911817 15911831
15949660 206831
15983081 15983086
9425988 15987731
16010426 16010444
16045638 58132
12288310 16059642
16062315 16062333
16068228 16068248
16068228 16068249
16077443 16077451
16117426 16117443
2915114 16119722
16130155 16130159
16130155 86925
16195935 16195949
16229007 16229016
16241233 683790
16268710 16268717
16276809 16276816
16292021 16292024
2943864 16306073
16374762 16374773
16436094 16436097
16436676 16436680
16470094 16470117
16481675 16481683
1075884 16635187
16685169 16685173
16766386 16766400
16820770 16820777
16939629 16939641
17046860 17046861
2511561 17115568
17134392 17134405
17162773 17162779
17256887 88632
17353542 17353546
17388032 17388037
17400231 17400232
17415540 17415541
17485172 17485173
17511300 17511301
17531974 17531978
2486963 167460
17833783 17833784
18312523 18312527
21414 21937423
3703 21940274
3703 588018
224494 21941015
539542 21941418
3793694 21943063
64466 21950709
160985 21951338
295939 198212
2407601 21953790
293431 21953906
1253829 268580
22881 21954603
21954654 21954671
298373 21957135
43090 21959269
1992118 413303
3161897 21963861
21967102 21967127
3378407 329853
21974593 21974612
21974593 283994
21976944 21976962
9478 21982126
163490 21985010
96349 21985111
1633808 21988603
8918173 21988665
141224 21991008
6333076 21995262
8250557 56752
22006240 438928
12070456 22008213
9016799 22008910
22014153 22014163
22014952 22014971
22014952 22014972
22019529 22019541
21510 22025921
2238083 22025960
2238083 22025961
2457459 22026038
21953907 22026749
22027115 22027144
22027208 22027230
8254610 22027506
22028472 22028487
22028829 178664
14936640 22030015
8244226 22031295
22046471 22046484
22070266 22070278
8087357 22075623
13578713 22079479
702917 22083993
1628800 22084418
8175575 22098970
2144380 22103564
64312 22107030
16137185 22107097
9515283 22108359
1691487 22113934
4087321 82714
4087321 22118443
22118536 22118564
8125592 22123352
9353598 22124382
9671394 22125199
1563294 22126275
1818139 62552
881829 22127322
996938 22127643
22127914 22127941
8782879 22128965
22130623 22130628
1905952 22132032
22133686 22133717
22133686 123505
15284747 22133815
22150757 22150775
22150793 22150815
440291 22152740
22153837 22153850
22154009 22154025
11495376 22162962
22169486 22169520
10273253 22173160
22185562 22185590
218946 22190759
22191532 22191549
22200415 22200429
7083870 22202814
347773 22207979
8917565 22214046
15480704 22218218
15480704 108237
22219753 22219775
22220891 22220919
22222307 22222323
4614042 22222383
4191175 22226223
9172466 22231113
22231608 22231615
22113927 22234122
22237386 22237401
22237386 230852
22237553 22237566
22237553 131270
22239129 22239139
22239129 118259
4898509 22239798
440293 22241952
7796588 22247627
328923 22248025
17253939 22248323
13279282 22250693
11795741 22256593
9632236 22260173
1019823 22263050
22265259 22265280
642810 22265394
22267148 22267176
22273037 22273041
22298130 22298154
12894878 22298502
22298969 22298979
22302428 22302444
22302493 22302505
22307658 22307667
22307710 22307722
22309061 22309072
22312219 22312228
17903580 22326759
4071169 22348323
427986 22349886
22359011 101447
6332536 22360348
8455423 22366418
1973061 126117
22370290 22370294
22370384 22370402
8435599 22370712
22372535 22372548
22361143 22381542
22392249 22392259
22400228 22400232
22401306 22401329
17307721 22413010
22423584 22423599
22436742 22436759
22443373 22443395
9503782 121981
22450897 22450911
22459572 22459588
22459704 22459719
22461891 22461906
20345692 318714
22470647 22470665
22485349 22485361
22543276 22543277
22545726 22545741
945109 22545822
2992463 22559143
22559693 22559714
8840509 22568401
22571064 22571076
22631180 22631187
22637597 505162
22660269 22660272
22660269 756844
22661190 22661199
22667254 22667271
22698834 22698848
22705981 1606127
22715634 646628
22734654 22734664
84606 22760004
22798666 22798677
13463078 22921459
23051661 23051672
23108785 385581
23182782 23182796
23227217 23227219
23300279 23300281
23348306 23348307
23348520 23348521
23351608 23351617
23468807 23468816
23490392 2413
712544 23557376
23637801 23637805
23661681 23661684
23984017 23984021
24054565 24054566
24074772 24074776
24135785 390229
24397464 24397466
24847141 24847143
24985271 24985272
64453 28342108
2085606 28348084
120815 28349555
2903333 28350555
90050 28351461
1094884 28353890
26802 28354335
1002238 28354470
296950 28354679
296950 28354680
4595538 28354815
28362673 28362695
4976592 32891
28373781 28373792
28373781 41029
28374692 28374710
397383 28376056
166171 28376495
293430 28377698
90809 28384224
157096 28385222
157096 354596
4764986 28386508
28388100 28388122
28388100 258545
411453 28389880
28400000 28400026
2238084 28400219
7800966 28400261
112527 28400301
28400346 28400370
8209695 28400530
28402394 28402406
21514 28403248
28416753 28416766
28418119 28418135
8205732 28422810
121315 28423067
977498 28423276
977498 28423277
163668 28423466
21953891 28423832
112539 28424322
4773319 28424980
23764439 28426557
28426951 86507
339947 28427012
523806 28430274
7621713 28432994
250204 28433232
28434026 28434046
15987730 28434177
28447915 28447925
28447915 194926
28465533 28465542
218758 28473172
10406354 28480582
1404708 28495484
28510839 28510855
1972902 28512289
27334 28522036
2964 28522797
115200 28524116
20273712 28525007
28526068 28526073
28528006 28528041
15171400 28536817
440292 28538558
28544836 344557
28547075 28547100
28547398 28547408
28547398 28547409
7794078 28550876
440290 28554774
13578992 75912
28559986 28560004
28568235 28568250
28587268 28587282
10923893 28588344
2568575 28590684
1245585 28597402
28597751 28597775
8808503 28597960
2528498 28597998
15564799 28603696
28605265 28605282
337941 728370
664866 28610900
5281 28611306
28611312 28611335
16552666 28612054
25752600 28617174
28617488 28617517
28618723 28618738
28622489 28622500
28624481 28624493
28631832 28631858
22118571 28635239
28636597 173973
16161264 28637312
2717948 28641036
28643304 28643326
28648631 28648636
28648631 181312
7043091 28648734
28649148 28649157
28651485 28651498
16333142 28681237
28683052 28683084
15535058 28684261
28687505 28687518
22564494 623009
28700374 28700388
27678888 28712535
925480 28738311
9340796 28741406
180841 28750824
3130477 28756208
10336254 142933
28826364 28826372
28828669 28828687
28832481 28832506
28834859 28834867
28836308 28836322
28836391 28836403
3149361 28836677
584326 28841624
28554766 28843537
386675 28847462
28916365 28916378
28925414 28925428
3378980 28926220
28951049 28951066
364207 28951107
28969413 28969424
29017221 29017234
11644794 29036112
8174377 29064973
29074267 29074293
9678865 29080579
22190725 29088321
14494218 29097304
2869584 29110999
29127402 29127410
15112748 29194553
29197618 29197628
29222818 29222832
9957222 325365
29228876 29228884
22564495 29248347
29249523 29249531
29353445 29353457
84605 29363312
29375537 29375555
29421652 29421657
29462066 29462085
29506265 29506274
29507234 29507244
29572495 29572511
29581575 238369
22380898 274192
2797160 29618136
29640191 29640205
29662226 29662244
29673143 29673144
14074980 29684336
29767703 29767706
22450898 29796825
29830600 29830601
29880710 29880715
29990224 466917
30048784 30048791
26185067 128162
30060264 30060276
30061952 78260
30064176 30064177
30086057 30086063
30107725 30107736
30129635 226919
30129789 30129798
8681098 30171429
8681098 234585
30190597 30190599
30214959 30214963
30334700 30334704
30379215 30379218
30411701 30411707
30983761 30983762
335089 34529057
64396 34529949
84607 34530964
120817 34537183
84600 34541106
120813 34541371
449306 34541507
1111494 229098
3298608 34546492
3298608 956337
7800698 34552355
1579696 34566912
8955067 267075
8747038 34575211
8167003 34575334
16600 34575814
1171303 34584048
240656 34584176
112526 34584948
487561 34587038
34587419 262608
34587971 34587989
34591223 34591235
34594645 34594667
34596058 34596073
34600227 34600239
34601846 34601860
22878618 34602561
110951 34606061
148933 34606974
8219030 34608055
324525 34611725
9671805 654064
8753 34614473
7183075 34614724
242171 34614761
34625853 34625866
3175532 34635928
34648396 34648423
34654605 34654618
34654904 34654917
5273 34657166
30037820 34657431
1994703 34662605
692604 34664276
34666510 34666528
4041450 34667274
4041450 539816
43091 34669133
2238081 34674926
443511 34674976
421593 34677219
421593 34677220
1448898 34690836
808675 34693404
34696132 34696173
51399 34700633
34703755 34703767
8180492 34705370
8180492 34705371
8180492 347939
8180492 848204
881828 34707001
7107827 34709032
34710978 34710989
1971862 34712673
8433210 34721118
20770753 34722803
1432188 34725124
3028563 34725876
24306811 34728971
2601119 251059
2601119 34729904
1127669 34740080
34744031 34744049
34744031 1151050
34744872 34744873
22273038 34747895
23381271 34753688
23381271 34753689
23381271 476872
8305930 34760230
21995220 34760789
34763565 34763585
7472415 34764279
19523751 34769634
28639445 34774903
440286 34776609
11556537 34776843
17585849 34781363
584086 34782863
15989116 34783913
1226353 34785175
34787581 34787607
34789228 34789248
22108341 34790593
2149057 34791471
26409294 34791779
26409294 70627
818745 34792963
34793419 34793433
34793419 340322
34794024 34794045
34794024 353443
625859 34794186
16280785 34794673
34797992 34798005
34798744 34798758
15307374 34807792
1999552 34808680
34811466 34811496
8421367 34813616
34813669 34813681
218929 34814485
28987888 34814520
8892664 34815548
1890712 34822104
9243651 34828567
34541358 34831660
34831943 34831959
34831943 125947
1142568 34832668
34833640 34833662
8362642 34856676
34858603 34858614
22339009 34859220
34869105 34869113
34875229 34875241
1972789 34876986
34881466 34881476
25692326 34882685
32692297 34883418
32692297 170239
34883628 34883657
509878 34889796
29553426 34902148
17341343 34906863
7002148 34907095
34917479 34917495
15293482 34923236
34924022 34924032
34931329 34931345
13512333 34931778
34940937 34940945
34942776 34942785
5188475 34960844
64282 34979517
35000618 35000625
1972808 35000856
35002929 35002946
35003691 35003699
35004121 35004128
7825376 35005927
35006642 35006654
35014512 35014521
35018057 35018074
15892741 35024892
35035337 35035348
35053470 35053478
35081059 35081060
35088128 35088150
35092125 35092130
806121 35103783
8547157 35104879
35109463 35109470
22548840 35115051
35121683 35121693
22574390 35149975
14478545 35182424
15891450 35205128
35208097 35208098
35241747 35241760
35245329 35245339
35253383 140933
35360639 35360647
35378880 35378889
18542357 35385160
35413191 35413215
35445244 35445251
23420098 35484017
283903 35616691
35707035 35707050
35758816 35758820
35801496 35801497
35855906 35855907
28707309 35867024
35870140 35870145
35931834 35931842
35935778 35935780
35980020 35980026
36046986 36046992
36127023 36127027
36140031 36140038
36160843 36160844
36189224 36189229
36221203 36221212
3890313 36236068
36307825 36307833
36387840 36387849
36407174 36407177
36422179 36422191
36471111 36471128
36471111 36471129
36558258 36558259
36834743 36834762
28990984 40206119
231333 40513888
8133357 40515504
306684 40516282
20799134 40522058
378096 40522348
707218 40523788
8145302 40524671
583570 40525617
21515 40525712
21341003 40525801
115199 40525953
1077789 40527267
3432846 40530836
3432846 492110
494230 40532668
40545295 40545311
84601 40548788
84604 40550192
279864 40550747
229327 40556494
229327 819771
40571081 40571105
8361695 40574146
14830218 40574182
40577140 40577158
40580474 40580497
40581862 40581874
40587822 40587836
40588748 309002
43102 40590558
114564 40591506
8840454 40591719
35374192 40591750
372735 40591800
123915 40591930
8625309 40591963
22015797 40592191
23785609 40592947
28430230 40595102
40603541 40603554
65817 40610525
40620290 40620302
22057177 40620395
34972942 40635933
4224870 40642053
283927 40643735
1876816 40647189
3187526 40647528
443519 40648182
641343 40648833
17649357 40653475
3199081 40660534
8943937 40663331
7792581 40668845
757691 40669216
259700 40671558
960741 40677887
909903 158029
8133358 40683487
40684302 40684312
100811 40685525
337527 40685634
15892742 40686511
14898898 40693390
1775428 40693921
1569064 40694658
58657 40695619
21642935 40700330
11041188 40706992
9775469 40707973
440289 40716198
3321971 627962
40718264 40718267
1671923 40726656
9623216 40730806
15561436 40744507
43108 40747526
119067 40748085
119067 40748086
8546201 40755944
30537438 40756434
942186 40758098
166170 40758868
26380034 40762162
2965 40764893
21957852 40765548
40768159 40768183
8117140 40768919
2865504 250996
907529 40770920
13140376 40772060
308506 40772177
308506 354640
440287 40772219
7522941 40773218
1404344 40773270
40773516 40773536
14933795 125377
115690 40774569
806120 40775609
18439600 40775766
40776149 40776158
40777254 40777260
5282 40780923
40783910 40783923
40787060 466494
28624457 40787895
83846 40788253
34245858 193351
40791332 40791343
16177248 40795223
40797012 40797032
2985574 40797406
619848 40799592
40811630 40811644
16635183 40812654
4195435 40813763
2755418 40815923
8281472 40820233
10532645 40837027
1859239 40837061
40610505 40842124
40842757 40842779
8174374 40853834
9055879 40853874
40861434 40861444
40869612 40869614
36040704 40881623
16666791 40892848
22190726 40900667
17830272 40911031
6259493 40912242
40914009 40914016
8614574 40914142
40914690 40914693
40914860 40914868
9586293 40925470
1103242 40952156
8802821 40957316
40962352 40962357
40978319 40978325
11644784 40984512
2549848 40984729
8900682 40987759
41000593 41000594
1091322 132699
41002020 41002035
41013911 41013919
41024754 41024769
22401307 41030817
41071426 41071433
41074123 41074135
41076597 41076600
41089130 41089145
8836151 41094939
41107242 41107257
16760482 41113841
41152603 41152608
41165039 41165050
41177947 41177958
9058377 41182858
3098935 41185164
41187125 41187139
41219806 41219815
41238482 41238493
41370048 41370056
41373528 41373536
41391544 41391557
41412568 41412578
39054622 41452903
41484087 41484097
41497731 41497738
15583952 165997
41601015 41601029
41606531 41606534
41647920 41647922
41647920 255221
41683597 41683604
41717534 41717543
41769597 41769599
39054623 41769753
41820770 41820794
19245505 41905342
31659167 41951334
41974680 41974681
22239136 42145855
8174376 42267588
42366929 42366936
43279010 43279012
43566809 43566815
4465860 46350368
736072 46350644
21509 46354826
21509 46354827
141790 46355965
84602 46356086
307599 46356154
438935 46356252
21511 46356596
280619 46356740
8133360 46356943
34824 46369652
93524 46372967
28547406 46374721
1429163 46377942
3702 46378114
850359 46380704
750344 46380896
79088 46383439
438933 46383835
5028771 4562
2088501 46385865
4629874 46389311
1349556 46398619
131442 46399190
288571 46401396
3110576 46402795
46404346 46404358
46407133 46407145
8864341 46407626
46410603 46410614
5621144 46413997
8173688 46416768
46418841 46418867
1122802 46420851
8130038 46420999
577892 46423491
46423744 46423761
546669 46427546
4086685 46427966
1319239 46428031
21940256 46428684
15257196 46439784
120814 46448539
120814 46448540
46459284 46459296
15313009 46459424
46459447 46459458
46467574 46467594
46467574 46467595
1345646 46488406
8049835 46488897
8990293 46489861
8209699 46491123
46498215 46498225
40716207 46502430
2752547 46502849
43302345 46509305
443520 46511329
2991884 46511879
9048784 46512009
5278 46512168
46514968 46514989
1085132 46515056
9352041 46515777
8802799 46517800
46521301 46521308
46521361 903256
820049 46523171
10537858 46526328
790570 46534315
14931734 46535825
4717001 46538487
16678097 46546254
9604001 46546387
43776992 46551134
22318823 46554924
8336959 46562000
818744 46572915
46575528 46575544
10005563 46576104
7905550 46580823
3705 46583250
8840442 46585233
46586000 46586004
22527646 46587010
15452044 46587277
29513155 46588161
8426931 46588359
28604003 46589403
28604003 263693
15790941 106930
372736 46590138
35026449 46590719
46592300 46592315
33368589 46596195
578582 46596289
446371 46598127
8403153 887268
45863806 1407532
46603070 46603078
16306080 46605960
39741495 46608079
4670025 46608608
940674 46609040
46609634 46609654
8594044 46610810
46612991 46613005
8457563 46613688
46614588 46614604
21888668 46617776
46618059 46618082
1735534 46618155
46623073 46623091
42082324 46623610
40693912 46624247
3099240 46624652
46629750 46629767
3295672 46632086
41270894 46632234
5974521 72460
347774 46633199
28351465 46635309
8411019 46657946
46665845 46665856
46668253 46668264
46668679 6250
22127928 46676499
46448505 46678441
23425397 46678661
2011378 46687362
46698320 280245
10794089 125370
11256764 46710746
40548762 46712909
46713039 46713063
4852464 46715449
430869 46717168
46718147 215746
46727077 46727100
16961516 46727568
684547 46731756
8305931 46737424
46753163 46753177
46753181 46753201
36854624 46764023
46764627 46764634
46784316 46784332
46789219 448139
40756135 46791844
46798980 46798991
2916956 46804509
46806481 46806491
2358751 46809244
46812304 46812322
46819097 46819098
14936668 46829930
16177249 46838083
46857527 562129
46867414 46867430
46870163 46870180
11637341 151470
46875947 46875951
41042758 46885595
46888218 46888225
46896783 46896799
40396131 46963200
4484182 46991752
4993719 46992246
46998513 46998514
8129974 47010223
47014683 47014708
47026569 47026585
7790812 278841
47026740 47026750
47033818 47033837
47035963 47035983
35025553 47038637
8379969 47040355
47058845 47058859
47069486 47069495
47156559 47156560
47170130 25586
47216955 47216965
9831463 47218455
47222474 47222483
35806769 47239002
47273004 47273005
47354989 47354994
8177942 47377001
37750028 47378272
47392995 47393004
12031440 273768
47437476 47437483
47459487 47459496
47429441 47460198
47483699 47483711
47483699 241371
28211866 47520255
47561869 47561883
24973857 47782045
47795816 47795825
47828921 47828930
47881220 654253
47930807 47930820
47963228 47963242
47968646 47968663
9970026 47990098
11644795 48010343
36300246 48017654
952159 98960
48166027 48166030
48178116 48178117
48197024 48197025
48909897 48909915
