9820 9834
9852 9860
10245 10248
12127 12131
12147 12165
17792 17801
27444 27453
27777 27781
36530 36548
36816 36820
36855 36859
36888 36891
36899 36903
36926 36930
36929 36937
36960 36964
37033 37037
37110 37113
38796 38800
38953 38964
38980 38989
39026 39040
39106 39119
39195 39206
39210 39222
39320 39335
12153 46336
64551 64554
67765 67769
68226 68230
75036 75041
75038 75052
75243 75246
75334 75339
79033 79035
79076 79079
80862 80865
81032 81034
81254 81256
81292 81298
84266 84270
84302 84306
84328 84333
84342 84346
84356 84360
98203 98207
101340 101344
101354 101359
104052 104062
104078 104082
106820 106826
106835 106840
106991 106997
9832 107041
107357 107361
108634 108637
108644 108647
108768 108771
110112 110117
110122 110127
110175 110181
110179 110188
110386 110390
115933 115936
115966 115973
116591 116594
116600 116605
116648 116652
123038 123042
123090 123096
123046 123824
145534 145537
145571 145574
145622 145626
160052 160055
191540 191546
191688 191690
191699 191708
191704 191792
191790 191892
191942 191946
191703 191966
192079 192083
192200 192203
197025 197030
197111 197115
197153 197157
197470 197477
198075 198078
198088 198093
198186 198191
204360 204365
204476 204479
204853 204857
217700 217704
230900 230905
230942 230945
231632 231637
231796 231799
231809 231815
231903 231909
238378 238385
259515 259519
259541 259544
259517 259854
259853 259943
260324 260328
260455 260459
260556 260559
260703 260706
287877 287883
287965 287968
288070 288072
288434 288436
288483 288488
288721 288726
289375 289378
289485 289489
289488 289629
289651 289653
310755 310758
310883 310887
310892 310898
312742 312745
316464 316467
316585 316588
316662 316665
316755 316758
316983 316987
12130 331074
335685 335689
335877 335878
335893 335895
335902 335905
336257 336262
336303 336307
238383 336323
336673 336676
336739 336742
336950 336954
336984 336989
337201 337206
337213 337219
337359 337363
337471 337473
383813 383818
404165 404169
404259 404262
404295 404300
404336 404341
404417 404420
404484 404488
404537 404541
404810 404814
405431 405435
405708 405711
406250 406254
406346 406351
444637 444640
445002 445006
445031 445034
445316 445320
445751 445756
446041 446046
335904 446284
446566 446570
446707 446710
446716 446753
446812 446815
447316 447319
447387 447390
486867 486870
487070 487073
487090 487093
488048 488052
488268 488271
488302 488306
523755 523758
523790 523793
523825 523828
523843 523846
523870 523873
523763 523900
524031 524034
523829 524149
524151 524399
546640 546646
606413 606419
606416 606657
606786 606790
606803 606807
607072 607075
686172 686176
709665 709668
722054 722057
722139 722143
722640 722645
852642 852645
858436 858439
858541 858543
893503 893511
976606 976610
231906 986785
992564 992566
688862 992976
993372 993374
1016749 1016757
993373 1374991
2001797 2001800
2002328 2002332
2372156 2372158
2393145 2393146
2395290 2395291
2741258 2741259
2776466 2776467
2925203 2925205
5852298 5852299
5974119 5974120
5976483 5976484
5977123 5977124
5977178 5977180
5978444 5978446
5978493 5978495
5978833 5978834
5979000 5979002
5979207 5979209
5979210 5979211
5979221 5979223
5979726 5979727
5980041 5980042
5981979 5981980
5986253 5986255
5986490 5986492
6335516 6335517
6335588 6335589
6335643 6335644
6336417 6336418
6345384 6345385
6345409 6345410
6345506 6345507
6345511 6345512
6345943 6345944
6346147 6346148
6346606 6346607
6346656 6346657
6346658 6346659
6346735 6346736
6347908 6347909
6347911 6347912
6347913 6347914
6347953 6347954
6350077 6350078
6350677 6350678
6350688 6350689
6350733 6350734
6350787 6350788
6351260 6351261
6351334 6351335
6351633 6351634
6352028 6352029
6363168 6363169
6363255 6363256
6363295 6363296
6363299 6363300
6363314 6363315
6363760 6363761
6363766 6363767
6363797 6363798
6364491 6364492
6364639 6364640
6365441 6365442
6365447 6365448
6366833 6366834
6366840 6366841
6366939 6366940
6367021 6367022
6367042 6367043
6367413 6367414
6367426 6367427
6367431 6367432
6368649 6368650
6371466 6371467
6373123 6373124
6373381 6373382
6373431 6373432
6373716 6373717
6373725 6373726
6373743 6373744
6373752 6373753
6375276 6375277
6375479 6375480
6376731 6376732
6376796 6376797
6380069 6380070
6380084 6380085
6381418 6381419
6385123 6385124
6385183 6385184
6385233 6385234
6385423 6385424
6385573 6385574
6385611 6385612
6385665 6385666
6385979 6385980
6386000 6386001
6393405 6393406
6393407 6393408
6393422 6393423
6396183 6396184
6396484 6396485
6396543 6396544
6396578 6396579
6396806 6396807
6396811 6396812
6398013 6398014
6398129 6398130
6398133 6398134
6398142 6398143
6398986 6398987
6398988 6398989
6399875 6399876
6399887 6399888
6399939 6399940
6399942 6399943
6400440 6400441
6402648 6402649
6402894 6402895
6405360 6405361
6405433 6405434
6406069 6406070
6406078 6406079
6406423 6406424
6406552 6406553
6406911 6406912
6406917 6406918
6406930 6406931
6406932 6406933
6406948 6406949
6407149 6407150
6407164 6407165
6407180 6407181
6408598 6408599
6408691 6408692
6408878 6408879
6408905 6408906
6413426 6413427
6413466 6413467
6413592 6413593
6413636 6413637
6414715 6414716
6414957 6414958
6415001 6415002
6415839 6415840
6415841 6415842
6415846 6415847
6415903 6415904
6415905 6415906
6415937 6415938
6415985 6415986
6415988 6415989
6416274 6416275
6416279 6416280
6416340 6416341
6416344 6416345
6417687 6417688
6419352 6419353
6419578 6419579
6421375 6421376
6421377 6421378
6421436 6421437
6421440 6421441
6423132 6423134
6423153 6423154
6423162 6423163
6423168 6423169
6423973 6423974
6424232 6424233
6424245 6424246
6424484 6424485
6424510 6424511
6424530 6424531
6424541 6424542
6424543 6424544
6424545 6424546
6424547 6424548
6425501 6425502
6425518 6425519
6425567 6425568
6425781 6425782
6425783 6425784
6425820 6425821
6425823 6425824
6425856 6425857
6425908 6425909
6426242 6426243
6426244 6426245
6426254 6426255
6426765 6426767
6426779 6426780
6426785 6426786
6426793 6426794
6426838 6426839
6427070 6427071
6427736 6427737
6427961 6427962
6428688 6428689
6428746 6428747
6428775 6428776
6428779 6428780
6428795 6428796
6429030 6429031
6429075 6429076
6429097 6429098
6429211 6429212
6429696 6429697
6429731 6429732
6429748 6429749
6429879 6429881
6433021 6433023
6433059 6433061
6433079 6433081
6433088 6433089
6433388 6433389
6433390 6433392
6433393 6433394
6433427 6433428
6433429 6433430
6433434 6433435
6433439 6433440
6433742 6433743
6433818 6433819
6433820 6433821
6433826 6433827
6434369 6434370
6434714 6434715
6435355 6435356
6435408 6435409
6435410 6435411
6435412 6435413
6435415 6435416
6435418 6435419
6435420 6435421
6435436 6435437
6435438 6435439
6435444 6435445
6435479 6435480
6436268 6436269
6436270 6436271
6436311 6436312
6436372 6436373
6436585 6436586
6436595 6436596
6436659 6436660
6436689 6436690
6436865 6436866
6436893 6436894
6436942 6436943
6439730 6439731
6439804 6439805
6439977 6439978
6440000 6440001
6440010 6440011
6440371 6440372
6440395 6440396
6440407 6440408
6440418 6440420
6440890 6440891
6441138 6441139
6441156 6441157
6441168 6441169
6441172 6441173
6455618 6455619
6455645 6455646
6455647 6455648
6455652 6455653
6455673 6455675
6456967 6456969
6457216 6457217
6457814 6457816
6458005 6458006
6458007 6458008
7800933 7800934
7974087 7974088
2927936 8119969
8139952 8139956
36890 8139971
8141029 8141038
2714930 8141047
8141088 8141096
36543 8141128
2878582 8141150
8141164 8141172
2836356 8141227
2492475 8141260
8141129 8141282
1016752 8141323
8141347 8141366
8141372 8141383
8141391 8141401
38965 8141414
8141124 8157205
8157249 8157251
259543 8158114
8158323 8158325
8158961 8158963
8159077 8159080
6703628 8159096
101357 8159107
8167479 8167481
8167588 8167591
8167652 8167655
37036 8167771
8167887 8167889
8168928 8168931
81035 8169019
8169101 8169104
894858 8169421
8171373 8171376
8171503 8171507
8171574 8171576
8171375 8171639
8171781 8171784
84331 8173661
8173672 8173676
8181527 8181531
8181588 8181591
8181598 8181605
8181615 8181619
8182494 8182497
8182542 8182546
8181602 8182554
8181603 8182560
8182544 8182567
104061 8185744
106837 8187659
106824 8187667
8187758 8187760
8187764 8187772
9828 8187820
8187770 8187843
8189472 8189477
8189555 8189560
8189565 8189568
110126 8190530
17798 8190548
110180 8190619
8190682 8190685
8190690 8190694
8190701 8190705
3122501 8190845
115969 8194409
8194416 8194421
8194408 8194950
8194418 8194956
116650 8194989
8199859 8199861
8200275 8200278
27451 8200319
8216665 8216674
123823 8216736
8226890 8226893
8226911 8226916
8252615 8252618
8252634 8252639
2471395 8252681
8252710 8252713
8252727 8252730
8252787 8252789
197116 8256852
8257784 8257788
8257793 8257798
8257796 8257807
8262468 8262471
8262494 8262496
8262529 8262532
8262545 8262548
230904 8276072
8277245 8277250
8283062 8283066
8283410 8283414
231636 8283473
8283478 8283481
8283702 8283706
8283711 8283714
8301289 8301294
8301370 8301373
8301541 8301544
8301851 8301856
259518 8302031
8301853 8302039
8302782 8302785
8322250 8322252
8322715 8322719
8322757 8322759
288725 8322860
8323135 8323138
8323397 8323402
8323506 8323510
8324255 8324258
8340711 8340714
310885 8340818
310757 8340872
8344584 8344587
8344666 8344669
8344708 8344715
976609 8344783
8344826 8344829
8344943 8344946
8344963 8344966
2917804 8344994
488304 8345128
8345148 8345152
8345318 8345320
8345332 8345334
8345350 8345352
8345353 8345415
1016756 8345427
8352664 8352670
8356145 8356148
8356182 8356185
12129 8356362
8356359 8356370
238384 8360643
8360735 8360737
8360903 8360905
337218 8360917
8361014 8361017
8361167 8361170
336986 8361209
8403868 8403870
8410209 8410212
8410434 8410437
404487 8410447
8410597 8410601
8410923 8410926
8411282 8411286
160054 8411354
8411407 8411410
8411450 8411453
8411637 8411639
8411882 8411886
406350 8411913
8438802 8438805
8438882 8438884
8439031 8439035
8352668 8439065
8439064 8439071
8439319 8439323
8439411 8439416
445033 8439686
8439690 8439693
8439685 8439745
8439799 8439804
8439834 8439838
8440199 8440203
8440360 8440363
446045 8440502
446569 8440767
8439802 8440810
8441162 8441165
446714 8441313
446718 8441623
487072 8471292
8345127 8471946
8472112 8472114
8499437 8499440
8499448 8499451
8499442 8499542
8499585 8499588
524035 8499635
8499860 8499864
8563919 8563923
10247 8564162
8564193 8564196
8564213 8564217
8564303 8564305
8622324 8622328
8622327 8653297
8301543 8653394
8653424 8653426
8653464 8653466
8753795 8753799
8753826 8753830
8754961 8754965
8439322 8758784
8902616 8902619
8922416 8922421
2555756 9205358
9316537 9316538
9989281 9989282
10031218 10031219
10032795 10032796
10150357 10150358
10182083 10182084
10360860 10360861
10495092 10495093
10502055 10502056
10538268 10538271
10538502 10538503
10580103 10580104
12215420 12215421
13251075 13251076
13253460 13253461
13255172 13255174
13255269 13255271
13255277 13255278
13255366 13255368
13255369 13255370
13255371 13255373
13255399 13255400
13256256 13256257
13262135 13262137
13262313 13262314
13581494 13581495
13585165 13585166
13591024 13591025
13591115 13591116
13591809 13591810
13592224 13592225
13592254 13592255
13593346 13593347
13593349 13593350
13595279 13595280
13595381 13595382
13595418 13595419
13595793 13595794
13595796 13595797
13595798 13595799
13595800 13595801
13595802 13595803
13596241 13596242
13596253 13596254
13596294 13596295
13596296 13596297
13596304 13596305
13606200 13606201
13606202 13606203
13606215 13606216
13606220 13606221
13606222 13606223
13606742 13606743
13606754 13606755
13606766 13606767
13607173 13607174
13607506 13607507
13607530 13607531
13609509 13609510
13609511 13609512
13609531 13609532
13609533 13609534
13609605 13609606
13609649 13609650
13609964 13609965
13609966 13609967
13609975 13609976
13611544 13611545
13613838 13613839
13613841 13613842
13613881 13613882
13613883 13613884
13615039 13615040
13615265 13615266
13615485 13615486
13615510 13615511
13615518 13615519
13615539 13615540
13615788 13615789
13615920 13615921
13616748 13616749
13617281 13617282
13617284 13617285
13618567 13618568
13621442 13621443
13621449 13621450
13622694 13622695
13622868 13622869
13622907 13622908
13622914 13622915
13626692 13626693
13626700 13626701
13627093 13627094
13627139 13627140
13627424 13627425
13634324 13634325
13634368 13634369
13634446 13634447
13634448 13634449
13634860 13634861
13636860 13636861
13636887 13636888
13637255 13637256
13637735 13637736
13637797 13637798
13637800 13637801
13638022 13638023
13638034 13638035
13638040 13638041
13638116 13638117
13638403 13638404
13638639 13638640
13638645 13638646
13638683 13638684
13638781 13638782
13639499 13639500
13639506 13639507
13639524 13639525
13639678 13639679
13640254 13640255
13640280 13640281
13640282 13640283
13640302 13640303
13640323 13640324
13640828 13640829
13646265 13646266
13646377 13646378
13646471 13646472
13647053 13647054
13647107 13647108
13647154 13647155
13647162 13647163
13647279 13647280
13647297 13647298
13647314 13647315
13647333 13647334
13647335 13647336
13648272 13648273
13648281 13648282
13648593 13648594
13648632 13648633
13648774 13648775
13649679 13649680
13650229 13650230
13651441 13651442
13652682 13652683
13652744 13652745
13654397 13654398
6835616 13654441
13654551 13654552
13654635 13654636
13654637 13654638
13654659 13654660
13654661 13654662
13654663 13654664
13654866 13654867
13654904 13654905
13655050 13655051
13655057 13655058
13655059 13655060
13655179 13655180
13656159 13656160
13656527 13656528
13656529 13656530
13656536 13656537
13656646 13656647
13656653 13656654
13656895 13656896
13657884 13657885
13658003 13658004
13658099 13658100
13658121 13658122
13658124 13658125
13658126 13658127
13658135 13658136
13659983 13659984
13659992 13659993
13660045 13660046
13661573 13661574
13661576 13661577
13661605 13661606
13661612 13661613
13662276 13662277
13662563 13662564
13662596 13662597
13662905 13662906
13662912 13662913
13662914 13662915
13662917 13662918
13662919 8832411
13662927 13662928
13662929 13662930
13662934 13662935
13662936 13662937
13663738 13663739
13663755 13663756
13663770 13663771
13663963 13663964
13663975 13663976
13663977 13663978
13664036 13664037
13664038 13664039
13664057 13664058
13664245 13664246
13664248 13664249
13664282 13664283
13664791 13664792
13665585 13665586
13665587 13665588
13665643 946903
13665741 13665742
13665773 13665775
13665788 13665789
13665824 13665825
13666405 13666406
13666448 13666449
13666510 13666511
13666717 13666718
13666855 13666856
13667225 13667226
13667229 13667230
13667231 13667233
13667249 13667250
13667251 13667252
13667256 13667257
13667407 13667408
13670812 13670813
13670823 13670824
13670878 13670879
13670894 13670895
13671258 13671259
13671260 13671261
13671264 13671265
13671266 13671267
13671335 13671336
13671338 13671339
13672180 13672181
13672182 13672183
13672729 13672730
13672744 13672745
13672747 13672748
13672749 13672750
13672752 13672753
13672757 13672758
13672772 13672773
13672774 13672775
13673587 13673588
13673589 13673590
13673598 13673599
13673601 13673602
13673607 13673608
13673662 13673663
13673677 13673678
13673921 13673922
13673923 13673924
13673936 13673937
13673938 13673939
13673953 13673954
13673955 13673956
13673963 13673964
13673967 13673968
13673977 13673978
13674140 13674141
13674144 13674145
13674174 13674175
13674176 13674177
13674178 13674179
13674180 13674181
13674182 13674184
13676242 13676243
13676940 13676941
13677126 13677127
13677502 13677503
13677506 13677507
13677515 13677516
13677548 13677550
13677569 13677570
13678018 13678019
13678295 13678296
13691247 13691248
13691264 13691265
13691308 13691309
13691310 13691311
13691312 13691313
13691319 13691320
13692495 13692497
13693294 13693295
13693342 13693343
14020398 14020399
14178884 14178885
38808 15244317
779404 15244346
2344398 15244407
8141103 15245273
8141139 15245291
15245352 15245358
107039 15246382
3298619 15246407
8139954 15262035
36928 15262220
15262256 15262259
36902 15262289
11257315 15263198
15263405 15263413
8141258 15263439
15263442 15263453
15263498 15263509
8141321 15263528
893508 15263559
38990 15263575
39048 15263590
8141148 15263609
8167772 15278440
15278444 15278446
15279280 15279282
64556 15279343
36963 15279348
8141168 15279916
15280061 15280064
15280071 15280075
15280307 15280310
15284636 15284640
15284639 15284659
15287370 15287372
8167774 15287432
972186 15287499
8167775 15287506
79036 15287549
15290311 15290314
8171505 15290368
217702 15290390
217703 15290532
779035 15292445
15292544 15292548
15292552 15292556
15299444 15299446
15299451 15299453
15299458 15299460
8181618 15299516
15299521 15299525
15300253 15300256
8159079 15301126
8159106 15301171
15303265 15303268
39199 15303278
106825 15304922
191707 15305081
15305089 15305092
106995 15305301
15306270 15306275
15280309 15306282
9440662 15306290
15306295 15306301
4142509 15306308
15306311 15306315
8189475 15306321
15306331 15306336
15306300 15306342
108770 15306439
15306438 15306466
8298840 15306477
15307197 15307200
15307257 15307259
116651 15310938
15310943 15310947
115971 15310962
8200317 15315333
15315448 15315451
8200318 15315885
8200277 15315914
10304352 15323626
15330829 15330833
191965 15330879
8171966 15330959
15339300 15339302
191945 15363540
15363661 15363663
15363754 15363757
15363888 15363891
15367400 15367402
15367445 15367448
191705 15367508
197476 15367767
15368328 15368333
8257795 15368340
198189 15368347
15368376 15368379
8262470 15372798
15372923 15372926
204478 15372935
15387009 15387014
8276070 15391850
15391880 15391883
15391952 15391956
15392039 15392042
15391955 15392209
15392261 15392263
986784 15392372
15392398 15392401
231800 15392412
8301293 15408977
15408981 15408986
7185838 15409035
15409283 15409286
15409322 15409324
15409397 15409400
8653388 15409406
15409417 15409421
8653387 15409441
15409446 15409450
8302030 15409645
1767267 15410074
260560 15410217
15410257 15410259
15427631 15427633
287880 15427683
287967 15427768
15427800 15427802
15427844 15427848
15427846 15427884
15427910 15427913
15427993 15427997
15428003 15428007
15428302 15428304
15428400 15428403
15428557 15428560
15428578 15428581
15428621 15428624
1479408 15428643
15428641 15428662
15428678 15428680
15428905 15428908
15428946 15428948
8323400 15429169
8323401 15429204
15245287 15430448
15430459 15430462
15442597 15442600
15442639 15442643
15442599 15442683
15442765 15442767
15443312 15443314
15443326 15443328
312744 15443352
14525657 15444223
15446446 15446448
15446534 15446536
8344714 15446619
15446680 15446682
15446691 15446693
992565 15446721
8344993 15446807
15446871 15446875
15446917 15446919
15446938 15446941
8345321 15447067
15447076 15447078
15453468 15453470
15457264 15457268
15457267 15457284
12164 15457299
15457360 15457363
15457441 15457446
13506466 15460018
335688 15460079
336741 15460164
15460163 15460200
8360642 15460230
15460501 15460503
336260 15460552
337216 15460608
8360916 15460816
15461224 15461228
15461226 15461249
337205 15461342
36537 15478346
15489256 15489260
404298 15505638
8277247 15505876
15505905 15505908
15506051 15506053
15506218 15506221
15506253 15506255
15506311 15506314
404339 15506352
15506610 15506612
8226915 15506901
8411285 15507118
405710 15507261
336988 15508649
15513853 15513860
15524896 15524899
15533045 15533048
15533050 15533094
15533171 15533174
8439034 15533293
15533618 15533622
445005 15533775
445755 15534545
15534586 15534592
446044 15534914
9022899 15534982
15535004 15535009
15535393 15535396
15535431 15535434
15244322 15535997
15536313 15536317
13112542 15536912
15567514 15567518
15567599 15567602
15567617 15567621
488050 15567681
15567754 15567757
15534981 15567782
15567756 15567815
8499590 15591899
15591901 15591926
15591937 15591941
523795 15592004
524036 15592025
15592093 15592096
523848 15592157
523761 15592173
523765 15592191
15591900 15592323
15508647 15592462
12152 15631193
15653682 15653685
606656 15653794
606789 15653855
1307491 15654087
607074 15654099
10805031 15687678
15734806 15734809
15734808 15734839
722141 15734904
15734837 15735008
15735092 15735095
15735137 15735140
15245290 15735160
15826791 15826795
15826864 15826867
15831616 15831620
15443351 15842986
1374988 15926388
976608 15927918
15935343 15935344
15446940 16120629
17014750 17014751
17045381 17045382
17388115 17388116
13116703 17445236
17465920 17465921
17519639 17519640
10538270 10538271
18170936 18170937
18175485 18175486
18181771 18181772
18514825 18514826
20036907 20036908
20041244 20041245
20041246 20041248
20041263 20041264
20041274 20041275
20041354 20041355
20041372 20041373
20041414 20041415
20041421 20041422
20041885 20041886
20042313 20042314
20042336 20042337
20047917 20047919
20349201 20349202
20350003 20350004
20358410 20358411
20358415 20358416
20358499 20358500
20358502 20358503
20359049 20359050
20359063 20359064
20359457 20359458
20359472 20359473
20359560 20359561
20359672 20359673
20360467 20360468
20360476 20360477
20360485 20360486
20362213 20362214
20362594 20362595
20362613 20362614
20362645 20362646
20362679 20362680
20362701 20362702
20363076 20363077
20363079 20363080
20363081 20363082
20363110 20363111
20363176 20363177
20372246 20372247
20372372 20372373
20372842 20372843
20372863 20372864
20372918 20372919
20372920 20372921
20372946 20372947
20372952 20372953
20372954 20372955
20372998 364582
20373006 20373007
20373362 20373363
20373372 20373373
20373428 20373429
20373439 20373440
20375390 20375391
20375402 20375403
20375456 20375457
20375467 20375468
20375469 20375470
20375534 20375535
20375886 20375887
20379592 20379593
20380852 20380853
20381036 20381037
20381041 20381042
20381105 20381106
20381303 20381304
20382786 20382787
20383854 20383855
20384197 20384198
20386699 20386700
20387013 20387014
20387015 20387016
20387021 20387022
20387026 20387027
20388216 20388217
20388363 20388364
20388384 20388385
20392317 20392318
20392366 20392367
20392383 20392384
20392395 20392396
20392449 20392450
20392522 20392523
20392983 20392984
20392987 20392988
20398375 20398376
20400018 20400019
20400036 20400037
20400046 20400047
20400059 20400060
20400187 20400188
20402379 20402380
20402405 20402406
20403015 20403016
20403230 20403231
20403234 20403235
20403558 20403559
20403612 20403613
20403922 20403923
20404033 20404034
20404146 20404147
20404310 20404311
20404327 20404328
20404339 20404340
20404731 20404732
20404733 20404734
20404747 20404748
20405466 20405467
20405483 20405484
20405980 20405981
20405982 20405983
20405984 20405985
20406010 20406011
20406015 20406016
20409801 20409802
20410706 20410707
20411166 20411167
20411363 20411364
20411393 20411394
20411570 20411571
20411803 20411804
20411909 20411910
20411911 20411912
20411930 20411931
20411950 20411951
20411959 20411960
20411995 20411996
20411997 20411998
20412158 20412159
20412162 20412163
20412164 20412165
20413090 20413091
20413561 20413562
20413571 20413572
20415021 20415022
20416288 20416289
20417428 20417429
20417437 20417438
20417486 20417487
20417628 20417629
20418590 20418591
20419000 20419001
20419002 20419003
20419010 20419011
20419053 20419054
20419175 20419176
20419181 20419182
20419199 20419200
20419291 20419292
20419293 20419294
20419321 20419322
20419383 20419384
20419648 20419649
20419650 20419651
20419775 20419776
20419777 16454179
20420731 20420732
20420990 20420991
20420995 20420996
20421003 20421004
20421105 20421106
20422674 20422675
20422687 20422688
20422709 20422710
20424256 20424257
20424260 20424261
20424296 20424297
20424322 20424323
20425653 20425654
20425729 20425730
20425778 20425779
20425807 20425808
20427006 20427007
20427011 20427012
20427013 20427014
20427015 20427016
20427019 20427020
20427021 20427022
20427023 20427024
20427034 20427035
20427036 20427037
20427052 20427053
20427054 20427055
20427064 20427065
20427766 20427767
20427775 20427776
20427779 20427781
20427799 20427800
20427820 20427821
20427854 20427855
20428070 20428071
20428074 20428075
20428098 20428099
20428100 20428102
20428107 20428108
20428117 20428118
20428122 20428124
20428157 20428158
20428165 20428166
20428182 20428184
20428376 20428377
20428381 20428382
20428424 20428425
20428846 20428847
20428851 20428852
20428854 20428855
20428878 20428879
20428880 20428881
20429104 20429105
20429111 20429112
20429113 2719436
20429195 20429196
20429687 20429688
20429921 20429922
20430604 20430605
20430628 20430629
20430640 20430641
20430886 20430887
20430947 20430948
20430994 20430995
20431278 20431279
20431292 20431293
20431319 20431320
20434236 20434237
20434248 20434250
20434581 20434582
20434587 20434588
20434589 20434590
20434591 20434592
20434593 20434594
20434595 20434596
20434597 20434598
20434601 20434603
20434642 20434643
20434905 20434906
20434995 20434996
20435006 20435007
20435861 20435862
20435902 20435903
20436468 20436469
20436482 20436483
20436498 20436499
20436500 20436501
20436504 20436505
20436514 20436515
20436516 20436517
20436523 20436524
20436527 20436528
20437332 20437333
20437347 20437348
20437349 20437350
20437351 20437352
20437362 20437363
20437381 20437382
20437383 20437384
20437399 20437400
20437728 20437729
20437733 20437734
20437735 20437736
20437737 20437738
20437745 20437746
20437901 20437902
20437926 20437927
20437928 20437929
20437939 20437940
20437944 20437945
20438620 20438621
20439652 20439653
20440502 20440503
20440854 20440855
20440870 20440871
20440917 20440918
20441437 20441438
20441439 20441440
20441633 20441634
20441644 20441645
20441652 20441653
20441654 20441655
20441669 20441670
20453089 20453090
20453657 20453658
20453668 20453669
20453674 20453675
20453719 20453720
20453740 20453741
20453743 20453744
38967 21943541
38983 21943642
488270 21943992
21959495 21959498
21959513 21959516
21959528 21959536
21960651 21960657
8141147 21960739
2438250 21960750
971850 21960768
8141415 21960779
39334 21960807
39333 21960819
4189033 21964014
15279340 21973708
21974723 21974726
21974728 21974730
15279342 21974748
21974725 21974765
21975443 21975447
21975451 21975454
21980410 21980413
8141277 21980452
75338 21980581
17078871 21980632
79080 21982745
15287507 21982801
15287551 21982810
79081 21982984
21983583 21983585
37112 21983628
15290367 21985444
21985568 21985571
21985677 21985679
84344 21985777
84304 21985822
21987560 21987563
21988032 21988036
15292444 21988041
21988035 21988045
21994336 21994338
98206 21994346
21994365 21994367
21994378 21994381
8182496 21994396
17387411 21995446
21995571 21995575
21996687 21996689
15299524 21998752
21687126 22000350
107038 22000395
191702 22000411
15306307 22001643
15306334 22001652
15306333 22001668
22001757 22001759
8189559 22001786
8190529 22001791
22002580 22002582
15307199 22002606
22005872 22005875
116604 22006133
8194419 22006161
115972 22006187
22006191 22006193
123045 22009685
8216672 22009716
8216735 22010675
22018482 22018486
8411452 22023946
192082 22057628
191692 22057699
15363756 22057839
2110651 22061215
191706 22061244
22061385 22061387
198077 22061916
15368332 22062017
8141021 22062024
204856 22066262
230903 22083948
8276071 22084013
22084076 22084080
15392208 22084149
22084153 22084157
15447065 22084181
15392043 22084201
15392264 22084211
8283471 22084222
15447066 22084295
22084156 22084300
231813 22084442
22084447 22084450
15392413 22084501
22084507 22084510
8283715 22084524
15408985 22100860
15408984 22100867
22101175 22101178
8653389 22101199
15410216 22101832
22102088 22102091
22119018 22119020
287881 22119028
22119144 22119148
22119152 22119155
22119268 22119270
15428006 22119281
22119325 22119327
288485 22119355
15428642 22119567
15428559 22119583
8322718 22119685
39051 22119806
15387013 22120050
15592097 22121876
15387011 22134163
22137458 22137462
22137522 22137526
22137657 22137660
8344965 22137702
15446806 22137815
316589 22137847
22137851 22137855
8345151 22137941
22137979 22137982
15446873 22137990
15447079 22138047
22146456 22146458
15457298 22146514
336675 22149824
15460551 22149833
22149860 22149861
22149909 22149911
81302 22149934
17021005 22149977
22149976 22149993
81304 22150338
8361208 22150363
22149992 22150396
22150362 22150405
523831 711966
22177376 22177377
22178013 22178017
15245357 22180201
15447061 22184916
22192628 22192631
22192818 22192821
22192862 22192865
22193066 22193069
15430461 22193076
15513859 22193216
22192864 22193393
404167 22193397
22193544 22193547
405434 22193669
4783210 22194067
22194164 22194166
8411884 22194174
8226892 22194192
22218386 22218388
444639 22218458
8439414 22218551
15533173 22218658
22218703 22218705
15533620 22218787
22218965 22218968
8439803 22219060
445319 22219155
15534590 22219202
404539 22219582
15535395 22220093
22220264 22220266
1937061 22220459
8922423 22220571
15244323 22220757
446717 22220768
22220759 22220777
447322 22220835
22220877 17168780
12527599 22221034
486869 22248699
22248748 22248751
487092 22248986
8324257 22249089
15567516 22249185
22249224 22249226
22249256 22249258
22249302 22249304
22249484 22249487
21943990 22249497
523764 22273090
524037 22273098
524402 22273162
523830 22273387
8499863 22273531
22331033 22331035
8564161 22331584
8564195 22331590
15245289 22389196
686174 22406210
8653392 22406283
8439692 22406295
8653393 22406316
15535433 22406386
722644 22406407
84269 22425683
17331020 22482402
21959497 22492719
8344710 22495814
337361 22495826
22496960 22496962
39325 22520902
336952 22585146
39110 22587037
8252793 23326589
23551623 23551624
23585467 23585469
23586641 23586642
23619068 23619069
23894503 23894504
24048561 24048562
24115398 24115399
26500080 26500081
26500084 26500085
26500086 26500087
26502343 26502344
26502454 26502455
26503910 26503912
26504055 26504056
26504139 26504140
26504168 26504169
26504253 26504254
26504279 26504280
26504335 26504336
26504433 26504434
26505223 26505224
26510820 26510821
26510822 26510823
26510830 26510831
26510839 26510840
26510841 26510843
26510844 26510845
26510846 26510847
26510848 26510849
26520001 26520002
26809822 26809823
26809871 26809872
26810210 26810211
26810524 26810525
26810901 26810902
26810959 26810960
26811012 26811013
26811116 26811117
26811374 26811375
26811815 26811816
26811848 26811849
26813545 26813546
26813567 26813568
26813874 26813875
26814114 26814115
26814325 26814326
26814808 26814809
26823217 26823218
26823264 26823265
26823680 26823681
26823684 26823685
26824285 26824286
26824335 26824336
26825012 26825013
26825025 26825026
26826193 26826194
26826226 26826227
26826264 26826265
26826267 26826268
26826269 26826270
26826549 26826550
26826561 26826562
26826570 26826571
26826572 26826573
26826588 26826589
26826597 26826598
26826607 26826608
26826609 26826610
26827663 26827664
26827665 26827666
26827670 26827671
26827672 26827673
26827720 26827721
26827855 26827856
26830132 26830133
26830181 26830182
26830183 26830184
26830185 26830186
26830187 26830188
26830190 26830191
26831310 26831311
26831333 26831334
26831486 26831487
26831489 26831490
26831497 26831498
26831516 26831517
26831537 26831538
26831539 26831540
26831541 26831542
26831696 26831697
26831701 26831702
26831703 26831704
26831711 26831712
26832555 26832556
26832958 26832959
26833006 26833007
26833052 26833053
26833294 26833295
26833939 26833940
26834082 26834083
26834150 26834151
26834410 26834411
26836780 26836781
26836786 26836787
26837078 26837079
26838401 26838402
26838415 26838416
26838417 26838418
26838439 26838440
26838454 26838455
26838461 26838462
26838463 26838464
26842000 26842001
26842019 26842020
26842040 26842041
26842255 26842256
26842397 26842398
26842408 26842409
26849426 26849427
26849446 26849447
26849583 26849584
26849610 26849611
26851966 26851967
26852473 26852474
26852787 26852788
26853090 26853091
26853355 26853356
26853454 26853455
26853586 26853587
26853669 26853670
26854395 26854396
26855061 26855062
26855070 26855071
26855486 26855487
26855493 26855494
26855538 26855539
26855554 26855555
26859940 26859941
26859997 26859998
26860051 26860052
26860608 26860609
26860786 26860787
26860793 26860794
26861091 26861092
26861156 26861157
26861165 26861166
26861168 26861169
26861174 26861175
26861182 26861183
26861206 26861207
26861320 26861321
26861338 26861339
26861342 26861343
26861627 26861628
26862307 26862308
26862798 26862799
26863904 26863905
26863912 26863913
26864127 26864128
26864131 26864132
26866216 26866217
26866248 26866249
26866270 26866271
26866305 26866306
26866307 26866308
26866399 26866400
26867382 26867383
26867446 26867447
26867456 26867457
26867943 26867944
26867945 26867946
26868046 26868047
26868122 26868123
26868392 26868393
26868485 26868486
26868487 26868488
26868489 26868490
26868491 26868492
26868496 26868497
26868583 26868584
26869409 26869410
26869688 26869689
26869690 26869691
26869752 26869753
26869754 26869755
26870893 26870894
26870921 21010812
26870922 26870923
26871095 26871096
26871120 26871121
26871127 26871128
26871132 26871133
26871137 26871138
26872584 26872585
26872705 26872706
26872711 26872712
26872754 26872755
26872758 26872759
26872779 26872780
26872787 8791734
26872790 26872791
7321399 26874224
26874276 26874277
26874298 26874299
26874313 26874314
26874324 26874325
26874914 26874915
26875171 26875172
26875240 26875241
26875369 26875370
26875377 26875378
26875384 26875385
26875387 26875388
26875394 26875395
26875399 26875400
26875403 26875404
26875455 26875456
26876148 26876149
26876167 26876168
26876202 26876203
26876204 26876205
26876206 26876207
26876297 26876298
26876378 26876379
26876385 26876386
26876395 26876396
26876418 26876419
26876424 26876425
26876676 26876677
26876683 26876684
26877064 26877065
26877071 26877072
26877073 26877074
26877075 26877076
26877117 26877118
26877400 26877401
26877407 26877408
26877409 26877410
26877981 26877982
26878026 26878027
26878157 26878158
26878761 26878762
26878792 26878793
26878802 26878803
26878824 26878825
26878833 26878834
26878835 26878836
26878837 26878838
7322962 26879040
26879085 26879086
26879087 26879088
26879482 26879483
26879486 26879487
26879505 26879506
26879513 26879514
26879559 26879560
26879609 26879610
26882517 26882518
26882785 26882786
26882787 26882788
26882789 23185407
26882791 26882792
26882793 26882794
26882797 26882798
26882799 26882800
26882801 26882802
26882806 26882807
26882845 26882846
26882847 26882848
26883120 26883121
26883189 26883190
26883191 3886156
26883195 26883196
26884521 26884522
26884523 26884524
26884543 23186459
26885315 26885316
26885321 26885322
26885363 26885364
26885392 26885393
26885608 26885609
26885610 26885611
26885612 26885613
26885614 26885615
26885625 26885626
26885631 26885632
26885633 26885634
26885643 26885644
26885822 26885823
26885849 26885850
26886148 26886149
26887406 26887407
26887439 26887440
26887450 26887451
26888221 26888222
26888224 26888225
26888231 26888232
26888609 26888610
26888614 26888615
26888643 26888644
26889173 26889174
26889175 26889176
26889443 26889444
26889452 26889453
26899962 26899963
26900061 26900062
26900152 26900153
26900159 26900160
26900171 26900172
26900190 26900191
26901430 26901431
26902047 26902048
26902055 26902057
26902186 26902187
27785 28344545
38966 28344710
3008851 28344717
39029 28344897
15262288 28359614
15262287 28359642
28359688 28359690
2001534 28360331
8563921 28360425
104060 28360437
36544 28360460
15263574 28360471
4027109 28360484
39046 28360497
15489258 28360518
22518230 28360529
2836740 28360547
36542 28360563
81300 28360580
15460502 28360596
39220 28360609
8141381 28360629
11257316 28360640
5820539 28360655
8157252 28372795
68228 28373318
15279341 28373445
28373448 28373450
28373444 28373479
64555 28373525
21975446 28374168
28359613 28374179
15299523 28374185
75245 28374210
75040 28378965
28380955 28380956
21982747 28381712
8167592 28381801
81036 28382336
8169103 28382537
80864 28382605
8168930 28382652
84358 28384379
110115 28384398
2758967 28384542
84345 28384553
84305 28384608
21985443 28386141
15292554 28392978
15292546 28392986
28393053 28393056
8167483 28393063
28393069 28393072
28393075 28393078
8182559 28393085
28393096 28393099
15280074 28393732
8181604 28393762
8414347 28394733
15303267 28396347
28396350 28396352
8185740 28396359
28397586 28397588
8187769 28397617
7555245 28397813
28398713 28398717
15306274 28398723
108636 28398728
68229 28398732
21987562 28398739
1908487 28398789
8190528 28398796
110187 28399501
8190684 28399617
2783879 28399673
116593 28402591
15310946 28402624
22018485 28415118
606806 28420739
406253 28420745
2351767 28422015
28422045 28422047
15263502 28422072
8216673 28422110
28454703 28454705
28454757 28454759
8252729 28454776
991538 28454980
191791 28455021
28458809 28458811
198090 28459332
8257787 28459484
8257797 28459489
8262547 28463529
204363 28463560
336261 28472950
21960815 28481265
230947 28481284
28481318 28481321
8283413 28481399
22084221 28481446
8283482 28481491
8438806 28490327
8345416 28495892
259941 28496248
8719134 28496310
259942 28496323
8301854 28496338
28496431 28496434
15410075 28496465
260327 28496586
22119280 28513316
287882 28513427
22119146 28513454
288724 28513630
28513315 28513665
8322762 28513854
8141395 28513930
15427682 28514002
28514013 28514015
22119565 28514092
15428661 28514112
28514118 28514120
15428907 28514304
8323509 28514335
15831619 28514458
8323508 28514488
289654 28514495
8440809 28523735
15443350 28528908
15443348 28528935
8344586 28531055
893510 28531202
28531237 28531240
15446874 28531415
22137989 28531419
22137846 28531432
22137854 28531473
28531500 28531502
15446920 28531543
15447062 28531732
15447063 28531796
28539877 28539880
28539891 28539895
23256702 28539900
5851827 28539949
8356147 28539973
8356369 28540044
28540111 28540113
238382 28542806
22149832 28542947
28542958 28542960
28543217 28543219
336987 28543503
22495825 28543520
15427912 28543550
81303 28543586
404812 28583679
8410211 28583709
404419 28583799
8277249 28583832
404340 28583875
28584024 28584026
8410436 28584057
7323329 28584254
28584270 28584272
28584630 28584632
8411409 28584701
28584722 28584724
22023945 28585456
28600278 28600281
8439321 28608495
15533292 28608544
8439033 28608714
8352667 28608944
15489259 28609067
22218967 28609350
8439837 28609404
22587036 28609471
28609597 28609600
8440201 28609635
28609470 28610221
15535008 28610267
22220092 28610445
446568 28610519
8922424 28610696
9205360 28610941
28611014 28611017
28611020 28611159
28611192 28611194
22220268 28611210
447392 28611352
447395 28611437
15246406 28638883
22193546 28638999
14473281 28639192
28600280 28639271
21943991 28639355
523794 28663338
523849 28663616
606788 28719081
15263445 28773292
3094892 28791749
722643 28791983
8302038 28792003
15245288 28792069
8758783 28877909
858438 28879545
28879599 28879601
28879627 28879630
28879662 28879665
28879693 28879696
2084621 28909658
22137460 28964263
28531239 29107014
29233432 29233435
5826231 29261328
29672997 29673002
29933770 29933771
29934031 29934032
29946892 29946893
29975829 29975830
11257317 30127660
30157314 30157315
39050 30192676
30301137 30301138
19912409 30353691
30414062 30414063
10538269 30804252
31024000 31024001
32730091 32730092
32731857 32731858
32732322 22056778
32732437 32732438
32733761 32733762
32733948 32733949
32733970 32733971
32733972 32733973
32734076 32734077
32734078 32734080
32734081 32734082
32734491 32734492
32734719 32734720
32734807 32734808
32740143 32740144
32740145 32740146
32740223 32740224
32740315 32740316
32748837 32748838
33022700 33022701
33022991 33022992
33023412 33023413
33031450 33031451
33031497 33031498
33031501 33031502
33031795 33031796
33031816 33031817
33032440 33032441
33032536 33032537
33032578 33032579
33032580 33032581
33032582 33032583
33033458 9013749
33035446 33035447
33035451 33035452
33035487 33035488
33035533 33035534
33035544 33035545
33035853 33035854
33035856 33035857
33035859 33035860
33035971 33035972
33044664 33044665
33044678 33044679
33044709 33044710
33045174 33045175
33045180 33045181
33045263 33045264
33047617 33047618
33047619 33047620
33047718 33047719
33047723 33047724
33047754 33047755
33048000 33048001
33048019 33048020
33048986 33048987
33049064 33049065
33049903 33049904
33051349 33051350
33051355 24482250
33051375 33051376
33052270 33052271
33052437 33052438
33052471 33052472
33052627 33052628
33052629 33052630
33052631 33052632
33052635 33052636
33052670 33052671
33052901 33052902
33052903 33052904
33054346 33054347
33054442 33054443
33055127 33055128
33055306 33055307
33055515 33055516
33058029 33058030
33058032 33058033
33058034 33058035
33058040 33058041
33058344 33058345
33058348 29138488
33058352 33058353
33059431 33059432
33059546 33059547
33059549 33059550
33059582 33059583
33062837 33062838
33063054 33063055
33063092 33063093
33063177 33063178
33063254 33063255
33068107 33068108
33068494 33068495
33070183 33070184
33070194 33070195
33070660 33070661
33070718 33070719
33072487 28897696
33072500 33072501
33073322 33073323
33073325 33073326
33073534 33073535
33073550 33073551
33073558 33073559
33073564 33073565
33073567 33073568
33073573 33073574
33073579 33073580
33073599 33073600
33073885 33073886
33074107 33074108
33074256 33074257
33074263 33074264
33074645 33074646
33074668 33074669
33074682 33074683
33074687 33074688
33074749 33074750
33074755 33074756
33074772 33074773
33075370 33075371
33075430 33075431
33075456 33075457
33075491 33075492
14498580 33075856
33075912 33075913
33079518 33079519
33079523 33079524
33080618 33080619
33080934 33080935
33081079 33081080
33081325 33081326
33081327 33081328
33081329 33081330
33081346 33081347
33081348 33081349
33081355 33081356
33081366 33081367
33081376 33081377
33081404 33081405
33081556 33081557
33081562 33081563
33081564 33081565
33081566 33081567
33081568 33081569
33081772 33081773
33082140 33082141
33082467 33082468
33082480 33082481
33082482 33082483
33082485 33082486
33083681 33083682
33083940 33083941
33086143 33086144
33086194 33086195
33086205 33086206
33086207 33086208
33086241 33086242
33086284 33086285
33086343 33086344
33087016 33087017
33087577 33087578
33087773 33087774
33087784 33087785
33087788 33087789
33087790 33087791
33087801 33087802
33087805 33087806
33087813 33087814
33087875 33087876
33087906 33087907
33088166 33088167
33088252 33088253
33088322 33088323
33089188 33089189
33089293 33089294
33089295 33089296
33089311 33089312
33089570 33089571
33089646 33089647
33089650 33089651
33089659 33089660
33089680 33089681
33090857 33090858
33090882 33090883
33091034 33091035
33091037 33091038
33091039 33091040
33091041 33091042
33091059 33091060
33091067 33091068
33091079 33091080
33091081 33091082
33092697 33092698
33094032 33094033
33094036 33094037
33094038 33094039
33094044 33094045
33094051 33094052
33094832 33094833
33094834 33094835
33094836 33094837
33094848 33094849
33094927 33094928
33095109 33095110
33095111 33095112
33095113 33095114
33095888 33095889
33095912 33095913
33095914 33095915
33095988 33095989
33095990 33095991
33096000 33096001
33096185 33096186
33096217 33096218
33096220 33096221
33096232 33096233
33096234 33096235
33096300 33096301
33096503 33096504
33096506 33096507
33096524 33096525
33096528 33096529
33097012 33097013
33097040 33097041
33097042 33097043
33097060 33097061
33097271 33097272
33097273 33097274
33097749 33097750
33097751 33097752
33097813 33097814
33098563 33098564
33098596 33098597
33098645 33098646
33098839 33098840
33099373 33099374
33099393 33099394
33102093 33102094
33102117 33102118
33102141 33102142
33102370 33102371
33102372 33102373
33102381 33102382
33102383 33102384
33102385 33102386
33102406 33102407
33102446 33102447
33102450 33102451
33102755 33102756
33102761 33102762
33102766 33102767
33103220 33103221
33103529 33103530
33103560 33103561
33103562 33103563
33104015 33104016
33104017 33104018
33104021 33104022
33104031 33104032
33104033 33104034
33104808 33104809
33104838 33104839
33104861 33104862
33104873 33104874
33104908 33104909
33104918 33104919
33105089 33105090
33105106 33105107
33105111 33105112
33105367 33105368
33105371 33105372
33105385 33105386
33105387 33105388
33105389 33105390
33105710 33105711
33106042 33106043
33106931 33106932
33107498 33107499
33107682 33107683
33108030 33108031
33108032 33108033
33108034 33108035
33108036 33108037
33108062 33108063
33108432 33108433
33108435 33108436
33108642 33108643
33118551 33118552
33118582 33118583
33118614 33118615
33119729 33119730
33120224 33120225
33120492 33120493
33120503 33120504
12154 34531339
38957 29628950
982003 34532690
12149 34536223
36858 34546573
21959515 34546576
36819 34546583
28359641 34546588
28382651 34546593
8141223 34547467
779608 34547492
8141257 34547524
15263450 34547566
39205 34547586
10453111 34547601
39047 34547614
8141149 34547628
27452 34550380
8157208 34558811
15278441 34559483
8157209 34559528
15262034 34559531
8167773 34559571
21974747 34559613
15826793 34560255
21975445 34560314
21975453 34560322
8159095 34560333
75039 34564258
34564358 34564362
28381802 34566827
34567709 34567711
8173658 34567766
34567831 34567834
84359 34568949
28386139 34569141
8173659 34569267
28386140 34570441
28393071 34576531
8182553 34576947
28393055 34576952
28393077 34576958
21995573 34577006
21994395 34577385
15284658 34577442
34577481 34577485
8185743 34578473
9550244 34578478
8185742 34580265
8185741 34580271
106823 34581458
15306320 34582685
14096256 34582698
8189558 34582846
15306437 34582882
8190704 34583384
110125 34583406
110116 34583410
115970 34586462
15310937 34586476
1408135 34586809
1384300 34586829
8216734 34586850
22006132 34586869
28402623 34586879
115968 34590648
8200316 34591398
15330958 34598981
145625 34599023
145536 34599087
15323625 34605238
15330831 34605302
15330832 34605443
28584700 34612933
191944 34636954
191691 34637126
191545 34637184
34636953 34637242
8252636 34637278
116603 34637297
197028 34640334
2910651 34640355
34641179 34641181
34644941 34644944
6458633 34644959
2038027 34644968
15372925 34645027
8262533 34645089
230946 34662185
15506220 34662294
8283705 34662399
34662398 34662431
34662623 34662627
15392402 34662699
22084079 34662719
8301292 34676836
2084631 34676860
15735159 34677241
15409449 34677265
16357709 34677459
8302037 34677511
8158112 34677549
34677782 34677784
28496433 34677906
15410215 34678053
34678201 34678203
15427995 34693100
238380 34693181
34693200 34693202
34693286 34693288
15427996 34693335
15687676 34693473
288487 34693528
8564216 34693532
34693537 34693539
34693551 34693554
1406657 34693722
22119582 34693788
289628 34694120
310896 34706316
22137461 34709959
22137524 34710003
1374990 34710119
22137940 34710162
8345150 34710220
316986 34710341
28539899 34718890
34719073 34719075
34719121 34719123
8356360 34719134
8356361 34719179
8277248 34721881
4729175 34722214
18902120 34722229
446283 34722281
336305 34722353
81305 34722384
15461227 34722509
8361169 34722520
22150404 34722539
81306 34722716
22178016 34735136
8499452 34753064
34762858 34762860
404168 34763066
34763084 34763086
404813 34763254
15506313 34763384
22084294 34763434
15506351 34763561
406252 34763763
8439070 34787777
8439415 34787787
28608943 34787804
16547489 34788307
8440202 34788498
445754 34788570
15244345 34788718
28609599 34788796
404540 34788927
446755 34789685
22220837 34790074
2503655 34790492
446818 34790604
22248697 34817278
8411353 34817380
406348 34817407
15246415 34817412
22248750 34817428
9859 34827325
523762 34840293
15591943 34840335
523847 34840346
22273388 34840390
523874 34840401
8499589 34840431
15592005 34840507
8499543 34840609
34840709 34840711
15508648 34840719
34840744 34840746
15734838 34856657
686175 34894358
15245356 34894651
7194278 34943333
8653295 34965436
722056 34965479
28791748 34965515
8301855 34965720
22406282 34965725
15290389 35072726
35114070 35114074
8173674 35134430
3096125 35135764
22471078 35154439
35710608 35710609
15534543 35851970
36079524 36079525
36094849 36094850
36095808 36095809
36179614 36179615
36373353 36373354
36450201 36450202
36485281 36485282
36485354 36485355
13116557 36486006
36548491 36548492
37115605 37115606
37455197 37455198
13116701 38002392
38661774 38661775
38765388 38765389
38765390 38765391
38765393 38765394
38765395 38765396
38767165 38767166
38767167 38767168
38767682 15346751
7194280 38767705
38767706 38767707
38768942 38768943
38769180 38769182
38769327 38769328
38769402 38769403
38770091 38770092
38770100 38770101
38771748 38771750
38772197 38772199
38775629 38775630
38775668 38775669
38783855 38783856
38783858 38783859
38783860 38783861
39048876 39048877
39048958 39048959
39049251 39049252
39049734 39049735
39052237 39052238
39057577 39057578
39057683 39057684
39057716 39057717
39058290 39058291
39058744 39058745
39058750 39058751
39058798 39058799
39058801 39058802
39058803 39058804
39059081 39059082
39059089 39059090
39059354 39059355
39059634 39059635
39059636 39059637
39059646 39059647
39059681 39059682
39059686 39059687
39059688 39059689
39061191 39061192
39061280 39061281
39061300 39061301
39061525 39061526
39061600 39061601
39061603 39061604
39061629 39061630
39061639 39061640
39062011 39062012
39062064 39062065
39062460 39062461
39062482 39062483
39070378 39070379
39070382 39070383
39070406 39070407
39070417 39070418
39070446 39070447
39070456 39070457
39070458 39070459
39070468 39070469
39070878 39070879
39070881 39070882
39070896 39070897
39070902 39070903
39070990 39070991
39071401 39071402
39071452 39071453
39071495 39071496
39072106 39072107
39072174 39072175
39072857 39072858
39073257 39073258
39073270 39073271
39073290 39073291
39073553 39073554
39073559 39073560
39073570 39073571
39075416 39075417
39076888 39076889
39076891 39076892
39076893 39076894
39076907 39076908
39077926 39077927
39077933 39077934
39078120 39078121
39078122 39078123
39078129 39078130
39078150 39078151
39078157 39078158
39078159 39078160
39078170 39078171
39078178 39078179
39078378 39078379
39079683 39079684
39079700 39079701
39079731 39079732
39079855 39079856
39080540 39080541
39080690 39080691
39080692 39080693
39080694 39080695
39080923 39080924
39083271 39083272
39083274 39083275
39083276 39083277
39083569 39083570
39083571 39083572
39083612 39083613
39083641 39083642
39084617 39084618
39084737 39084738
39084764 39084765
39084772 39084773
39088270 39088271
39088279 39088280
39088334 39088335
39088875 39088876
39088922 39088923
39088925 39088926
39094905 39094906
39094911 39094912
39097121 39097122
39097129 39097130
39097142 39097143
39097144 39097145
39097438 39097439
39097777 39097778
39098028 39098029
39098191 39098192
39098682 39098683
39098878 39098879
39098904 39098905
39099280 39099281
39099282 39099283
39099368 39099369
39100006 39100007
39100008 39100009
39100427 39100428
39100462 39100463
39100474 39100475
39103828 39103829
39103836 39103837
39103875 39103876
39105032 39105033
39105035 39105036
39105152 39105153
39105155 39105156
39105349 39105350
39105399 39105400
39105471 39105472
39105787 39105788
39105802 39105803
39105804 39105805
39105806 39105807
39105813 39105814
39105827 39105828
39105841 39105842
39105844 39105845
39105965 39105966
39105971 39105972
39105977 39105978
39105983 39105984
39107050 39107051
39107188 39107189
39107193 39107194
39107195 39107196
39107210 39107211
39108198 39108199
39108378 39108379
39109403 39109404
39110217 39110218
39110227 39110228
39110268 39110269
39110274 39110275
39110276 39110277
39110278 39110279
39110281 39110282
39111377 39111378
39111405 39111406
39111742 39111743
39111744 39111745
39111901 39111902
39111905 39111906
39111910 39111911
39111991 39111992
39111994 39111995
39111996 39111997
39112030 39112031
39112308 39112309
39112314 39112315
39112347 39112348
39112349 39112350
39113224 39113225
39113539 39113540
39113541 39113542
39113547 39113548
39113616 39113617
39113652 39113653
39113654 39113655
39113656 39113657
39113662 39113663
39114811 39114812
39115030 39115031
39115051 39115052
39115053 39115054
39115055 39115056
39115071 39115072
39116545 39116546
39116717 39116718
39116738 39116739
39116741 39116742
39118115 39118116
39118147 39118148
39118176 39118177
39118690 39118691
39118881 39118882
39118887 39118888
39118889 39118890
39118965 39118966
39119072 39119073
39119103 39119104
39119115 39119116
39119117 39119118
39119120 39119121
39119136 39119137
39119142 39119143
39119147 39119148
39119800 39119801
39119855 39119856
39120012 39120013
39120014 39120015
39120023 39120024
39120025 39120026
39120045 39120046
39120047 39120048
39120053 39120054
39120067 39120068
39120070 39120071
39120089 39120090
39120110 39120111
39120120 39120121
39120841 39120842
39120844 39120845
39120847 39120848
39120862 39120863
39120892 39120893
39121134 39121135
39121555 39121556
39121562 1465988
39121563 39121564
39121566 39121567
39121746 39121747
39122312 39122313
39122314 39122315
39122318 39122319
39122392 39122393
39122403 39122404
39122666 39122667
39122718 39122719
39122741 39122742
39123000 39123001
39123002 39123003
39123005 39123006
39123008 39123010
39123031 39123032
39123045 39123046
39123072 39123073
39123132 39123133
39125381 39125382
39125640 39125641
39125663 39125664
39125699 39125700
39125702 39125703
39125912 39125913
39125917 39125918
39125919 39125921
39125923 16153393
39126215 39126216
39126307 39126308
39127160 39127161
39127683 39127684
39127688 39127689
39127710 39127711
39128538 39128539
39128549 39128550
39128568 39128569
39128578 39128579
39128619 39128620
39128624 39128625
39128830 39128831
39128840 39128841
39128850 39128851
39128852 39128853
39128868 39128869
39128876 39128877
39128878 39128879
39128880 39128881
39129039 39129040
39129041 39129042
39129078 39129079
39129082 39129083
39129088 39129089
39129389 39129390
39130357 39130358
39130446 39130447
39130458 39130459
39130464 39130465
39131002 39131003
39131134 39131135
39131443 39131444
39131477 39131478
39131483 39131484
39131501 39131503
39131893 39131894
39131905 39131906
39132118 39132119
39132120 39132121
39132124 39132125
39141247 39141248
39141277 39141278
39141281 39141282
39141283 39141284
39141302 39141303
39141310 39141311
39141348 39141349
39142298 39142299
39143054 39143055
9211 40515104
9831 40515205
9830 40515244
1908276 40515661
8653391 40515709
115935 40515786
84534 40515874
15567781 40516449
9833 40516490
3109342 40516500
9829 40525186
34546591 40530965
36962 40530989
36936 40531055
8653386 40531847
2878575 40531867
10416614 40531898
21960766 40531938
17797 40531953
8190692 40531967
123822 40541022
15533621 40543950
15284638 40544655
40544678 40544680
28359612 40544706
8173660 40544712
15280063 40544721
34546592 40544731
8173657 40544751
67767 40544770
17800 40545134
75051 40548844
34560313 40548909
34564361 40549036
21982746 40551624
79037 40551656
5203884 40552337
8169420 40552815
28384541 40554175
84332 40554253
40554304 40554307
8171785 40555071
8173675 40555786
8181529 40556184
15292555 40556208
98205 40556213
28392977 40556221
15292547 40561312
21988040 40561316
28393098 40561657
8181530 40561705
15300255 40561710
34577484 40561718
8181617 40561723
28393084 40562250
3298618 40562267
8182545 40562282
40561717 40562286
40516499 40562306
101343 40563138
28374209 40563143
40563146 40563149
67768 40563156
21995574 40564802
104081 40564828
106839 40566056
106838 40566062
15305080 40566138
8187771 40566320
107040 40566327
108646 40567080
15306299 40567085
22001785 40567122
15306280 40567128
8187768 40567136
40567135 40567144
12156 40567148
2001729 40567918
8190547 40567931
34583383 40567938
28399500 40567946
8190693 40567979
22002605 40568025
34586878 40571275
123093 40571496
28422109 40575039
123094 40575216
123095 40575239
123044 40575875
40576689 40576692
28415117 40583636
29919333 40590830
34637125 40623080
40623116 40623119
40623213 40623215
8252637 40623260
191544 40623327
12155 40623350
197029 40626697
197474 40626940
197475 40626959
198091 40627408
28459331 40627427
22061915 40627431
204364 40631146
34644943 40631170
34645088 40631207
204855 40631410
15443349 40641305
22084293 40649817
8283065 40649897
34662626 40649912
231907 40649919
231908 40649925
22084449 40649937
15392414 40649942
8283704 40649948
8344711 40656606
8301374 40662774
40662773 40662885
15409644 40663099
15409399 40663105
8653390 40663159
15409285 40663174
40663238 40663240
8158113 40663302
238381 40678908
337217 40679071
15460815 40679122
8564215 40679220
20792642 40679424
40679219 40679441
34693553 40679454
15428406 40679523
8322859 40679547
15428623 40679693
310886 40693243
8340713 40693247
22134162 40693314
34706315 40693334
28528934 40693719
9422230 40694353
22137659 40696481
8344713 40696556
28531201 40696566
2631405 40696795
316664 40697074
15447064 40697205
15457444 40705135
15457445 40705142
15457266 40705203
15457443 40705235
36329913 40707721
40707733 40707734
15460017 40707999
336306 40708003
22149991 40708245
8361016 40708522
337204 40708637
15461341 40708644
22192630 40746321
22193075 40746350
15505907 40746383
29868325 40746603
404261 40746735
26817667 40746780
8410600 40746841
22248698 40747496
430123 40770742
40770741 40771147
8439836 40771339
15534544 40771539
15534591 40771691
40772151 40772153
446756 40772724
22220269 40772855
34789687 40772869
447394 40772872
8441166 40772922
446715 40772986
447323 40773114
22220461 40773189
446712 40773382
15246405 40798441
40798711 40798713
22249088 40798754
28639191 40798897
192202 40798973
15567517 40798997
15567814 40799250
15567620 40799358
6834295 40816836
40874432 40874434
15653684 40874803
30166275 40874830
8564160 40874866
709667 40923045
12150 40930188
34965435 40943635
15735094 40943672
3510852 40944098
8141251 40992296
27784 41004667
41022880 41022882
28879695 41026260
28879544 41026320
8352666 41026338
28879543 41026460
34953360 41044872
28611160 41053252
15263603 41106484
41106697 41106701
39214 41106706
316757 41108383
8344828 41108743
18427477 41194813
42019705 42019706
42158590 42158591
24004351 42379358
42388660 42388661
42480323 42480324
43031528 43031529
39052 43403948
44635134 36849005
44635138 44635139
44635141 44635142
21221586 44636874
44637242 44637243
44637356 44637357
44638697 44638698
44638908 44638909
44638955 44638956
44639390 44639391
44639740 44639741
7194281 44639751
44641279 44641280
44641281 44641282
44641604 44641606
44641607 44641608
44645045 44645046
44645056 44645057
44645132 44645133
44911371 44911372
44911381 44911382
44911641 44911642
44919814 44919815
44919867 44919868
44920438 44920439
44920899 44920900
44920901 44920902
44920903 44920904
44921716 44921717
44921719 44921720
44921766 44921767
44921792 44921793
44923290 44923291
44923347 44923348
44923349 44923350
44923355 44923356
44923603 44923604
44923620 44923621
44923624 44923625
44923649 44923650
44923681 44923682
44923790 44923791
44924015 44924016
44924017 44924018
44924043 44924044
44924486 44924487
44932162 44932163
44932171 44932172
44932175 44932176
44932180 44932181
44932198 44932199
44932236 44932237
44932238 44932239
44932586 44932587
44932702 44932703
44933087 44933088
44933125 44933126
44933156 44933157
44933846 44933847
44934925 44934926
44934985 44934986
44935018 44935019
44935222 44935223
44935227 44935228
44935231 44935232
44935233 44935234
44935247 44935248
44935250 44935251
44935256 44935257
44935260 44935261
44935353 44935354
44935426 44935427
44936274 44936275
44936563 44936564
44938579 44938580
44938593 44938594
44938686 44938687
44939529 44939530
44939687 44939688
44939691 44939692
44939695 44939696
44939697 44939698
44939701 44939702
44939721 44939722
44939723 44939724
44939767 44939768
44939975 44939976
44940842 44940843
44940856 44940857
44941258 44941259
44941265 44941266
44941273 44941274
44941319 44941320
44942391 44942392
44942394 44942395
44942400 44942401
44942417 44942418
44942548 44942549
44942555 44942556
44942574 44942575
44942595 44942596
44944163 44944164
44944711 44944712
44944918 44944919
44946214 44946215
44946226 44946227
44946228 44946229
44949553 44949554
44949579 44949580
44949615 44949616
44949623 44949624
44949761 44949762
44950209 44950210
44956500 44956501
44956506 44956507
44956747 44956748
44957004 44957005
44958698 44958699
44958709 44958710
44959850 44959851
44960044 44960045
44960169 44960170
44960176 44960177
44960202 44960203
44960243 44960244
44960872 9568375
44960954 44960955
44961530 44961531
44961605 44961606
44961612 44961613
44961616 44961617
44961625 44961626
44961627 44961628
44961629 44961630
44961950 44961951
44966125 44966126
44966547 44966548
44966557 44966558
44966662 44966663
44966758 44966759
44966765 44966766
44966839 44966840
44967228 44967229
44967356 44967357
44967359 44967360
44967362 44967363
44968434 44968435
44968445 44968446
44968505 44968506
44968539 44968540
44969228 44969229
44969234 44969235
44969421 44969422
44969666 44969667
44969903 44969904
44969909 44969910
44971466 44971467
44971469 44971470
44971536 44971537
44971538 44971539
44971580 44971581
44971631 44971632
44971677 44971678
44971686 44971687
44972592 44972593
44972620 44972621
44972650 44972651
44972809 44972810
44972973 44972974
44973021 44973022
44973164 31283171
44973190 44973191
44973199 44973200
44973201 44973202
44973203 44973204
44973207 44973208
44973209 44973210
44973256 44973257
44973267 44973268
44973282 44973283
44973301 44973302
44973311 44973312
44973313 44973314
44973450 44973451
44973484 44973485
44973521 44973522
44974728 44974729
44974777 44974778
44974782 44974783
44974805 44974806
44974808 44974809
44975951 44975952
44975953 44975954
44975964 44975965
44976051 44976052
44977501 44977502
44977530 44977531
44977687 44977688
44977708 44977709
44978945 44978946
44978948 44978949
44978950 8593783
44978951 44978952
44978959 44978960
44978976 44978977
44978982 44978983
44979555 44979556
44979750 44979751
44979923 44979924
44979926 44979927
44979936 44979937
44979939 44979940
44979941 44979942
44979943 44979944
44979945 44979946
44979971 44979972
44979973 44979974
44979975 44979976
44980616 44980617
44980633 44980634
44980635 44980636
44980659 44980660
44980800 44980801
44980803 44980804
44980816 44980817
44980821 44980822
44980872 44980874
44981068 44981069
44981095 44981096
44981125 44981126
44981128 44981129
44981132 44981133
44981613 44981614
44981615 44981616
44981640 44981641
44981643 44981644
44981797 44981798
44981799 44981800
44982223 44982224
44982225 44982226
44982227 44982228
44982499 44982500
44983054 44983055
44983056 44983057
44983086 44983087
44983267 44983268
44983269 44983270
44983339 44983340
44983351 44983352
44983637 44983638
44983639 44983640
44983641 44983642
44983660 35506546
44983685 44983686
44986266 44986267
44986334 44986336
44986345 44986346
44986548 44986549
44986550 44986551
44986552 44986553
44986558 44986559
44986585 44986586
44986923 44986924
44987037 44987038
44987780 41026667
44988234 44988235
44988236 44988237
44988238 44988239
44988251 44988252
44988285 44988286
44988287 44988288
44988291 44988292
44988293 44988294
44989047 44989048
44989049 44989050
44989051 44989052
44989058 44989059
44989064 44989065
44989072 44989073
44989074 44989075
44989105 44989106
44989128 44989129
44989134 44989135
44989363 44989364
44989380 44989381
44989391 44989392
44989568 44989569
44989574 44989575
44989576 44989577
44989597 44989598
44989609 44989610
44989903 44989904
44989923 44989924
44991516 44991517
44991546 44991547
44991632 44991633
44991648 44991649
44992051 44992052
44992053 44992054
44992069 44992070
44992071 44992072
44992670 44992671
44992689 44992690
44992697 44992698
45000750 45000751
45000752 45000753
45000783 45000784
45000787 45000788
45000806 45000807
45002349 45002350
45002372 45002373
46019541 46019542
2975155 46347523
6737667 46347545
8139955 46361461
34546582 46361474
15262033 46361478
34559612 46361485
15508646 46362344
8356368 46362360
15444222 46362373
2001451 46362392
39045 46362409
2836517 46362427
15533047 46362435
36545 46362447
2836738 46362462
38991 46362492
75337 46362510
22066260 46362524
9858 46362535
15687675 46362549
8141399 46362559
197156 46365344
46335 46365358
17799 46374503
8167482 46374832
21980631 46374864
15826794 46375327
8159105 46375352
21980412 46379364
15280073 46379379
40551657 46381796
15287550 46381970
34567765 46382727
28382650 46382765
8171506 46383982
15290531 46384084
15290313 46384088
21985570 46384230
110388 46384240
28384540 46384246
40555784 46384279
40555785 46385446
21985821 46385449
40554306 46385455
1569093 46385479
9036726 46385488
21988034 46385935
8182566 46391630
21995445 46391635
8181590 46391639
34577441 46391664
1439752 46392293
28393731 46392301
40563148 46393232
101358 46393237
34582684 46393278
21994380 46394815
8187666 46395966
8190844 46395971
106996 46396072
15305091 46396079
107360 46396336
15306314 46397077
15306335 46397086
8189476 46397100
989584 46397107
46397085 46397112
8629391 46397152
15306281 46397159
46397158 46397194
40567127 46397198
110389 46397996
8194420 46401276
22010674 46404982
15244408 46405601
123092 46405629
40576691 46406383
4180918 46412614
12973319 46419018
145573 46419023
2518741 46419083
40623118 46450040
46450039 46450054
198092 46454291
15368331 46454297
8257786 46454377
198190 46454385
15368330 46454396
28459488 46454402
22066261 46458448
28463528 46458779
22249184 46465252
15391848 46475756
15391849 46475799
28481264 46475837
40649911 46475851
22084220 46475954
8283472 46476160
231814 46476233
22084500 46476240
8563922 46482044
15735158 46489089
15409440 46489207
40543949 46489351
260707 46489571
26377681 46489806
15427767 46504540
22119147 46504543
15427847 46504599
22119154 46504604
15687677 46504785
288486 46504820
8322717 46504829
8322761 46505089
12203321 46505111
34693472 46505143
22119566 46505282
8323137 46505331
996680 46505454
8323399 46505459
289377 46505483
289487 46505599
289655 46505720
15442682 46517027
8340817 46517037
15442642 46517070
310897 46517085
15442641 46517118
8344712 46520422
22137525 46520444
28531054 46520512
1374989 46520540
41108742 46520548
15927917 46520617
992975 46520643
8345126 46520766
15262258 46526363
28539893 46528458
28539879 46528484
34718889 46528504
46528483 46528602
8356184 46528627
15457362 46528692
15457283 46528702
335687 46531455
337362 46531488
336953 46531650
15461248 46531699
22192820 46568290
404486 46568369
22193068 46568532
404299 46568557
8410599 46568782
28584056 46568960
40747495 46569069
46569180 46569183
34817379 46569275
406349 46569385
405433 46569579
8411284 46569607
46569182 46569904
316466 46590574
8439413 46590839
22218786 46591267
445004 46591340
22249486 46591410
28609403 46591668
15535007 46592063
28610266 46592071
488051 46592207
46592450 46592452
8440766 46592458
446713 46592701
22434258 46593009
446817 46593088
34789686 46593110
28611353 46593661
447393 46593822
28611195 46593846
722142 46618564
22249087 46618770
28639190 46618862
15535006 46619059
15567601 46619093
488305 46619197
15591902 46640156
523832 46640162
524401 46640266
524150 46640324
8499453 46640369
8499862 46640394
606415 46692634
606805 46692685
15653854 46692763
15654086 46692806
28539894 46692856
10246 46692952
7101416 46745534
8653296 46758889
22406294 46759011
15735139 46759097
15245272 46759224
8344668 46759568
46760190 46760192
12151 46805216
8753798 46832588
15387012 46835842
28879629 46835848
8352669 46835860
15831618 46835899
28879664 46835982
9352358 46911866
9188750 46912632
8344945 46913975
8410925 46914062
22194191 47180139
47756210 47756211
47788872 47788874
47792417 47792418
47796015 47796016
47815623 47815624
47937761 47937762
48052883 48052884
48192671 48192672
48224658 48224659
48246871 48246872
50223199 50223200
50327463 50327464
50329640 50329641
50329649 50329650
50329764 50329765
50330990 50330991
50331023 50331025
50331080 50331081
50331460 50331461
50332195 50332196
50332197 50332198
50337310 50337311
50337441 50337442
50337466 50337467
50337470 50337471
50337472 50337473
50598454 50598455
50606806 50606807
50606819 41651451
50607522 22616483
50607542 50607543
50608068 50608069
50608748 50608749
50608802 50608803
50610416 50610417
50610692 50610693
50610697 50610698
50610719 50610720
50610728 50610729
50610744 50610745
50610750 50610751
50611054 50611055
50611083 50611084
50619244 50619245
50619299 50619300
50619301 50619302
50619725 50619726
50619789 50619790
50619791 50619792
50619846 50619847
50619854 50619855
50620176 50620177
50620322 50620323
50620331 50620332
50620333 50620334
50620357 50620358
50620967 50620968
50621004 50621005
50621023 50621024
50621028 50621029
50621058 50621059
50621062 50621063
50622070 50622071
50622095 50622096
50622103 50622104
50622329 50622330
50623224 50623225
50623227 50623228
50624088 50624089
50625454 50625455
50625464 50625465
50625491 50625492
50625493 50625494
50625495 50625496
50625497 50625498
50625499 50625500
50626348 50626349
50626493 50626494
50626495 50626496
50626508 50626509
50626510 50626511
50626519 50626520
50626541 50626542
50626564 50626565
50626566 50626567
50626786 50626787
50626879 50626880
50627571 50627572
50627584 50627585
50627603 50627604
50627971 50627972
50628058 50628059
50628867 50628868
50628988 50628989
50629186 50629187
50631417 50631418
50631419 50631420
50631661 50631662
50631664 50631665
50631667 50631668
50632865 50632866
50632885 50632886
50632893 50632894
50632898 50632899
50632900 50632901
50636152 50636153
50636194 50636195
50636516 50636517
50636880 50636881
50642716 50642717
50642748 50642749
50642756 50642757
50643184 50643185
50643229 50643230
50643268 50643269
50645050 2324851
14496088 50645309
50645351 50645352
50645766 50645767
50646063 50646064
50646485 50646486
50647028 50647029
50647109 50647110
50647665 50647666
50647694 50647695
50647724 50647725
50647732 50647733
50647740 50647741
50647745 50647746
50648110 50648111
50648113 50648114
50648126 50648127
50648132 50648133
50648138 50648139
50651488 50651489
50651490 50651491
50652092 50652093
50652187 50652188
50652592 50652593
50652600 50652601
50652725 50652726
50652727 50652728
50653135 50653136
50653186 50653187
50653240 50653241
50653248 50653249
50653250 50653251
50653344 50653345
50653364 50653365
50653378 50653379
50653381 50653382
50654301 50654302
50655245 50655246
50655250 50655251
50655489 50655490
50655716 50655717
50655735 50655736
50657342 50657343
50657380 50657381
50657395 50657396
50657397 50657398
50658956 50658957
50658961 50658962
50658963 50658964
50658965 50658966
50658989 50658990
50658992 50658993
50659044 50659045
50659046 50659047
50659104 50659105
50659268 50659269
50659276 50659277
50659299 50659300
50659306 50659307
50659357 50659358
50659373 50659374
50659385 50659386
50659391 50659392
50659393 50659394
50659395 50659396
50660318 50660319
50660325 50660326
50660548 50660549
50660553 50660554
50660645 50660646
50660647 50660648
50661730 50661731
50661819 50661820
50661926 50661927
50661928 50661929
50663426 50663427
50664629 50664630
50664631 50664632
50665262 50665263
50665448 50665449
50665452 50665453
50665454 50665455
50665650 50665651
50665655 50665656
50665660 50665661
50665663 50665664
50665678 50665679
50665680 50665681
50665688 50665689
50665691 50665692
50666281 50666282
50666288 50666289
50666291 50666292
50666309 50666310
50666311 50666312
50666313 50666314
50666336 50666337
50666432 50666433
50666511 50666512
50666540 50666541
50666542 50666543
50666546 47163337
50666565 50666566
50666580 50666581
50666760 50666761
50666783 50666784
50667214 50667215
50667405 50667406
50667961 50667962
50667965 50667966
50667967 50667968
50668699 50668700
50668740 50668741
50668763 50668764
50668766 50668767
50668774 50668775
50668997 50668998
50669010 50669011
50669015 50669016
50669018 50669019
50669021 50669022
50669023 50669024
50669025 50669026
33854520 50669433
50669436 50669437
50669438 50669439
50669466 50669467
50669486 50669487
50672183 50672184
50672382 50672383
50672387 50672388
50672429 50672430
50672432 50672433
50672629 50672630
50672631 50672632
50672705 50672706
50672707 50672708
50673067 50673068
50673438 50673439
50673441 50673442
50673940 50673941
50673942 50673943
50673967 50673968
50673973 50673974
50674621 50674622
50674624 50674625
50674630 50674631
50674632 50674633
50674643 50674644
50674676 50674677
50674679 50674680
50674681 50674682
50674693 50674694
50674701 50674702
50674900 50674901
50674903 50674904
50674905 50674906
50674907 50674908
50674909 50674910
50674912 50674913
50674916 50674917
50674924 50674925
50675108 50675109
50675115 50675116
50675133 50675134
50677098 50677099
50677125 50677126
50677201 50677202
50677244 50677245
50677248 50677249
50677254 50677255
50677550 50677551
50677962 50677963
50678184 50678185
50685660 50685661
50685667 50685668
50685669 50685670
50685699 50685700
50685701 50685702
50685721 50685722
50686472 50686473
50686475 50686476
50686494 50686495
50687258 50687259
50687263 50687264
50687271 50687272
50687276 43901298
50982726 50982727
50988246 50988247
